24	24
(3774.66,4.52763e-15)	(2201.77,-0.222908)	(-91.591,-0.135262)	(-431.641,-0.000274288)	(155.966,-2.75437)	(196.737,-3.66027)	(-79.6599,-0.576124)	(-150.374,2.00973)	(-40.1772,2.2446)	(66.1577,-0.237918)	(110.791,-1.36338)	(117.506,0.259404)	(113.875,0.844019)	(112.155,-0.0651495)	(107.473,0.434193)	(68.8627,2.16535)	(-36.4003,2.67434)	(-149.999,1.2281)	(-83.0507,-2.41918)	(193.592,-4.48311)	(155.527,-1.43997)	(-431.317,1.13372)	(-91.6846,0.231167)	(2201.69,-0.0398188)
(2201.77,0.222908)	(3774.67,-1.32533e-14)	(2202.04,-0.253312)	(-91.2953,-0.387081)	(-431.328,-1.03124)	(157.665,-1.31275)	(197.312,1.74803)	(-86.3027,2.65806)	(-160.64,-1.12283)	(-43.6259,-3.52221)	(69.686,-1.37236)	(111.98,0.998977)	(111.243,1.26802)	(106.136,0.867572)	(111.646,1.38713)	(111.621,3.05177)	(71.1763,4.46042)	(-36.9232,2.5005)	(-154.486,-0.341771)	(-87.2804,-2.23458)	(195.275,-1.93565)	(160.187,0.688314)	(-429.014,0.653104)	(-91.477,0.0698671)
(-91.591,0.135262)	(2202.04,0.253312)	(3774.69,-2.88658e-15)	(2202.22,-0.166029)	(-91.0577,-0.129207)	(-430.933,-0.663817)	(157.031,0.625306)	(192.49,1.23359)	(-91.9914,-2.44818)	(-161.289,-3.43607)	(-43.4444,-0.149226)	(65.1118,2.47566)	(105.11,2.44283)	(110.495,1.24813)	(112.032,1.02327)	(116.25,2.69482)	(112.719,2.31116)	(69.3893,-1.16686)	(-40.952,-1.6929)	(-156.953,-0.846111)	(-85.9287,-1.21751)	(199.167,-0.26038)	(161.985,-0.074177)	(-429.77,-0.821087)
(-431.641,0.000274288)	(-91.2953,0.387081)	(2202.22,0.166029)	(3774.7,5.27356e-16)	(2202.13,0.271368)	(-91.2834,-0.107633)	(-430.586,-1.38834)	(157.531,-1.68309)	(192.479,-3.14217)	(-91.8728,-3.93219)	(-161.337,-0.354851)	(-44.1731,3.49222)	(66.9737,3.46966)	(112.479,1.51985)	(117.823,0.777829)	(114.767,0.879973)	(115.827,-2.25972)	(111.602,-5.67696)	(71.0772,-5.1558)	(-38.3128,-3.06576)	(-156.462,-1.21947)	(-85.47,0.112777)	(197.832,1.01136)	(158.058,0.466796)
(155.966,2.75437)	(-431.328,1.03124)	(-91.0577,0.129207)	(2202.13,-0.271368)	(3774.68,-1.51615e-15)	(2201.94,0.171022)	(-90.9609,-0.265213)	(-429.043,-0.935129)	(158.17,-2.18189)	(192.38,-5.31395)	(-88.8029,-3.73723)	(-154.762,1.9356)	(-36.2212,3.59348)	(73.1449,1.3503)	(113.56,-0.0310323)	(115.528,-1.6069)	(113.216,-5.50423)	(118.453,-7.47642)	(117.603,-6.22072)	(73.9242,-2.34885)	(-38.9596,1.07014)	(-156.335,0.627783)	(-86.0116,1.03835)	(194.701,3.36604)
(196.737,3.66027)	(157.665,1.31275)	(-430.933,0.663817)	(-91.2834,0.107633)	(2201.94,-0.171022)	(3774.66,6.15653e-15)	(2201.87,0.118643)	(-90.6311,0.407306)	(-429.619,0.816536)	(156.865,-2.44486)	(194.968,-4.86229)	(-82.5834,-0.410961)	(-150.954,2.20486)	(-38.3285,-0.197759)	(67.6638,-2.31821)	(110.834,-4.84982)	(118.514,-7.201)	(119.045,-6.24922)	(121.902,-2.4914)	(116.804,2.93722)	(72.096,4.69052)	(-39.7756,1.51408)	(-154.904,-0.440263)	(-83.5752,2.3952)
(-79.6599,0.576124)	(197.312,-1.74803)	(157.031,-0.625306)	(-430.586,1.38834)	(-90.9609,0.265213)	(2201.87,-0.118643)	(3774.66,-4.38365e-15)	(2201.89,0.0529617)	(-91.1775,0.974052)	(-431.348,0.893027)	(156.661,-1.79691)	(196.14,-0.561837)	(-84.9444,1.4451)	(-158.079,-1.5348)	(-43.7012,-5.14634)	(70.7643,-6.69439)	(118.129,-5.22901)	(122.033,-1.79858)	(118.154,2.92809)	(118.977,6.63368)	(112.835,5.98189)	(69.1657,2.34631)	(-37.5806,-1.41011)	(-149.331,-0.734122)
(-150.374,-2.00973)	(-86.3027,-2.65806)	(192.49,-1.23359)	(157.531,1.68309)	(-429.043,0.935129)	(-90.6311,-0.407306)	(2201.89,-0.0529617)	(3774.67,3.8719e-15)	(2201.91,0.094932)	(-91.8788,0.66286)	(-432.289,-0.271269)	(156.076,-0.752275)	(193.772,1.33578)	(-89.1713,-0.185342)	(-157.729,-3.94358)	(-35.9972,-3.84255)	(76.4732,-1.02294)	(117.942,2.42754)	(119.264,6.16004)	(113.86,6.62313)	(114.757,4.09994)	(111.767,0.232456)	(71.5981,-3.69102)	(-34.4997,-3.53393)
(-40.1772,-2.2446)	(-160.64,1.12283)	(-91.9914,2.44818)	(192.479,3.14217)	(158.17,2.18189)	(-429.619,-0.816536)	(-91.1775,-0.974052)	(2201.91,-0.094932)	(3774.67,8.50015e-15)	(2201.87,-0.022377)	(-92.2024,-0.141372)	(-432.298,-1.97194)	(156.577,-1.57226)	(194.876,0.263559)	(-85.1387,-0.405033)	(-152.016,-0.369705)	(-34.6603,1.6387)	(73.3597,5.06037)	(112.451,6.12381)	(114.406,3.32705)	(112.844,0.180363)	(116.452,-2.61832)	(112.971,-4.61043)	(71.3378,-4.49805)
(66.1577,0.237918)	(-43.6259,3.52221)	(-161.289,3.43607)	(-91.8728,3.93219)	(192.38,5.31395)	(156.865,2.44486)	(-431.348,-0.893027)	(-91.8788,-0.66286)	(2201.87,0.022377)	(3774.69,-1.44329e-15)	(2201.84,0.120418)	(-91.8408,-0.969957)	(-430.454,-2.88509)	(159.643,-1.4873)	(197.956,0.133638)	(-83.7971,-0.0385723)	(-154.669,2.07453)	(-41.3548,4.9515)	(66.9175,3.53433)	(111.163,0.173224)	(117.341,-1.68746)	(114.747,-2.54416)	(114.968,-3.15112)	(109.472,-2.9228)
(110.791,1.36338)	(69.686,1.37236)	(-43.4444,0.149226)	(-161.337,0.354851)	(-88.8029,3.73723)	(194.968,4.86229)	(156.661,1.79691)	(-432.289,0.271269)	(-92.2024,0.141372)	(2201.84,-0.120418)	(3774.68,1.06512e-14)	(2201.89,-0.0673671)	(-90.8482,-0.840035)	(-428.409,-0.617722)	(160.635,0.867988)	(196.855,-0.461963)	(-87.1318,-0.441593)	(-158.486,1.9162)	(-40.8837,1.30802)	(71.8551,-1.30012)	(115.354,-2.52089)	(115.524,-2.33841)	(108.431,-1.70855)	(110.669,-0.293805)
(117.506,-0.259404)	(111.98,-0.998977)	(65.1118,-2.47566)	(-44.1731,-3.49222)	(-154.762,-1.9356)	(-82.5834,0.410961)	(196.14,0.561837)	(156.076,0.752275)	(-432.298,1.97194)	(-91.8408,0.969957)	(2201.89,0.0673671)	(3774.68,-3.07393e-15)	(2201.96,-0.0148946)	(-90.5307,0.394632)	(-429.225,2.43155)	(158.472,1.69355)	(195.312,-1.55137)	(-85.3997,-1.27765)	(-152.187,-1.13572)	(-34.4279,-3.48306)	(72.0847,-4.41254)	(108.082,-3.27432)	(109.286,-1.29801)	(110.834,0.019137)
(113.875,-0.844019)	(111.243,-1.26802)	(105.11,-2.44283)	(66.9737,-3.46966)	(-36.2212,-3.59348)	(-150.954,-2.20486)	(-84.9444,-1.4451)	(193.772,-1.33578)	(156.577,1.57226)	(-430.454,2.88509)	(-90.8482,0.840035)	(2201.96,0.0148946)	(3774.68,3.03924e-15)	(2201.95,-0.00362842)	(-91.2948,1.07046)	(-431.151,2.59913)	(157.54,0.941155)	(197.19,-0.22316)	(-81.1678,-0.325966)	(-150.644,-2.93591)	(-39.9728,-5.02405)	(64.7112,-4.13567)	(108.844,-1.6)	(116.921,-0.650918)
(112.155,0.0651495)	(106.136,-0.867572)	(110.495,-1.24813)	(112.479,-1.51985)	(73.1449,-1.3503)	(-38.3285,0.197759)	(-158.079,1.5348)	(-89.1713,0.185342)	(194.876,-0.263559)	(159.643,1.4873)	(-428.409,0.617722)	(-90.5307,-0.394632)	(2201.95,0.00362842)	(3774.68,5.47479e-15)	(2201.93,0.00492782)	(-91.8452,0.528568)	(-431.504,1.0367)	(158.005,1.76391)	(197.257,4.02586)	(-84.9327,2.90886)	(-158.641,-1.32225)	(-44.1527,-2.19964)	(68.4981,-0.144853)	(112.429,0.701949)
(107.473,-0.434193)	(111.646,-1.38713)	(112.032,-1.02327)	(117.823,-0.777829)	(113.56,0.0310323)	(67.6638,2.31821)	(-43.7012,5.14634)	(-157.729,3.94358)	(-85.1387,0.405033)	(197.956,-0.133638)	(160.635,-0.867988)	(-429.225,-2.43155)	(-91.2948,-1.07046)	(2201.93,-0.00492782)	(3774.69,-2.2482e-15)	(2201.94,-0.146795)	(-91.6925,-0.262944)	(-430.971,-0.145206)	(157.663,2.94832)	(193.908,6.00259)	(-90.5092,3.83152)	(-161.117,2.09926)	(-43.1599,3.27652)	(66.5075,2.54691)
(68.8627,-2.16535)	(111.621,-3.05177)	(116.25,-2.69482)	(114.767,-0.879973)	(115.528,1.6069)	(110.834,4.84982)	(70.7643,6.69439)	(-35.9972,3.84255)	(-152.016,0.369705)	(-83.7971,0.0385723)	(196.855,0.461963)	(158.472,-1.69355)	(-431.151,-2.59913)	(-91.8452,-0.528568)	(2201.94,0.146795)	(3774.69,1.02418e-14)	(2201.96,0.0648458)	(-91.2027,-0.736846)	(-429.874,-0.711829)	(158.063,2.53468)	(192.863,4.09896)	(-91.7161,3.45058)	(-161.902,3.65394)	(-43.4902,1.1216)
(-36.4003,-2.67434)	(71.1763,-4.46042)	(112.719,-2.31116)	(115.827,2.25972)	(113.216,5.50423)	(118.514,7.201)	(118.129,5.22901)	(76.4732,1.02294)	(-34.6603,-1.6387)	(-154.669,-2.07453)	(-87.1318,0.441593)	(195.312,1.55137)	(157.54,-0.941155)	(-431.504,-1.0367)	(-91.6925,0.262944)	(2201.96,-0.0648458)	(3774.67,1.21847e-14)	(2201.94,-0.0228246)	(-90.6682,-0.516155)	(-428.936,0.449228)	(157.876,2.25653)	(191.498,0.688826)	(-90.7438,-1.13324)	(-155.244,-1.47029)
(-149.999,-1.2281)	(-36.9232,-2.5005)	(69.3893,1.16686)	(111.602,5.67696)	(118.453,7.47642)	(119.045,6.24922)	(122.033,1.79858)	(117.942,-2.42754)	(73.3597,-5.06037)	(-41.3548,-4.9515)	(-158.486,-1.9162)	(-85.3997,1.27765)	(197.19,0.22316)	(158.005,-1.76391)	(-430.971,0.145206)	(-91.2027,0.736846)	(2201.94,0.0228246)	(3774.66,-8.74301e-15)	(2201.86,0.00701849)	(-90.8671,0.219759)	(-430.424,1.59804)	(155.711,-0.10462)	(193.752,-3.3838)	(-82.6011,-1.70254)
(-83.0507,2.41918)	(-154.486,0.341771)	(-40.952,1.6929)	(71.0772,5.1558)	(117.603,6.22072)	(121.902,2.4914)	(118.154,-2.92809)	(119.264,-6.16004)	(112.451,-6.12381)	(66.9175,-3.53433)	(-40.8837,-1.30802)	(-152.187,1.13572)	(-81.1678,0.325966)	(197.257,-4.02586)	(157.663,-2.94832)	(-429.874,0.711829)	(-90.6682,0.516155)	(2201.86,-0.00701849)	(3774.66,-9.99548e-15)	(2201.82,-0.131776)	(-91.5279,0.242988)	(-431.722,0.620778)	(156.54,-0.518175)	(196.4,1.32597)
(193.592,4.48311)	(-87.2804,2.23458)	(-156.953,0.846111)	(-38.3128,3.06576)	(73.9242,2.34885)	(116.804,-2.93722)	(118.977,-6.63368)	(113.86,-6.62313)	(114.406,-3.32705)	(111.163,-0.173224)	(71.8551,1.30012)	(-34.4279,3.48306)	(-150.644,2.93591)	(-84.9327,-2.90886)	(193.908,-6.00259)	(158.063,-2.53468)	(-428.936,-0.449228)	(-90.8671,-0.219759)	(2201.82,0.131776)	(3774.67,-8.88178e-15)	(2201.97,-0.189391)	(-91.4674,-0.0393624)	(-431.717,0.664462)	(155.58,2.61901)
(155.527,1.43997)	(195.275,1.93565)	(-85.9287,1.21751)	(-156.462,1.21947)	(-38.9596,-1.07014)	(72.096,-4.69052)	(112.835,-5.98189)	(114.757,-4.09994)	(112.844,-0.180363)	(117.341,1.68746)	(115.354,2.52089)	(72.0847,4.41254)	(-39.9728,5.02405)	(-158.641,1.32225)	(-90.5092,-3.83152)	(192.863,-4.09896)	(157.876,-2.25653)	(-430.424,-1.59804)	(-91.5279,-0.242988)	(2201.97,0.189391)	(3774.68,1.66668e-14)	(2202.14,-0.16491)	(-91.47,0.226266)	(-432.485,0.478162)
(-431.317,-1.13372)	(160.187,-0.688314)	(199.167,0.26038)	(-85.47,-0.112777)	(-156.335,-0.627783)	(-39.7756,-1.51408)	(69.1657,-2.34631)	(111.767,-0.232456)	(116.452,2.61832)	(114.747,2.54416)	(115.524,2.33841)	(108.082,3.27432)	(64.7112,4.13567)	(-44.1527,2.19964)	(-161.117,-2.09926)	(-91.7161,-3.45058)	(191.498,-0.688826)	(155.711,0.10462)	(-431.722,-0.620778)	(-91.4674,0.0393624)	(2202.14,0.16491)	(3774.7,3.25434e-15)	(2202.07,0.271969)	(-91.845,0.10527)
(-91.6846,-0.231167)	(-429.014,-0.653104)	(161.985,0.074177)	(197.832,-1.01136)	(-86.0116,-1.03835)	(-154.904,0.440263)	(-37.5806,1.41011)	(71.5981,3.69102)	(112.971,4.61043)	(114.968,3.15112)	(108.431,1.70855)	(109.286,1.29801)	(108.844,1.6)	(68.4981,0.144853)	(-43.1599,-3.27652)	(-161.902,-3.65394)	(-90.7438,1.13324)	(193.752,3.3838)	(156.54,0.518175)	(-431.717,-0.664462)	(-91.47,-0.226266)	(2202.07,-0.271969)	(3774.68,-9.48547e-15)	(2201.84,0.188282)
(2201.69,0.0398188)	(-91.477,-0.0698671)	(-429.77,0.821087)	(158.058,-0.466796)	(194.701,-3.36604)	(-83.5752,-2.3952)	(-149.331,0.734122)	(-34.4997,3.53393)	(71.3378,4.49805)	(109.472,2.9228)	(110.669,0.293805)	(110.834,-0.019137)	(116.921,0.650918)	(112.429,-0.701949)	(66.5075,-2.54691)	(-43.4902,-1.1216)	(-155.244,1.47029)	(-82.6011,1.70254)	(196.4,-1.32597)	(155.58,-2.61901)	(-432.485,-0.478162)	(-91.845,-0.10527)	(2201.84,-0.188282)	(3774.66,-5.48173e-15)
