1620
(0.108695,-0.0828092)
(0.12644,-0.0593539)
(0.0189238,-0.0453704)
(0.122024,-0.0670741)
(-0.0245101,0.0675628)
(0.0414441,-0.0330931)
(0.202385,-0.0757295)
(0.00905573,-0.0347644)
(0.0877532,-0.0577785)
(0.0445043,-0.0776388)
(0.114911,-0.0648437)
(0.129957,-0.0644693)
(-0.0313066,0.0539464)
(0.0499203,-0.00229697)
(0.0185821,-0.0234033)
(0.0529304,-0.084589)
(0.0340058,-0.035766)
(0.035134,0.0596047)
(0.0435869,0.035787)
(0.0542519,0.0596178)
(0.037024,0.0225881)
(0.0277008,0.0340701)
(-0.00358051,0.00713104)
(0.117856,-0.0197487)
(0.0264358,-0.0184252)
(0.000405118,0.0167952)
(-0.0218324,-0.012707)
(0.00900462,-0.039574)
(0.101489,-0.00939134)
(0.0250887,-0.0513846)
(-0.0483461,0.0199103)
(-0.0342408,-0.068538)
(0.12863,-0.070134)
(0.0113655,0.0426138)
(0.084126,-0.073627)
(0.0632563,-0.021474)
(0.144925,-0.129564)
(0.0527576,0.0711745)
(0.0532195,0.051593)
(-0.0620289,-0.0133169)
(0.15728,0.0990297)
(-0.0552016,0.00437108)
(-0.0460967,0.0427218)
(-0.047235,0.0310295)
(0.0941178,-0.0661581)
(0.0711723,-0.0598786)
(0.0764516,-0.0660827)
(0.00220787,0.0088857)
(-0.00135222,-0.00572818)
(-0.0115828,0.00523445)
(0.0423881,-0.0410219)
(-0.0368946,0.0353955)
(0.0488136,-0.00177545)
(0.0396466,0.014537)
(0.0350446,-0.0498631)
(0.0115992,-0.0305254)
(0.127569,-0.0480239)
(-0.0270587,0.0354438)
(0.0191752,-0.019939)
(0.0819464,0.153977)
(0.00138904,-0.034945)
(0.238382,-0.152656)
(0.0707883,-0.0364949)
(0.212535,-0.141296)
(0.0567801,-0.0436174)
(0.020504,-0.0365916)
(-0.0117722,-0.07292)
(-0.0509135,-0.0799525)
(-0.0125387,-0.0364913)
(0.0546183,-0.0170385)
(0.0180775,-0.0814187)
(-0.00873219,-0.0520652)
(0.0337184,0.112784)
(-0.0492798,0.000681624)
(0.258635,-0.0941481)
(0.030647,-0.0552195)
(0.109699,0.103616)
(0.00376607,-0.0459102)
(0.0472597,-0.0257899)
(0.0421092,-0.0811196)
(0.0337973,-0.0105464)
(-0.0320502,0.00163785)
(0.0142259,0.0129194)
(0.0433908,-0.0524446)
(0.0162446,-0.0536148)
(-0.0421084,-0.0163624)
(-0.0470226,0.00596681)
(-0.0255886,0.10431)
(0.0665547,0.0205351)
(0.0943939,0.109127)
(0.00590184,-0.00859947)
(-0.00910928,0.0781035)
(0.107863,-0.0716169)
(0.135215,-0.134627)
(0.144906,-0.124124)
(0.132417,-0.101513)
(0.0544279,-0.0317616)
(0.30152,-0.111196)
(0.0325922,-0.0344755)
(0.0288229,-0.018475)
(0.0206358,0.107373)
(0.0743593,-0.0464492)
(0.0227398,-0.0578516)
(0.0272385,-0.050022)
(0.0539292,0.000123003)
(0.323706,-0.138696)
(0.0999762,-0.072121)
(0.0669697,-0.0656766)
(0.0143859,0.00504014)
(0.0675747,-0.0587635)
(0.00475347,0.0340193)
(0.275948,-0.140686)
(0.220126,-0.113225)
(-0.0367009,0.010836)
(0.175197,-0.130639)
(0.14824,-0.125032)
(0.141233,-0.118826)
(0.199133,-0.116763)
(-0.0198769,-0.0305695)
(0.463667,-0.0813268)
(0.186226,-0.120318)
(-0.0112834,0.00307828)
(0.28098,-0.0923232)
(0.141876,-0.0667575)
(0.257771,-0.0975783)
(0.0349347,-0.131645)
(0.100572,-0.0521392)
(0.0833055,-0.0291322)
(0.226498,-0.0805744)
(-0.00442142,-0.0328533)
(-0.00303638,-0.0508034)
(-0.0324251,0.00231538)
(-0.0152962,-0.0270962)
(-0.0481515,0.11669)
(-0.0283958,0.112359)
(-0.0344257,-0.0148974)
(-0.00117843,0.000760633)
(-0.0767294,-0.0627643)
(0.299344,-0.0676944)
(0.0852641,-0.0655995)
(0.111057,-0.0700428)
(-0.0333949,-0.0466647)
(-0.0698292,-0.0902864)
(-0.0652173,-0.0087617)
(-0.0154902,-0.0295094)
(-0.0421627,-0.011156)
(0.0387546,-0.0395705)
(0.160772,-0.0728891)
(0.143748,-0.0766104)
(-0.00436436,-0.0193926)
(0.396443,-0.0717285)
(0.0932243,-0.103544)
(0.547177,-0.0967535)
(0.291505,-0.0650862)
(0.388149,-0.112015)
(0.143639,-0.0758977)
(0.23132,-0.103722)
(0.270931,-0.0728724)
(0.196051,-0.0531162)
(0.115525,-0.072768)
(0.131503,-0.073508)
(0.0988696,-0.066344)
(0.124527,-0.0729851)
(-0.0185456,0.0106406)
(0.0225115,-0.0512064)
(0.0673352,-0.0566654)
(-0.0569081,0.0593825)
(-0.0704284,0.0968489)
(-0.0588678,0.0588372)
(-0.0617135,0.0604043)
(-0.0652648,0.068999)
(-0.0872036,0.0992299)
(0.310374,-0.078336)
(0.346526,-0.0835102)
(0.351694,-0.0915406)
(0.371635,-0.111473)
(-0.00466447,-0.0487001)
(0.00916697,-0.0589496)
(-0.021138,-0.067879)
(-0.0206712,-0.0961418)
(0.015442,0.00308722)
(0.182231,-0.105015)
(0.171268,-0.0899097)
(0.108871,-0.064126)
(0.114636,-0.0655322)
(-0.000738501,-0.0582924)
(-0.0145542,-0.0231527)
(0.219995,-0.0982694)
(0.193054,-0.0942775)
(0.340787,-0.107285)
(0.326964,-0.0901935)
(0.300011,-0.0395252)
(0.432044,-0.0580343)
(-0.0177372,-0.00388802)
(0.0120404,0.0206487)
(-0.0836757,0.100531)
(-0.0804482,0.149057)
(0.112815,-0.0861635)
(-0.0214502,0.0132825)
(0.0652357,-0.0881058)
(0.0117413,-0.0254866)
(0.0106244,-0.0222801)
(0.00388682,0.00153744)
(0.0172044,-0.0369698)
(0.000323301,-0.0494201)
(0.0250825,-0.038858)
(0.473136,-0.111789)
(0.467964,-0.104932)
(-0.0602317,0.0327743)
(0.182961,-0.107858)
(0.00941005,0.00643312)
(0.267987,-0.0586236)
(0.266634,-0.0610043)
(0.0776312,-0.0432361)
(0.113512,-0.0191389)
(-0.0647271,-0.0256405)
(-0.0757379,-0.084664)
(0.296769,-0.0500728)
(0.387228,-0.056111)
(-0.0255618,0.0192086)
(-0.0202332,-0.0679866)
(0.0251292,-0.0150526)
(0.0348874,-0.0254742)
(0.641945,-0.104678)
(-0.0499925,-0.0438741)
(-0.0282762,-0.0347076)
(0.478457,-0.0824952)
(0.00159313,-0.0388017)
(0.0140259,-0.0771593)
(-0.0369797,-0.0237989)
(-0.0368647,-0.0524352)
(0.28055,-0.0731712)
(0.271077,-0.0797248)
(0.393671,-0.101993)
(0.435406,-0.108392)
(0.0551565,-0.0300343)
(-0.120553,-0.0393958)
(-0.0753288,-0.0340979)
(0.271217,-0.0947915)
(0.020334,0.026508)
(-0.0363791,0.083761)
(-0.0245002,-0.0965405)
(0.0979927,-0.105066)
(0.129875,-0.122544)
(0.0457666,-0.148398)
(-0.0332614,0.0441667)
(0.030674,0.0787526)
(0.0949306,-0.141338)
(0.0568513,-0.0241298)
(0.0702893,0.0030841)
(0.0417567,0.0231725)
(-0.0532782,0.100969)
(0.0197712,0.0116367)
(0.0106558,0.0219911)
(-0.0503126,0.0681562)
(0.132259,-0.0563286)
(0.19462,-0.0803135)
(-0.0365763,-0.00153514)
(0.0608296,0.0424705)
(0.0499042,0.115205)
(0.0420656,0.0292345)
(0.0672553,0.0863893)
(0.00640421,-0.0127472)
(0.0181474,0.0287029)
(0.469131,-0.118801)
(0.0172227,0.031092)
(0.104896,-0.00915355)
(0.0217458,-0.0272005)
(0.0223054,0.002288)
(-0.00172227,-0.0444743)
(0.0131519,0.00590048)
(0.012013,0.0145361)
(-0.0285653,-0.0196153)
(-0.0899402,-0.0763038)
(-0.0585864,-0.0487131)
(0.212388,-0.070793)
(-0.0877882,-0.0367934)
(-0.0321406,-0.00966496)
(-0.116904,0.0249146)
(0.0158734,-0.000914695)
(0.00884571,-0.0112887)
(0.0094407,-0.0265137)
(0.0164251,-0.0196124)
(0.0365625,-0.03688)
(0.0497535,0.0463437)
(0.0817149,-0.10801)
(0.0652684,-0.127905)
(-0.00695204,0.0851585)
(0.0226705,0.00347069)
(0.0362755,0.0515393)
(-0.0151439,-0.0488245)
(0.0160437,-0.00356071)
(-0.0158445,-0.0287031)
(-0.132528,0.0370705)
(0.0866639,0.0521034)
(0.0491292,-0.0434373)
(0.0887798,0.062279)
(0.0342399,-0.0576062)
(0.00141329,0.071365)
(-0.067188,-0.0147356)
(-0.108739,0.00820398)
(0.0248506,-0.0427356)
(-0.00984888,0.0402119)
(0.00207811,0.0204234)
(0.0110587,0.0077963)
(0.00741948,0.0737726)
(-0.0361298,0.0242668)
(0.25634,-0.102381)
(-0.0246232,-0.0326988)
(-0.0211958,-0.045707)
(0.048445,-0.0241125)
(0.0039591,0.0334075)
(-0.00778446,-0.049032)
(0.079199,0.00155346)
(-0.000348567,0.0512293)
(-0.0130528,0.0636894)
(0.0162909,-0.0416121)
(0.00706254,-0.0815741)
(-0.00527308,0.0383227)
(0.260734,-0.0906227)
(-0.02423,0.00176858)
(0.0594884,0.0717081)
(-0.0495442,-0.0740267)
(-0.00270038,0.0402616)
(0.0285144,0.0724759)
(0.0626903,0.0911077)
(0.0131441,-0.00573727)
(0.0436063,-0.0408715)
(0.0808514,-0.0248657)
(0.0454926,0.00750596)
(0.0338601,-0.0842183)
(-0.139178,0.102234)
(-0.129934,0.16302)
(0.0123468,1.12962e-06)
(0.100457,0.0407402)
(0.218075,-0.0861913)
(0.155122,0.0038659)
(0.0523876,0.0251802)
(0.0962205,0.0505192)
(0.132342,0.0639987)
(0.0778283,-0.0544416)
(0.128925,-0.0214493)
(0.0316625,0.0235515)
(0.101749,0.0552801)
(0.0572102,0.0350533)
(0.0445044,-0.049613)
(0.0139969,-0.0165374)
(0.075881,-0.0181634)
(0.0436994,-0.0128682)
(0.266088,-0.0786302)
(0.265962,-0.149264)
(0.245561,-0.130593)
(-0.0143397,0.0857833)
(0.0291087,-0.107796)
(0.354455,-0.122085)
(0.0990281,0.0143071)
(0.0983529,0.0453685)
(0.024732,-0.0299268)
(0.0425693,-0.015978)
(-0.0133841,-0.0623835)
(0.238055,-0.086395)
(0.129459,-0.0948518)
(0.0264352,0.0842113)
(0.0614974,-0.0747659)
(0.00874672,-0.00606317)
(0.183041,-0.0682268)
(0.252016,-0.0992303)
(-0.0432299,-0.077594)
(0.0512001,-0.0436648)
(0.026551,-0.0344925)
(0.110725,-0.0376668)
(0.0117841,0.00139245)
(0.00376825,0.0285969)
(-0.0835727,0.185061)
(0.259109,-0.096891)
(0.259912,-0.114617)
(0.00279053,0.0351653)
(-0.0127812,0.0580502)
(0.0039183,-0.0439763)
(0.0297567,-0.0540852)
(-0.00539138,-0.0495559)
(0.257758,-0.11082)
(0.37675,-0.146139)
(-0.0406707,0.0261283)
(-0.0147088,-0.0664196)
(0.0283952,-0.0473572)
(0.0144972,-0.0522321)
(0.0415779,-0.0803435)
(-0.0322103,0.0393746)
(0.00569087,0.00953868)
(0.00420917,-0.00333679)
(-0.0265298,0.0856582)
(0.0574084,-0.0601936)
(0.0540281,-0.0470058)
(0.0384278,-0.0644283)
(0.0394538,-0.0607173)
(0.0444699,-0.057483)
(-0.0136783,-0.0709308)
(0.0424097,-0.0778451)
(0.0108732,0.141647)
(0.0159609,0.145331)
(-0.124826,-0.063825)
(0.0775725,-0.0939233)
(0.498209,-0.0900424)
(0.00560171,0.0862552)
(0.0273021,0.0409468)
(0.0435996,-0.00769792)
(0.022357,-0.0209124)
(0.0326427,-0.078218)
(-0.00248528,0.115525)
(0.0499168,-0.0870569)
(0.000865286,-0.0193249)
(0.111264,-0.110387)
(-0.0346487,-0.0315512)
(0.334471,-0.0845428)
(0.0496645,-0.0167419)
(0.0468827,-0.0352835)
(0.134626,-0.111103)
(-0.064388,-0.0682441)
(-0.0744368,-0.0398387)
(0.00782907,-0.00295572)
(0.00869757,0.00231153)
(0.15189,0.100846)
(0.0419812,0.0581512)
(0.14707,-0.126897)
(0.0502012,-0.0338696)
(0.494798,-0.0858004)
(0.0311806,0.0247754)
(-0.0609495,0.190696)
(-0.0372042,0.17004)
(0.0171115,0.00564882)
(0.122801,-0.106296)
(0.037409,-0.062385)
(0.10914,-0.120304)
(0.0798616,-0.0762936)
(0.0307741,0.0479187)
(0.00265623,-0.0199883)
(0.0433092,-0.0381621)
(0.0226018,-0.0336107)
(-0.123206,-0.0642864)
(0.0996372,0.0827948)
(-0.00972251,-0.00076688)
(0.0265511,0.0688867)
(0.0361751,-0.0416934)
(-0.0840428,0.0147021)
(-0.0912294,-0.0802564)
(-0.0265482,0.0512273)
(0.107525,0.124517)
(0.0356814,-0.02833)
(0.134044,-0.0971956)
(0.0663383,-0.0318738)
(0.050471,0.0169067)
(0.0374053,-0.023516)
(0.0619805,-0.0386435)
(-0.000120658,0.0619047)
(6.47303e-05,0.00905792)
(0.0967136,0.0715713)
(-0.019185,-0.00243296)
(0.0564846,-0.0405206)
(0.0435429,0.0726427)
(0.0502026,0.0244855)
(-0.128384,0.104532)
(0.00836783,-0.00128366)
(0.0388203,-0.00849928)
(-0.119436,0.119841)
(0.0600571,-0.05673)
(0.0352504,-0.0275984)
(0.0464743,-0.0237375)
(0.187812,-0.0835315)
(-0.0208593,0.0057174)
(0.424955,-0.113398)
(0.00530768,0.0692059)
(-0.0297454,0.0229485)
(-0.0489878,-0.0129024)
(0.010597,-0.0488418)
(0.135744,0.10607)
(0.00603943,0.00150185)
(0.0130116,-0.050872)
(0.0683353,-0.0602878)
(0.00551414,-0.013573)
(0.0257214,0.058204)
(0.211579,-0.0840027)
(0.058523,0.0408925)
(-0.0312598,-0.0411182)
(0.103671,0.00459657)
(0.122023,-0.00651639)
(-0.0320727,-0.0562316)
(0.173385,-0.0782481)
(-0.0339924,0.02547)
(-0.0692212,0.0576432)
(0.394513,-0.12211)
(0.0781787,-0.0622835)
(0.0141679,-0.0177501)
(0.00345549,-0.0123149)
(0.105989,0.107603)
(0.369113,-0.0640763)
(0.432101,-0.0877017)
(0.623022,-0.0708763)
(0.472219,-0.059819)
(0.00492121,0.0683728)
(0.00910687,0.0604541)
(-0.00312502,0.0951571)
(0.0809846,0.0314106)
(0.0350679,-0.0734)
(-0.0385264,-0.012599)
(-0.0347917,-0.0127316)
(-0.0460829,0.0408093)
(0.0368884,0.0748719)
(-0.0342947,-0.0409662)
(0.0433595,-0.0530914)
(0.00895703,0.0241158)
(0.0125515,0.000787571)
(-0.00172004,0.0134537)
(0.0077657,-0.031203)
(0.0525406,0.0123948)
(0.111371,-0.00830107)
(0.0475054,0.0450584)
(-0.0208038,-0.0692098)
(0.0573895,0.0616192)
(0.0128549,0.0208838)
(0.0730642,0.0168225)
(-0.0041782,0.070532)
(0.0500179,0.00917972)
(-0.0053672,0.0710282)
(-0.0218395,0.0175482)
(0.00949564,0.0679615)
(-0.0224192,0.0126785)
(0.0455331,-0.0147134)
(0.0310614,0.0276402)
(0.0446501,0.00528236)
(0.046993,0.0326195)
(0.0864354,0.0165961)
(0.242804,-0.113759)
(0.0560976,0.00796322)
(0.335005,-0.0955983)
(0.154529,-0.0917461)
(0.0339269,-0.0618981)
(0.0569576,-0.0908208)
(0.0324526,-0.0413504)
(-0.00666604,-0.0260112)
(-0.000660319,-0.0127914)
(0.00791967,-0.0225435)
(0.00267954,-0.0133121)
(0.014377,0.0648168)
(0.00527415,0.0468485)
(-0.0157619,-0.0123343)
(0.0650497,-0.0491525)
(-0.0247281,-0.0273647)
(0.0500376,-0.0597562)
(0.0342681,-0.0362795)
(0.0512268,-0.0627192)
(0.0707119,0.0805936)
(0.0901984,0.0328457)
(0.0875996,-0.0561104)
(0.193985,-0.0984354)
(0.0148223,0.0722581)
(0.0771201,-0.0890388)
(0.0124564,0.0815677)
(0.041656,-0.0857134)
(0.00990006,-0.0600412)
(0.0268115,0.0898504)
(0.231845,-0.106287)
(0.165616,-0.0833756)
(-0.0395836,0.0381092)
(0.112544,0.014184)
(-0.0434473,0.0295387)
(-0.0495535,0.0516008)
(0.0634315,-0.0713259)
(0.0774243,-0.078536)
(0.241965,-0.108511)
(0.082094,-0.0388846)
(0.0601397,-0.076343)
(0.089012,-0.0643281)
(0.0780803,-0.070801)
(0.256086,-0.09235)
(-0.0274915,0.00632755)
(-0.0412005,-0.0806285)
(-0.015234,-0.0543625)
(-0.0325619,-0.07854)
(-0.0306178,0.0184284)
(-0.0187122,0.0101225)
(-0.0343772,0.0221976)
(-0.0101824,-0.0846694)
(0.0245763,-0.0458665)
(0.0362992,-0.0167564)
(0.289654,-0.0834912)
(0.021204,0.0140371)
(-0.0119712,-0.0953625)
(0.0189993,-0.000965113)
(0.0189878,-0.0643453)
(0.066237,-0.0827987)
(0.0316218,-0.0020746)
(0.0107794,-9.73918e-06)
(0.311119,-0.218071)
(-0.0645367,0.115)
(0.122201,0.0536527)
(-0.0423071,0.150476)
(0.106811,0.0562883)
(0.0866016,0.0447591)
(-0.00115709,-0.0330432)
(0.03958,0.039276)
(0.0795951,-0.0890758)
(0.35678,-0.16599)
(0.0141541,-0.0513951)
(-0.0142372,-0.0224049)
(0.0571683,-0.00871785)
(0.0643261,-0.084228)
(0.0825863,-0.0611041)
(0.0630555,-0.0512839)
(0.0793388,-0.0694081)
(0.0810117,0.0468646)
(-0.0157463,-0.0180829)
(0.114446,-0.0684492)
(0.109984,-0.0835927)
(0.0250701,0.0793112)
(-0.0363731,-0.0468478)
(-0.00616735,-0.041095)
(-0.0110948,0.0353489)
(0.00271861,0.0143738)
(0.0132082,0.0315655)
(0.0346623,0.0407826)
(0.00408454,-0.0572229)
(0.0585386,0.0245435)
(0.033042,0.036302)
(-0.080326,0.044743)
(-0.100301,0.0776041)
(-0.0908429,0.118544)
(0.0536596,-0.0482088)
(0.0554271,-0.0486364)
(0.112933,-0.067847)
(0.187939,-0.110871)
(-0.0709142,0.0962639)
(-0.00232061,-0.00874863)
(-0.00516292,0.00391268)
(-0.00169075,-0.0270311)
(0.0107585,-0.0105896)
(0.0166573,-0.0295987)
(0.010092,-0.00788006)
(0.0110654,-0.0150326)
(0.316841,-0.0991965)
(0.0583967,-0.000287557)
(0.0719242,-0.0976907)
(0.0703665,-0.0867519)
(-0.00613012,0.00909136)
(-0.0186488,0.0427748)
(-0.0526106,0.0837207)
(0.0207,0.0153644)
(0.0515447,0.078121)
(0.0455975,0.0722504)
(-0.0510033,0.054583)
(-0.0544046,0.124778)
(0.0237539,-0.0141761)
(0.0243017,-0.0232468)
(0.0116077,0.0675392)
(0.216378,-0.17437)
(0.233928,-0.196775)
(-0.0135135,0.058749)
(-0.104247,-0.0324306)
(-0.0608337,-0.0353278)
(-0.0191508,0.0626864)
(0.0699611,-0.066292)
(-0.0143285,-0.0323615)
(0.00123934,-0.0344813)
(0.10395,-0.0927981)
(0.0215265,0.0149662)
(0.0813605,-0.0502769)
(-0.0143973,0.0485336)
(-0.0192913,0.0253384)
(-0.0736274,0.0607849)
(-0.0135107,-0.0281977)
(0.0173192,-0.0522594)
(-0.0291535,0.00382475)
(0.0236438,-0.0701265)
(0.00459406,-0.0387462)
(0.00279499,-0.0318739)
(0.00254879,-0.00672257)
(0.0448923,0.0283599)
(0.154376,-0.104355)
(-0.0314707,-0.0101268)
(-0.0584268,0.0337524)
(0.21964,-0.0861517)
(0.216673,-0.100027)
(0.0413383,-0.0498864)
(0.0210723,0.00428548)
(0.0571041,-0.0219469)
(0.0319032,-0.0491488)
(0.0335784,-0.0705059)
(0.0840717,-0.0204625)
(0.062664,-0.0946445)
(0.00493274,-0.0048069)
(0.0679283,-0.0110574)
(0.109391,-0.00743714)
(0.0339552,-0.0400974)
(0.292468,-0.129569)
(0.0720596,0.0341412)
(0.017643,-0.0191282)
(0.00988556,-0.0350476)
(-0.0258775,0.0294386)
(0.0305544,0.0627765)
(-0.108155,0.0339957)
(-0.00338606,0.039172)
(0.0318722,0.0564815)
(0.00619784,-0.0127072)
(-0.0488313,0.14457)
(-0.0129425,0.0911442)
(0.0241516,0.0500299)
(-0.0864816,0.0606758)
(0.0379253,-0.0477512)
(-0.00992079,-0.00120052)
(-0.0270223,0.0637183)
(-0.0400198,-0.00231896)
(-0.0233204,0.0710844)
(-0.00419648,0.00630775)
(-0.0355296,0.0581234)
(0.00986971,0.0701762)
(0.0313681,0.107138)
(0.0366006,0.0636474)
(-0.0235758,-0.00777384)
(0.303207,-0.178562)
(0.300573,-0.0880311)
(0.136869,-0.0803752)
(0.258536,-0.0812098)
(-0.0195072,0.0667406)
(0.235786,-0.125161)
(0.292868,-0.201495)
(-0.00693071,0.0471013)
(0.29373,-0.179312)
(0.411519,-0.120477)
(0.444318,-0.120305)
(0.0509559,-0.0115043)
(-0.036148,0.0510448)
(-0.0220994,-0.0100098)
(-0.0260115,-0.00358696)
(0.107256,-0.125925)
(-0.0300097,0.00713693)
(-0.0457455,0.0200138)
(-0.0326983,-0.010808)
(-0.0391406,0.0331804)
(0.0211228,0.0718512)
(-0.0131368,0.0493699)
(0.0264852,0.107546)
(0.099248,-0.0585405)
(0.10472,-0.0892886)
(0.102953,-0.141284)
(0.0161534,0.0656687)
(0.0470295,-0.00137697)
(0.103648,-0.0649733)
(0.0243272,-0.0350473)
(0.0272669,0.0538447)
(0.0928274,0.0499931)
(0.00149988,-0.0217678)
(0.0171538,0.0202523)
(0.0304455,0.0290754)
(0.0722837,-0.00674271)
(0.0269622,0.0338189)
(0.212382,-0.170717)
(0.0998853,-0.0431051)
(0.0248321,0.0101131)
(0.0194501,-0.00285937)
(0.0562012,-0.00947032)
(0.0928641,-0.0528883)
(0.0656817,-0.0436217)
(0.0769887,-0.0241414)
(0.0788374,-0.0236466)
(0.0523531,-0.033517)
(0.0297122,0.00590885)
(0.304208,-0.101071)
(0.0304901,-0.0901771)
(0.117543,-0.0671965)
(0.0751601,-0.0400691)
(0.0293028,0.0810611)
(0.107945,-0.0391896)
(0.11831,-0.07521)
(0.346578,-0.10439)
(0.434259,-0.125149)
(0.308273,-0.121919)
(0.0209143,0.0208321)
(0.282863,-0.0996631)
(0.0267714,0.0107982)
(0.0288847,-0.0932879)
(0.036587,-0.0304561)
(0.0168541,-0.0465411)
(0.269814,-0.158676)
(0.00602669,-0.0356166)
(-0.0322204,0.0106155)
(-0.0388341,0.00621465)
(0.232858,-0.15562)
(0.0346714,-0.0324135)
(0.0854155,-0.0788818)
(0.117568,-0.116915)
(0.037949,-0.0227835)
(-0.0549395,0.019651)
(-0.0184331,0.00894299)
(0.0204623,-0.0205414)
(0.0189633,-0.0339231)
(0.00724017,-0.0260857)
(0.0514448,-0.0466554)
(-0.00872421,-0.0428316)
(0.180931,-0.137384)
(0.198188,-0.141566)
(-0.0410506,-0.0718677)
(0.0387231,0.0510972)
(-0.00415773,0.027112)
(0.00944186,0.0501489)
(0.00350664,0.00961485)
(0.0270951,0.0737483)
(0.0279461,0.00849498)
(0.0598879,-0.0726145)
(0.0140868,0.00546382)
(0.0579915,-0.0341965)
(-0.0156397,0.00556362)
(0.0620669,-0.0552539)
(-0.00536918,-0.0704277)
(0.021842,-0.0773412)
(-0.0135361,0.0103261)
(-0.0368883,-0.028798)
(0.0102914,-0.0198947)
(0.0276195,0.11488)
(-0.0288949,-0.0392538)
(0.0161127,-0.0388179)
(0.120142,-0.119578)
(0.0951294,-0.0331377)
(0.0306717,0.100015)
(0.00926543,0.107898)
(0.00439146,-0.00244812)
(0.00722207,-0.00938952)
(0.0192381,0.0127324)
(-0.0360688,0.0139529)
(-0.0329642,-0.0367321)
(-0.0168559,0.0230809)
(-0.0356803,-0.0120454)
(-0.0121678,-0.0133581)
(-0.0400982,0.00629631)
(-0.0398518,0.0107145)
(0.0380162,-0.0653112)
(-0.0141129,0.0155851)
(0.00953527,0.00510131)
(-0.0413045,0.0538344)
(0.0415562,-0.00985429)
(0.0307548,-0.000987343)
(0.124852,-0.0765896)
(-0.0205927,-0.0414911)
(0.0432274,-0.0369821)
(0.0722398,-0.0698187)
(0.0321337,-0.0242891)
(0.0968533,-0.111736)
(0.00795777,-0.0546984)
(0.174634,-0.179146)
(0.125357,-0.145465)
(0.0205029,-0.0411096)
(0.0444256,-0.0467927)
(0.0393538,-0.0327599)
(0.0775331,-0.0868614)
(0.014583,-0.0268771)
(0.144214,-0.107785)
(0.118562,-0.00702894)
(-0.0272534,-0.0102592)
(-0.0379957,0.039004)
(0.0441771,-0.047772)
(0.0965637,-0.0690128)
(-0.00719193,-0.0603371)
(0.118899,-0.0856778)
(0.167841,-0.0823146)
(0.0553782,-0.0565723)
(0.435597,-0.0752879)
(0.0768429,-0.0484383)
(0.0244473,-0.0150878)
(0.0718443,-0.0315232)
(-0.0150954,-0.00624297)
(0.017911,-0.0745895)
(0.0463492,-0.12677)
(-0.0113913,0.0450596)
(-0.0765032,0.0122528)
(0.482825,-0.087906)
(-0.015333,0.0134002)
(-0.0661703,-0.0196161)
(-0.0421682,0.0328645)
(0.476653,-0.0842458)
(-0.0386187,0.0577272)
(-0.0520476,0.051932)
(-0.0472747,-0.0305629)
(-0.0224529,-0.0433316)
(-0.0547804,0.0501315)
(-0.0320749,-0.0534527)
(0.0127228,-0.018475)
(0.129281,-0.110714)
(0.11207,-0.0967971)
(-0.0279237,0.0209323)
(0.0347836,-0.0262667)
(0.00961511,-0.0113036)
(0.0078294,-0.0487)
(0.0195018,-0.0311175)
(0.103787,-0.0824217)
(0.028267,-0.0219447)
(-0.0123769,0.0307356)
(-0.0341023,0.0344809)
(-0.024806,0.0304885)
(0.0100362,-0.0159578)
(0.0177995,-0.0082785)
(0.355295,-0.0692285)
(-0.0345966,0.0436092)
(0.360524,-0.0785946)
(-0.0222762,0.00469441)
(-0.0258556,-0.0133474)
(0.138604,-0.131533)
(0.0149019,0.00447395)
(0.328932,-0.0880621)
(0.164084,-0.0632852)
(0.246005,-0.0885656)
(0.164621,-0.141314)
(0.0493535,-0.0568804)
(0.0626719,-0.00579142)
(0.0983607,-0.0821943)
(0.205661,-0.095717)
(0.00552062,-0.0213885)
(-0.0121705,0.0651342)
(0.147172,-0.0775575)
(-0.0172898,-0.0388131)
(-0.0355944,-0.0095826)
(0.182299,-0.0971831)
(-0.0257567,-0.033603)
(-0.0168673,0.0629003)
(0.221444,-0.0805257)
(0.0539794,-0.09756)
(0.06022,-0.0728008)
(0.113773,-0.0721241)
(0.0512414,-0.0478056)
(0.0638624,-0.079002)
(-0.0291676,0.0514463)
(0.00406499,0.06858)
(0.0522744,-0.0763241)
(0.0599611,-0.104527)
(0.000515493,-0.00286711)
(-0.0260972,0.0166407)
(-0.0248072,0.0493798)
(-0.0502559,0.0340838)
(-0.0239517,0.00202245)
(-0.0331673,0.0373103)
(-0.0487133,0.0492453)
(0.079545,0.05097)
(-0.00391738,0.0630463)
(-0.0551941,0.0864028)
(-0.0231107,0.111091)
(0.00939594,0.0192378)
(-0.0137538,0.0417198)
(0.286347,-0.0601057)
(0.137301,-0.124903)
(0.154711,-0.124088)
(0.0934072,-0.055868)
(0.0152337,-0.00341114)
(0.113966,-0.0627275)
(0.503894,-0.0880985)
(0.0564309,-0.0163891)
(0.479469,-0.0812174)
(-0.010867,0.0411217)
(0.0510873,-0.0568687)
(0.190047,-0.0866537)
(0.00414207,0.0274151)
(0.0420313,-0.0576676)
(0.303225,-0.0740578)
(0.0155138,0.0131955)
(-0.0145437,0.0626903)
(-0.0044937,-0.00644405)
(0.130576,-0.0908093)
(0.107604,-0.138282)
(0.0270476,0.00283497)
(0.0572263,-0.111134)
(0.167945,-0.124773)
(0.0357343,-0.0737808)
(0.199018,-0.101761)
(-0.000435649,0.00626324)
(0.209522,-0.101302)
(0.0241097,-0.040507)
(0.02773,-0.00799961)
(0.326016,-0.0759436)
(-0.00528178,0.0258451)
(0.00382836,-0.00948413)
(0.0225571,-0.026927)
(0.213257,-0.10875)
(0.11686,-0.126155)
(0.10004,-0.101493)
(0.19316,-0.172353)
(-0.0219957,-0.0336993)
(-0.026631,-0.0451689)
(0.0916827,-0.0945187)
(0.0834988,-0.0539275)
(0.0450603,0.0891925)
(-0.012908,0.0148178)
(0.0419569,-0.0548664)
(0.0816702,-0.0220716)
(0.0389888,-0.0082111)
(0.0183046,-0.015409)
(0.0245207,-0.0172434)
(0.0130649,-0.0804086)
(-0.0209025,-0.0492976)
(0.0315771,-0.0530282)
(0.0290853,0.0913255)
(-0.0200639,-0.045495)
(-0.014183,-0.0651376)
(-0.00963412,-0.0327121)
(0.029579,-0.0540742)
(-0.00586643,-0.0388462)
(-0.00479708,-0.0793621)
(0.0324315,-0.0927669)
(-0.0152061,-0.0385816)
(0.0616428,-0.0679437)
(0.0882386,0.0754769)
(0.02593,0.0241861)
(0.0189184,0.0351482)
(0.0568167,0.0741432)
(0.0414379,0.0703242)
(0.274985,-0.0771452)
(-0.00919655,-0.000896529)
(0.05024,0.0635927)
(-0.0035023,0.0658455)
(0.228895,-0.0799042)
(0.0325414,-0.0283607)
(0.00959789,0.0253765)
(0.031984,-0.0193187)
(-0.00890468,0.0910017)
(0.0308468,0.0126033)
(0.0483175,0.0112336)
(-0.0414788,0.0182293)
(0.283887,-0.0711147)
(0.0300306,0.000821025)
(-0.00722973,-0.0777069)
(0.443898,-0.0841568)
(-0.0359193,0.0434962)
(0.0244984,-0.0474682)
(0.119963,0.0932531)
(0.305097,-0.0882402)
(0.0493978,0.104705)
(0.12624,0.0952809)
(0.0742283,0.133704)
(0.00735514,0.0766761)
(0.1125,-0.14896)
(0.0166283,-0.0689564)
(-0.0557633,-0.00596693)
(0.0956338,-0.049107)
(0.131733,-0.0762413)
(0.122722,-0.0953304)
(-0.0467256,-0.0318523)
(0.318196,-0.0730783)
(0.111537,-0.100796)
(-0.000847032,-0.000628425)
(0.0178368,0.000499817)
(-0.0231663,-0.0312524)
(-0.00155626,-0.00974522)
(0.152553,-0.134008)
(-0.050745,-0.00706587)
(-0.0466071,0.0145832)
(0.0133924,-0.0291519)
(0.117965,-0.136705)
(0.142945,-0.139767)
(0.284463,-0.0888976)
(0.0189618,-0.0269507)
(0.0228979,-0.0419027)
(0.172675,-0.127786)
(0.116467,0.0702485)
(0.0982824,-0.0870984)
(0.140245,-0.0100587)
(0.219516,-0.0949425)
(0.203402,-0.0798995)
(0.253664,-0.109589)
(0.0816412,-0.0429194)
(0.0867409,-0.0529535)
(0.37951,-0.0952696)
(0.296276,-0.146387)
(0.069335,-0.0812871)
(0.323433,-0.0670742)
(0.389598,-0.0769282)
(0.0794201,-0.0709391)
(0.136622,-0.122134)
(0.106558,-0.102042)
(0.203932,-0.159344)
(0.213463,-0.140758)
(0.186932,-0.145626)
(0.143776,-0.0940717)
(0.150934,-0.0412564)
(0.139184,-0.113448)
(0.00609203,-0.014275)
(0.0635463,-0.0622354)
(0.0323066,-0.0386945)
(0.477336,-0.110466)
(0.0358165,-0.0330412)
(-0.00230775,-0.0370225)
(0.0240899,-0.0216877)
(0.418027,-0.106131)
(0.0119625,0.0119768)
(0.0365735,-0.054714)
(0.452256,-0.126359)
(0.364573,-0.0953442)
(0.0678685,-0.0618332)
(0.142764,-0.0792128)
(0.0399772,-0.0658877)
(0.0390468,-0.0737741)
(0.120259,-0.0910626)
(0.0727194,-0.0740493)
(0.279722,-0.0752839)
(0.156475,-0.0815377)
(-0.00609626,-0.0152895)
(0.21667,-0.115414)
(0.0285395,-0.0464832)
(-0.0571266,0.137281)
(0.135161,-0.0763298)
(0.163394,-0.12134)
(0.0486029,-0.0456126)
(0.17874,-0.141405)
(-0.0130696,0.100968)
(-0.0357492,0.121815)
(-0.0104362,0.115907)
(0.136487,-0.116395)
(-0.0422272,0.0373218)
(-0.00201393,0.0828227)
(-0.0342567,0.0423418)
(0.0920649,-0.0862084)
(0.0689323,0.0282916)
(0.0482479,-0.0644324)
(0.0427871,-0.11257)
(0.040139,-0.064593)
(0.0573234,0.0176737)
(0.165335,-0.114925)
(0.0647915,0.00691977)
(0.00995244,-0.0307731)
(-0.0169315,-0.0210493)
(-0.0104232,0.060872)
(0.00986784,-0.0268692)
(-0.024918,0.0346787)
(0.0307665,-0.0159552)
(0.0488588,-0.00511372)
(0.184574,-0.149564)
(0.0506095,-0.061067)
(0.134526,-0.0822508)
(0.0601941,-0.084115)
(0.0405598,-0.0631517)
(0.0252324,-0.044602)
(0.100095,-0.0140954)
(-0.00998783,-0.0299695)
(0.0646953,-0.0527295)
(-0.00415735,-0.0267817)
(0.0245469,-0.0217689)
(-0.0303357,-0.015713)
(0.0289739,-0.0510921)
(-0.00249444,-0.0438709)
(0.0200472,-0.0625453)
(0.239753,-0.114481)
(0.218691,-0.116628)
(-0.00479172,-0.0168985)
(0.0565159,-0.0406408)
(0.0868437,-0.0657709)
(0.0967826,-0.061817)
(0.291574,-0.0607584)
(-0.048108,-0.0207848)
(0.0558792,0.0652584)
(0.0279574,0.100438)
(0.0432868,0.0858929)
(0.274688,-0.155982)
(-0.0448505,-0.00529447)
(0.0269661,3.23707e-05)
(0.0173644,0.0348168)
(0.0247037,-0.0078261)
(0.242247,-0.107218)
(-0.0222197,0.0380805)
(0.0566231,-0.0527198)
(0.0629314,-0.0528803)
(0.0695493,-0.0419769)
(0.0898123,-0.0700017)
(0.283038,-0.124977)
(0.190538,-0.115771)
(0.499489,-0.168814)
(0.0725681,-0.0691574)
(-0.0197337,-0.00184337)
(0.176959,-0.100515)
(0.124452,-0.06501)
(0.198238,-0.0896599)
(0.315007,-0.125237)
(-0.0629158,-0.00224036)
(0.107466,-0.0892911)
(0.0910116,-0.0698473)
(-0.075486,0.0473805)
(0.0786064,-0.0671158)
(0.0934737,-0.0679261)
(0.145783,-0.0997754)
(0.120312,-0.0701687)
(0.0774696,-0.051419)
(0.494732,-0.0946702)
(-0.107289,-0.0804346)
(0.0388563,0.0314536)
(-0.100522,-0.0952736)
(0.384942,-0.125502)
(0.258331,-0.104404)
(0.279535,-0.11284)
(0.0565446,-0.0512971)
(0.050852,-0.0273489)
(0.078355,-0.0683737)
(0.468771,-0.0965428)
(0.123357,-0.0922339)
(0.0222025,-0.0568095)
(0.0455152,-0.0243963)
(0.623191,-0.0608429)
(0.0262266,-0.0500986)
(0.0780207,-0.0636755)
(0.492581,-0.0856343)
(0.402753,-0.0582699)
(0.0729694,-0.0146134)
(0.0768931,-0.0719502)
(0.0208657,0.00719754)
(0.0194935,-0.0771098)
(-0.0254338,0.0333334)
(0.00393148,-0.0457926)
(-0.0507985,0.0364899)
(0.231869,-0.0963269)
(0.205894,-0.131877)
(0.311696,-0.129951)
(0.256687,-0.132006)
(0.309744,-0.0843138)
(0.0767177,-0.0543678)
(0.0999291,-0.0934401)
(0.0703483,-0.0512688)
(0.138234,-0.115527)
(6.70132e-05,-0.0835764)
(-0.00863331,-0.0856468)
(0.0715811,-0.0510045)
(0.382444,-0.0937232)
(0.414323,-0.0989804)
(0.339214,-0.0747453)
(0.387365,-0.0756552)
(0.00239839,-0.0658356)
(0.185881,-0.117132)
(0.0396602,-0.0616624)
(0.012862,-0.0456092)
(-0.0311722,0.0121768)
(0.0365262,-0.0570662)
(0.0763594,-0.0860376)
(-0.0147433,-0.0171321)
(0.0219375,-0.0337949)
(-0.00865436,-0.00431338)
(0.15059,-0.13336)
(0.271061,-0.0762544)
(-0.00381277,0.0127491)
(0.264154,-0.10069)
(0.113416,-0.0951862)
(0.247655,-0.108099)
(0.0336901,-0.00495896)
(0.0860564,-0.0720484)
(0.0925282,-0.0342331)
(0.389048,-0.105396)
(0.15024,-0.0109394)
(0.0812737,-0.0396008)
(0.222623,-0.124067)
(0.132467,-0.0840323)
(0.210797,-0.0932825)
(0.448816,-0.078034)
(0.540452,-0.120933)
(0.287526,-0.124363)
(0.0509927,-0.00896271)
(0.0418399,0.00437975)
(0.0292421,0.068223)
(0.00228334,-0.0758462)
(-0.00881812,-0.0359378)
(0.0287129,0.0457144)
(0.041213,-0.00576197)
(0.240648,-0.130426)
(0.272213,-0.161606)
(0.00529925,-0.0369623)
(0.253216,-0.166498)
(-0.0140348,0.0116063)
(0.275311,-0.118337)
(0.408923,-0.15718)
(0.018996,0.00767808)
(0.136573,-0.0788861)
(0.131448,-0.0823309)
(-0.0961042,0.130295)
(0.422392,-0.104882)
(-0.0756166,0.127074)
(0.303063,-0.0958652)
(-0.0809326,0.0784543)
(0.309095,-0.154378)
(-0.0818717,0.0874998)
(0.33335,-0.146084)
(-0.0639628,0.0658082)
(-0.0194349,-0.0419057)
(-0.00715405,-0.0302964)
(0.0240656,0.0615252)
(0.373887,-0.115616)
(0.03047,0.0277787)
(0.310063,-0.105202)
(0.334881,-0.0867121)
(-0.0443617,-0.0429922)
(0.387197,-0.107137)
(0.279411,-0.105258)
(0.308483,-0.101246)
(0.01621,0.048403)
(0.214156,-0.103724)
(-0.0368318,0.0198729)
(-0.0588542,0.08563)
(-0.0344611,0.0824756)
(-0.0471466,0.118099)
(0.00713564,-0.0305576)
(-0.0660417,0.0870485)
(0.0256096,-0.00676352)
(0.349969,-0.125275)
(-0.00174569,0.014994)
(0.307903,-0.0990082)
(0.197303,-0.0984306)
(0.20364,-0.11569)
(0.0437814,0.00364506)
(0.0115943,-0.0540532)
(0.0709861,0.0205141)
(0.355866,-0.0664715)
(-0.0376509,0.033039)
(0.372477,-0.0707186)
(0.104939,-0.0620044)
(-0.0353092,0.0210018)
(-0.00504382,-0.0379906)
(0.239468,-0.0881514)
(-0.0396191,0.0103685)
(0.0925468,0.0607077)
(0.0606426,-0.0490803)
(0.230187,-0.0972515)
(0.345122,-0.0484271)
(0.2443,-0.149584)
(0.340421,-0.0599059)
(0.439472,-0.0556809)
(-0.0262373,0.0332587)
(0.238001,-0.125566)
(0.17558,-0.127183)
(-0.00676375,-0.0105115)
(0.223254,-0.0917084)
(0.164989,-0.114511)
(0.227106,-0.0907595)
(0.189518,-0.1249)
(0.0441186,-0.0607465)
(0.0382715,-0.0436531)
(-0.0236574,-0.0381334)
(0.0695389,-0.075388)
(0.0650338,-0.0747438)
(-0.0196301,0.0265247)
(0.00105306,-0.0396724)
(0.186276,-0.103771)
(-0.0167253,-0.0316495)
(-0.00670895,-0.0931884)
(0.0215445,-0.0484546)
(0.0608846,0.0549677)
(0.0485124,0.0399418)
(0.0560459,0.0829348)
(0.0189911,-0.0319356)
(0.301588,-0.1279)
(0.0428311,-0.0665807)
(0.0453755,-0.059623)
(0.577089,-0.102776)
(0.498082,-0.10005)
(-0.00515745,-0.0338929)
(0.0358279,-0.0574468)
(0.0275189,-0.0385613)
(0.0332914,-0.0504638)
(0.00874951,0.00147668)
(0.23784,-0.111713)
(0.318162,-0.114585)
(0.251934,-0.13489)
(0.419658,-0.0674679)
(-0.0220251,0.0703531)
(0.208243,-0.0966511)
(0.389283,-0.0710938)
(0.0216857,-0.045784)
(-0.00740139,-0.0164536)
(-0.0508244,0.00872969)
(0.49935,-0.113057)
(0.175783,-0.0774926)
(0.171565,-0.0754765)
(0.152924,-0.0747273)
(0.198819,-0.0814474)
(0.272228,-0.112875)
(0.313257,-0.0831555)
(0.374668,-0.0909085)
(0.253992,-0.114267)
(0.194342,-0.102551)
(0.419065,-0.120332)
(0.218725,-0.114801)
(0.0622728,-0.068727)
(0.0283844,-0.0659947)
(0.349522,-0.114561)
(0.071498,-0.0827799)
(0.336337,-0.126413)
(0.048852,0.072436)
(-0.0312341,-0.00745247)
(0.0718061,-0.0607016)
(0.0999305,-0.069961)
(0.110083,-0.0944823)
(0.0290751,-0.103218)
(-0.00657486,-0.0670036)
(0.0401867,-0.0862637)
(0.0131943,-0.106199)
(0.417412,-0.0774214)
(0.0403425,-0.0324253)
(-0.00913289,-0.0673311)
(0.392081,-0.0848894)
(-0.00533735,-0.0663629)
(0.124627,-0.0659985)
(0.109129,-0.0625369)
(0.122901,-0.0678218)
(-0.00549236,-0.0844533)
(0.136431,-0.0700766)
(0.0676928,-0.0710831)
(0.0147036,-0.000311883)
(-0.00528353,-0.0301799)
(-0.023155,0.0218664)
(0.0130333,-0.0213069)
(0.353234,-0.0871434)
(0.186422,-0.0796471)
(0.456828,-0.0972002)
(0.482555,-0.0913845)
(0.390453,-0.0945401)
(0.157596,-0.121045)
(0.239955,-0.0888096)
(0.37556,-0.103692)
(0.327599,-0.104993)
(0.199715,-0.109414)
(0.0574793,0.0969906)
(0.214106,-0.130832)
(0.059959,0.156069)
(0.40615,-0.1024)
(0.424743,-0.107288)
(-0.0358315,-0.0578316)
(-0.0093319,-0.0115961)
(0.0196484,0.0816028)
(0.167814,-0.0820328)
(0.118173,-0.11362)
(0.152565,-0.0736746)
(0.116329,-0.0703268)
(0.140828,-0.0781503)
(0.130418,-0.065715)
(0.0878951,-0.0755524)
(0.0807877,-0.0472679)
(0.110891,-0.0978894)
(-0.0183946,0.0325545)
(0.000948683,0.139324)
(0.00835723,0.149117)
(0.34926,-0.0944675)
(-0.0210211,0.0398188)
(0.307974,-0.105728)
(0.337434,-0.0879991)
(-0.110804,-0.00555992)
(0.0333803,0.104915)
(-0.0272909,-0.0669256)
(0.123126,-0.0868602)
(0.000878007,0.0714339)
(-0.0295871,-0.0567954)
(0.217742,-0.081426)
(0.199633,-0.079221)
(0.136243,-0.0748502)
(0.0572201,-0.0337278)
(-0.0107774,-0.0209263)
(0.0640208,-0.0623326)
(0.0661466,-0.0501213)
(0.0729444,-0.0333707)
(0.241461,-0.078766)
(0.413696,-0.110108)
(0.385791,-0.102764)
(-0.055038,0.142752)
(0.327975,-0.048525)
(-0.118839,-0.00934185)
(-0.050468,0.0548019)
(-0.0393354,0.031075)
(0.00469119,-0.067443)
(-0.0883175,0.0331001)
(0.126107,-0.0989477)
(0.151961,-0.0981084)
(0.238907,-0.132297)
(0.382245,-0.0853606)
(-0.0346988,-0.0433469)
(0.389528,-0.0764602)
(-0.0686183,-0.0402227)
(0.212733,-0.0786629)
(0.264669,-0.0840146)
(0.00315567,-0.055837)
(0.401975,-0.0448629)
(0.252854,-0.0749978)
(0.403951,-0.0502423)
(0.300519,-0.047303)
(0.321444,-0.0655325)
(0.198904,-0.102502)
(0.261065,-0.121569)
(0.183464,-0.0998283)
(0.26804,-0.0565152)
(0.0231986,-0.114395)
(0.338666,-0.0713943)
(0.341269,-0.107649)
(0.0529869,-0.109476)
(0.055554,-0.0493489)
(0.0387739,-0.0604773)
(-0.0609704,-0.0247294)
(0.242633,-0.0760286)
(0.165719,-0.0958303)
(0.316611,-0.0789408)
(0.10568,-0.0800866)
(0.156938,-0.083302)
(-0.000983651,-0.00820637)
(0.00697478,0.00150982)
(0.247532,-0.113607)
(0.0733673,-0.0772875)
(0.164312,-0.0874772)
(0.396384,-0.0576876)
(0.00818786,-0.0114206)
(-0.0213311,-0.010616)
(0.0783389,-0.0675683)
(0.0401671,-0.0501631)
(0.0723724,-0.0639087)
(0.084053,-0.0391778)
(0.4366,-0.0569326)
(0.479038,-0.0743244)
(0.404984,-0.054221)
(0.0154292,0.0149204)
(0.202513,-0.110278)
(0.331217,-0.114222)
(0.201405,-0.102621)
(-0.0464543,-0.0244778)
(-0.0449603,0.0316213)
(-0.0359331,0.00631548)
(0.516125,-0.0810771)
(0.334366,-0.11313)
(0.335061,-0.0857702)
(0.297002,-0.0887276)
(0.507531,-0.0783966)
(-0.0637944,-0.0416269)
(0.327695,-0.0902232)
(0.248618,-0.0805029)
(-0.0443363,-0.0526262)
(0.366906,-0.0596147)
(0.493031,-0.0799616)
(0.0224743,-0.000999438)
(0.0628217,-0.0619025)
(0.346099,-0.0615487)
(0.0130546,-0.0682446)
(0.0516085,-0.0512416)
(0.297266,-0.0466877)
(-0.0100976,0.00632698)
(-0.0455787,-0.00250029)
(-0.00517043,0.0218632)
(0.011233,-0.0828583)
(0.430594,-0.10172)
(0.106923,-0.0694581)
(0.0741328,-0.0569511)
(0.0957622,-0.0576468)
(0.196957,-0.0613153)
(-0.0118887,-0.0221764)
(0.0212685,-0.0558596)
(0.0203179,-0.046979)
(0.0918104,-0.0548603)
(0.046793,-0.0562323)
(0.0676181,-0.0543113)
(0.0628685,-0.0617274)
(0.0839554,-0.0961805)
(0.0428988,-0.0960542)
(0.0290285,-0.0681531)
(0.066327,-0.0756046)
(0.227351,-0.0960252)
(-0.0608842,0.0344288)
(0.252502,-0.100616)
(0.00420638,-0.0160221)
(0.0381358,-0.085624)
(0.131258,-0.100001)
(0.333233,-0.0654733)
(0.158778,-0.106831)
(0.0454119,-0.11514)
(-0.054656,0.0804273)
(-0.033246,0.0414774)
(-0.0558719,0.0628271)
(0.0396292,-0.0269153)
(-0.0126113,-0.0115062)
(0.199119,-0.0988595)
(0.0263494,-0.0409009)
(0.229489,-0.0977825)
(0.00424977,0.0700692)
(0.0064681,-0.0129346)
(0.448356,-0.113736)
(0.0751982,-0.076097)
(0.075154,-0.0772084)
(0.117474,-0.0547899)
(0.0277564,-0.0334073)
(0.144981,-0.0853855)
(0.119039,-0.0765163)
(0.0589515,-0.0735877)
(0.103439,-0.0959948)
(0.382103,-0.133471)
(0.0882003,-0.123136)
(0.292219,-0.112356)
(0.0688739,-0.129993)
(0.0428009,-0.0106262)
(-0.00371457,-0.0157487)
(-0.034774,-0.00863562)
(0.00467533,-0.0227464)
(-0.113109,0.0169791)
(0.0661495,-0.0365773)
(-0.120275,-0.0263669)
(-0.116042,0.0670172)
(0.0639537,-0.0616328)
(0.288644,-0.126595)
(0.327369,-0.14851)
(0.0430592,-0.0464128)
(0.293511,-0.202311)
(0.218886,-0.147469)
(0.23137,-0.0961254)
(-0.00240003,-0.0370142)
(0.0795365,-0.0756304)
(0.222268,-0.0844026)
(0.0555169,-0.0633419)
(0.0776161,-0.0775811)
(-0.0113414,-0.0170687)
(-0.0298933,0.0152944)
(0.0657464,-0.0711995)
(0.0711606,-0.0587509)
(0.145229,-0.0847336)
(0.16644,-0.0969624)
(0.0764464,-0.0603013)
(0.132621,-0.113635)
(0.0878341,-0.0882522)
(0.050831,-0.0482195)
(0.136674,-0.111389)
(0.083836,-0.0517878)
