1620
(0.117311,-0.0838559)
(0.123365,-0.056741)
(0.0243536,-0.0522913)
(0.12793,-0.0738542)
(-0.0197847,0.0698818)
(0.0393476,-0.0328227)
(0.199782,-0.074031)
(0.0145284,-0.0264861)
(0.0892427,-0.0593408)
(0.0367625,-0.0777278)
(0.109208,-0.0578982)
(0.124636,-0.0609151)
(-0.0345269,0.0531101)
(0.054283,0.00789062)
(0.0150832,-0.0178485)
(0.0510511,-0.0792346)
(0.0297431,-0.0381066)
(0.0404149,0.0612404)
(0.0432644,0.0446533)
(0.0601778,0.0583372)
(0.0362299,0.0269385)
(0.0261091,0.0311405)
(-0.00694382,0.00485895)
(0.116807,-0.0150301)
(0.0306706,-0.0195951)
(-0.00445154,0.0183151)
(-0.0218655,-0.0136214)
(0.00285964,-0.0399388)
(0.0973237,-0.00665382)
(0.0190774,-0.0597981)
(-0.0507809,0.0198156)
(-0.0445098,-0.0736062)
(0.122707,-0.0716)
(0.0163531,0.0346546)
(0.086292,-0.0675651)
(0.0639674,-0.01647)
(0.142139,-0.11799)
(0.0567214,0.0740406)
(0.0535894,0.0513213)
(-0.0575358,-0.00512544)
(0.161994,0.0942164)
(-0.0485935,0.0051612)
(-0.0304832,0.0493792)
(-0.0411768,0.0365323)
(0.0864524,-0.0633145)
(0.0709262,-0.0636749)
(0.077669,-0.067473)
(0.000899965,0.00785127)
(0.000706151,-0.00456076)
(-0.0122513,0.00676421)
(0.0417909,-0.0447964)
(-0.0302634,0.0399638)
(0.047856,0.000314109)
(0.0394891,0.0149196)
(0.0413206,-0.0368267)
(0.0138313,-0.0245484)
(0.119746,-0.0436501)
(-0.0294272,0.0415251)
(0.0179567,-0.0161396)
(0.0841833,0.153762)
(0.00238141,-0.0292083)
(0.234517,-0.149351)
(0.0685765,-0.0353666)
(0.209945,-0.137149)
(0.0549123,-0.0437458)
(0.0153599,-0.0327294)
(-0.0187011,-0.0682392)
(-0.0574749,-0.0757843)
(-0.00488928,-0.0380568)
(0.0515506,-0.0192552)
(0.010368,-0.0763271)
(-0.0105599,-0.0441631)
(0.0327907,0.113683)
(-0.05649,-0.00213157)
(0.255705,-0.0927909)
(0.0244096,-0.0555043)
(0.104517,0.103464)
(0.000344991,-0.0453529)
(0.0480754,-0.0285537)
(0.038923,-0.0821286)
(0.0296006,-0.0148529)
(-0.0259165,-0.00322417)
(0.00689972,0.00866929)
(0.0447511,-0.045351)
(0.0178824,-0.0468852)
(-0.0363316,-0.0170877)
(-0.0533611,0.00423803)
(-0.0201452,0.104593)
(0.068431,0.0242205)
(0.0940137,0.108977)
(0.00343734,-0.0176661)
(-0.00232579,0.0785173)
(0.103072,-0.0683819)
(0.135955,-0.132676)
(0.144456,-0.119122)
(0.126576,-0.0989962)
(0.050487,-0.0428068)
(0.297834,-0.109612)
(0.0316385,-0.030276)
(0.0261928,-0.0166169)
(0.0237597,0.112267)
(0.0649014,-0.0573137)
(0.0247999,-0.0490653)
(0.0358669,-0.0347645)
(0.0480509,-0.00458416)
(0.322758,-0.136489)
(0.0966854,-0.0727222)
(0.0653166,-0.0661999)
(0.0165519,0.00304258)
(0.0655361,-0.0611354)
(0.00722558,0.0335195)
(0.277576,-0.141388)
(0.217961,-0.112559)
(-0.0345328,0.00855671)
(0.174529,-0.128591)
(0.142447,-0.128406)
(0.135505,-0.119577)
(0.199998,-0.114828)
(-0.0206213,-0.0307078)
(0.470718,-0.0858475)
(0.184636,-0.119483)
(-0.00923089,0.00184918)
(0.277039,-0.0926817)
(0.141469,-0.0718214)
(0.253412,-0.0973048)
(0.0325583,-0.13469)
(0.0989042,-0.0537372)
(0.0786058,-0.029576)
(0.223783,-0.083666)
(-0.00100843,-0.0377429)
(0.00256408,-0.0525766)
(-0.0191242,0.0107078)
(-0.0226226,-0.026878)
(-0.0484271,0.108436)
(-0.0236002,0.107922)
(-0.0237151,-0.00823151)
(-0.000778218,0.00010162)
(-0.0698933,-0.0451155)
(0.298068,-0.0627697)
(0.0837117,-0.0618716)
(0.109558,-0.0667442)
(-0.0295673,-0.0356642)
(-0.0667353,-0.0743504)
(-0.0577465,-0.00885751)
(-0.0154015,-0.0329604)
(-0.0394333,-0.0133467)
(0.0357862,-0.0387873)
(0.159569,-0.0724789)
(0.142261,-0.0748785)
(-0.00362562,-0.0197313)
(0.402044,-0.0746541)
(0.0897106,-0.102599)
(0.548048,-0.0964851)
(0.294013,-0.0677765)
(0.382636,-0.108688)
(0.139818,-0.0707766)
(0.225499,-0.100573)
(0.270513,-0.075662)
(0.197909,-0.054079)
(0.109767,-0.0675442)
(0.126801,-0.0699942)
(0.100052,-0.0609807)
(0.124919,-0.0666397)
(-0.0124429,0.00860524)
(0.0210401,-0.0528016)
(0.0642535,-0.0560174)
(-0.0552698,0.0610798)
(-0.069877,0.100058)
(-0.0536576,0.0561383)
(-0.0582763,0.0541255)
(-0.0609741,0.0692014)
(-0.0811703,0.0993186)
(0.309336,-0.0726139)
(0.345258,-0.0783115)
(0.351911,-0.0862053)
(0.371283,-0.106382)
(-0.000293094,-0.047612)
(0.0126753,-0.0575591)
(-0.0139929,-0.0662752)
(-0.0151227,-0.0944567)
(0.0144532,0.003015)
(0.178917,-0.104583)
(0.169393,-0.089484)
(0.107601,-0.0625691)
(0.114114,-0.062999)
(0.00490536,-0.0533678)
(-0.011266,-0.0195793)
(0.217204,-0.0931198)
(0.190032,-0.0901277)
(0.337864,-0.0998049)
(0.324928,-0.083574)
(0.302403,-0.0401188)
(0.436446,-0.0591834)
(-0.0167429,-0.00303508)
(0.0186497,0.0182529)
(-0.0787068,0.10113)
(-0.0592932,0.150023)
(0.109735,-0.0846133)
(-0.0154315,0.0142965)
(0.0708893,-0.0878247)
(0.0147144,-0.0222578)
(0.0131459,-0.0161411)
(-0.00325355,0.000197701)
(0.0168678,-0.0359554)
(-0.00090953,-0.0473755)
(0.0240512,-0.0368773)
(0.473025,-0.107942)
(0.46847,-0.100902)
(-0.0640411,0.0243491)
(0.1846,-0.110661)
(0.00814088,0.00565325)
(0.269902,-0.0612067)
(0.268877,-0.0646359)
(0.0789757,-0.0422881)
(0.115669,-0.0230604)
(-0.0599612,-0.0222564)
(-0.0706825,-0.0725083)
(0.299412,-0.0504555)
(0.391194,-0.0562897)
(-0.0162645,0.0248648)
(-0.0237393,-0.0726589)
(0.0276314,-0.0101238)
(0.0299947,-0.0356238)
(0.648251,-0.101493)
(-0.061883,-0.0481329)
(-0.0330238,-0.0364378)
(0.481732,-0.0792162)
(-0.00372979,-0.0372254)
(0.00891048,-0.0707428)
(-0.0380901,-0.0199255)
(-0.0374354,-0.044962)
(0.281266,-0.0715591)
(0.271187,-0.0800081)
(0.394052,-0.0968666)
(0.434841,-0.103162)
(0.0557836,-0.0267879)
(-0.119813,-0.0389122)
(-0.0789725,-0.0369892)
(0.271073,-0.0951102)
(0.0223351,0.025153)
(-0.03556,0.0787762)
(-0.028226,-0.0902191)
(0.0987293,-0.0993615)
(0.126666,-0.113355)
(0.0408872,-0.143719)
(-0.0375939,0.0364912)
(0.0348018,0.0822517)
(0.0873233,-0.133276)
(0.0550692,-0.0201898)
(0.0737935,0.00609717)
(0.0358182,0.0208205)
(-0.0588089,0.0891237)
(0.01624,0.00869356)
(0.00798045,0.0196904)
(-0.0579809,0.0595457)
(0.134606,-0.06366)
(0.193846,-0.0809835)
(-0.0270675,0.00859787)
(0.0645823,0.0445905)
(0.0522847,0.100456)
(0.0435052,0.0254214)
(0.06779,0.0786431)
(0.00986874,-0.00474455)
(0.0152338,0.0264197)
(0.470393,-0.11564)
(0.0164662,0.0307672)
(0.106488,0.00576402)
(0.0225252,-0.0294516)
(0.0178039,-0.00254785)
(-0.00235944,-0.0427614)
(0.00581808,0.00982502)
(0.0126156,0.0128758)
(-0.029172,-0.018266)
(-0.100382,-0.0786761)
(-0.062029,-0.0496782)
(0.214138,-0.0708545)
(-0.0954808,-0.0391264)
(-0.0301279,-0.00602919)
(-0.122669,0.0195007)
(0.0199263,0.00262238)
(0.0163137,-0.00776331)
(0.0168146,-0.0225491)
(0.0146426,-0.0172778)
(0.0303322,-0.0365142)
(0.053444,0.0431346)
(0.0868568,-0.107689)
(0.068223,-0.133412)
(0.013692,0.0888906)
(0.0134381,0.00194831)
(0.039881,0.0498109)
(-0.015733,-0.0417285)
(0.0153639,-0.00201407)
(-0.0159732,-0.0255661)
(-0.129812,0.0354343)
(0.0872209,0.0543279)
(0.0380738,-0.0544814)
(0.0907034,0.0594528)
(0.0252909,-0.0628181)
(0.00663921,0.0611208)
(-0.0792249,-0.0173468)
(-0.11676,0.0100422)
(0.0144511,-0.0449924)
(-0.00888772,0.0371193)
(-0.00164084,0.0195856)
(0.00947497,0.0059643)
(0.00753904,0.0713172)
(-0.0355792,0.0235397)
(0.253117,-0.0991079)
(-0.0260403,-0.0280959)
(-0.0175146,-0.038206)
(0.0492778,-0.0226553)
(0.00503855,0.031158)
(-0.0151721,-0.0425442)
(0.079917,0.00341755)
(0.010385,0.0478292)
(0.000972152,0.0588254)
(0.0155731,-0.0368231)
(0.000675993,-0.0715421)
(0.00682928,0.0353343)
(0.258649,-0.0894501)
(-0.0253086,0.00545803)
(0.0570246,0.0707995)
(-0.0482457,-0.0636972)
(-0.00412209,0.0353677)
(0.031448,0.0720298)
(0.0639327,0.0939006)
(0.0140084,-0.00580423)
(0.0420609,-0.0423755)
(0.080658,-0.0199003)
(0.0407539,0.000173879)
(0.0316427,-0.0779331)
(-0.114205,0.108387)
(-0.114928,0.167166)
(0.0144666,-0.00105865)
(0.0993808,0.0438552)
(0.219565,-0.0879783)
(0.145289,0.00954106)
(0.05214,0.0251851)
(0.0990298,0.0456593)
(0.125695,0.0681822)
(0.0780512,-0.0506493)
(0.123592,-0.0120231)
(0.031973,0.0234498)
(0.100806,0.0586014)
(0.0571197,0.038016)
(0.0473374,-0.0576559)
(0.023321,-0.0227902)
(0.0779523,-0.0198249)
(0.0450306,-0.0190517)
(0.26535,-0.0792732)
(0.262823,-0.145235)
(0.242831,-0.126969)
(-0.017364,0.0923578)
(0.0307336,-0.115638)
(0.347269,-0.118229)
(0.10059,0.00403305)
(0.0989725,0.0422408)
(0.0279329,-0.0290208)
(0.0439062,-0.0144437)
(-0.0153803,-0.0673232)
(0.233393,-0.0814316)
(0.125811,-0.102091)
(0.0344249,0.0812836)
(0.0664607,-0.0747995)
(0.0128402,-0.00407977)
(0.18239,-0.0688285)
(0.248192,-0.105189)
(-0.0456759,-0.0674493)
(0.0516449,-0.0400635)
(0.0318825,-0.0319167)
(0.108288,-0.0384678)
(0.00928219,-0.00188293)
(0.00429016,0.0277788)
(-0.078718,0.185107)
(0.260292,-0.100137)
(0.254879,-0.113176)
(0.00282543,0.0384098)
(-0.012026,0.0598768)
(0.00539759,-0.0400354)
(0.031328,-0.0550151)
(-0.00198162,-0.0400508)
(0.251497,-0.110094)
(0.368704,-0.144494)
(-0.0382296,0.0218794)
(-0.010794,-0.066968)
(0.0245981,-0.0422459)
(0.0103041,-0.0557203)
(0.0399362,-0.0773039)
(-0.0378174,0.0347264)
(0.00869072,0.0110578)
(0.00462891,-0.0015892)
(-0.0293007,0.0825121)
(0.057197,-0.0583498)
(0.0586646,-0.0507507)
(0.0388032,-0.061957)
(0.0401648,-0.0606307)
(0.0453653,-0.0519892)
(-0.0112358,-0.0718224)
(0.0399538,-0.0778654)
(0.0210627,0.140644)
(0.0223379,0.146537)
(-0.135579,-0.0665167)
(0.0823126,-0.0897868)
(0.503588,-0.0881699)
(0.0170715,0.0921275)
(0.0314073,0.0418309)
(0.0484025,-0.0158406)
(0.0333543,-0.0266468)
(0.0241177,-0.0744886)
(0.0010064,0.125421)
(0.0599557,-0.0903237)
(-0.00482481,-0.0177745)
(0.110797,-0.10549)
(-0.0346788,-0.0344799)
(0.33651,-0.0859034)
(0.0467495,-0.0228058)
(0.0395623,-0.0481796)
(0.134515,-0.111864)
(-0.0623548,-0.0615619)
(-0.0801502,-0.0361819)
(0.00349829,0.000291418)
(0.0110297,0.000854388)
(0.153768,0.0963334)
(0.0351598,0.0588478)
(0.144717,-0.126592)
(0.0408238,-0.0480096)
(0.498128,-0.0833954)
(0.0295205,0.0226779)
(-0.0508861,0.194254)
(-0.0322077,0.173926)
(0.0156826,0.00455199)
(0.125975,-0.109794)
(0.0354853,-0.056822)
(0.105343,-0.125927)
(0.0731922,-0.0830017)
(0.0340868,0.0424508)
(0.003292,-0.0223545)
(0.0428496,-0.0430018)
(0.022862,-0.0368583)
(-0.121016,-0.0595179)
(0.101267,0.0793739)
(-0.0113888,-0.00456328)
(0.0304043,0.0657048)
(0.0345568,-0.0450229)
(-0.0858816,0.0138925)
(-0.0896261,-0.0745356)
(-0.0251035,0.0517816)
(0.103565,0.129877)
(0.0364766,-0.0294781)
(0.141874,-0.100443)
(0.0764921,-0.0193885)
(0.0581074,0.0228904)
(0.0355171,-0.0351033)
(0.0647575,-0.0391316)
(-0.00492562,0.0580289)
(0.00123029,0.0063699)
(0.0961355,0.0724682)
(-0.0176725,-0.00538044)
(0.0615403,-0.0424362)
(0.0474493,0.070063)
(0.0495731,0.0257693)
(-0.126358,0.106376)
(0.00643912,-0.00127609)
(0.0349681,-0.00992057)
(-0.117954,0.119384)
(0.0544017,-0.057225)
(0.0283477,-0.0296592)
(0.0475552,-0.0269691)
(0.187491,-0.0890694)
(-0.0256415,0.00512731)
(0.426234,-0.113172)
(0.0126461,0.0644345)
(-0.0278951,0.0306869)
(-0.0458226,-0.00936088)
(0.0141653,-0.0362915)
(0.136481,0.104324)
(0.00867819,-0.00218531)
(0.018779,-0.0399049)
(0.0652921,-0.0608806)
(0.0117848,-0.0210566)
(0.028158,0.057392)
(0.210214,-0.089756)
(0.0567116,0.0433543)
(-0.0359474,-0.0377507)
(0.106532,0.00708431)
(0.124989,-0.0106336)
(-0.0368434,-0.0486337)
(0.174025,-0.0819279)
(-0.035186,0.0251374)
(-0.0689158,0.0550383)
(0.396014,-0.123538)
(0.0797929,-0.0598299)
(0.0118577,-0.025203)
(0.000579143,-0.0137829)
(0.108156,0.108804)
(0.37181,-0.0666731)
(0.434592,-0.09113)
(0.630251,-0.0778567)
(0.477348,-0.0645535)
(0.0072658,0.070659)
(0.0148634,0.0606918)
(-0.00402414,0.100257)
(0.0817132,0.0354786)
(0.0413222,-0.0706343)
(-0.0395647,-0.0142358)
(-0.0323389,-0.0142852)
(-0.0477529,0.0384095)
(0.0308204,0.0712181)
(-0.0333417,-0.0422702)
(0.0402967,-0.056189)
(0.00871983,0.0258703)
(0.00381921,-0.00184953)
(-0.00671425,0.0140858)
(0.0148112,-0.0357362)
(0.0474102,0.00554387)
(0.103754,-0.014743)
(0.0463582,0.0472873)
(-0.018162,-0.0689607)
(0.0562155,0.0630375)
(0.00820664,0.013474)
(0.0726597,0.0207937)
(-0.0072857,0.0642129)
(0.0493377,0.0113624)
(-0.00243909,0.0646613)
(-0.0201087,0.0161981)
(0.0101671,0.063685)
(-0.0214748,0.0140217)
(0.0404518,-0.0158585)
(0.0307564,0.0280203)
(0.0442111,0.00617504)
(0.0472907,0.0341019)
(0.084444,0.0125487)
(0.238835,-0.109275)
(0.0542457,0.00620002)
(0.335746,-0.0988866)
(0.150523,-0.087833)
(0.034689,-0.0626656)
(0.0612177,-0.0901548)
(0.0280932,-0.0375302)
(9.43075e-05,-0.0203019)
(-0.00202872,-0.00990815)
(0.0143222,-0.0197291)
(0.00110443,-0.0146864)
(0.0169182,0.0562671)
(0.00594511,0.0355842)
(-0.0183833,-0.0172086)
(0.0618286,-0.0463189)
(-0.0269268,-0.0302994)
(0.0436079,-0.0771727)
(0.0306278,-0.0379358)
(0.0386171,-0.0806969)
(0.0697911,0.0879465)
(0.0914022,0.0436933)
(0.0858755,-0.0532309)
(0.188707,-0.0997136)
(0.0170439,0.063428)
(0.0740055,-0.0864832)
(0.0162995,0.0767672)
(0.0423928,-0.0792339)
(0.0111927,-0.057583)
(0.028835,0.0862473)
(0.227579,-0.106484)
(0.160782,-0.081206)
(-0.0406302,0.031373)
(0.112794,0.0162865)
(-0.0463785,0.0213749)
(-0.0446847,0.0534889)
(0.0618222,-0.0691333)
(0.0755903,-0.0751603)
(0.241414,-0.10625)
(0.0842153,-0.0398137)
(0.0643879,-0.0717195)
(0.0918743,-0.068499)
(0.0796082,-0.0678761)
(0.25541,-0.0972651)
(-0.024266,0.01249)
(-0.0441767,-0.0710285)
(-0.0164684,-0.0477752)
(-0.0378627,-0.0724624)
(-0.0378497,0.0208182)
(-0.0223014,0.0121649)
(-0.0386681,0.0253423)
(-0.012806,-0.0850558)
(0.0342267,-0.0488118)
(0.0372842,-0.0213018)
(0.288657,-0.0873181)
(0.0303125,0.0105596)
(-0.0135118,-0.0948731)
(0.0192109,-0.0038759)
(0.0174154,-0.0638903)
(0.0642747,-0.0796301)
(0.030239,-0.0090832)
(0.00827023,-0.00447757)
(0.302203,-0.208406)
(-0.0592422,0.107286)
(0.119909,0.0578845)
(-0.0358777,0.14682)
(0.106238,0.0570146)
(0.0849884,0.0476903)
(-0.000169121,-0.0261953)
(0.038502,0.0382597)
(0.0779949,-0.0869307)
(0.353825,-0.154227)
(0.015947,-0.0534501)
(-0.0113324,-0.0244726)
(0.0559612,-0.00362046)
(0.0514,-0.0830633)
(0.0792858,-0.0511133)
(0.0656142,-0.0370923)
(0.0784581,-0.0725568)
(0.0820388,0.0510464)
(-0.00972879,-0.0171292)
(0.113522,-0.072822)
(0.114018,-0.0829855)
(0.0288311,0.08157)
(-0.0358988,-0.0446621)
(-0.00766993,-0.0365358)
(-0.017911,0.0371356)
(-0.00065583,0.0137523)
(0.0109513,0.0304801)
(0.0369858,0.0395467)
(0.00489573,-0.059239)
(0.0581328,0.0228074)
(0.0344854,0.0356406)
(-0.0753478,0.0482892)
(-0.0973008,0.0821416)
(-0.0856661,0.115482)
(0.043592,-0.0491963)
(0.0513366,-0.0493823)
(0.117153,-0.0670367)
(0.19468,-0.106819)
(-0.0713921,0.094362)
(-0.00249849,-0.00524975)
(-0.0067407,0.00510487)
(-0.00590012,-0.0240294)
(0.0103005,-0.00992254)
(0.0114001,-0.0315384)
(0.0115739,-0.00726987)
(0.00679546,-0.0145592)
(0.314653,-0.104495)
(0.0588406,0.00796946)
(0.0607493,-0.0991346)
(0.0592598,-0.0875617)
(-0.00530504,0.0125507)
(-0.0243375,0.0397214)
(-0.0551359,0.0798892)
(0.0234987,0.0218116)
(0.0559001,0.0799347)
(0.049369,0.0742471)
(-0.0547293,0.0507439)
(-0.054661,0.117926)
(0.0206839,-0.0164676)
(0.0217419,-0.0295115)
(0.0131433,0.064548)
(0.212024,-0.163029)
(0.225623,-0.183479)
(-0.0168157,0.0534766)
(-0.0937881,-0.024763)
(-0.060839,-0.0358955)
(-0.0160914,0.0567926)
(0.072484,-0.0732391)
(-0.016732,-0.0256277)
(-0.000121036,-0.0259629)
(0.108703,-0.0932674)
(0.0218967,0.0113437)
(0.086405,-0.0489415)
(-0.0172861,0.049453)
(-0.0238944,0.0277115)
(-0.0793699,0.0562959)
(-0.0162437,-0.0291601)
(0.0119397,-0.055803)
(-0.0317106,0.00161369)
(0.0173012,-0.072891)
(-0.000484499,-0.042322)
(-7.32832e-05,-0.0309314)
(0.00627418,-0.0178191)
(0.0531253,0.00565557)
(0.149437,-0.10538)
(-0.0276337,-0.0176423)
(-0.0549381,0.0254877)
(0.21723,-0.0865263)
(0.213138,-0.0991777)
(0.0382167,-0.0506345)
(0.01696,0.00367137)
(0.0536755,-0.0158528)
(0.0318257,-0.0469996)
(0.0309332,-0.0653781)
(0.0907802,-0.0233378)
(0.0695515,-0.0968251)
(-0.000743464,-0.00826756)
(0.0795059,-0.00746258)
(0.111189,0.000575321)
(0.0398198,-0.0352045)
(0.286984,-0.123429)
(0.0763472,0.0416996)
(0.0237789,-0.029855)
(0.0117163,-0.0418601)
(-0.0289892,0.0283474)
(0.0321521,0.0673352)
(-0.114642,0.030016)
(-0.00831322,0.0421502)
(0.0341265,0.0610432)
(0.0128312,-0.0171664)
(-0.0478321,0.130393)
(-0.00950416,0.0796863)
(0.0265781,0.0453833)
(-0.089249,0.0558325)
(0.0401359,-0.049336)
(-0.00751869,-0.00105884)
(-0.0227058,0.0544059)
(-0.0338552,-0.00069847)
(-0.0251091,0.064933)
(-0.000631683,0.00599175)
(-0.0395362,0.0529941)
(0.00959429,0.0673487)
(0.0270553,0.104217)
(0.0448572,0.0490139)
(-0.0175463,-0.00645429)
(0.300313,-0.166114)
(0.30117,-0.0891527)
(0.134589,-0.0775305)
(0.258874,-0.0815666)
(-0.0145172,0.0586204)
(0.230062,-0.121511)
(0.289631,-0.188152)
(0.00232862,0.0446756)
(0.287004,-0.170851)
(0.407459,-0.121179)
(0.440666,-0.1192)
(0.0484488,-0.00956144)
(-0.0352573,0.0511963)
(-0.0285938,-0.0167573)
(-0.0308986,-0.00960499)
(0.108066,-0.129195)
(-0.0316842,0.0107427)
(-0.0456911,0.0233762)
(-0.0336499,-0.0109494)
(-0.0376725,0.0358459)
(0.016531,0.0629974)
(-0.0158038,0.0412725)
(0.0242153,0.104038)
(0.094831,-0.0532224)
(0.106094,-0.088761)
(0.106174,-0.141674)
(0.0144893,0.0627781)
(0.0484402,0.00344153)
(0.099606,-0.0593162)
(0.0220663,-0.0319209)
(0.0273219,0.0562187)
(0.0976905,0.0470289)
(5.65488e-05,-0.020313)
(0.0233752,0.0214273)
(0.0297644,0.0295475)
(0.0711426,-0.0099632)
(0.026358,0.0332027)
(0.209548,-0.173816)
(0.0938378,-0.0440143)
(0.0233829,0.0170749)
(0.0152551,0.00281457)
(0.0558416,-0.0103424)
(0.0935542,-0.0458348)
(0.0665299,-0.03785)
(0.0711785,-0.0236096)
(0.0749738,-0.0208846)
(0.0427805,-0.0389115)
(0.0238747,0.0148006)
(0.302795,-0.102834)
(0.0293507,-0.0863479)
(0.117086,-0.0604556)
(0.073626,-0.0419187)
(0.032653,0.0834822)
(0.109447,-0.037502)
(0.116232,-0.0757999)
(0.350533,-0.102729)
(0.436366,-0.123778)
(0.309662,-0.121346)
(0.0206539,0.0220222)
(0.284627,-0.0992364)
(0.0238067,0.0161137)
(0.0305012,-0.093383)
(0.0306404,-0.0425328)
(0.0130053,-0.0505565)
(0.263275,-0.153768)
(0.0026944,-0.0396253)
(-0.0283129,0.0102378)
(-0.034838,0.00933435)
(0.229198,-0.148356)
(0.0342171,-0.0368378)
(0.0849778,-0.0776284)
(0.11528,-0.116018)
(0.0425221,-0.0305739)
(-0.0540814,0.0227494)
(-0.021081,-0.000981786)
(0.0265447,-0.023498)
(0.0251452,-0.0374494)
(0.00830664,-0.0260555)
(0.0532476,-0.0468277)
(-0.00867098,-0.0424267)
(0.179823,-0.138031)
(0.193819,-0.140967)
(-0.0507882,-0.0735653)
(0.0469767,0.057415)
(-0.002122,0.0212908)
(0.0138703,0.0368528)
(0.00582439,0.00513884)
(0.0292042,0.0772998)
(0.0276263,0.00745724)
(0.0620247,-0.0800312)
(0.0132008,0.00659356)
(0.0604205,-0.035085)
(-0.0152856,0.00526886)
(0.0634183,-0.0619337)
(-0.00763426,-0.0710143)
(0.024357,-0.0785593)
(-0.0168399,0.00699999)
(-0.0400773,-0.0268089)
(0.0122514,-0.0154173)
(0.026368,0.111978)
(-0.0305964,-0.0314918)
(0.0161644,-0.0296139)
(0.117859,-0.114505)
(0.0952995,-0.0368293)
(0.0269368,0.100413)
(0.00570417,0.107793)
(0.00160115,-0.00390524)
(0.00356755,-0.00521962)
(0.0206353,0.0181644)
(-0.0422728,0.00893671)
(-0.0311303,-0.0375032)
(-0.0124147,0.0155661)
(-0.0386738,-0.0162481)
(-0.0118,-0.0148236)
(-0.0381121,0.00877519)
(-0.0445106,0.00776077)
(0.0394848,-0.0551241)
(-0.01653,0.0164986)
(-0.000744991,0.00946327)
(-0.0398679,0.0485484)
(0.0384827,-0.00918139)
(0.0187939,0.00650884)
(0.125225,-0.0892259)
(-0.0203717,-0.0313848)
(0.0400995,-0.0447718)
(0.0722818,-0.0695038)
(0.0325319,-0.0302889)
(0.09333,-0.11298)
(0.00342355,-0.0461321)
(0.168948,-0.183966)
(0.122566,-0.1433)
(0.0223166,-0.0368311)
(0.0427874,-0.0476773)
(0.0398091,-0.0311117)
(0.0756471,-0.0864353)
(0.0207917,-0.0234063)
(0.139202,-0.102182)
(0.116351,-0.00424613)
(-0.0264311,-0.0120519)
(-0.0374254,0.0343926)
(0.0428062,-0.0488539)
(0.0904084,-0.0616358)
(-0.00909033,-0.0488532)
(0.112408,-0.0784574)
(0.16129,-0.0822215)
(0.0610574,-0.046257)
(0.441693,-0.0781015)
(0.0723992,-0.0446436)
(0.0264029,-0.015031)
(0.0702909,-0.0267648)
(-0.0173053,-0.0080453)
(0.0217416,-0.0821363)
(0.0495801,-0.130112)
(-0.00935378,0.0422361)
(-0.083294,0.0106982)
(0.48962,-0.0926157)
(-0.0184572,0.0165533)
(-0.0697453,-0.0193349)
(-0.042407,0.0392516)
(0.483506,-0.0872728)
(-0.0325215,0.0585632)
(-0.0492168,0.0487314)
(-0.051081,-0.027151)
(-0.0152775,-0.0380394)
(-0.05092,0.0451446)
(-0.0329945,-0.0424577)
(0.0117998,-0.0136643)
(0.126526,-0.109914)
(0.108472,-0.097216)
(-0.0257506,0.0206128)
(0.0227052,-0.0228625)
(0.0117881,-0.0084691)
(-0.000276056,-0.0504403)
(0.0245252,-0.0293754)
(0.102491,-0.0890182)
(0.021535,-0.0194021)
(-0.00219876,0.0289116)
(-0.0255184,0.0375962)
(-0.0206714,0.0271297)
(0.0119797,-0.0185974)
(0.0205817,-0.0173357)
(0.360511,-0.0737457)
(-0.0373794,0.0386394)
(0.360298,-0.0780422)
(-0.0161205,-4.84658e-05)
(-0.0218674,-0.0147913)
(0.137936,-0.133951)
(0.0220664,0.00183074)
(0.327418,-0.0888541)
(0.161687,-0.0620152)
(0.242798,-0.088615)
(0.163638,-0.140511)
(0.0459697,-0.0560825)
(0.062256,0.00358248)
(0.0975675,-0.0907535)
(0.20206,-0.10036)
(0.00725692,-0.0159542)
(-0.00688543,0.0662252)
(0.146076,-0.0777383)
(-0.0150966,-0.0307157)
(-0.0318634,-0.00192972)
(0.181354,-0.101017)
(-0.0233078,-0.0232941)
(-0.0148101,0.0597877)
(0.219717,-0.0837574)
(0.0572095,-0.0952034)
(0.0588356,-0.0757346)
(0.113749,-0.0770304)
(0.0470464,-0.0484221)
(0.0604841,-0.0800965)
(-0.0196203,0.053927)
(0.00431396,0.0671852)
(0.0504136,-0.0748053)
(0.0584793,-0.103461)
(0.00287317,0.00034767)
(-0.0252804,0.017336)
(-0.017242,0.051062)
(-0.0545546,0.0328399)
(-0.0314774,0.0022274)
(-0.0408325,0.0385993)
(-0.0525595,0.0432853)
(0.0746727,0.0507353)
(-0.00764551,0.0661417)
(-0.0599195,0.0773932)
(-0.0161925,0.104688)
(0.0049371,0.0237168)
(-0.0104191,0.043379)
(0.285693,-0.0565513)
(0.13702,-0.127702)
(0.149997,-0.125317)
(0.0921025,-0.0610688)
(0.00174011,0.000630005)
(0.10884,-0.0536157)
(0.506267,-0.0850701)
(0.0539807,-0.0127578)
(0.483737,-0.0811812)
(-0.0188637,0.0328205)
(0.0439899,-0.0549195)
(0.185363,-0.0890774)
(-0.000434881,0.018898)
(0.0360244,-0.0584826)
(0.307178,-0.0779239)
(0.0122453,0.00810872)
(-0.0182346,0.062096)
(-0.00368435,-0.00353185)
(0.130983,-0.0951166)
(0.106977,-0.135331)
(0.0267359,0.000220158)
(0.0648069,-0.107775)
(0.164849,-0.12551)
(0.0285807,-0.0721455)
(0.199162,-0.0993513)
(0.00234369,0.00700157)
(0.208568,-0.100549)
(0.0204771,-0.0406751)
(0.0258744,-0.00779068)
(0.330457,-0.0803682)
(-0.00825791,0.0352315)
(0.00419998,-0.00877545)
(0.0205908,-0.0276169)
(0.208522,-0.10687)
(0.111271,-0.119946)
(0.0969843,-0.0999782)
(0.183731,-0.167046)
(-0.0230865,-0.0247219)
(-0.0250352,-0.0365018)
(0.0833172,-0.0921337)
(0.0844969,-0.0574455)
(0.049852,0.0919498)
(-0.00708927,0.0206006)
(0.0419412,-0.0473631)
(0.0821899,-0.0246538)
(0.0379847,-0.0120782)
(0.0194546,-0.0207284)
(0.0270703,-0.0199853)
(0.0156235,-0.0720386)
(-0.015396,-0.0458792)
(0.0291718,-0.0505088)
(0.0369164,0.09491)
(-0.021451,-0.0443048)
(-0.0173549,-0.0634712)
(-0.0115925,-0.0356364)
(0.0309148,-0.0517716)
(-0.00365944,-0.0379924)
(-0.00967257,-0.0776914)
(0.0332953,-0.0892277)
(-0.0152771,-0.0381242)
(0.0555295,-0.0670432)
(0.0821165,0.0567336)
(0.0222278,0.0193943)
(0.0144694,0.0507927)
(0.055386,0.0751678)
(0.0466203,0.071464)
(0.276758,-0.0804282)
(-0.0125991,-0.00440552)
(0.054737,0.0661938)
(-0.00486455,0.0673496)
(0.228157,-0.079465)
(0.0389314,-0.0307754)
(0.00844868,0.0309123)
(0.0308881,-0.0124481)
(-0.00533773,0.105171)
(0.026054,0.0142496)
(0.0424856,0.0113172)
(-0.03734,0.0186168)
(0.285843,-0.0729172)
(0.0355455,-0.00183041)
(-0.0044981,-0.072487)
(0.451581,-0.0921231)
(-0.0388514,0.0402717)
(0.0198518,-0.0436923)
(0.123029,0.0942967)
(0.305326,-0.0885858)
(0.0531162,0.102487)
(0.127694,0.0881653)
(0.0745674,0.114084)
(0.020034,0.0669483)
(0.110549,-0.140296)
(0.0136835,-0.0656906)
(-0.0611814,-0.0072902)
(0.0924449,-0.0462382)
(0.128482,-0.0702488)
(0.11574,-0.0926464)
(-0.049983,-0.0321065)
(0.320017,-0.0759924)
(0.107431,-0.0992601)
(0.00764988,-0.00929924)
(0.0189245,-0.00579778)
(-0.0318302,-0.024527)
(-0.00123573,-0.013328)
(0.152188,-0.128845)
(-0.0483156,-0.0108861)
(-0.0557897,0.0204856)
(0.0167776,-0.0323266)
(0.118648,-0.131752)
(0.143864,-0.139726)
(0.283869,-0.0884306)
(0.014762,-0.0250698)
(0.0182658,-0.0439783)
(0.181651,-0.124477)
(0.113552,0.0734229)
(0.107081,-0.0899174)
(0.135279,-0.00558006)
(0.218887,-0.100183)
(0.200905,-0.0810844)
(0.251404,-0.112716)
(0.079572,-0.03752)
(0.0835931,-0.0475037)
(0.383174,-0.101965)
(0.28908,-0.142202)
(0.0647634,-0.0844628)
(0.32712,-0.0695282)
(0.393984,-0.0803972)
(0.0818235,-0.07679)
(0.136175,-0.121344)
(0.10473,-0.102042)
(0.196444,-0.154376)
(0.2077,-0.137576)
(0.183589,-0.13972)
(0.139818,-0.0984407)
(0.145933,-0.046304)
(0.13767,-0.112081)
(0.0058142,-0.0219768)
(0.0628765,-0.064026)
(0.0272362,-0.0448312)
(0.476566,-0.10821)
(0.034426,-0.0317001)
(0.000632599,-0.0310642)
(0.0230509,-0.0190104)
(0.417311,-0.105021)
(0.00684815,0.00932566)
(0.0363481,-0.0460941)
(0.45185,-0.119564)
(0.365599,-0.0984286)
(0.0663087,-0.0513011)
(0.14314,-0.0839598)
(0.0344107,-0.0678308)
(0.0312121,-0.0729827)
(0.116671,-0.0923233)
(0.0729919,-0.0772281)
(0.279295,-0.0777231)
(0.157001,-0.0850292)
(-0.00341349,-0.0135889)
(0.214955,-0.118528)
(0.0241126,-0.0395495)
(-0.0501802,0.136423)
(0.13501,-0.0803233)
(0.15875,-0.123527)
(0.0427176,-0.043098)
(0.172448,-0.143418)
(-0.00830368,0.104335)
(-0.0338544,0.114547)
(-0.00594867,0.115481)
(0.135394,-0.117492)
(-0.0382857,0.0348779)
(0.00268068,0.0824288)
(-0.0306842,0.0374136)
(0.0960633,-0.0899987)
(0.0731144,0.00907678)
(0.0378736,-0.0568652)
(0.0459102,-0.101427)
(0.0448843,-0.0507669)
(0.050451,0.0219274)
(0.165703,-0.114581)
(0.0651517,-0.0124163)
(0.00615859,-0.0348791)
(-0.0180915,-0.0245806)
(-0.00531651,0.0705052)
(0.0105519,-0.0290611)
(-0.0257141,0.0290311)
(0.026361,-0.00903815)
(0.0423956,-0.00649971)
(0.182769,-0.146407)
(0.0481779,-0.0665184)
(0.135525,-0.0875573)
(0.0628223,-0.0900894)
(0.0429001,-0.0687153)
(0.0213684,-0.0439383)
(0.0907704,-0.0204708)
(-0.0094183,-0.0293534)
(0.0583864,-0.053855)
(-0.00249348,-0.0266808)
(0.027158,-0.0139142)
(-0.027828,-0.0155627)
(0.0310875,-0.0568396)
(-0.00265645,-0.0484352)
(0.0163525,-0.067782)
(0.237597,-0.117795)
(0.219254,-0.118347)
(-0.0043114,-0.0154154)
(0.0588778,-0.0440909)
(0.0839622,-0.0684985)
(0.100842,-0.0640428)
(0.294513,-0.0642435)
(-0.0434302,-0.0198036)
(0.0608854,0.063596)
(0.03463,0.0999494)
(0.048819,0.0898766)
(0.271527,-0.16027)
(-0.0407246,-0.00338019)
(0.029382,-0.00193248)
(0.0197277,0.0355601)
(0.0283573,-0.0108183)
(0.243941,-0.108258)
(-0.0216385,0.035906)
(0.0586239,-0.0594431)
(0.0619799,-0.0632673)
(0.0713919,-0.0396536)
(0.0915444,-0.0745691)
(0.286208,-0.125991)
(0.196056,-0.119153)
(0.498759,-0.164816)
(0.0767104,-0.0750262)
(-0.0217813,-0.00268345)
(0.178285,-0.105269)
(0.124793,-0.0623808)
(0.198169,-0.0868545)
(0.314799,-0.121928)
(-0.0599061,-0.00251392)
(0.107197,-0.0886907)
(0.0932999,-0.0689875)
(-0.0722317,0.0467563)
(0.0795191,-0.0681027)
(0.0952882,-0.0657052)
(0.149598,-0.0963711)
(0.119686,-0.067882)
(0.0759554,-0.0486548)
(0.502941,-0.104795)
(-0.110133,-0.0762735)
(0.045906,0.0422388)
(-0.105522,-0.0954643)
(0.38222,-0.123521)
(0.257759,-0.103509)
(0.278218,-0.111493)
(0.0489452,-0.0624367)
(0.0511301,-0.0221258)
(0.0758553,-0.0745248)
(0.473125,-0.0993992)
(0.125873,-0.0895491)
(0.0211622,-0.0593754)
(0.0469398,-0.0247608)
(0.629237,-0.0687688)
(0.0254483,-0.0547226)
(0.0817846,-0.0657809)
(0.496134,-0.0882184)
(0.407226,-0.0602511)
(0.076549,-0.00274533)
(0.0744092,-0.0656042)
(0.0241165,0.0102252)
(0.0184546,-0.0787587)
(-0.0302627,0.0284929)
(0.00979421,-0.0457534)
(-0.0463703,0.0335981)
(0.232145,-0.0959825)
(0.203261,-0.139204)
(0.310154,-0.128146)
(0.253203,-0.130868)
(0.310075,-0.0873262)
(0.0790156,-0.0554846)
(0.0955887,-0.0942569)
(0.0720888,-0.0520193)
(0.13477,-0.114705)
(-0.000363019,-0.085378)
(-0.00659427,-0.0863434)
(0.0710564,-0.0490288)
(0.382789,-0.0961168)
(0.413716,-0.0990593)
(0.338779,-0.0733455)
(0.389026,-0.0757526)
(0.00419641,-0.0638989)
(0.184928,-0.121176)
(0.0345254,-0.0576085)
(0.00823883,-0.0507896)
(-0.0365248,0.0110938)
(0.0370364,-0.0598003)
(0.077158,-0.0875322)
(-0.019373,-0.0202311)
(0.0211245,-0.0375979)
(-0.0121663,-0.00340277)
(0.149891,-0.13556)
(0.26957,-0.0785095)
(-0.00944071,0.0125986)
(0.263458,-0.102219)
(0.111242,-0.0993659)
(0.24608,-0.108693)
(0.0353214,-0.0090358)
(0.0847661,-0.0753035)
(0.0835258,-0.0304464)
(0.390505,-0.10782)
(0.142095,-0.00531098)
(0.0841717,-0.0458089)
(0.218663,-0.124236)
(0.133266,-0.0990954)
(0.208573,-0.0955311)
(0.45303,-0.0775461)
(0.545699,-0.120427)
(0.28539,-0.115496)
(0.0462337,-0.0118211)
(0.042428,0.0110009)
(0.0336579,0.0725049)
(0.00107303,-0.0764061)
(-0.0100949,-0.0400541)
(0.0307324,0.0514936)
(0.0418873,-0.0118544)
(0.239931,-0.132257)
(0.269496,-0.158784)
(0.00558543,-0.0267632)
(0.25292,-0.164656)
(-0.0150324,0.0199509)
(0.274091,-0.121326)
(0.406266,-0.144947)
(0.025525,0.0101676)
(0.133019,-0.080953)
(0.12999,-0.0863062)
(-0.0943772,0.130415)
(0.423363,-0.103666)
(-0.0753929,0.127733)
(0.301495,-0.0957418)
(-0.0755187,0.0725069)
(0.312629,-0.148271)
(-0.0731443,0.0854041)
(0.333798,-0.1404)
(-0.0559589,0.0637458)
(-0.0147366,-0.0303972)
(0.000478003,-0.0208287)
(0.0229313,0.0644801)
(0.373687,-0.112432)
(0.0301451,0.02878)
(0.309723,-0.103844)
(0.335554,-0.0832995)
(-0.0455379,-0.0418465)
(0.393807,-0.113717)
(0.28041,-0.107775)
(0.314577,-0.104711)
(0.0135091,0.0495599)
(0.21513,-0.103559)
(-0.0382569,0.026324)
(-0.0581202,0.0929661)
(-0.0302941,0.0900685)
(-0.0448501,0.107736)
(0.00540856,-0.0252231)
(-0.068742,0.0786658)
(0.0312947,-0.00280611)
(0.35107,-0.125524)
(-0.00247916,0.0126801)
(0.30585,-0.0995539)
(0.198517,-0.0974645)
(0.204684,-0.113357)
(0.0417912,0.00809017)
(0.0067347,-0.0531357)
(0.0669845,0.0222634)
(0.356753,-0.0659643)
(-0.031771,0.0310386)
(0.374452,-0.0699807)
(0.101959,-0.0596254)
(-0.0331874,0.0190693)
(-0.00912786,-0.0414981)
(0.239522,-0.0890158)
(-0.0423932,0.00540612)
(0.0874186,0.0618454)
(0.0686024,-0.0528523)
(0.229296,-0.0974118)
(0.347907,-0.0528433)
(0.240359,-0.152867)
(0.343231,-0.0653996)
(0.442792,-0.0612139)
(-0.0211387,0.0320453)
(0.236323,-0.127998)
(0.17435,-0.124916)
(-0.00285833,-0.00949734)
(0.224048,-0.0942702)
(0.167424,-0.110599)
(0.226573,-0.0925499)
(0.194369,-0.120704)
(0.0434513,-0.0605589)
(0.0382902,-0.047158)
(-0.0230043,-0.0291786)
(0.0698178,-0.0762757)
(0.0670208,-0.0745968)
(-0.0176525,0.0391341)
(-0.00271405,-0.031064)
(0.184222,-0.102124)
(-0.0180824,-0.030246)
(-0.00546625,-0.0895961)
(0.0191232,-0.0432208)
(0.0615842,0.0583337)
(0.0488204,0.0457799)
(0.0607167,0.0828413)
(0.0211937,-0.0342028)
(0.298755,-0.121269)
(0.0463288,-0.0688498)
(0.0451648,-0.061864)
(0.580638,-0.0987591)
(0.498182,-0.0964602)
(-0.00560655,-0.0330066)
(0.0296285,-0.0555464)
(0.0220247,-0.0396556)
(0.0318201,-0.0495689)
(0.00600643,0.00174347)
(0.235403,-0.111404)
(0.317686,-0.114239)
(0.251093,-0.137486)
(0.424208,-0.0717288)
(-0.0193499,0.0710075)
(0.204224,-0.098437)
(0.392919,-0.0736475)
(0.028838,-0.047177)
(-0.00336997,-0.0104858)
(-0.0458916,0.0196607)
(0.499705,-0.109902)
(0.173035,-0.0727926)
(0.170381,-0.0818629)
(0.150189,-0.0712236)
(0.196006,-0.0762229)
(0.267313,-0.105999)
(0.31337,-0.0821952)
(0.37456,-0.0907145)
(0.248919,-0.108262)
(0.189534,-0.0979051)
(0.41994,-0.117789)
(0.214213,-0.108526)
(0.0599037,-0.0664979)
(0.0215984,-0.0622196)
(0.349059,-0.106095)
(0.0670084,-0.082424)
(0.334712,-0.116525)
(0.0487676,0.0716069)
(-0.0311605,-0.00751522)
(0.0709421,-0.0583968)
(0.0980804,-0.0685441)
(0.10567,-0.0955238)
(0.0327293,-0.10749)
(-0.00646206,-0.0661705)
(0.0458094,-0.0889911)
(0.0106366,-0.107346)
(0.4186,-0.0756935)
(0.0393449,-0.031364)
(-0.00955312,-0.0671915)
(0.390642,-0.0794985)
(-0.00205884,-0.066372)
(0.121399,-0.062522)
(0.104315,-0.0568654)
(0.120035,-0.0624064)
(-0.00564267,-0.0837721)
(0.135171,-0.0757896)
(0.0663225,-0.0749249)
(0.0155749,-0.00393154)
(-0.00431061,-0.0291702)
(-0.0272085,0.0208613)
(0.0132626,-0.0193761)
(0.350745,-0.0811866)
(0.185091,-0.0801751)
(0.460025,-0.0973375)
(0.482597,-0.0895591)
(0.387421,-0.0896554)
(0.152686,-0.122656)
(0.240036,-0.0906451)
(0.379629,-0.103691)
(0.330292,-0.107908)
(0.197713,-0.109512)
(0.0545875,0.101802)
(0.20928,-0.123778)
(0.0566269,0.154049)
(0.405824,-0.095626)
(0.425006,-0.101164)
(-0.0390042,-0.0568714)
(-0.0121191,-0.0127819)
(0.023887,0.078347)
(0.16653,-0.0805083)
(0.113469,-0.112622)
(0.15143,-0.0699521)
(0.11656,-0.0669632)
(0.14022,-0.0737735)
(0.130073,-0.0626929)
(0.0846326,-0.0725017)
(0.0775807,-0.0442537)
(0.104916,-0.095672)
(-0.0222251,0.0296233)
(0.00899199,0.133648)
(0.0162155,0.133822)
(0.350138,-0.090434)
(-0.0212113,0.029891)
(0.306138,-0.0999275)
(0.33675,-0.0815795)
(-0.113255,-0.00748263)
(0.0380064,0.102004)
(-0.0266494,-0.0700555)
(0.120404,-0.0856817)
(0.00608723,0.0797544)
(-0.0262368,-0.0567758)
(0.215566,-0.0867783)
(0.198298,-0.0849814)
(0.136757,-0.0719537)
(0.0602646,-0.0309635)
(-0.0122355,-0.019353)
(0.0603522,-0.0571375)
(0.0653152,-0.045575)
(0.0733551,-0.0305858)
(0.238392,-0.0814601)
(0.414038,-0.105191)
(0.386955,-0.0977941)
(-0.0531932,0.139654)
(0.329108,-0.0485723)
(-0.126451,-0.0118644)
(-0.0481157,0.0527009)
(-0.0397501,0.0273368)
(0.00613257,-0.0637185)
(-0.0895187,0.0289904)
(0.11904,-0.100261)
(0.146045,-0.0996999)
(0.236729,-0.134203)
(0.384258,-0.088582)
(-0.0332736,-0.04429)
(0.393013,-0.0793692)
(-0.068184,-0.0407953)
(0.209435,-0.0835688)
(0.268799,-0.0876459)
(0.00805981,-0.055108)
(0.40573,-0.0474052)
(0.253951,-0.0800023)
(0.40779,-0.0514765)
(0.303253,-0.0482583)
(0.322766,-0.0670885)
(0.202395,-0.100445)
(0.263414,-0.118156)
(0.184854,-0.100534)
(0.268823,-0.0590668)
(0.0255114,-0.111881)
(0.339103,-0.0720893)
(0.341081,-0.105669)
(0.055002,-0.108471)
(0.051848,-0.046353)
(0.0399838,-0.0539301)
(-0.0639707,-0.0259833)
(0.242328,-0.07216)
(0.164365,-0.0940589)
(0.315484,-0.072783)
(0.104398,-0.0775089)
(0.153751,-0.0856106)
(-0.0065849,-0.0122068)
(0.00520531,-0.00363114)
(0.242853,-0.118728)
(0.0728845,-0.0803677)
(0.163823,-0.0926449)
(0.401299,-0.0594574)
(0.0022352,-0.0109317)
(-0.0229542,-0.00886311)
(0.0768882,-0.0661934)
(0.0398854,-0.0490093)
(0.0712432,-0.0617784)
(0.0798748,-0.0339756)
(0.440833,-0.0590957)
(0.486157,-0.0774664)
(0.408913,-0.0578046)
(0.0097169,0.0134188)
(0.201522,-0.103139)
(0.326605,-0.105918)
(0.198325,-0.0975535)
(-0.0478774,-0.0189406)
(-0.0431565,0.0324066)
(-0.0359771,0.00847283)
(0.52254,-0.0826209)
(0.334606,-0.10943)
(0.335331,-0.0811529)
(0.297294,-0.0860321)
(0.512999,-0.0785862)
(-0.0638894,-0.0421592)
(0.323276,-0.0853614)
(0.244469,-0.0750345)
(-0.0401711,-0.0517909)
(0.371511,-0.0626769)
(0.500463,-0.0839399)
(0.0181581,-0.00228289)
(0.0581118,-0.0578091)
(0.348487,-0.0622576)
(0.00757908,-0.0668306)
(0.0498894,-0.0463748)
(0.299538,-0.0467074)
(-0.0223844,0.00529819)
(-0.0407191,-0.00399184)
(-0.0084643,0.0212596)
(0.0141169,-0.0839849)
(0.431138,-0.0998345)
(0.105373,-0.0664661)
(0.0712323,-0.0533047)
(0.0952964,-0.0550632)
(0.197189,-0.0630575)
(-0.0132117,-0.0249214)
(0.0172046,-0.0603899)
(0.0200054,-0.0493558)
(0.0909371,-0.0593959)
(0.0473515,-0.0537957)
(0.0664165,-0.0588303)
(0.0629742,-0.0603323)
(0.0831909,-0.0963022)
(0.0374932,-0.0957901)
(0.030468,-0.0679782)
(0.0676744,-0.0748004)
(0.224294,-0.0999075)
(-0.0608389,0.0298806)
(0.250936,-0.103861)
(0.0065152,-0.0108024)
(0.0400969,-0.0876491)
(0.124685,-0.100604)
(0.334352,-0.0681037)
(0.152691,-0.106948)
(0.0434434,-0.117633)
(-0.0554871,0.0738012)
(-0.0385606,0.0380405)
(-0.0588697,0.0574576)
(0.0389002,-0.0208127)
(-0.0121472,-0.00905057)
(0.195374,-0.0919584)
(0.0229503,-0.0411219)
(0.225736,-0.0938905)
(0.0135183,0.0662044)
(0.00127226,-0.0128953)
(0.447852,-0.111156)
(0.073287,-0.0772292)
(0.0734261,-0.0781285)
(0.114036,-0.0523564)
(0.0249605,-0.0369003)
(0.147856,-0.0873844)
(0.124206,-0.0791362)
(0.0585205,-0.074865)
(0.11075,-0.100135)
(0.378498,-0.127513)
(0.0790366,-0.120462)
(0.287138,-0.108693)
(0.0700055,-0.123881)
(0.0419266,-0.0119712)
(-0.00128441,-0.0201986)
(-0.0305055,-0.0112232)
(0.00294826,-0.0274179)
(-0.109439,0.0147143)
(0.0613872,-0.0293903)
(-0.118367,-0.0260963)
(-0.112805,0.0602749)
(0.0606985,-0.0616795)
(0.284037,-0.12434)
(0.326403,-0.145995)
(0.0432712,-0.0456801)
(0.293686,-0.205862)
(0.21939,-0.1497)
(0.231644,-0.0972734)
(-0.00413504,-0.0358082)
(0.0782416,-0.077358)
(0.219586,-0.0878607)
(0.0571708,-0.0663296)
(0.079133,-0.0735972)
(-0.00916967,-0.0176898)
(-0.0316703,0.0171614)
(0.0651658,-0.0680071)
(0.0650027,-0.0594736)
(0.143142,-0.0956996)
(0.163447,-0.113402)
(0.0734117,-0.0574838)
(0.126161,-0.113542)
(0.0847954,-0.0839193)
(0.0498373,-0.045509)
(0.131072,-0.109313)
(0.0828694,-0.0489889)
