1620
(0.0353751,-0.109643)
(0.0973977,-0.113118)
(-0.0528252,-0.0481586)
(0.0447655,-0.0722332)
(0.0407312,0.0709479)
(0.0300824,-0.0589462)
(0.13518,-0.172136)
(0.0168157,-0.0691249)
(0.0431163,-0.0973923)
(0.00761278,-0.0665342)
(0.082555,-0.107186)
(0.0895152,-0.130248)
(0.00475715,0.0588573)
(0.0546367,-0.0854873)
(-0.0187062,-0.0162426)
(0.0320707,-0.0569917)
(0.0419055,-0.0427466)
(-0.0122225,0.0242478)
(0.108485,-0.0361526)
(0.0141726,0.017402)
(0.0862297,-0.073792)
(0.048223,0.00931154)
(0.00317735,0.00172336)
(0.10925,-0.123097)
(-0.0202472,-0.0349069)
(0.00375455,0.118782)
(0.00796585,0.011933)
(0.0213124,0.00251205)
(0.085199,-0.0865983)
(0.0229663,-0.0257505)
(0.00398101,0.021578)
(-0.0468374,-0.012567)
(0.0794218,-0.150876)
(-0.0194135,0.0415357)
(0.0878628,-0.0231754)
(0.0429386,-0.00283384)
(0.168659,-0.047239)
(0.0193909,0.0823303)
(0.0318726,0.0467054)
(-0.0647636,-0.0376847)
(0.169344,0.0176995)
(0.00351335,0.00625273)
(0.0122032,0.109547)
(0.0603456,0.0418298)
(0.0590904,-0.111547)
(0.0542625,-0.102193)
(0.023746,-0.0574397)
(0.00169532,0.0678598)
(-0.00301371,0.0420058)
(0.00276936,0.0495799)
(0.0358798,-0.080516)
(0.0305015,0.0319665)
(0.0703111,-0.0469189)
(0.0565685,-0.0195834)
(-0.0664709,-0.00525637)
(-0.0331918,0.0053148)
(0.140581,-0.0611271)
(0.0229386,0.0456036)
(0.00478634,-0.083635)
(0.0173,0.145908)
(-0.00967686,-0.0829426)
(0.195079,-0.217706)
(0.0608541,-0.0504408)
(0.164368,-0.216999)
(0.0367441,-0.0594697)
(-0.0105658,-0.0632776)
(0.0611208,-0.0691355)
(0.0469072,-0.0710236)
(-0.00376999,-0.0136579)
(0.0348336,-0.00391272)
(-0.0474202,-0.115431)
(-0.0198707,-0.0663681)
(-0.0219175,0.138525)
(-0.112667,0.0334586)
(0.186289,-0.186358)
(0.0849928,-0.0199618)
(0.0769312,0.00762668)
(-0.0155156,-0.124627)
(0.000231001,-0.0584326)
(0.00754718,-0.158639)
(0.049524,-0.109593)
(0.037522,0.138606)
(0.0733166,-0.0666778)
(0.0332924,-0.0797254)
(0.0242485,-0.0688223)
(0.0375826,0.0936702)
(-0.0266783,-0.0580918)
(0.0460936,0.0212802)
(0.102894,-0.0208971)
(0.0742986,0.0241463)
(-0.0199371,-0.0157065)
(0.0363471,0.0130481)
(0.0584292,-0.138365)
(0.109849,-0.1868)
(0.119581,-0.17606)
(0.0656356,-0.161787)
(0.0798874,-0.135086)
(0.198351,-0.214564)
(-0.0399119,-0.0190382)
(-0.00707998,-0.0295037)
(0.0591237,0.0502401)
(0.0543785,-0.137595)
(-0.0525093,0.00166521)
(-0.0809348,-0.0158545)
(0.0349918,0.044226)
(0.20949,-0.265436)
(0.10272,-0.14645)
(0.081014,-0.127871)
(0.0163224,-0.0147759)
(0.0877386,-0.122848)
(0.0240486,-0.00317084)
(0.144228,-0.265508)
(0.157171,-0.19276)
(0.00635001,-0.00892231)
(0.056484,-0.196191)
(0.0297186,-0.206882)
(0.0605169,-0.201809)
(0.0795043,-0.205151)
(-0.00324244,0.0129749)
(0.189532,-0.155679)
(0.082702,-0.210915)
(0.0601631,-0.0224521)
(0.144511,-0.175953)
(0.0924935,-0.123768)
(0.142357,-0.182613)
(0.0828335,-0.111247)
(0.0893619,-0.102458)
(0.111151,-0.0943152)
(0.125029,-0.162066)
(0.0113658,-0.00570788)
(-0.00432765,-0.0325609)
(0.0790598,0.0549825)
(-0.0376572,0.0487044)
(0.0407756,0.103483)
(0.0311754,0.0712542)
(0.0554349,0.0502276)
(0.0197364,-0.00252824)
(-0.0301833,-0.0573892)
(0.135713,-0.141666)
(0.0809814,-0.105585)
(0.0884601,-0.118164)
(-0.0289574,-0.0416513)
(-0.0537302,-0.0683701)
(-0.00951115,-0.00339322)
(-0.0335255,0.00122968)
(-0.0281955,-0.0124362)
(-0.00802811,-0.0718242)
(0.0708953,-0.140929)
(0.0622328,-0.14667)
(-0.01473,-0.00318982)
(0.162332,-0.143169)
(0.0459546,-0.126856)
(0.267049,-0.215024)
(0.156459,-0.188769)
(0.190178,-0.216091)
(0.135996,-0.134138)
(0.130023,-0.201185)
(0.15462,-0.175923)
(0.10862,-0.152562)
(0.0723917,-0.121796)
(0.0791831,-0.130879)
(0.0659934,-0.134898)
(0.0746143,-0.143021)
(0.013475,0.086961)
(-0.00293274,0.0381075)
(0.07379,-0.117769)
(0.0191831,-0.00149321)
(0.0332609,0.00404)
(0.00934347,0.0291473)
(0.00380893,0.0697609)
(0.00879239,0.0199587)
(0.00604106,0.054039)
(0.141889,-0.160023)
(0.153538,-0.16367)
(0.174673,-0.216083)
(0.19549,-0.257873)
(-0.00584541,-0.0399717)
(0.00540591,-0.0478307)
(-0.0386214,-0.0511743)
(-0.0683937,-0.0743211)
(0.0195483,0.0222267)
(0.185995,-0.17045)
(0.173669,-0.155261)
(0.0890494,-0.100262)
(0.0866079,-0.108273)
(-0.0325427,-0.0830273)
(-0.0440821,-0.0767302)
(0.120749,-0.182682)
(0.110768,-0.173708)
(0.169954,-0.223234)
(0.159487,-0.193331)
(0.152086,-0.118728)
(0.204795,-0.164111)
(-0.0212905,0.0524996)
(0.0856896,0.0259818)
(-0.240574,0.111166)
(-0.23545,0.17224)
(0.107921,-0.164338)
(0.00704764,0.0755334)
(0.0505022,-0.0685016)
(0.0534446,-0.0619377)
(0.0436115,-0.078214)
(0.0381255,0.0567488)
(0.0633864,-0.0604576)
(-0.0341956,0.0331875)
(0.0779603,-0.0688796)
(0.19637,-0.208927)
(0.195103,-0.199237)
(0.00114542,0.125587)
(0.155782,-0.168242)
(0.0120686,0.00627545)
(0.137114,-0.126351)
(0.14133,-0.13546)
(0.156119,-0.0189552)
(0.131578,0.00601563)
(-0.0605292,-0.0248174)
(-0.0808248,-0.0718179)
(0.14302,-0.124869)
(0.179841,-0.153062)
(0.0411733,0.0698825)
(0.0111409,-0.0656992)
(0.0652938,0.0150939)
(-0.0217685,0.00702685)
(0.248227,-0.219904)
(-0.0822412,-0.00208189)
(-0.0601503,0.00185681)
(0.188222,-0.179034)
(-0.0668248,-0.0511982)
(-0.0564118,-0.0933725)
(-0.0818344,-0.0280122)
(-0.0797626,-0.055112)
(0.155469,-0.165212)
(0.163539,-0.172553)
(0.179707,-0.196543)
(0.189846,-0.202347)
(0.0143241,-0.00777937)
(-0.0478638,-0.0589572)
(-0.0298432,-0.0414689)
(0.18373,-0.169196)
(0.000996026,0.0785321)
(-0.0181833,0.0710952)
(0.0743348,-0.123113)
(0.0826947,-0.145546)
(0.115964,-0.208205)
(0.126604,-0.136718)
(0.0146499,0.0866251)
(0.112943,0.0856425)
(0.143661,-0.0825332)
(0.0545864,0.000940698)
(0.096032,0.0452767)
(0.115953,-0.0109928)
(0.0551009,0.117154)
(0.0639543,0.00763117)
(0.03923,0.0124988)
(0.0473139,0.110565)
(0.0322869,-0.0733582)
(0.158919,-0.144088)
(0.0635308,-0.0196219)
(0.0952937,0.0648566)
(0.0454401,0.114727)
(0.0276609,0.0500192)
(0.0738527,0.0577448)
(-0.0101006,0.0235235)
(0.0420163,0.027562)
(0.232403,-0.223852)
(0.0411571,0.0361608)
(0.0827718,-0.108386)
(0.0367177,-0.0480877)
(0.0384434,0.0299257)
(-0.00919722,-0.0565933)
(0.00724731,0.012515)
(0.0485157,0.034051)
(-0.0605603,-0.0019026)
(-0.0778165,-0.109096)
(-0.0744014,-0.0688098)
(0.108296,-0.181072)
(-0.100799,-0.0658867)
(-0.0532616,-0.0118041)
(-0.129121,-0.0069496)
(0.0414826,-0.0836839)
(-0.00938929,-0.0868753)
(-0.0197527,-0.0721374)
(0.00751236,-0.0975044)
(0.0191661,-0.103166)
(0.0999098,0.0205291)
(0.0705145,-0.0398666)
(0.0650562,-0.0740524)
(-0.0292325,0.127457)
(0.0187057,0.0775728)
(0.0788098,0.0177297)
(-0.0247688,-0.0660216)
(0.0297128,-0.0867519)
(-0.0364326,-0.0478641)
(-0.0997838,0.0398495)
(0.0887492,0.00685718)
(-0.026139,-0.0708117)
(0.098984,0.0358154)
(-0.0158568,-0.0840265)
(-0.0103706,0.179294)
(-0.128462,0.0107659)
(-0.223228,0.00924749)
(-0.0661043,-0.0792504)
(-0.00828248,0.114477)
(0.00409285,0.0609132)
(0.0175597,0.030779)
(0.0451331,0.0420065)
(0.0365567,0.0256497)
(0.158828,-0.174016)
(0.00134747,-0.0281187)
(0.0111194,-0.0515157)
(-0.00779879,-0.0514502)
(0.0294583,0.0948174)
(-0.0888762,-0.0665413)
(0.0790555,-0.0214099)
(0.0231071,0.0794457)
(0.0537946,0.102473)
(-0.0200118,-0.0116594)
(-0.0816183,-0.0789338)
(0.0457815,0.0996408)
(0.162465,-0.169179)
(0.00621014,0.0614384)
(0.0729503,0.0427381)
(-0.0710075,-0.0564209)
(0.100174,0.0567997)
(0.106479,0.0615893)
(0.0879356,0.0641363)
(-0.00256632,0.0124695)
(0.0482475,0.00439077)
(0.0383928,-0.0712407)
(0.056042,0.0328174)
(0.0352969,-0.067179)
(-0.235143,0.109412)
(-0.109145,0.137548)
(-0.0017578,0.0320236)
(0.0964365,0.00938618)
(0.131205,-0.168858)
(0.156203,-0.00630147)
(0.0769853,-0.0212485)
(0.0270161,0.0236994)
(0.114442,0.0635832)
(0.0436438,-0.101424)
(0.131735,-0.0771976)
(0.0453384,-0.00605078)
(0.0973863,0.00528024)
(0.0494885,-0.00105819)
(-0.0209285,-0.0494245)
(-0.0196833,-0.0344465)
(0.0133928,-0.0228401)
(0.0277817,-0.0556525)
(0.174911,-0.156084)
(0.223638,-0.213314)
(0.202305,-0.18307)
(0.105663,-0.0369459)
(0.00668198,-0.0863739)
(0.183807,-0.231593)
(0.0131473,0.0373072)
(0.114978,0.0446286)
(0.059973,-0.050253)
(0.0183843,-0.0351359)
(-0.0137748,-0.0586245)
(0.122843,-0.167328)
(0.0247871,-0.136548)
(0.0516369,0.0423324)
(0.0135908,-0.0167528)
(0.00366548,-0.0177401)
(0.140538,-0.128436)
(0.174823,-0.201049)
(-0.0479859,-0.0328889)
(-0.00104325,-0.091942)
(-0.046149,-0.11096)
(0.0258297,-0.0563145)
(0.0628717,-0.0506242)
(0.0921231,-0.0347711)
(-0.0427115,0.143962)
(0.155846,-0.204538)
(0.177785,-0.185425)
(0.0345064,0.113766)
(0.0399638,0.139053)
(0.00423804,-0.038943)
(0.00723019,-0.0497449)
(0.0286472,-0.0653671)
(0.145123,-0.212442)
(0.205963,-0.270216)
(-0.0601441,0.0317015)
(-0.0539257,-0.0728025)
(-0.031695,-0.102988)
(0.0126152,-0.053359)
(0.00576083,-0.0736219)
(-0.0828285,0.059776)
(-0.0059915,0.0572015)
(-0.00026213,0.0511173)
(-0.100369,0.0890545)
(0.02488,-0.00563248)
(0.0456591,-0.0132298)
(0.000312098,-0.0675135)
(-0.00299537,-0.0542949)
(0.0540401,-0.0424765)
(-0.0712414,-0.0941978)
(0.0198344,-0.044772)
(-0.0651702,0.159586)
(0.00573428,0.143448)
(-0.0692472,-0.106476)
(0.106825,-0.161767)
(0.242271,-0.231311)
(-0.0101624,0.0374696)
(0.000539024,0.0788812)
(0.0842325,-0.00480761)
(0.116044,-0.041296)
(0.0626909,-0.037171)
(0.0502019,-0.0155341)
(0.125632,-0.129185)
(-0.0302024,0.0352516)
(0.108228,-0.186659)
(-0.0624092,-0.040264)
(0.144156,-0.144843)
(0.0602526,-0.101411)
(0.0672761,0.00895641)
(0.0711641,-0.146294)
(-0.118897,-0.105839)
(-0.12456,-0.0609711)
(0.0176103,0.0169489)
(-0.00224569,0.050681)
(0.164758,0.0243474)
(0.128185,-0.0158131)
(0.0849331,-0.18863)
(0.0781194,-0.00662811)
(0.220784,-0.211409)
(0.0224592,0.033021)
(-0.0130472,0.146378)
(0.0246263,0.104991)
(0.0106257,0.0369588)
(0.0702114,-0.107254)
(-0.0153249,-0.140399)
(0.0673389,-0.0631306)
(0.111968,-0.0512768)
(0.0689588,0.065474)
(0.0474453,-0.0823573)
(0.00370597,-0.0597219)
(0.0641383,-0.0929613)
(-0.0126478,-0.108938)
(0.0927156,0.0288573)
(0.0287634,-0.0551339)
(0.0808203,0.0420003)
(0.0717515,-0.112797)
(-0.0599699,0.00886113)
(0.0165359,-0.123475)
(0.0148221,0.126132)
(0.109734,0.0991882)
(0.0574564,-0.0219899)
(0.0830916,-0.157653)
(0.0301143,-0.0639459)
(0.0597092,-0.0326427)
(0.0698602,0.0311629)
(0.0601762,-0.096114)
(0.0666868,0.101506)
(-0.00450291,0.0546477)
(0.0776186,0.0115064)
(0.0192279,-0.0313935)
(0.0590115,-0.0801082)
(0.0612572,0.0366441)
(0.065436,-0.0260338)
(-0.0860675,0.0816232)
(0.0503243,-0.0320445)
(0.0687698,-0.0852128)
(-0.0842562,0.10167)
(0.0315628,-0.0358586)
(0.0377455,0.00768758)
(0.0458072,-0.0686306)
(0.114202,-0.152422)
(-0.0221548,-0.0130038)
(0.194734,-0.200567)
(0.0310917,0.057889)
(-0.0238006,-0.0579775)
(-0.0818872,-0.0245567)
(0.0067342,-0.041427)
(0.107398,0.0201056)
(-0.00478932,0.0601244)
(0.00530317,-0.0349935)
(0.0136088,-0.0822116)
(0.0693046,-0.0949227)
(0.0148345,0.0285783)
(0.119969,-0.15484)
(0.093205,-0.0332646)
(-0.0396993,0.027259)
(0.0872911,-0.0339139)
(0.0639994,-0.0376405)
(-0.04542,-0.000876345)
(0.106022,-0.152371)
(0.0282394,0.0218837)
(0.0127068,0.0410101)
(0.18557,-0.219432)
(0.0353898,-0.0975982)
(0.0118035,-0.00494749)
(0.00200817,-0.0209956)
(0.0922415,0.0219314)
(0.150479,-0.148167)
(0.186815,-0.190189)
(0.237296,-0.208453)
(0.181597,-0.152615)
(0.0116776,-0.00481529)
(-0.0164684,0.0194818)
(0.0484603,-0.0198451)
(0.0843423,-0.0540355)
(-0.0210295,-0.0568533)
(-0.011124,-0.0459232)
(0.00495557,-0.0309129)
(-0.00470503,0.0438076)
(0.105933,0.0487166)
(-0.0438939,-0.0743773)
(-0.0152557,-0.0164907)
(0.0271985,0.0403373)
(0.0176197,0.0527042)
(0.008742,0.0469709)
(-0.0489404,-0.0457494)
(0.0397698,0.0161576)
(0.0911624,-0.0275214)
(0.0329213,0.00289839)
(-0.0526518,-0.0765843)
(0.0354478,0.00971221)
(-0.0244789,0.0634964)
(0.0286352,0.00990289)
(-0.0675861,0.127472)
(0.0271843,0.0133414)
(0.0157722,0.0884414)
(-0.0143127,0.0468565)
(0.0182205,0.0868573)
(-0.00552623,0.0399256)
(0.0473601,0.00497148)
(0.0374801,-0.00249658)
(0.0809712,-0.00607836)
(0.0515721,-0.01501)
(0.113931,0.0191546)
(0.158918,-0.187482)
(0.0956514,-0.00522755)
(0.15527,-0.182764)
(0.109302,-0.174046)
(-0.0397254,-0.0267979)
(0.0116273,-0.0496628)
(-0.00244394,-0.127433)
(-0.034975,-0.0469521)
(-0.0362987,-0.106666)
(-0.0404811,-0.0634409)
(-0.00176162,0.0262793)
(0.0384847,0.109484)
(0.033624,0.0772253)
(-0.0238516,-0.0380203)
(0.047384,-0.0934559)
(-0.0324129,-0.0448038)
(0.0832849,0.0159092)
(-0.00925599,-0.0208141)
(0.107342,-0.0186759)
(0.0905835,0.0214656)
(0.0851713,-0.0432975)
(0.0683908,-0.102491)
(0.131469,-0.202641)
(0.0590797,0.0901655)
(0.0331945,-0.105136)
(0.0200978,0.110624)
(0.0501495,-0.0718361)
(0.0390231,-0.0211555)
(0.048071,0.0936488)
(0.176875,-0.160757)
(0.103711,-0.165201)
(-0.00420813,0.0254851)
(0.126946,0.0328032)
(-0.00599619,0.0575055)
(0.00372619,-0.0406442)
(0.0298133,-0.0950558)
(0.0217098,-0.0999688)
(0.141181,-0.177288)
(0.0756294,-0.0206152)
(0.0665138,-0.106232)
(0.0574826,-0.0383755)
(0.0106905,-0.0949058)
(0.135453,-0.175453)
(0.00935192,-0.0759563)
(-0.0331097,-0.0341982)
(-0.0130845,-0.0300919)
(-0.0182483,-0.0182953)
(-0.0228664,0.109263)
(-0.00993597,0.0763693)
(-0.0247654,0.150752)
(-0.0813113,-0.0815063)
(0.0110348,-0.0275781)
(0.0251186,-0.0250509)
(0.13829,-0.169016)
(0.00572635,-0.01304)
(-0.0750356,-0.0742117)
(0.0103947,-0.000356619)
(-0.0304967,-0.119444)
(0.0339101,-0.155737)
(0.011853,-0.0237969)
(-0.0169029,0.00189556)
(0.239274,-0.330263)
(-0.0671233,0.15364)
(0.145052,0.0109241)
(-0.0333795,0.146168)
(0.153986,0.0163419)
(0.106875,0.0135727)
(0.0161812,-0.0595765)
(0.060426,0.024251)
(0.0343768,-0.118928)
(0.251943,-0.263129)
(0.050288,-0.0856649)
(0.0259795,-0.0448968)
(0.0899303,-0.0594806)
(0.0904326,-0.0680091)
(0.0800738,-0.0972875)
(0.0398966,-0.130924)
(0.0755209,-0.126077)
(0.0724286,-0.00499188)
(-0.022386,0.0277967)
(0.0896951,-0.139669)
(0.040363,-0.100584)
(0.0901567,0.0189022)
(-0.0564532,-0.0954621)
(-0.0147878,-0.0959363)
(-0.00694193,0.092218)
(0.000514958,0.0799405)
(0.00225771,0.0877624)
(0.0708012,0.00816478)
(-0.0671218,-0.022222)
(0.106484,-0.0156212)
(0.0587676,0.0033181)
(-0.0262945,0.0150198)
(0.00589515,0.0661092)
(0.0583407,0.0696591)
(0.0788721,-0.0409046)
(0.0495918,-0.048704)
(0.079916,-0.17182)
(0.127902,-0.275249)
(0.0202284,0.0934228)
(-0.00661906,-0.0473301)
(0.0250831,-0.0171715)
(-0.0404004,0.00936667)
(0.0114505,0.0527042)
(-0.0514215,-0.00986319)
(0.0027666,0.0578967)
(-0.0282117,0.0265391)
(0.158322,-0.200299)
(0.0405311,0.0149762)
(0.0921465,-0.0551846)
(0.10724,-0.0605161)
(0.0387936,0.000164693)
(0.017657,0.0479649)
(0.026526,0.0993262)
(0.110221,-0.00543328)
(0.0819023,0.0629311)
(0.0675463,0.0545681)
(0.0281998,0.110433)
(0.0335201,0.122653)
(-0.0316713,0.0393239)
(-0.0262966,0.0318522)
(0.067653,0.0804965)
(0.183777,-0.262604)
(0.192328,-0.320321)
(0.0497112,0.06056)
(-0.169313,-0.0516555)
(-0.0661981,-0.0410231)
(0.0586986,0.106046)
(-0.0665172,-0.0408668)
(0.00741393,-0.0291118)
(0.0128222,-0.0519973)
(0.0191422,-0.121583)
(0.0467939,0.035747)
(0.0490497,-0.100773)
(0.0381926,0.1009)
(0.0525675,0.0926104)
(0.0309447,0.144268)
(0.021957,-0.0294598)
(-0.05491,0.0246175)
(0.0157624,0.0426203)
(-0.0443843,0.0479685)
(-0.0435452,0.0119451)
(-0.0398361,-0.00367049)
(-0.0477066,-0.00172707)
(-0.0376974,0.0652815)
(0.175999,-0.157428)
(-0.0865561,-0.00970916)
(-0.104062,0.0209714)
(0.182024,-0.158028)
(0.210047,-0.178244)
(0.038859,-0.0328704)
(0.0622259,-0.00682258)
(0.0528548,-0.0559045)
(0.0188025,-0.0548797)
(0.015214,-0.0796539)
(-0.059477,-0.0367632)
(-0.0123579,-0.0300074)
(-0.0277709,0.0274813)
(-0.0442619,-0.0688644)
(0.109401,-0.0312703)
(-0.0293243,-0.0662074)
(0.216037,-0.204318)
(0.0721579,-0.0134896)
(0.00305176,0.0305725)
(0.00961411,0.00146886)
(-0.0458816,0.0851695)
(0.021456,0.0720369)
(-0.0837045,0.0119675)
(0.00365197,0.0771559)
(0.0405042,0.0573447)
(-0.00855546,0.0426528)
(0.0766243,0.104728)
(0.0491267,0.0674304)
(0.0613828,0.0258528)
(-0.0575523,0.0576588)
(0.120959,-0.0187848)
(0.0260203,-0.00235428)
(-0.0863395,0.114242)
(0.0132279,0.00194979)
(7.9593e-05,0.111671)
(0.0449428,0.00373646)
(-0.0396045,0.11866)
(0.0754356,-0.00811128)
(0.0806989,-0.00505585)
(-0.0384709,0.0644934)
(0.0245019,0.00012578)
(0.222741,-0.271512)
(0.132145,-0.14768)
(0.0327182,-0.128011)
(0.119257,-0.138079)
(-0.0481521,0.0492029)
(0.169029,-0.191893)
(0.241696,-0.281433)
(0.0321253,0.0756114)
(0.208586,-0.278134)
(0.197548,-0.22464)
(0.207003,-0.222054)
(0.107892,-0.0641797)
(-0.0648392,0.0261427)
(-0.00877605,0.0643165)
(-0.0134227,0.0422588)
(0.0607044,-0.096143)
(-0.00695363,0.0808518)
(-0.00846753,0.106166)
(-0.0775175,0.0159899)
(-0.0105897,0.132956)
(0.0293181,0.06879)
(-0.0354516,0.0738924)
(-0.0063097,0.0914037)
(0.0964231,-0.0976479)
(0.0335318,-0.127901)
(0.0722298,-0.140457)
(0.0538521,0.0317504)
(0.101206,-0.0661999)
(0.117424,-0.112032)
(0.0278009,-0.0373188)
(0.051278,-0.0236164)
(0.126248,0.0113095)
(0.00247233,-0.00150945)
(0.064526,0.00360427)
(0.0442493,-0.00925514)
(0.0840646,0.0176402)
(0.0379727,0.015587)
(0.0786045,-0.268103)
(0.0410019,-0.0439557)
(0.00547386,0.0134891)
(0.0235028,0.0245565)
(0.0780927,0.00219295)
(0.0726559,-0.115591)
(0.0540591,-0.0987302)
(0.0639788,-0.018445)
(0.0904118,-0.0292995)
(0.0462736,-0.121618)
(0.0301459,0.0153926)
(0.199903,-0.199611)
(-0.0366833,0.0369327)
(0.072876,-0.128278)
(0.0391235,-0.0501833)
(0.0479201,0.0532185)
(0.0742463,-0.0566985)
(0.0498333,-0.114131)
(0.196532,-0.215732)
(0.25868,-0.275345)
(0.199074,-0.256441)
(0.00521684,0.00889893)
(0.172852,-0.196418)
(0.00448648,0.00395167)
(-0.0342865,-0.0731144)
(0.00104276,-0.0161438)
(-0.0507566,0.005867)
(0.205901,-0.249)
(-0.0549634,0.0260109)
(-0.0833706,0.0371591)
(-0.0788225,0.00934686)
(0.191551,-0.218908)
(0.0116007,-0.0584643)
(0.0623442,-0.0755044)
(0.0571856,-0.159579)
(0.0232897,-0.0543577)
(-0.0903304,6.31503e-05)
(-0.0731283,0.08202)
(-0.0341855,-0.0594577)
(-0.0372047,-0.0712432)
(-0.0252837,-0.046146)
(0.0131366,-0.0578709)
(-0.0291656,-0.0471153)
(0.144342,-0.176134)
(0.156736,-0.210179)
(-0.045629,-0.0606666)
(0.0171198,-0.047872)
(0.0619042,0.0229661)
(-0.0206207,0.10728)
(0.0499815,0.0168799)
(0.0306549,-0.00406338)
(0.0471251,0.0320671)
(-0.0302475,-0.0702899)
(0.00944037,0.0477352)
(0.00925471,-0.0469881)
(0.017673,0.0455855)
(-0.0130849,-0.058678)
(-0.0115736,-0.0638262)
(-0.000676079,-0.0410118)
(0.0264282,0.0689824)
(-0.014187,-0.0129275)
(0.0105819,0.0251129)
(0.0993101,0.0496078)
(0.00391734,-0.00999477)
(-0.00219574,-0.0606012)
(0.0391703,-0.12846)
(0.0298661,-0.0391607)
(0.118601,0.0204783)
(0.175117,0.0968869)
(0.0210379,0.0451446)
(0.0125698,0.0162829)
(-0.019637,0.0101043)
(0.0209178,0.0662167)
(-0.020685,-0.0237454)
(-0.0552214,-0.00611993)
(0.00765644,0.0312694)
(-0.0318549,0.00520956)
(0.00107448,0.107417)
(0.00839882,0.0619796)
(0.0161561,-0.116013)
(-0.00131538,0.0642601)
(0.0140959,0.0211268)
(-0.026061,0.108999)
(0.0410286,-0.0920827)
(0.0334584,0.00420338)
(0.0429448,-0.0920503)
(0.0430975,0.00116214)
(0.0325975,-0.0827569)
(0.0337287,-0.0637089)
(0.0093164,-0.0611136)
(0.0550334,-0.075258)
(-0.0292625,-0.0668788)
(0.0905139,-0.161828)
(0.0467776,-0.109784)
(-0.0178096,-0.147919)
(0.0290342,-0.034489)
(0.0127053,-0.0642337)
(0.0387784,-0.095361)
(-0.0395374,-0.131703)
(0.116924,-0.193144)
(0.170233,-0.0496537)
(0.0236542,0.0224282)
(-0.0603198,0.0266371)
(0.0253687,-0.0344308)
(0.0640801,-0.101784)
(-0.0479426,-0.05851)
(0.0907703,-0.147952)
(0.115113,-0.186184)
(-0.0633626,-0.045494)
(0.171515,-0.13815)
(0.0688925,-0.130072)
(-0.00145807,-0.0494299)
(0.0724588,-0.0995052)
(-0.00804429,0.0221125)
(0.0713692,-0.0410205)
(0.0513664,-0.0757778)
(0.0194162,0.0812814)
(0.00269278,0.0883278)
(0.196684,-0.163374)
(-0.0056079,0.0331261)
(0.00104377,0.0632924)
(-0.0398289,-0.0235274)
(0.191423,-0.157636)
(0.0244874,0.065507)
(-0.00947365,0.0794668)
(-0.00895309,0.00835658)
(-0.00954045,-0.055751)
(-0.034763,0.112695)
(-0.00187082,0.0136666)
(0.0120047,-0.0545369)
(0.0436894,-0.161782)
(0.037062,-0.171678)
(0.0217704,0.053163)
(0.0233565,-0.00916868)
(-0.00780601,-0.0424102)
(-0.00692612,0.0155829)
(-0.0376336,-0.0476958)
(0.0734658,-0.110925)
(0.0207714,-0.0127958)
(0.0347823,0.0914001)
(0.0399117,0.055028)
(0.0316106,0.106008)
(-0.013786,-0.0183149)
(-0.0134934,-0.0036989)
(0.176473,-0.182916)
(-0.0364948,0.0575809)
(0.220675,-0.219665)
(0.0338851,0.0190552)
(0.0235542,0.00351141)
(0.0888006,-0.164118)
(-0.0207079,-0.031329)
(0.214881,-0.231249)
(0.115011,-0.155188)
(0.177046,-0.222021)
(0.117742,-0.210675)
(0.0333158,-0.0453558)
(0.105133,-0.100438)
(-0.0191353,-0.181109)
(0.129023,-0.180449)
(0.000256624,0.016493)
(0.032976,0.066466)
(0.0717352,-0.135822)
(-0.0171932,-0.0557747)
(-0.0453456,-0.0412501)
(0.100928,-0.175378)
(-0.0333052,-0.0426223)
(0.0105907,0.0911801)
(0.118884,-0.158287)
(0.0173339,-0.0871847)
(0.0440014,-0.115939)
(0.0835521,-0.130442)
(0.119625,-0.0581736)
(0.0502002,-0.141158)
(0.0531518,0.0363469)
(0.0489099,0.0225192)
(0.0160512,-0.0785291)
(-0.00340069,-0.0971579)
(0.0206852,0.0319618)
(0.0182591,-0.0196048)
(0.0462169,0.0415041)
(0.00237002,0.0121385)
(0.0133224,0.0374768)
(0.00479863,0.0160446)
(0.0222191,0.113625)
(0.00588282,0.079755)
(0.0556407,0.0810686)
(0.0379269,0.126275)
(0.0262253,0.0827562)
(0.0248335,0.0503288)
(0.0215789,0.0558308)
(0.125151,-0.125664)
(0.0195449,-0.179)
(0.076013,-0.210377)
(0.0799729,-0.0737478)
(0.0375407,0.0732054)
(0.114758,-0.115654)
(0.209275,-0.191246)
(0.0953933,-0.0866751)
(0.195854,-0.171383)
(-0.0412498,0.0711844)
(0.0382254,-0.0912884)
(0.138869,-0.193887)
(-0.0333916,0.0241446)
(0.0174538,-0.0476355)
(0.168877,-0.188475)
(0.0144152,-0.00375621)
(0.143787,0.0851271)
(0.0591037,0.0241749)
(0.0881071,-0.118861)
(0.0693704,-0.194595)
(-0.0129222,0.0567372)
(0.0429473,-0.152509)
(0.117737,-0.207337)
(0.0403151,-0.0470871)
(0.131173,-0.168652)
(-0.0243983,-0.0263924)
(0.136815,-0.17635)
(-0.0347619,0.0264214)
(-0.0118517,0.000680026)
(0.17172,-0.178713)
(0.0481833,0.0763567)
(-0.0116434,-0.0271971)
(-0.0124511,0.0271094)
(0.169215,-0.154236)
(0.089431,-0.192228)
(0.0707695,-0.134886)
(0.139153,-0.294548)
(-0.00682919,-0.00154969)
(0.00803706,-0.0329763)
(0.103112,-0.106224)
(0.0568309,-0.0237092)
(0.0592652,0.0533066)
(0.0367288,0.0498496)
(0.00915592,-0.0100325)
(0.0729623,0.0165967)
(0.0147803,-0.00330449)
(0.0269498,0.0118668)
(0.00502586,0.00457648)
(0.016745,-0.0312727)
(-0.00542106,-0.00727667)
(-0.0113291,-0.0206271)
(0.0759269,0.0874084)
(-0.0524904,-0.095444)
(-0.0580143,-0.0943843)
(-0.0514238,0.00063494)
(-0.0816441,-0.00492308)
(-0.0836119,-0.00416315)
(-0.0442892,-0.124231)
(-0.0257491,0.0317788)
(-0.0459406,-0.0935988)
(0.0660461,-0.0635784)
(0.114719,0.0828478)
(0.0809783,-0.0654782)
(0.156211,-0.0858152)
(0.0438284,0.037447)
(0.0676496,0.0848688)
(0.166742,-0.189684)
(-0.0204877,0.0233165)
(0.0530648,0.0582188)
(0.0797165,-0.0187773)
(0.113468,-0.134435)
(0.04883,0.00208834)
(0.0488919,0.0894396)
(0.0377005,0.0292846)
(0.107104,-0.0446852)
(0.0378896,0.062481)
(0.0500125,0.0550338)
(-0.070565,0.0857906)
(0.118695,-0.121539)
(0.0457175,0.00978262)
(-0.039798,-0.0278222)
(0.220627,-0.238706)
(-0.0421262,0.041956)
(-0.0186911,-0.0737616)
(0.178608,0.053378)
(0.14033,-0.155335)
(0.0765708,0.0590926)
(0.152305,0.120825)
(0.069413,0.181812)
(-0.0451871,0.179985)
(0.0878939,-0.18506)
(-0.0180904,-0.0344575)
(-0.00955692,0.0423044)
(0.0744992,-0.0894859)
(0.177809,-0.154133)
(0.19657,-0.169757)
(-0.023861,-0.00781644)
(0.137009,-0.131486)
(0.0780332,-0.168355)
(0.00153165,-0.0703319)
(0.0200898,-0.0633833)
(-0.0214839,0.0543168)
(0.00423601,-0.00734516)
(0.118445,-0.183353)
(-0.0234022,-0.00322884)
(-0.0197012,0.0885923)
(-0.0362535,-0.0187573)
(0.0848718,-0.164709)
(0.104918,-0.153833)
(0.140963,-0.161408)
(0.000376177,0.00834755)
(-0.010614,-0.00735056)
(0.111361,-0.261569)
(0.0974682,0.0602226)
(0.0721399,-0.169461)
(0.149279,-0.0453823)
(0.145727,-0.206159)
(0.118202,-0.159214)
(0.159549,-0.22761)
(0.114397,-0.10018)
(0.117361,-0.110715)
(0.214544,-0.231856)
(0.220865,-0.238004)
(0.0552282,-0.0431127)
(0.133385,-0.125449)
(0.16275,-0.146502)
(0.0339336,-0.0740652)
(0.0989043,-0.180976)
(0.0733959,-0.147087)
(0.147835,-0.270315)
(0.147741,-0.251197)
(0.146994,-0.21601)
(0.0298265,-0.152617)
(0.154567,-0.0840948)
(0.0986293,-0.191615)
(-0.0316588,-0.0276759)
(0.000374416,-0.0403297)
(0.00646701,0.00443271)
(0.232468,-0.2348)
(0.0259274,-0.0495394)
(0.02104,0.00866952)
(0.0184854,-0.0486033)
(0.236461,-0.227569)
(0.0361338,0.0689584)
(0.0143786,-0.0823816)
(0.203821,-0.228072)
(0.158919,-0.165672)
(0.0478139,-0.0980435)
(0.0985293,-0.144148)
(0.0390635,-0.0290372)
(0.0427347,-0.0534123)
(0.0899436,-0.177336)
(0.0361956,-0.0840972)
(0.125855,-0.137263)
(0.103226,-0.15749)
(-0.0366111,-0.0460256)
(0.143497,-0.233862)
(0.0278592,-0.0798295)
(0.0819949,0.0795465)
(0.0752699,-0.153516)
(0.105947,-0.19856)
(0.0402226,-0.0796145)
(0.0978672,-0.223989)
(0.0524318,0.0227243)
(0.060711,0.0743258)
(0.0723541,0.0448494)
(0.0540239,-0.160689)
(0.0202277,0.00158709)
(0.0621196,0.0675206)
(0.0182567,0.00611342)
(0.0141805,-0.15172)
(0.0529472,0.0703605)
(0.184409,-0.150856)
(-0.0736515,0.00958072)
(-0.0709439,-0.000643552)
(0.0986392,-0.0940433)
(0.103422,-0.178239)
(0.051772,0.0849795)
(-0.0136664,0.0323827)
(-0.0192853,0.0131773)
(0.0818843,-0.0498424)
(-0.0142968,0.00987498)
(0.0395722,0.103779)
(0.0331754,0.0564877)
(0.0836266,-0.0993817)
(0.110806,-0.222546)
(-0.0356298,-0.0320168)
(0.100106,-0.176257)
(-0.050753,-0.116889)
(-0.0582861,-0.101606)
(-0.00625964,-0.0689721)
(0.0241763,8.37324e-05)
(-0.0402582,-0.0486886)
(0.017526,-0.0394024)
(-0.0405009,-0.0279668)
(0.0261469,0.0356943)
(-0.0220375,0.0346182)
(-0.0495056,-0.018227)
(-0.0186823,0.0104948)
(-0.0278145,-0.00626671)
(0.153706,-0.212214)
(0.132992,-0.216123)
(-0.0370712,-0.0622586)
(0.032386,-0.0808856)
(0.0252513,-0.0888003)
(0.059764,-0.135735)
(0.161756,-0.174589)
(-0.0535221,0.0468382)
(0.0605008,0.0850932)
(0.0372825,0.0910979)
(0.061321,0.0453322)
(0.16738,-0.276299)
(-0.0716416,0.0695052)
(0.0295578,-0.0560974)
(0.0323165,-0.026755)
(0.0248874,-0.0417649)
(0.137859,-0.208773)
(0.0275885,0.0744832)
(0.00476532,-0.067721)
(0.0402528,-0.00727704)
(0.0261538,-0.070071)
(0.0273535,-0.0597089)
(0.158342,-0.249094)
(0.161068,-0.186579)
(0.281464,-0.335381)
(0.0152781,-0.0999503)
(-0.00412811,0.0652807)
(0.158547,-0.177284)
(0.0856329,-0.110941)
(0.125415,-0.152478)
(0.181074,-0.219046)
(-0.0403313,-0.0467369)
(0.037035,-0.152018)
(0.0381482,-0.133947)
(-0.0230721,-0.0396824)
(0.0304634,-0.128409)
(0.030024,-0.091884)
(0.0537291,-0.142822)
(0.0568319,-0.125163)
(0.0347068,-0.0971222)
(0.235359,-0.262106)
(0.0213646,-0.120242)
(0.0821918,-0.00829239)
(-0.0133419,-0.117779)
(0.241166,-0.279366)
(0.139773,-0.177864)
(0.149413,-0.183391)
(0.0479366,-0.00335709)
(0.0507735,-0.0915007)
(0.0256911,-0.0429927)
(0.200845,-0.181119)
(0.0803856,-0.181799)
(0.00564666,-0.083938)
(0.0429398,-0.0937821)
(0.257015,-0.227201)
(0.0187257,-0.0967525)
(0.0588647,-0.140886)
(0.224205,-0.184231)
(0.18149,-0.146481)
(0.0912812,-0.0339074)
(0.0623021,-0.0774237)
(0.0376058,-0.0039058)
(-0.0405243,-0.108435)
(-0.0380021,0.120435)
(-0.0157156,-0.0162472)
(-0.0716967,0.124364)
(0.14887,-0.174884)
(0.161005,-0.207201)
(0.187822,-0.226444)
(0.174557,-0.206283)
(0.139016,-0.153054)
(0.021571,-0.0726759)
(0.0691918,-0.17035)
(0.0174709,-0.0661327)
(0.0920642,-0.185255)
(-0.0746691,-0.0870146)
(-0.061092,-0.0622355)
(0.0240043,-0.0881217)
(0.165091,-0.166766)
(0.179541,-0.182345)
(0.146391,-0.147097)
(0.160501,-0.150844)
(-0.0166812,-0.0259107)
(0.127501,-0.189339)
(0.00756097,-0.11589)
(-0.0593241,0.0141103)
(-0.0583471,0.0626206)
(0.0638601,-0.0969025)
(0.0206262,-0.0479063)
(-0.0563649,0.0392116)
(0.0565857,-0.090109)
(-0.0334974,0.0483904)
(0.043037,-0.187314)
(0.126382,-0.146456)
(-0.0212392,0.0619045)
(0.182101,-0.183508)
(0.0728066,-0.12944)
(0.185161,-0.174418)
(0.00431095,-0.050372)
(0.0924478,-0.13306)
(0.105562,-0.0614136)
(0.165706,-0.176539)
(0.173005,-0.0235777)
(0.0186092,-0.0398666)
(0.149243,-0.218073)
(0.0628592,-0.109712)
(0.130376,-0.195003)
(0.179319,-0.174178)
(0.249183,-0.247856)
(0.180935,-0.208828)
(0.0537499,0.034634)
(0.048747,-0.0499253)
(0.0523421,0.0531347)
(-0.0319932,-0.0947598)
(-0.00571716,-0.0945131)
(0.0437188,-0.0076094)
(0.0448809,-0.0569688)
(0.186581,-0.248101)
(0.177907,-0.317203)
(0.0447723,0.0177709)
(0.17847,-0.311675)
(0.0621991,0.0830819)
(0.20355,-0.23641)
(0.23697,-0.255427)
(0.0744537,-0.0289455)
(0.110355,-0.162863)
(0.111812,-0.16539)
(0.0167922,0.0721681)
(0.237545,-0.211864)
(0.0264545,0.0445231)
(0.197658,-0.183354)
(0.00264649,0.113869)
(0.194015,-0.323971)
(0.00118771,0.0948184)
(0.196741,-0.301282)
(0.00146584,0.112032)
(0.0236998,-0.00426073)
(0.0414932,0.00570846)
(0.0149562,0.0320142)
(0.202836,-0.233692)
(-0.010101,0.0203515)
(0.178345,-0.205236)
(0.174011,-0.191886)
(-0.0389766,0.0274724)
(0.202471,-0.236319)
(0.150162,-0.197628)
(0.16906,-0.221189)
(0.0163121,0.0439567)
(0.143043,-0.181827)
(0.0978405,-0.0607334)
(0.08376,-0.032762)
(0.089013,-0.0370985)
(0.0301823,0.151488)
(0.111046,-0.0829794)
(0.0322978,0.169232)
(0.0793224,-0.0442864)
(0.179005,-0.22451)
(0.034766,0.00337055)
(0.217566,-0.1913)
(0.141964,-0.161453)
(0.149425,-0.178131)
(0.0457205,-0.0288179)
(-0.000203046,-0.1181)
(0.0602423,-0.0375175)
(0.194765,-0.160063)
(-0.00242953,0.0966431)
(0.203019,-0.166382)
(0.0522027,-0.119392)
(-0.00906386,0.0818279)
(-0.00478346,0.0535723)
(0.108583,-0.187762)
(-0.00246559,0.0938396)
(0.0707488,-0.0145797)
(0.0552835,-0.100194)
(0.135134,-0.179476)
(0.156201,-0.153811)
(0.182653,-0.263602)
(0.153641,-0.161373)
(0.18532,-0.174389)
(0.0282273,-0.0224983)
(0.137281,-0.229621)
(0.063325,-0.191425)
(0.0507732,-0.0482213)
(0.129447,-0.184392)
(0.0982295,-0.212835)
(0.133443,-0.190982)
(0.114453,-0.243245)
(0.0757461,-0.0661151)
(0.0209659,-0.0649096)
(0.020422,-0.00781042)
(0.0183364,-0.132596)
(0.0246801,-0.11859)
(0.13093,-0.0957202)
(0.13362,-0.109777)
(0.134859,-0.181644)
(-0.0547604,-0.0764077)
(-0.0511019,-0.0905119)
(0.113213,-0.091413)
(0.0628106,0.0112661)
(0.0686836,-0.015661)
(0.0622314,0.0502514)
(0.0632726,-0.00626074)
(0.164514,-0.249905)
(0.0537554,-0.0287382)
(0.0461488,-0.014525)
(0.233754,-0.214849)
(0.208139,-0.209038)
(-0.0144163,-0.0192272)
(0.0423141,-0.02778)
(0.0714776,-0.00300679)
(0.0398958,-0.0269629)
(-0.0116892,0.0167575)
(0.184427,-0.181008)
(0.209197,-0.200623)
(0.180712,-0.225948)
(0.200114,-0.195772)
(0.0378186,0.0382609)
(0.129963,-0.195655)
(0.189763,-0.178062)
(0.0655952,-0.0409371)
(-0.00829702,0.0127866)
(-0.0452367,-0.028708)
(0.251434,-0.219874)
(0.097262,-0.1432)
(0.113233,-0.151395)
(0.0899725,-0.13691)
(0.105136,-0.152082)
(0.146816,-0.213196)
(0.1788,-0.161011)
(0.217973,-0.190197)
(0.143123,-0.217602)
(0.120128,-0.187702)
(0.229256,-0.232427)
(0.136848,-0.213416)
(0.105928,-0.0971515)
(0.121802,-0.109021)
(0.168519,-0.196078)
(0.111593,-0.106416)
(0.179423,-0.20738)
(0.0399407,0.0607324)
(0.0111007,0.0144391)
(0.0823416,-0.0927925)
(0.100125,-0.106462)
(0.0372457,-0.179437)
(-0.00777949,-0.0945683)
(-0.0253535,-0.0852287)
(-0.00538795,-0.0508046)
(-0.0619364,-0.0977246)
(0.175207,-0.16376)
(-0.0156316,-0.0748891)
(-0.0506707,-0.102463)
(0.175881,-0.178904)
(-0.0345211,-0.0976931)
(0.0707128,-0.120965)
(0.0668339,-0.107724)
(0.0708672,-0.122654)
(-0.0612612,-0.0712597)
(0.0990886,-0.14603)
(0.0730046,-0.138661)
(-0.0332254,-0.039379)
(0.0719667,-0.0645343)
(0.00972365,-0.0225187)
(-0.0398046,-0.0557235)
(0.166128,-0.183263)
(0.154667,-0.1411)
(0.258542,-0.248375)
(0.219062,-0.215321)
(0.180675,-0.195392)
(0.169455,-0.161883)
(0.151702,-0.157705)
(0.193205,-0.198296)
(0.181094,-0.192547)
(0.183219,-0.171822)
(0.113707,-0.0447562)
(0.148037,-0.238386)
(0.113504,-0.0185055)
(0.190853,-0.220305)
(0.203911,-0.226421)
(-0.0188042,0.00910988)
(0.0143197,-0.0185958)
(0.046105,0.0315502)
(0.120618,-0.133016)
(0.0529684,-0.143302)
(0.0864938,-0.143443)
(0.0681092,-0.132725)
(0.0814239,-0.149817)
(0.075568,-0.128549)
(0.0356752,-0.112988)
(0.132678,-0.0546528)
(0.0566327,-0.136103)
(-0.0551066,0.0769675)
(-0.031288,0.122666)
(-0.041326,0.191949)
(0.18018,-0.195796)
(-0.058069,0.0797523)
(0.160843,-0.223291)
(0.162967,-0.194992)
(-0.064144,-0.0138384)
(0.0648833,0.0159802)
(-0.0307901,-0.0342364)
(0.141325,-0.137704)
(0.0220398,0.0437179)
(-0.034365,-0.0492883)
(0.124717,-0.159685)
(0.124561,-0.164392)
(0.0980252,-0.129873)
(0.0191174,-0.101271)
(-0.0483144,-0.0959277)
(0.0407361,-0.155627)
(0.0265141,-0.149734)
(0.046201,-0.0923959)
(0.124642,-0.158317)
(0.176539,-0.199506)
(0.176612,-0.196649)
(0.0376467,0.0738466)
(0.169508,-0.132836)
(-0.0717566,-0.0358533)
(0.0129697,0.0927007)
(0.0235791,0.106111)
(-0.020011,-0.0380257)
(-0.0636844,0.0461087)
(0.0583586,-0.191586)
(0.108008,-0.190032)
(0.187902,-0.203304)
(0.16246,-0.153929)
(-0.0160367,-0.0113123)
(0.16049,-0.144301)
(-0.0436613,-0.0248766)
(0.150642,-0.163776)
(0.147984,-0.190131)
(-0.00653616,-0.033569)
(0.178032,-0.158298)
(0.152132,-0.169773)
(0.17751,-0.153156)
(0.142442,-0.130278)
(0.167477,-0.141872)
(0.143263,-0.245979)
(0.176958,-0.268553)
(0.142557,-0.201322)
(0.149343,-0.134783)
(-0.033721,-0.0900293)
(0.185198,-0.15905)
(0.182426,-0.20523)
(0.0134419,-0.0660102)
(0.0773037,-0.0618524)
(0.0303258,-0.0948547)
(-0.048433,-0.0479735)
(0.128742,-0.144121)
(0.174502,-0.160894)
(0.147756,-0.166398)
(0.137334,-0.128263)
(0.11204,-0.164465)
(-0.0436292,0.0262846)
(-0.0373394,-0.00783957)
(0.172397,-0.225132)
(0.0846734,-0.129914)
(0.123509,-0.183992)
(0.167829,-0.137286)
(-0.0237168,0.0419412)
(-0.0695771,-0.0836439)
(0.111031,-0.109646)
(0.0753466,-0.0777529)
(0.113256,-0.106989)
(0.0607142,-0.0800628)
(0.183781,-0.152691)
(0.194779,-0.15909)
(0.162898,-0.133216)
(0.0058219,0.0740428)
(0.116226,-0.21326)
(0.166333,-0.225505)
(0.114749,-0.193434)
(-0.076737,-0.084913)
(0.029969,-0.0176525)
(0.0619302,-0.0464706)
(0.197523,-0.165056)
(0.189286,-0.254414)
(0.165432,-0.198868)
(0.16169,-0.199113)
(0.193985,-0.182857)
(-0.0659062,-0.0710426)
(0.158332,-0.185182)
(0.124033,-0.161746)
(-0.0493304,-0.0566918)
(0.146331,-0.115903)
(0.198071,-0.156704)
(-0.00583166,0.0462682)
(0.040239,-0.109361)
(0.176055,-0.145589)
(0.0119961,-0.064799)
(0.0512779,-0.092176)
(0.155298,-0.123882)
(-0.0290003,0.0882173)
(8.42955e-05,-0.0100787)
(0.00406968,0.0421333)
(-0.0364852,-0.0628064)
(0.238984,-0.218788)
(0.0862526,-0.127493)
(0.0582541,-0.117068)
(0.0754463,-0.105284)
(0.127328,-0.157931)
(0.00889441,-0.0727672)
(0.00111837,0.0523812)
(0.0434874,-0.0953624)
(0.0702305,-0.110447)
(0.0812265,-0.0890052)
(0.0600559,-0.112935)
(0.0388674,-0.0966771)
(0.0367368,-0.141572)
(0.0118952,-0.0494111)
(0.00245752,-0.0820471)
(0.0333546,-0.116256)
(0.16575,-0.179998)
(-0.019899,-0.00507219)
(0.16999,-0.182032)
(0.0194605,-0.0400785)
(0.00454549,-0.0359963)
(0.0574341,-0.201589)
(0.191574,-0.180457)
(0.0881223,-0.211805)
(-0.0332412,-0.0831806)
(0.0461477,0.0539028)
(0.00939335,0.0436173)
(0.0260796,0.049931)
(0.056402,-0.0701956)
(0.0102785,-0.003317)
(0.209831,-0.186704)
(0.00556978,-0.0257454)
(0.214978,-0.189649)
(0.0377297,0.0577993)
(0.0511753,0.0263034)
(0.262384,-0.274215)
(0.0192641,-0.143733)
(0.0232111,-0.135795)
(0.0844109,-0.11586)
(-0.00885001,0.0326422)
(0.113637,-0.159884)
(0.078681,-0.148469)
(0.0361052,-0.083172)
(0.0289239,-0.143548)
(0.235309,-0.229305)
(0.0733849,-0.0967008)
(0.200206,-0.191944)
(0.039112,-0.143761)
(-0.00909194,0.00563938)
(0.0126178,0.0137791)
(-0.00959627,-0.00106799)
(-0.000744203,0.0132838)
(-0.088988,0.0303574)
(0.0689162,-0.0879211)
(-0.0596661,-0.0386439)
(-0.105761,0.10493)
(-0.0122502,-0.08155)
(0.192886,-0.242098)
(0.208028,-0.309517)
(-0.0292847,-0.0682799)
(0.136696,-0.324457)
(0.120037,-0.236905)
(0.141754,-0.216725)
(0.0249936,-0.00283461)
(-0.0239414,-0.123517)
(0.158592,-0.189007)
(-0.0441027,-0.11742)
(0.0137059,-0.104808)
(-0.0464091,-0.0182055)
(-0.0575073,-0.0448432)
(0.0222511,-0.101394)
(0.0337681,-0.0535094)
(0.110926,-0.170652)
(0.0804849,-0.201661)
(0.0365582,-0.101072)
(0.0819861,-0.156635)
(0.0454305,-0.135784)
(0.0206467,-0.0758791)
(0.0965685,-0.173253)
(0.0240959,-0.092938)
