1620
(0.112219,-0.0844027)
(0.126561,-0.0567698)
(0.014178,-0.0477235)
(0.127346,-0.0709468)
(-0.0189635,0.0658722)
(0.0438244,-0.0338135)
(0.201937,-0.0728043)
(0.00930141,-0.0337683)
(0.0903809,-0.0572743)
(0.0421596,-0.0766081)
(0.115756,-0.0613422)
(0.129545,-0.0611755)
(-0.029298,0.0506569)
(0.0488112,-0.00320548)
(0.021414,-0.0263424)
(0.0535663,-0.0775807)
(0.0325335,-0.0385977)
(0.0319708,0.0579457)
(0.0458524,0.032567)
(0.0509663,0.0578132)
(0.0375323,0.0169178)
(0.0310824,0.0304287)
(5.44778e-05,0.00587965)
(0.112843,-0.0202018)
(0.0243712,-0.0201747)
(-0.00149879,0.0171388)
(-0.0199319,-0.0101659)
(0.00839696,-0.042421)
(0.0975176,-0.0119468)
(0.0272131,-0.0525884)
(-0.0459037,0.0224737)
(-0.0337366,-0.0669367)
(0.128494,-0.068429)
(0.0151355,0.0418802)
(0.0849957,-0.072733)
(0.0648824,-0.0215549)
(0.14581,-0.126932)
(0.0519759,0.0726834)
(0.0522177,0.0561872)
(-0.0568544,-0.0211609)
(0.156005,0.10219)
(-0.0546447,0.00744938)
(-0.0469887,0.0426288)
(-0.0519404,0.0298082)
(0.0929581,-0.063874)
(0.0727821,-0.0597661)
(0.0749176,-0.0645701)
(-0.0012296,0.00990925)
(-0.00200113,-0.00567705)
(-0.0145647,0.00776257)
(0.0429938,-0.0396435)
(-0.0320179,0.0357371)
(0.0466326,-0.00253047)
(0.0370806,0.0140311)
(0.0330752,-0.0462279)
(0.0107286,-0.0282602)
(0.129383,-0.0483711)
(-0.0233836,0.036668)
(0.0176372,-0.0177157)
(0.0822637,0.152232)
(-3.30859e-06,-0.0345798)
(0.23447,-0.15119)
(0.0691812,-0.0347012)
(0.214904,-0.140467)
(0.056198,-0.0408889)
(0.0216437,-0.0393121)
(-0.0122814,-0.072353)
(-0.0507526,-0.079875)
(-0.0116927,-0.037219)
(0.0563423,-0.0143655)
(0.0186907,-0.0838776)
(-0.0105388,-0.0515864)
(0.0358191,0.11554)
(-0.0457508,0.00109093)
(0.258503,-0.0906421)
(0.0287117,-0.0539689)
(0.106485,0.101935)
(0.00315798,-0.0432286)
(0.0492159,-0.0255782)
(0.041262,-0.0769696)
(0.0308596,-0.00861783)
(-0.0299884,0.00149958)
(0.0114703,0.0109032)
(0.0415179,-0.0526375)
(0.0128431,-0.0526965)
(-0.0410832,-0.0151075)
(-0.0480594,0.0064041)
(-0.0267186,0.100922)
(0.0669616,0.0189713)
(0.0932657,0.109094)
(0.00563607,-0.00892572)
(-0.0106577,0.0741674)
(0.109235,-0.0690427)
(0.134569,-0.135279)
(0.144291,-0.123764)
(0.13497,-0.0985025)
(0.0524911,-0.0337516)
(0.301288,-0.110087)
(0.0334746,-0.0362965)
(0.0299003,-0.0212959)
(0.0223353,0.106252)
(0.0715858,-0.0473081)
(0.0207673,-0.0575997)
(0.0253778,-0.0472472)
(0.0536872,0.00497785)
(0.325073,-0.139444)
(0.100365,-0.0718119)
(0.0694707,-0.0668162)
(0.0161756,0.00417089)
(0.0683244,-0.0584145)
(0.00739758,0.032513)
(0.276562,-0.138101)
(0.222055,-0.114044)
(-0.034569,0.012723)
(0.17446,-0.127044)
(0.153361,-0.125859)
(0.144217,-0.118871)
(0.200111,-0.113736)
(-0.0200264,-0.0289363)
(0.466458,-0.0831266)
(0.185279,-0.117562)
(-0.0099416,0.000801558)
(0.281465,-0.092537)
(0.143371,-0.0673705)
(0.258573,-0.0974689)
(0.0330914,-0.128753)
(0.100781,-0.0506395)
(0.0817627,-0.0277679)
(0.226845,-0.0807245)
(-0.00470683,-0.0347302)
(-0.000651824,-0.0524502)
(-0.031682,0.00917548)
(-0.016882,-0.0228481)
(-0.0501793,0.116008)
(-0.0305597,0.108079)
(-0.0339912,-0.0106077)
(-8.42099e-05,-0.000502504)
(-0.0729822,-0.0673315)
(0.300096,-0.0672001)
(0.0845131,-0.0657461)
(0.110183,-0.0689005)
(-0.0305155,-0.0484031)
(-0.0637652,-0.0937865)
(-0.0641645,-0.00729158)
(-0.0171359,-0.0288229)
(-0.0449047,-0.0100377)
(0.0391764,-0.0385252)
(0.160612,-0.0697258)
(0.143982,-0.0737993)
(-0.00166112,-0.0193313)
(0.398732,-0.0728162)
(0.0927379,-0.100398)
(0.547699,-0.0966743)
(0.291191,-0.0631091)
(0.388646,-0.110474)
(0.143794,-0.0723784)
(0.232199,-0.102577)
(0.271774,-0.0703906)
(0.19565,-0.0520683)
(0.114737,-0.072903)
(0.131332,-0.0729742)
(0.0974783,-0.0685859)
(0.123237,-0.073696)
(-0.014969,0.00775808)
(0.0210999,-0.0503016)
(0.0687551,-0.0579281)
(-0.0564767,0.0562576)
(-0.0697064,0.0923702)
(-0.0599947,0.0582167)
(-0.0636505,0.060848)
(-0.066321,0.0673269)
(-0.090156,0.0983922)
(0.310516,-0.07766)
(0.347317,-0.0829837)
(0.353255,-0.0906274)
(0.373942,-0.110918)
(-0.00338922,-0.0491299)
(0.0106846,-0.0603188)
(-0.0206205,-0.0666119)
(-0.0194338,-0.0948325)
(0.0165596,0.000975329)
(0.182656,-0.102795)
(0.171714,-0.0886808)
(0.108214,-0.0627199)
(0.1138,-0.064115)
(-0.00309024,-0.0559865)
(-0.0167533,-0.0212109)
(0.220027,-0.0974931)
(0.192916,-0.0933968)
(0.342341,-0.10589)
(0.32848,-0.0889888)
(0.300074,-0.0397362)
(0.432575,-0.0588075)
(-0.015273,-0.0079533)
(0.0116841,0.0222538)
(-0.0779831,0.10318)
(-0.0762582,0.152764)
(0.113803,-0.085965)
(-0.0147256,0.00971376)
(0.0639585,-0.0889529)
(0.00881097,-0.0239362)
(0.00859646,-0.0234032)
(0.0040958,0.00421027)
(0.0172022,-0.0363134)
(-0.000556667,-0.0505577)
(0.026052,-0.0384773)
(0.474451,-0.111182)
(0.470049,-0.10446)
(-0.0643486,0.0326599)
(0.186755,-0.109063)
(0.00943529,0.00596855)
(0.268524,-0.0585781)
(0.266877,-0.0606684)
(0.0746605,-0.0420486)
(0.109042,-0.0201022)
(-0.0688133,-0.0305017)
(-0.0722238,-0.0891948)
(0.296991,-0.0506302)
(0.387363,-0.0568968)
(-0.0196354,0.0220278)
(-0.0209456,-0.0667223)
(0.0229704,-0.0142095)
(0.0346293,-0.0231388)
(0.643042,-0.104873)
(-0.0479499,-0.041739)
(-0.0264873,-0.0329055)
(0.478321,-0.0825401)
(0.00243455,-0.0397547)
(0.0136763,-0.081525)
(-0.0381875,-0.0294633)
(-0.0343914,-0.0560805)
(0.281185,-0.0726412)
(0.271692,-0.0792228)
(0.394921,-0.101279)
(0.437137,-0.107785)
(0.0573134,-0.0310996)
(-0.12063,-0.0375966)
(-0.075997,-0.0330376)
(0.271561,-0.0924854)
(0.019771,0.0234605)
(-0.0358282,0.080967)
(-0.0252792,-0.0945665)
(0.0957581,-0.104926)
(0.128303,-0.121529)
(0.0433836,-0.145005)
(-0.0324966,0.0413789)
(0.0272191,0.0793687)
(0.093459,-0.139091)
(0.0583907,-0.0227378)
(0.0660617,0.0057922)
(0.0446071,0.0266483)
(-0.0540537,0.101855)
(0.0208504,0.0121157)
(0.00997655,0.0212284)
(-0.0527314,0.0683521)
(0.135929,-0.0593686)
(0.195136,-0.0788116)
(-0.0394141,-0.00555017)
(0.0567862,0.0455999)
(0.0443698,0.114662)
(0.0376456,0.0302765)
(0.0662809,0.0863215)
(0.00719668,-0.00842672)
(0.0187396,0.0288462)
(0.469561,-0.118185)
(0.0184765,0.0281395)
(0.105442,-0.00952772)
(0.0213767,-0.0280035)
(0.0238204,0.00375994)
(-0.00170951,-0.0447352)
(0.0153523,0.00798288)
(0.0127287,0.0154499)
(-0.0262422,-0.019067)
(-0.0920178,-0.0768834)
(-0.0579731,-0.0502504)
(0.212125,-0.0688515)
(-0.0882584,-0.0384792)
(-0.0298222,-0.00987806)
(-0.116918,0.0217834)
(0.0171445,0.00180838)
(0.00974588,-0.00972541)
(0.00913776,-0.0252521)
(0.0172588,-0.0192949)
(0.0366972,-0.0371889)
(0.0512847,0.0506408)
(0.0824668,-0.107125)
(0.0648969,-0.126312)
(-0.00389255,0.084835)
(0.0225694,0.00448546)
(0.0372479,0.0543549)
(-0.0162964,-0.0474049)
(0.0163406,-0.00175121)
(-0.0173705,-0.0278281)
(-0.133045,0.0380028)
(0.0876403,0.0524373)
(0.0512956,-0.0438095)
(0.0876368,0.0665982)
(0.0366553,-0.0582328)
(0.00641597,0.0706052)
(-0.0633261,-0.0129894)
(-0.10305,0.0116855)
(0.0258011,-0.0458827)
(-0.00520624,0.0401928)
(0.00642109,0.0203924)
(0.0135025,0.00720998)
(0.00606767,0.072596)
(-0.0356628,0.022262)
(0.25689,-0.102152)
(-0.0236737,-0.0318831)
(-0.0221754,-0.0413823)
(0.0475471,-0.0277758)
(0.00565406,0.0381972)
(-0.00866414,-0.0559539)
(0.0804627,0.00288264)
(0.000435095,0.054982)
(-0.0133668,0.0676932)
(0.0126232,-0.0430059)
(0.00514091,-0.0880889)
(-0.00510342,0.0429664)
(0.261692,-0.0904621)
(-0.0270592,0.0042105)
(0.0587008,0.075345)
(-0.0441852,-0.0770635)
(-0.00432337,0.0361677)
(0.0264309,0.0717156)
(0.0611217,0.0928828)
(0.00834197,-0.00649763)
(0.0395939,-0.0372531)
(0.0798782,-0.0249351)
(0.04807,0.00891625)
(0.0312463,-0.0816643)
(-0.136782,0.106261)
(-0.131371,0.164001)
(0.00802166,0.000830407)
(0.100858,0.0420412)
(0.218468,-0.0866457)
(0.155537,0.00627152)
(0.0547672,0.0296151)
(0.0968175,0.0503064)
(0.132476,0.0650382)
(0.078786,-0.0568722)
(0.127969,-0.0187956)
(0.0328785,0.0258801)
(0.100924,0.0574599)
(0.0565584,0.0359721)
(0.0398438,-0.0487355)
(0.0096599,-0.0173063)
(0.0747213,-0.0191808)
(0.0469162,-0.0158082)
(0.266112,-0.0768398)
(0.264913,-0.147872)
(0.245241,-0.129741)
(-0.0183372,0.0826512)
(0.0299665,-0.10767)
(0.355261,-0.119757)
(0.0978811,0.0137744)
(0.0969314,0.0497751)
(0.0244834,-0.030417)
(0.0446115,-0.0154096)
(-0.01333,-0.0623294)
(0.2384,-0.0846322)
(0.12993,-0.0924908)
(0.0299982,0.0829737)
(0.06399,-0.0751801)
(0.0105717,-0.00710798)
(0.183193,-0.0670217)
(0.2524,-0.097773)
(-0.0368079,-0.0789937)
(0.0534587,-0.0415785)
(0.0289041,-0.0330521)
(0.109855,-0.0399341)
(0.0126495,-0.00131623)
(0.00765586,0.0244098)
(-0.0835462,0.184834)
(0.259189,-0.0959424)
(0.260328,-0.114484)
(0.00171396,0.0338259)
(-0.014341,0.0552598)
(0.00236325,-0.0424104)
(0.028429,-0.0543335)
(-0.00904867,-0.0448693)
(0.259403,-0.109886)
(0.378491,-0.144554)
(-0.0451312,0.0212305)
(-0.0149568,-0.0648169)
(0.028121,-0.0526575)
(0.0163725,-0.0525999)
(0.0443816,-0.0810638)
(-0.0299901,0.038853)
(0.00443544,0.0113121)
(0.00275566,-0.000266066)
(-0.0239689,0.0849904)
(0.0572706,-0.0602198)
(0.0546462,-0.0479444)
(0.0402993,-0.0666674)
(0.040227,-0.0633317)
(0.0441414,-0.0570586)
(-0.0144953,-0.0677836)
(0.0436236,-0.0754277)
(0.0118205,0.14272)
(0.0156109,0.146097)
(-0.128342,-0.065446)
(0.0765148,-0.0924763)
(0.498729,-0.0898713)
(0.00722851,0.0845005)
(0.0266215,0.0407433)
(0.0462292,-0.00530411)
(0.0228578,-0.0168193)
(0.0320817,-0.0778172)
(-0.00204275,0.11108)
(0.0484144,-0.0853018)
(-0.000286311,-0.018749)
(0.110416,-0.109916)
(-0.0342821,-0.0327099)
(0.336081,-0.0848659)
(0.0495226,-0.0160183)
(0.0455132,-0.0338817)
(0.135994,-0.112013)
(-0.0615636,-0.0667133)
(-0.0714277,-0.0376295)
(0.0105562,-0.00614487)
(0.00785637,0.00112013)
(0.149329,0.104807)
(0.0441532,0.0615925)
(0.148404,-0.127394)
(0.0489414,-0.0347079)
(0.494988,-0.0857738)
(0.0307183,0.0282078)
(-0.0620556,0.190577)
(-0.0369984,0.168871)
(0.0166825,0.00780853)
(0.12376,-0.109145)
(0.0353203,-0.0653834)
(0.10655,-0.118813)
(0.0779488,-0.075362)
(0.0322077,0.0496296)
(0.00558517,-0.0193224)
(0.0411464,-0.0361313)
(0.026936,-0.0362198)
(-0.123559,-0.0647904)
(0.100303,0.082773)
(-0.00823147,0.00134683)
(0.0271201,0.070029)
(0.0368646,-0.0405062)
(-0.0851499,0.0146013)
(-0.0910241,-0.0786197)
(-0.0287768,0.0480548)
(0.107387,0.12489)
(0.0332426,-0.0299353)
(0.136888,-0.0993932)
(0.0647843,-0.0326343)
(0.0494683,0.0160685)
(0.0342317,-0.0248293)
(0.0635795,-0.0427185)
(-0.00498768,0.0652957)
(-0.0025863,0.0100987)
(0.0954446,0.0736576)
(-0.0168124,-0.00145128)
(0.0579627,-0.044612)
(0.0406499,0.0739242)
(0.0522402,0.0283697)
(-0.130567,0.104362)
(0.00974246,-0.000686856)
(0.0392116,-0.00661421)
(-0.120849,0.120057)
(0.0600032,-0.0526372)
(0.0346051,-0.0248635)
(0.0482243,-0.0276188)
(0.189816,-0.0835539)
(-0.0176047,0.0053881)
(0.426727,-0.113132)
(0.00908836,0.0677801)
(-0.0294144,0.0237369)
(-0.0482959,-0.0117672)
(0.0103018,-0.0469172)
(0.13451,0.109095)
(0.00414264,0.0010245)
(0.0117723,-0.0475723)
(0.0676974,-0.0582533)
(0.00357918,-0.0177657)
(0.0221605,0.057614)
(0.213149,-0.0838219)
(0.0609105,0.0453232)
(-0.0305345,-0.0405756)
(0.102633,0.00357392)
(0.12146,-0.0073819)
(-0.0294498,-0.0567779)
(0.17488,-0.0775483)
(-0.0329901,0.0267328)
(-0.0698648,0.06015)
(0.395292,-0.121266)
(0.079377,-0.0612438)
(0.0126521,-0.0176059)
(0.00229167,-0.012103)
(0.10382,0.108628)
(0.369492,-0.06508)
(0.432472,-0.0893631)
(0.625039,-0.0713828)
(0.474155,-0.0602705)
(0.00781626,0.0659189)
(0.0115113,0.0591251)
(-0.000150484,0.0900615)
(0.0769607,0.032514)
(0.0331061,-0.0718937)
(-0.0360129,-0.0136778)
(-0.0313662,-0.0138723)
(-0.0482655,0.0370241)
(0.0369858,0.0765346)
(-0.0333654,-0.0387159)
(0.0446487,-0.0542052)
(0.0092916,0.0233331)
(0.0133429,0.00126973)
(-0.00109604,0.0119511)
(0.0042834,-0.034407)
(0.0558668,0.0109314)
(0.114294,-0.00979988)
(0.0457223,0.0460397)
(-0.0193935,-0.0672164)
(0.0555375,0.062566)
(0.0164111,0.0213033)
(0.0748692,0.0178063)
(-0.00109644,0.0717888)
(0.0516333,0.0107031)
(-0.00298377,0.0681726)
(-0.0242688,0.0198455)
(0.00926804,0.0652779)
(-0.0246463,0.0155704)
(0.0437257,-0.0139883)
(0.0317629,0.0294207)
(0.0463238,0.00389635)
(0.0480036,0.0355557)
(0.0875822,0.0185396)
(0.242554,-0.113156)
(0.0583411,0.00774084)
(0.335875,-0.0959539)
(0.154808,-0.091028)
(0.0339455,-0.0630365)
(0.0552776,-0.0870777)
(0.0278602,-0.0369241)
(-0.00429975,-0.0272732)
(-0.00504589,-0.00866691)
(0.00903649,-0.0221809)
(0.00322004,-0.0137308)
(0.0157893,0.0648068)
(0.00709918,0.0453536)
(-0.0168433,-0.0128143)
(0.0635003,-0.0471149)
(-0.0252721,-0.028136)
(0.0459577,-0.0611634)
(0.0338756,-0.0365947)
(0.047493,-0.0649593)
(0.0717707,0.0797479)
(0.0918702,0.032165)
(0.086494,-0.0541315)
(0.195225,-0.0983694)
(0.0153889,0.0719893)
(0.076821,-0.0865936)
(0.0144386,0.0822565)
(0.0427383,-0.0859393)
(0.0104699,-0.0620082)
(0.028086,0.0890994)
(0.232223,-0.106038)
(0.166008,-0.0827948)
(-0.0412753,0.0401245)
(0.115682,0.0190969)
(-0.0445188,0.0305513)
(-0.0531561,0.0528651)
(0.0631889,-0.0691852)
(0.0788243,-0.0771151)
(0.243261,-0.105976)
(0.0838166,-0.0417668)
(0.0589932,-0.0760112)
(0.0903905,-0.0675771)
(0.0800783,-0.0699941)
(0.2573,-0.0919213)
(-0.0290496,0.00423858)
(-0.0347082,-0.0814232)
(-0.0142404,-0.0537427)
(-0.0289914,-0.0774035)
(-0.0328009,0.016365)
(-0.0211941,0.00962469)
(-0.0376643,0.0217789)
(-0.00974134,-0.0835744)
(0.021411,-0.0421167)
(0.0367516,-0.0188549)
(0.290445,-0.0839717)
(0.0238187,0.0150634)
(-0.0113637,-0.0949141)
(0.0207479,-0.00126958)
(0.0187667,-0.0643666)
(0.0656473,-0.0827681)
(0.0319997,-0.0050739)
(0.0105583,-0.000537862)
(0.306583,-0.215633)
(-0.0633162,0.115352)
(0.12056,0.0563155)
(-0.0402526,0.150995)
(0.102495,0.0590593)
(0.0861634,0.0456805)
(-0.00261226,-0.0303365)
(0.0375084,0.0389942)
(0.079674,-0.0905151)
(0.357167,-0.16313)
(0.0188402,-0.0518633)
(-0.0103752,-0.023043)
(0.057183,-0.00889478)
(0.0640992,-0.0809832)
(0.0841098,-0.0596215)
(0.0643366,-0.0524931)
(0.0816617,-0.0686291)
(0.0809894,0.0474346)
(-0.0150939,-0.0197692)
(0.115796,-0.0679224)
(0.110726,-0.0816919)
(0.0254723,0.0776741)
(-0.0361931,-0.0483108)
(-0.00565052,-0.0433268)
(-0.0111538,0.0301438)
(2.26924e-05,0.013015)
(0.0124364,0.0270614)
(0.0334508,0.0416635)
(0.00359558,-0.0582524)
(0.0615419,0.0300032)
(0.0344394,0.0387872)
(-0.0769228,0.045412)
(-0.0949052,0.076218)
(-0.0912489,0.118463)
(0.0523666,-0.0452567)
(0.0551026,-0.0474357)
(0.115199,-0.0705493)
(0.19123,-0.112116)
(-0.0734531,0.0968733)
(-0.00168462,-0.00678103)
(-0.0038931,0.00558447)
(-0.00267511,-0.0264822)
(0.0103803,-0.00900913)
(0.0156801,-0.0277621)
(0.00779154,-0.00594131)
(0.00913342,-0.0144896)
(0.317591,-0.0993129)
(0.0588349,0.00245957)
(0.0693015,-0.0943168)
(0.069458,-0.083848)
(-0.0128123,0.00685904)
(-0.0211339,0.0413854)
(-0.0539921,0.0834793)
(0.0132999,0.0144174)
(0.0496693,0.0788826)
(0.0457465,0.0699418)
(-0.0526366,0.0543253)
(-0.0558557,0.122494)
(0.0221194,-0.0130192)
(0.0240385,-0.0219229)
(0.00721078,0.0669068)
(0.216202,-0.172459)
(0.232039,-0.194428)
(-0.0188427,0.0589081)
(-0.102074,-0.0304606)
(-0.0608359,-0.0354349)
(-0.0216466,0.0641342)
(0.0693374,-0.0650925)
(-0.0132494,-0.0319717)
(0.00206645,-0.0332296)
(0.105682,-0.0926607)
(0.0235128,0.0154162)
(0.0823497,-0.0496943)
(-0.0148353,0.0474989)
(-0.0182533,0.0264942)
(-0.0757581,0.0574271)
(-0.0154364,-0.0277122)
(0.0166156,-0.0534)
(-0.0265439,-0.00118315)
(0.0229057,-0.0718602)
(0.00349112,-0.0401643)
(0.00145621,-0.0329415)
(0.00250244,-0.0071146)
(0.0457471,0.0282661)
(0.157635,-0.0988273)
(-0.0305439,-0.0109956)
(-0.0568219,0.0319784)
(0.219745,-0.0830442)
(0.217736,-0.0947011)
(0.0394174,-0.0492225)
(0.0215247,0.00594656)
(0.0545658,-0.0238992)
(0.0317265,-0.0501051)
(0.0357233,-0.071134)
(0.0824903,-0.0140879)
(0.0661927,-0.0946485)
(0.00462193,-0.00426946)
(0.0640278,-0.00601828)
(0.112851,-0.0044746)
(0.0312134,-0.0379262)
(0.292511,-0.127355)
(0.0752246,0.0343221)
(0.0134963,-0.0188624)
(0.00680677,-0.035562)
(-0.0223046,0.0294088)
(0.0306995,0.0606936)
(-0.109339,0.030716)
(-0.00265285,0.0346193)
(0.0314737,0.0559216)
(0.00266107,-0.0124)
(-0.0476634,0.147755)
(-0.0111379,0.0940508)
(0.0236898,0.0521326)
(-0.0871924,0.0575333)
(0.034439,-0.0456636)
(-0.00997547,-0.00107142)
(-0.0261988,0.0644326)
(-0.0406371,2.32305e-05)
(-0.0207456,0.0691825)
(-0.00774048,0.00588611)
(-0.0335898,0.0557694)
(0.0111588,0.0654886)
(0.0290555,0.104218)
(0.0387137,0.0628933)
(-0.0271155,-0.00676872)
(0.303621,-0.175862)
(0.301832,-0.0872459)
(0.137474,-0.078662)
(0.25948,-0.0800801)
(-0.0177965,0.0648471)
(0.234518,-0.124421)
(0.292982,-0.198763)
(-0.00488866,0.0483932)
(0.291866,-0.177418)
(0.412688,-0.120734)
(0.445367,-0.119918)
(0.0487795,-0.0104691)
(-0.0338958,0.049987)
(-0.0232689,-0.009742)
(-0.0266285,-0.00345336)
(0.105028,-0.126146)
(-0.0326803,0.00776483)
(-0.0476737,0.0189011)
(-0.0303025,-0.010552)
(-0.0417265,0.0313511)
(0.0201548,0.0703048)
(-0.0127933,0.0490875)
(0.026774,0.105237)
(0.102161,-0.056577)
(0.105055,-0.0873137)
(0.103066,-0.143318)
(0.0131333,0.0647049)
(0.0446145,-0.000430756)
(0.10539,-0.0630056)
(0.0272481,-0.0343701)
(0.0243872,0.0497762)
(0.0924562,0.0509224)
(0.00439262,-0.0235266)
(0.0170938,0.0186851)
(0.027677,0.0276844)
(0.0731814,-0.00677601)
(0.0250592,0.0343734)
(0.216227,-0.170309)
(0.098962,-0.0431408)
(0.0260316,0.0115332)
(0.0231257,-0.00498652)
(0.0580022,-0.0112264)
(0.0897351,-0.0531123)
(0.0630595,-0.0449406)
(0.0750108,-0.0244926)
(0.0766846,-0.022835)
(0.0497264,-0.0336318)
(0.0317757,0.00685921)
(0.305327,-0.100733)
(0.0279227,-0.0904559)
(0.115668,-0.0672439)
(0.0732297,-0.0391105)
(0.0303764,0.0811676)
(0.108748,-0.0405849)
(0.120475,-0.0756229)
(0.346532,-0.10389)
(0.434165,-0.124289)
(0.308338,-0.121478)
(0.0197887,0.0212068)
(0.282861,-0.0993135)
(0.0273086,0.0130184)
(0.0301578,-0.0962069)
(0.0380936,-0.0291755)
(0.0193998,-0.0469992)
(0.268784,-0.156797)
(0.00885709,-0.0376627)
(-0.030601,0.0107644)
(-0.0368915,0.00586389)
(0.231755,-0.153808)
(0.0330432,-0.0300456)
(0.0858464,-0.0797678)
(0.118304,-0.118111)
(0.0350107,-0.0192169)
(-0.0524969,0.0189937)
(-0.015755,0.00575149)
(0.0194972,-0.0198471)
(0.0158614,-0.0325842)
(0.00551757,-0.0265236)
(0.049961,-0.0489085)
(-0.0109691,-0.0455746)
(0.17834,-0.136536)
(0.199727,-0.140355)
(-0.03994,-0.0709824)
(0.035236,0.0508254)
(-0.00705622,0.0260114)
(0.0129257,0.0492416)
(3.94474e-05,0.00832881)
(0.0237657,0.0719145)
(0.0262594,0.0107476)
(0.058495,-0.0745004)
(0.00911757,0.00766538)
(0.0563434,-0.0370806)
(-0.0163868,0.00610908)
(0.0605529,-0.0548801)
(-0.00429611,-0.0704053)
(0.0235462,-0.0770443)
(-0.0151435,0.0104329)
(-0.0358905,-0.0307072)
(0.011954,-0.0191442)
(0.0238535,0.115161)
(-0.0284122,-0.0396511)
(0.0171973,-0.0382848)
(0.120523,-0.111928)
(0.092493,-0.0356834)
(0.029576,0.101823)
(0.00743877,0.106819)
(0.00355038,-0.00159261)
(0.0025082,-0.0108511)
(0.0198537,0.0115838)
(-0.0374927,0.0114166)
(-0.0310034,-0.0388786)
(-0.0211799,0.0195836)
(-0.03427,-0.0167145)
(-0.0104622,-0.0094956)
(-0.0418037,0.00670245)
(-0.0413048,0.00737862)
(0.0395858,-0.0670695)
(-0.0124844,0.0166226)
(0.01056,0.00749116)
(-0.0416268,0.0517023)
(0.0396558,-0.00698386)
(0.0306257,0.000801573)
(0.123714,-0.075153)
(-0.0199853,-0.0354118)
(0.0379378,-0.036494)
(0.0737689,-0.0697287)
(0.0265008,-0.0240185)
(0.0965559,-0.111484)
(0.00682616,-0.0534483)
(0.173359,-0.176064)
(0.124273,-0.14)
(0.0226596,-0.040586)
(0.0424722,-0.0463537)
(0.0390913,-0.033772)
(0.0765567,-0.0874189)
(0.0167187,-0.0255682)
(0.144673,-0.107664)
(0.120362,-0.0117187)
(-0.0312874,-0.0120022)
(-0.0407111,0.0334677)
(0.0425352,-0.0483174)
(0.0951235,-0.0655453)
(-0.0088207,-0.0559007)
(0.117695,-0.0861554)
(0.166654,-0.0797138)
(0.0552832,-0.0565563)
(0.438038,-0.0763303)
(0.0768011,-0.0456568)
(0.0227033,-0.0157585)
(0.0729399,-0.0293)
(-0.013141,-0.00160582)
(0.0165889,-0.0786771)
(0.0467969,-0.131071)
(-0.0091904,0.0464069)
(-0.0783293,0.00688796)
(0.485458,-0.089438)
(-0.0128376,0.0196499)
(-0.0673155,-0.0223217)
(-0.0396193,0.032755)
(0.479319,-0.0853732)
(-0.0345378,0.0573305)
(-0.0497633,0.0507827)
(-0.0471243,-0.0328587)
(-0.0219128,-0.0410605)
(-0.0539958,0.0487469)
(-0.0346492,-0.0446413)
(0.0130267,-0.0200077)
(0.128592,-0.107456)
(0.113216,-0.0947306)
(-0.0283325,0.020901)
(0.0319607,-0.0273689)
(0.00879601,-0.0125461)
(0.00275398,-0.050937)
(0.0180943,-0.0315646)
(0.103582,-0.0832871)
(0.0277019,-0.0243832)
(-0.0125663,0.0324782)
(-0.0327686,0.0354651)
(-0.0264354,0.0297593)
(0.00736632,-0.0169054)
(0.0153732,-0.00812016)
(0.356263,-0.069038)
(-0.034247,0.0411185)
(0.360104,-0.0759544)
(-0.0244167,0.0054491)
(-0.0285291,-0.0113843)
(0.139838,-0.134229)
(0.0164763,0.00534172)
(0.329251,-0.0855269)
(0.163446,-0.061041)
(0.24555,-0.0863976)
(0.165108,-0.142196)
(0.0483107,-0.055598)
(0.0664912,-0.00977744)
(0.102697,-0.0876574)
(0.207314,-0.0937615)
(0.00417947,-0.0173509)
(-0.0105026,0.0652347)
(0.147101,-0.0742484)
(-0.016062,-0.0390688)
(-0.03232,-0.00930243)
(0.183886,-0.094606)
(-0.0223287,-0.034076)
(-0.0176491,0.0614706)
(0.222677,-0.0777956)
(0.0560193,-0.101824)
(0.063054,-0.072629)
(0.115283,-0.0726116)
(0.0493486,-0.047327)
(0.0665294,-0.0778418)
(-0.0250533,0.0498867)
(0.00304297,0.0671548)
(0.0532136,-0.0760562)
(0.063123,-0.107384)
(0.000148111,-0.00111097)
(-0.0228011,0.0182083)
(-0.0232422,0.0489033)
(-0.047604,0.0373902)
(-0.0211961,0.0034686)
(-0.0306651,0.0397404)
(-0.0512283,0.0468101)
(0.0802701,0.0557877)
(-0.00980049,0.0664834)
(-0.0582456,0.0862321)
(-0.0260063,0.106131)
(0.00291584,0.0212048)
(-0.0144731,0.0430869)
(0.287318,-0.0597588)
(0.140858,-0.12536)
(0.157312,-0.124115)
(0.0936304,-0.0546805)
(0.0177506,-0.00154683)
(0.118677,-0.0612046)
(0.506308,-0.0878662)
(0.0561414,-0.0188143)
(0.481826,-0.0815967)
(-0.0128728,0.0386031)
(0.0522046,-0.055431)
(0.19012,-0.0851912)
(0.00070872,0.0260087)
(0.0441833,-0.0558533)
(0.302963,-0.0736384)
(0.013713,0.0140796)
(-0.0161286,0.0593191)
(-0.00535862,-0.00760936)
(0.128472,-0.0950953)
(0.109831,-0.143575)
(0.026742,0.00536388)
(0.0587171,-0.115335)
(0.169173,-0.125114)
(0.0365473,-0.0732288)
(0.199709,-0.098966)
(0.000501748,0.00677696)
(0.21038,-0.0989792)
(0.0248783,-0.0421581)
(0.0299174,-0.0102166)
(0.326437,-0.0754805)
(-0.00218191,0.0275889)
(0.00307417,-0.00911651)
(0.023381,-0.0277723)
(0.212428,-0.108252)
(0.118824,-0.125268)
(0.101636,-0.102506)
(0.194411,-0.170878)
(-0.0190489,-0.0327915)
(-0.0242118,-0.0446387)
(0.0937515,-0.0954439)
(0.0837907,-0.0558339)
(0.0472115,0.0892671)
(-0.0118957,0.0169406)
(0.0410445,-0.0514349)
(0.0806515,-0.0216941)
(0.0406017,-0.0101003)
(0.0166687,-0.0139939)
(0.0247338,-0.0178301)
(0.0101279,-0.0766856)
(-0.0232485,-0.0467317)
(0.0319664,-0.0511499)
(0.0334008,0.0904555)
(-0.0189095,-0.0458223)
(-0.0117762,-0.0667923)
(-0.0104853,-0.0337872)
(0.0293294,-0.0535729)
(-0.00599816,-0.0382488)
(-0.00148488,-0.0808641)
(0.0292093,-0.0913918)
(-0.0158176,-0.0365923)
(0.063365,-0.0674795)
(0.0848322,0.0738216)
(0.0286147,0.0184256)
(0.0272025,0.0281632)
(0.0555439,0.0732794)
(0.0412418,0.0694814)
(0.275154,-0.0770708)
(-0.00516583,-0.00126222)
(0.0492497,0.0634449)
(0.00118996,0.0607093)
(0.230356,-0.0781467)
(0.0299975,-0.024823)
(0.00981862,0.0242875)
(0.032889,-0.0196617)
(-0.00578225,0.0816559)
(0.0313887,0.0124153)
(0.0500916,0.0105454)
(-0.0369607,0.0183515)
(0.285256,-0.0714511)
(0.0295966,0.0030564)
(-0.00716828,-0.0775015)
(0.445624,-0.0846933)
(-0.0355455,0.0396041)
(0.0246228,-0.0470053)
(0.120341,0.0858509)
(0.306758,-0.0871181)
(0.0514025,0.0987013)
(0.123219,0.0918053)
(0.0718237,0.133281)
(0.0124887,0.0762041)
(0.114606,-0.148274)
(0.0175013,-0.0686472)
(-0.0565013,-0.011439)
(0.096462,-0.0468463)
(0.134428,-0.0718091)
(0.129957,-0.0905138)
(-0.0456976,-0.0357111)
(0.320036,-0.0736712)
(0.112231,-0.100713)
(-0.00581414,-0.00302855)
(0.0142213,0.00176786)
(-0.0204005,-0.0296643)
(-0.00461057,-0.0105042)
(0.151781,-0.133345)
(-0.0545663,-0.00579164)
(-0.0408051,0.0135073)
(0.0121264,-0.0305939)
(0.118544,-0.136679)
(0.139768,-0.139784)
(0.286212,-0.0870873)
(0.0228771,-0.0288829)
(0.0257856,-0.0423716)
(0.178173,-0.129812)
(0.116625,0.0690448)
(0.103048,-0.0917585)
(0.141118,-0.0130155)
(0.220939,-0.0950907)
(0.204004,-0.0801521)
(0.255279,-0.109974)
(0.0822917,-0.0411548)
(0.0873728,-0.0520825)
(0.380891,-0.0952689)
(0.295836,-0.144485)
(0.0692001,-0.0783711)
(0.325204,-0.0679095)
(0.391805,-0.0780617)
(0.0773603,-0.0722979)
(0.136886,-0.123052)
(0.107181,-0.103089)
(0.203552,-0.157526)
(0.212914,-0.139351)
(0.185732,-0.144165)
(0.148612,-0.0955738)
(0.149409,-0.0461734)
(0.139637,-0.113627)
(0.00545021,-0.0140066)
(0.0656284,-0.0636623)
(0.0324865,-0.0381564)
(0.477758,-0.10976)
(0.038183,-0.0341847)
(-0.00411509,-0.0325539)
(0.0255401,-0.0232127)
(0.418489,-0.105305)
(0.00935674,0.0143427)
(0.0332909,-0.0526412)
(0.452885,-0.12501)
(0.36636,-0.0959041)
(0.0650861,-0.0590062)
(0.144673,-0.0797277)
(0.0402281,-0.0630344)
(0.0399508,-0.0720289)
(0.121078,-0.0868975)
(0.0714675,-0.0751485)
(0.281346,-0.0757205)
(0.158022,-0.0805199)
(-0.00752445,-0.0142292)
(0.217345,-0.111034)
(0.0276147,-0.0466007)
(-0.0554054,0.13476)
(0.137546,-0.075277)
(0.165208,-0.120018)
(0.049326,-0.0456292)
(0.180561,-0.139165)
(-0.0129714,0.0952193)
(-0.0355,0.122433)
(-0.00964755,0.113227)
(0.137288,-0.114553)
(-0.0426422,0.0369351)
(-0.00448826,0.081153)
(-0.0362116,0.0447976)
(0.0940122,-0.0910933)
(0.0678081,0.0273071)
(0.0589429,-0.0638844)
(0.0400518,-0.1102)
(0.0388672,-0.060519)
(0.0541145,0.0151397)
(0.166674,-0.115366)
(0.0625583,0.00595285)
(0.0102756,-0.0309715)
(-0.0178951,-0.0212541)
(-0.00952983,0.0559484)
(0.0101538,-0.0276516)
(-0.027152,0.0341311)
(0.03214,-0.0110312)
(0.0488913,-0.00863137)
(0.187119,-0.150084)
(0.0492006,-0.0619885)
(0.138218,-0.0864184)
(0.0592987,-0.0890091)
(0.0396071,-0.0682527)
(0.0250632,-0.0435522)
(0.101523,-0.0108323)
(-0.0103671,-0.0296302)
(0.0661159,-0.0509088)
(-0.00463436,-0.0268618)
(0.0250388,-0.0188211)
(-0.0288649,-0.0144661)
(0.0280814,-0.0526902)
(-0.00521702,-0.0467461)
(0.0165137,-0.0656838)
(0.240531,-0.114531)
(0.220071,-0.115502)
(-0.00667191,-0.0148256)
(0.0580661,-0.0431849)
(0.085895,-0.0631852)
(0.0986869,-0.0638111)
(0.29089,-0.0596311)
(-0.0450526,-0.0185085)
(0.0594374,0.0675467)
(0.0317287,0.101309)
(0.0468245,0.0857843)
(0.276731,-0.155919)
(-0.039824,-0.00314475)
(0.0279267,-0.00310726)
(0.0186602,0.0319398)
(0.0263265,-0.00985479)
(0.242545,-0.1072)
(-0.0235863,0.03678)
(0.0578767,-0.0550621)
(0.0611309,-0.0543282)
(0.0700437,-0.0430704)
(0.0910053,-0.0724288)
(0.283494,-0.12412)
(0.194584,-0.118267)
(0.501371,-0.168673)
(0.0740591,-0.0720767)
(-0.0182014,-0.00210321)
(0.179879,-0.103659)
(0.123793,-0.0632647)
(0.197443,-0.0876313)
(0.315286,-0.12251)
(-0.0649667,-0.00247121)
(0.108703,-0.0869464)
(0.0916662,-0.0681636)
(-0.0790102,0.0482991)
(0.080206,-0.0668717)
(0.0917984,-0.0654716)
(0.143841,-0.0957298)
(0.119416,-0.0668282)
(0.0778952,-0.0496635)
(0.496693,-0.0970053)
(-0.108143,-0.08096)
(0.0453595,0.0310833)
(-0.102659,-0.0951371)
(0.384523,-0.121079)
(0.259513,-0.102724)
(0.281446,-0.110414)
(0.056587,-0.050616)
(0.047979,-0.0296393)
(0.0803508,-0.0700823)
(0.471151,-0.0974398)
(0.124366,-0.0965495)
(0.0243879,-0.0559791)
(0.0450872,-0.0286388)
(0.624262,-0.0621264)
(0.0273839,-0.0474694)
(0.0797915,-0.0688962)
(0.49448,-0.0863353)
(0.404009,-0.058952)
(0.0761698,-0.0138728)
(0.0772631,-0.0704824)
(0.0266437,0.00830069)
(0.0195122,-0.0753974)
(-0.0242805,0.0311443)
(0.00243505,-0.0432329)
(-0.0479653,0.0350067)
(0.232501,-0.0956879)
(0.207135,-0.134364)
(0.312783,-0.129376)
(0.259055,-0.13245)
(0.31121,-0.0848754)
(0.0783068,-0.0537651)
(0.0998489,-0.0892634)
(0.0709589,-0.0504729)
(0.139268,-0.114238)
(-3.31126e-05,-0.0812543)
(-0.0084492,-0.0856028)
(0.0732151,-0.0500415)
(0.384598,-0.0941195)
(0.415819,-0.0992845)
(0.340208,-0.0751352)
(0.388782,-0.0763146)
(0.00270649,-0.0656841)
(0.186938,-0.118476)
(0.0385034,-0.0608723)
(0.016327,-0.0467431)
(-0.0280507,0.013291)
(0.0400177,-0.0573627)
(0.0769062,-0.0847414)
(-0.0103452,-0.0197856)
(0.0235799,-0.0329554)
(-0.00623856,-0.00247464)
(0.152784,-0.132601)
(0.272215,-0.0767384)
(-0.000898712,0.0146572)
(0.265031,-0.100126)
(0.113275,-0.0964135)
(0.248448,-0.107599)
(0.0367943,-0.00631521)
(0.0883784,-0.0721092)
(0.0906983,-0.0307826)
(0.390664,-0.105498)
(0.149947,-0.00505025)
(0.0785553,-0.0418225)
(0.223419,-0.121639)
(0.13256,-0.0832405)
(0.210656,-0.0901771)
(0.449302,-0.0782449)
(0.541067,-0.121571)
(0.287342,-0.122801)
(0.0475315,-0.00474537)
(0.0388001,0.00372567)
(0.0275083,0.0665841)
(0.00507588,-0.0754381)
(-0.00779574,-0.0327774)
(0.027485,0.0433506)
(0.0437666,-0.0104476)
(0.241483,-0.130536)
(0.272404,-0.160623)
(0.00638666,-0.033912)
(0.253996,-0.166344)
(-0.0127281,0.0121176)
(0.275935,-0.118214)
(0.408356,-0.15496)
(0.0204675,0.00699102)
(0.13766,-0.0789088)
(0.133676,-0.0823918)
(-0.0987054,0.129363)
(0.421846,-0.102126)
(-0.0763494,0.124015)
(0.303089,-0.0929949)
(-0.0851278,0.0782319)
(0.311469,-0.154082)
(-0.0863336,0.0868964)
(0.335658,-0.146195)
(-0.0675503,0.0642279)
(-0.0201212,-0.0395615)
(-0.0094947,-0.0244773)
(0.0217593,0.0637601)
(0.37455,-0.114827)
(0.0297506,0.0327859)
(0.310626,-0.104472)
(0.335137,-0.0859364)
(-0.0427343,-0.0410939)
(0.389195,-0.109004)
(0.280556,-0.104377)
(0.309435,-0.102086)
(0.0148483,0.050263)
(0.21494,-0.103435)
(-0.0333742,0.0166516)
(-0.0565434,0.081119)
(-0.0337115,0.0800814)
(-0.0496452,0.114222)
(0.00960625,-0.0300902)
(-0.0686387,0.0830973)
(0.0253617,-0.00673529)
(0.350892,-0.123912)
(-0.00222561,0.0132042)
(0.307941,-0.0961732)
(0.197998,-0.0980052)
(0.20471,-0.115355)
(0.041475,0.00171454)
(0.0132671,-0.0535589)
(0.0677474,0.0178815)
(0.355253,-0.065133)
(-0.0382068,0.0293451)
(0.371764,-0.0693427)
(0.105005,-0.059352)
(-0.0361767,0.0171185)
(-0.00826922,-0.0373752)
(0.239566,-0.0845025)
(-0.0431526,0.00904232)
(0.0889002,0.0578583)
(0.0635437,-0.0530537)
(0.23092,-0.0956224)
(0.345465,-0.0495115)
(0.245718,-0.149857)
(0.340945,-0.0616073)
(0.439908,-0.0571215)
(-0.029826,0.0366102)
(0.237898,-0.122978)
(0.176788,-0.12367)
(-0.00978483,-0.00793729)
(0.224232,-0.0905278)
(0.167632,-0.116918)
(0.227288,-0.0889212)
(0.193379,-0.12575)
(0.0426349,-0.0608514)
(0.0360542,-0.043599)
(-0.0216413,-0.0354974)
(0.0735956,-0.0759256)
(0.0689352,-0.0756515)
(-0.0170273,0.02607)
(0.00488996,-0.0366085)
(0.1867,-0.101253)
(-0.017738,-0.0303447)
(-0.00723644,-0.0916882)
(0.0234285,-0.0453564)
(0.0597519,0.0527487)
(0.0464198,0.0381375)
(0.0575998,0.080555)
(0.0158957,-0.0332948)
(0.302186,-0.127428)
(0.0403464,-0.0714328)
(0.0417594,-0.0632392)
(0.579273,-0.102581)
(0.497899,-0.0999535)
(-0.00305294,-0.0354958)
(0.0335286,-0.0595641)
(0.0239925,-0.0389986)
(0.0311151,-0.0524998)
(0.00967236,0.00435305)
(0.237436,-0.108871)
(0.317891,-0.111783)
(0.253882,-0.135715)
(0.420509,-0.0677803)
(-0.0173164,0.0687294)
(0.209938,-0.0967235)
(0.390146,-0.071249)
(0.0194768,-0.0464568)
(-0.00329602,-0.0178395)
(-0.0441781,0.00347553)
(0.499087,-0.112054)
(0.175856,-0.0766003)
(0.172607,-0.0760509)
(0.152937,-0.0740207)
(0.198997,-0.080524)
(0.272572,-0.111116)
(0.313122,-0.0813391)
(0.374361,-0.0888112)
(0.254435,-0.112826)
(0.194375,-0.101655)
(0.418867,-0.118362)
(0.218809,-0.113741)
(0.0629028,-0.0657432)
(0.0335645,-0.0629664)
(0.349851,-0.113358)
(0.0733721,-0.0787937)
(0.33617,-0.12515)
(0.0482292,0.0703386)
(-0.0295221,-0.00531776)
(0.0707843,-0.0597972)
(0.0993677,-0.0684386)
(0.113783,-0.0929101)
(0.0309644,-0.103616)
(-0.00517752,-0.0671632)
(0.0424918,-0.0862446)
(0.0168558,-0.109317)
(0.418961,-0.0778163)
(0.0422503,-0.0317068)
(-0.00658841,-0.0683128)
(0.393294,-0.0846589)
(-0.00426688,-0.065713)
(0.124303,-0.0654057)
(0.107623,-0.0633971)
(0.121776,-0.0677184)
(-0.00335501,-0.085677)
(0.137088,-0.0700465)
(0.0697311,-0.0690432)
(0.0165021,-0.000664063)
(-0.00566634,-0.0297036)
(-0.0217217,0.0246471)
(0.0144364,-0.0204063)
(0.354471,-0.0865298)
(0.186138,-0.0779725)
(0.457461,-0.0966874)
(0.482509,-0.0912925)
(0.391467,-0.0941526)
(0.15908,-0.115994)
(0.240561,-0.0889798)
(0.37627,-0.103933)
(0.328905,-0.105898)
(0.199014,-0.107023)
(0.0538637,0.0952423)
(0.214468,-0.129709)
(0.0573059,0.15441)
(0.406224,-0.101534)
(0.424908,-0.106426)
(-0.0345952,-0.0555832)
(-0.0088318,-0.0134746)
(0.0205733,0.0812363)
(0.166995,-0.0800978)
(0.117872,-0.110022)
(0.15296,-0.0737968)
(0.117218,-0.0711391)
(0.140968,-0.0786183)
(0.131233,-0.0659865)
(0.0904168,-0.0740992)
(0.0815973,-0.0480921)
(0.112816,-0.0951251)
(-0.0165375,0.0344975)
(0.00250344,0.136383)
(0.00844543,0.149165)
(0.350546,-0.0937325)
(-0.0186212,0.0399727)
(0.309443,-0.105017)
(0.338696,-0.0868261)
(-0.112491,-0.00769647)
(0.034901,0.104446)
(-0.0259555,-0.069985)
(0.123074,-0.0849381)
(0.00450746,0.0710954)
(-0.0269088,-0.0579764)
(0.218606,-0.0814874)
(0.200487,-0.0794668)
(0.135856,-0.0722727)
(0.0568996,-0.0332332)
(-0.0129102,-0.019371)
(0.0599067,-0.0587943)
(0.0644829,-0.0498114)
(0.0735462,-0.0332948)
(0.241752,-0.0789925)
(0.415217,-0.109025)
(0.387534,-0.101801)
(-0.0562154,0.139386)
(0.327838,-0.0481971)
(-0.121296,-0.0121027)
(-0.0529984,0.0553702)
(-0.0407775,0.0317981)
(0.00545733,-0.0691504)
(-0.0893525,0.0312017)
(0.128952,-0.0973038)
(0.152903,-0.0968155)
(0.242426,-0.133247)
(0.384405,-0.0859245)
(-0.0370137,-0.0449524)
(0.39136,-0.077278)
(-0.0680768,-0.0426098)
(0.213259,-0.078093)
(0.265136,-0.0839188)
(0.0027438,-0.055886)
(0.402215,-0.0455501)
(0.253631,-0.0747763)
(0.404121,-0.0508894)
(0.300852,-0.0477199)
(0.321527,-0.0654426)
(0.200565,-0.102779)
(0.262155,-0.121661)
(0.185694,-0.100548)
(0.267686,-0.0557592)
(0.0237996,-0.113366)
(0.338217,-0.0702944)
(0.342109,-0.105621)
(0.0526548,-0.104888)
(0.0539992,-0.0471246)
(0.0386389,-0.0612802)
(-0.0589967,-0.0270698)
(0.243384,-0.0755469)
(0.165293,-0.094768)
(0.317185,-0.0780581)
(0.105602,-0.0785416)
(0.157615,-0.0820273)
(-0.0021065,-0.00676125)
(0.00702843,0.00146754)
(0.247844,-0.111432)
(0.0768542,-0.0772874)
(0.1664,-0.0873224)
(0.397775,-0.058512)
(0.00822316,-0.0100027)
(-0.0237417,-0.0128147)
(0.0782363,-0.0661902)
(0.0393296,-0.048731)
(0.0727166,-0.0628965)
(0.0816725,-0.0411211)
(0.437542,-0.0576679)
(0.481652,-0.0757771)
(0.406635,-0.0549209)
(0.0173163,0.0189032)
(0.201831,-0.110462)
(0.332054,-0.11255)
(0.200985,-0.101699)
(-0.0461533,-0.0314011)
(-0.0440727,0.0289657)
(-0.0340219,0.00334459)
(0.518113,-0.0816267)
(0.336542,-0.113079)
(0.335914,-0.0850982)
(0.298412,-0.0885105)
(0.508256,-0.0784618)
(-0.0620123,-0.0418851)
(0.328262,-0.0889781)
(0.24904,-0.0790308)
(-0.0424296,-0.0525264)
(0.369036,-0.0607163)
(0.496051,-0.0818748)
(0.022565,0.00138767)
(0.0620255,-0.0617116)
(0.346151,-0.0618242)
(0.0107799,-0.0672331)
(0.0512461,-0.052779)
(0.296992,-0.046555)
(-0.00675324,0.00696826)
(-0.0430814,-0.0020039)
(-0.00145808,0.0219483)
(0.0110191,-0.0846498)
(0.429943,-0.098907)
(0.105992,-0.0666184)
(0.0717695,-0.0537911)
(0.0949659,-0.0551227)
(0.19684,-0.0611641)
(-0.0100917,-0.0208045)
(0.0188581,-0.0539446)
(0.0232447,-0.0457369)
(0.0922536,-0.0546697)
(0.0448462,-0.054611)
(0.0680793,-0.0526486)
(0.0637081,-0.060046)
(0.0858592,-0.094281)
(0.0393153,-0.094161)
(0.0292463,-0.0675559)
(0.0689738,-0.0748368)
(0.227882,-0.096093)
(-0.0641943,0.0362452)
(0.253148,-0.10095)
(0.00638635,-0.0166758)
(0.036588,-0.0886034)
(0.132984,-0.09837)
(0.332558,-0.0639193)
(0.158918,-0.105004)
(0.0482456,-0.119593)
(-0.0600142,0.0820929)
(-0.0364613,0.0406276)
(-0.0599209,0.0646465)
(0.0421913,-0.0258005)
(-0.00930489,-0.0145054)
(0.199097,-0.0931448)
(0.0282952,-0.0397415)
(0.229437,-0.0925326)
(0.00745991,0.0700537)
(0.00666561,-0.0123727)
(0.44786,-0.109844)
(0.0795354,-0.0757939)
(0.0780081,-0.0762063)
(0.117398,-0.0522393)
(0.0284726,-0.0332917)
(0.147611,-0.0861502)
(0.121349,-0.0777603)
(0.0568699,-0.0736128)
(0.105224,-0.0993718)
(0.381933,-0.131582)
(0.0875737,-0.121144)
(0.292104,-0.110655)
(0.0717553,-0.132852)
(0.0458558,-0.0130462)
(-0.00669747,-0.0133784)
(-0.0385434,-0.00669028)
(0.00321359,-0.0212591)
(-0.113533,0.017131)
(0.0636769,-0.0380671)
(-0.121176,-0.0274621)
(-0.11651,0.0664731)
(0.0632813,-0.0618456)
(0.288275,-0.125452)
(0.327259,-0.147652)
(0.0423086,-0.048618)
(0.297443,-0.201647)
(0.221475,-0.146433)
(0.231631,-0.094911)
(-0.00375195,-0.035404)
(0.0806815,-0.077494)
(0.222672,-0.0840367)
(0.0566959,-0.067709)
(0.0790068,-0.0764462)
(-0.0124869,-0.0133624)
(-0.0311881,0.0161791)
(0.0659602,-0.0694641)
(0.0704248,-0.0567982)
(0.148772,-0.0868759)
(0.172174,-0.098587)
(0.077111,-0.0603023)
(0.133689,-0.111846)
(0.0888725,-0.0895375)
(0.0508347,-0.0495806)
(0.138767,-0.110827)
(0.0838984,-0.0528564)
