1620
(0.108939,-0.103282)
(0.1224,-0.0587914)
(0.0190583,-0.0601908)
(0.107456,-0.0957672)
(-0.00553411,0.0709211)
(0.0428851,-0.0429984)
(0.202514,-0.0738512)
(0.0318356,-0.0577472)
(0.0840754,-0.0721666)
(0.0266791,-0.0665309)
(0.12505,-0.0625125)
(0.139457,-0.056708)
(-0.0331991,0.0477566)
(0.0584253,-0.0236537)
(0.0511679,-0.0561611)
(0.0578019,-0.0848019)
(0.0279148,-0.0395092)
(-0.00253249,0.0351281)
(0.0520924,0.0266679)
(-0.0142144,0.0145577)
(0.0401726,0.0105591)
(0.0229134,0.0283871)
(-0.0113403,0.0120171)
(0.136625,-0.0470991)
(0.0449697,-0.0148793)
(-0.0500861,0.00858856)
(-0.00606478,-0.0183544)
(-0.00641382,-0.0123965)
(0.102137,-0.0309115)
(0.00216179,-0.0358286)
(-0.0282476,0.0198868)
(-0.0233713,-0.0587344)
(0.125657,-0.0760738)
(0.0174214,0.0353366)
(0.0620071,-0.0601287)
(0.0519198,-0.0120797)
(0.101623,-0.0893702)
(0.010406,0.0428736)
(0.0258434,0.0312691)
(-0.0551829,-0.0131044)
(0.156928,0.0880751)
(-0.0194663,0.0146147)
(-0.0197276,0.0513196)
(-0.0307871,0.0265066)
(0.0926522,-0.0610829)
(0.0752187,-0.0531761)
(0.0779475,-0.0630051)
(-0.00387064,0.0234468)
(-0.0128768,-0.00637532)
(-0.0150547,0.0168585)
(0.0481169,-0.0423066)
(-0.0212592,0.0575411)
(0.0439793,0.0071964)
(0.0278957,0.0199569)
(0.022694,-0.0194426)
(0.00467782,-0.0125742)
(0.116913,-0.0511319)
(-0.00435042,0.0536961)
(0.0174659,-0.00842615)
(0.092794,0.156963)
(0.0109751,-0.0317073)
(0.223987,-0.142032)
(0.0789808,-0.0314105)
(0.229578,-0.13986)
(0.0584119,-0.0440401)
(0.0323494,-0.0640451)
(-0.0108947,-0.0510471)
(-0.0527905,-0.0587211)
(0.00664137,-0.0483674)
(0.0477133,0.000733087)
(0.00824504,-0.0648646)
(-0.00495331,-0.0305126)
(0.0599782,0.121111)
(-0.0636154,0.0169995)
(0.255437,-0.0845528)
(0.0184995,-0.0639898)
(0.0946411,0.0695952)
(0.0193375,-0.0551615)
(0.0394263,-0.0290991)
(0.0580515,-0.0721299)
(0.0399941,-0.017135)
(-0.0569907,0.0174201)
(0.0127847,0.00119187)
(0.0574925,-0.0660016)
(0.0156625,-0.0538742)
(-0.0553096,-0.0199614)
(-0.0428615,0.00976792)
(-0.010665,0.101644)
(0.0699235,0.021828)
(0.0891638,0.067358)
(-0.0125866,0.00364791)
(-0.000654716,0.0857043)
(0.112681,-0.0718701)
(0.120952,-0.148593)
(0.147317,-0.12765)
(0.129992,-0.0937894)
(0.0385709,-0.026772)
(0.317602,-0.0989139)
(0.0278099,-0.0390655)
(0.0290024,-0.0245112)
(0.0472954,0.0964413)
(0.048,-0.0490169)
(0.0203233,-0.0498184)
(0.013868,-0.0275018)
(0.0430134,0.0347725)
(0.344339,-0.129963)
(0.0991708,-0.0667773)
(0.0584377,-0.047138)
(0.0161171,-0.0130212)
(0.0686756,-0.0600109)
(0.0121146,0.00632832)
(0.281582,-0.137467)
(0.241719,-0.105435)
(-0.0273442,0.0119407)
(0.177457,-0.120407)
(0.157112,-0.15037)
(0.14156,-0.12402)
(0.197422,-0.104967)
(-0.0211851,-0.036686)
(0.482645,-0.0960349)
(0.193528,-0.120216)
(-0.00329916,0.020153)
(0.277576,-0.0979719)
(0.148105,-0.0677949)
(0.255483,-0.0994151)
(0.0338071,-0.129614)
(0.109578,-0.054856)
(0.0899199,-0.0309296)
(0.222169,-0.0834362)
(-0.00821313,-0.0433443)
(0.00927592,-0.0615366)
(-0.0141168,-0.0139575)
(-0.0355252,-0.0108426)
(-0.0142877,0.132342)
(-0.00799093,0.122773)
(-0.027667,-0.0289548)
(-0.00349156,0.00857381)
(-0.0795065,-0.0416756)
(0.308478,-0.0668312)
(0.069075,-0.0610562)
(0.0984967,-0.0638888)
(-0.049351,-0.0288924)
(-0.0752813,-0.084825)
(-0.0379021,0.0132469)
(-0.0574807,-0.0416466)
(-0.0719526,-0.026163)
(0.0209834,-0.0291506)
(0.167148,-0.0703269)
(0.146349,-0.0686127)
(0.00377402,-0.00442101)
(0.410179,-0.0853888)
(0.0948636,-0.0832275)
(0.550993,-0.105475)
(0.303494,-0.0691445)
(0.38636,-0.11257)
(0.133079,-0.0679054)
(0.227342,-0.0933839)
(0.271154,-0.0795476)
(0.210019,-0.0501891)
(0.117561,-0.06464)
(0.132276,-0.0660808)
(0.102975,-0.0730853)
(0.124479,-0.0739844)
(-0.0204986,0.010483)
(0.0142787,-0.0471931)
(0.0698351,-0.0444032)
(-0.0498183,0.0555905)
(-0.0512474,0.0882739)
(-0.0721584,0.0516156)
(-0.0938484,0.0463524)
(-0.0583932,0.059806)
(-0.0663854,0.0857206)
(0.317691,-0.0734171)
(0.355418,-0.0777842)
(0.355228,-0.0953547)
(0.369008,-0.11164)
(0.00779264,-0.0505924)
(0.0205868,-0.0602081)
(0.00158711,-0.0660948)
(-0.000599715,-0.0872542)
(0.0178111,0.015364)
(0.176626,-0.089134)
(0.168741,-0.0792056)
(0.10239,-0.055838)
(0.107821,-0.0586203)
(-0.00361576,-0.0771014)
(-0.00598097,-0.0498013)
(0.222604,-0.0893485)
(0.193929,-0.0872307)
(0.341457,-0.104635)
(0.329655,-0.091923)
(0.305888,-0.0463835)
(0.444056,-0.0623641)
(0.00524764,-0.000193345)
(0.0261808,0.0687447)
(-0.082651,0.0851286)
(-0.0593302,0.136773)
(0.108596,-0.070922)
(-0.0067937,0.00428168)
(0.0775698,-0.0969015)
(0.00188172,-0.0153762)
(-0.00651985,-0.0199792)
(0.000279424,-0.0255529)
(0.00299668,-0.024007)
(0.0176933,-0.0256492)
(0.0129465,-0.0254218)
(0.487919,-0.107523)
(0.483504,-0.103393)
(-0.100168,0.0188366)
(0.213981,-0.108373)
(0.0133106,0.0132657)
(0.276481,-0.0564175)
(0.276898,-0.0601861)
(0.0808561,-0.0406197)
(0.0973444,-0.0182404)
(-0.0373355,-0.050727)
(-0.0677104,-0.0942338)
(0.303833,-0.047717)
(0.396401,-0.05433)
(-0.00318495,0.00609565)
(-0.0198962,-0.0712909)
(0.0224436,0.00331881)
(0.0171864,-0.0341094)
(0.668534,-0.105753)
(-0.0452348,-0.0354784)
(-0.0262555,-0.0219043)
(0.493787,-0.0802678)
(-0.0242733,-0.0500066)
(0.0117526,-0.0733091)
(-0.0274929,-0.0313725)
(-0.0440705,-0.0614297)
(0.288683,-0.0704837)
(0.275957,-0.0784894)
(0.403869,-0.0966735)
(0.446408,-0.103105)
(0.0474228,-0.0228323)
(-0.109794,-0.0441867)
(-0.0743842,-0.0387706)
(0.272573,-0.0888383)
(-0.0133834,0.0189757)
(-0.0512602,0.0517025)
(-0.0059352,-0.0753233)
(0.0981079,-0.0905457)
(0.127528,-0.107963)
(0.0453926,-0.127196)
(-0.00822232,0.0279458)
(0.0398653,0.11316)
(0.0642427,-0.104368)
(0.0473795,-0.00688675)
(0.0633346,0.0468479)
(0.075677,0.0505545)
(-0.0160522,0.103083)
(0.0409608,0.0280986)
(0.0149745,0.0282278)
(-0.0260283,0.0845259)
(0.118857,-0.0899543)
(0.194544,-0.0733131)
(-0.0211442,0.0198121)
(0.0659044,0.084803)
(0.0798454,0.0498112)
(0.0494884,0.00837027)
(0.0786987,0.0445682)
(0.0254396,0.00567637)
(0.0113637,0.0273889)
(0.480615,-0.124309)
(0.0160508,0.0423536)
(0.124369,-0.00416949)
(0.0225452,-0.0194769)
(0.0105568,-0.00395671)
(-0.00250207,-0.0193356)
(0.0171305,0.0204083)
(0.0214977,0.0324231)
(-0.031616,-0.00822175)
(-0.101969,-0.0641831)
(-0.0698783,-0.0401617)
(0.224623,-0.0667027)
(-0.0969086,-0.0359735)
(-0.0308088,-0.00579522)
(-0.126316,-0.00153188)
(0.0420171,-0.00310177)
(0.0230678,-0.019312)
(0.0068236,-0.0307396)
(0.0197305,-0.0188316)
(0.0281324,-0.0319025)
(0.055554,0.0771654)
(0.0699225,-0.105006)
(0.0600078,-0.129321)
(-0.00435749,0.0854909)
(-0.0213127,-0.00425826)
(0.0330808,0.0688721)
(-0.00561437,-0.013332)
(0.0321274,-0.00582197)
(-0.0100781,-0.00115004)
(-0.142922,0.0348403)
(0.0872129,0.0432063)
(0.00874519,-0.0442722)
(0.0945391,0.065415)
(0.00837142,-0.0437303)
(0.0101574,0.0839924)
(-0.0712053,-0.0110802)
(-0.102138,-0.00879307)
(-0.00846777,-0.0437085)
(0.00824481,0.0481179)
(0.021805,0.0272327)
(0.0296185,0.0161956)
(0.00975196,0.0705769)
(-0.0266536,0.0352037)
(0.277739,-0.0934691)
(-0.0141667,-0.0219392)
(-0.0255837,-0.039939)
(0.0121946,-0.0610783)
(0.0143616,0.0197132)
(-0.0114523,-0.0400267)
(0.0865688,0.0243601)
(0.0104466,0.0564409)
(-0.00123725,0.0701349)
(0.0253081,-0.0367449)
(0.0130424,-0.0667001)
(0.016982,0.0481372)
(0.282314,-0.0839466)
(-0.0274295,0.0208076)
(0.0491632,0.0705389)
(-0.0526366,-0.0827487)
(-0.00149285,0.0817578)
(0.0493123,0.141155)
(0.0735671,0.12386)
(0.00636183,-0.000749927)
(0.014114,-0.020302)
(0.0682585,-0.0347782)
(0.0282652,-0.0133239)
(0.027357,-0.0725539)
(-0.112683,0.104127)
(-0.0997848,0.168319)
(0.0106323,0.00205992)
(0.0911235,0.0322847)
(0.236243,-0.0788783)
(0.142475,0.0208019)
(0.0652823,0.0457558)
(0.0686762,0.014278)
(0.132167,0.0814742)
(0.0805829,-0.0736844)
(0.125043,-0.00901961)
(0.0365551,0.0341695)
(0.0912515,0.0615905)
(0.0535281,0.0398346)
(0.0227567,-0.0575704)
(0.0338499,-0.0310172)
(0.0579856,-0.0345566)
(0.0598747,-0.0316315)
(0.263469,-0.0699329)
(0.269882,-0.142705)
(0.250578,-0.120042)
(-0.0167037,0.0532636)
(0.0357529,-0.107076)
(0.350525,-0.117813)
(0.0663772,-0.0190574)
(0.106924,0.0708093)
(0.0279996,-0.019004)
(0.0455725,0.00693081)
(-0.016998,-0.0594665)
(0.231617,-0.0788702)
(0.0958748,-0.095897)
(0.0357035,0.0872764)
(0.0620064,-0.0725506)
(0.0139395,0.0112658)
(0.181814,-0.0622979)
(0.254137,-0.0968545)
(-0.0505964,-0.0814889)
(0.0440504,-0.0180053)
(0.0237325,-0.026646)
(0.105116,-0.0417109)
(0.0231818,0.00767398)
(0.0376054,0.0435242)
(-0.0769928,0.186955)
(0.264627,-0.0870563)
(0.275895,-0.105248)
(-0.0258054,0.0327478)
(-0.0389115,0.0482373)
(-0.0147775,-0.0442736)
(0.0351635,-0.0611945)
(-0.0099412,-0.0413967)
(0.25574,-0.106246)
(0.375542,-0.144314)
(-0.00738201,-0.00790022)
(0.00436407,-0.0725084)
(0.0260659,-0.0814412)
(-0.000151587,-0.0303406)
(0.0352096,-0.0814001)
(-0.0462528,0.0499518)
(-0.0165496,-0.00501515)
(-0.00191905,-0.00733525)
(-0.0351139,0.0851811)
(0.0692997,-0.0493724)
(0.0681981,-0.0731785)
(0.0375939,-0.0704498)
(0.0371909,-0.0712731)
(0.0355197,-0.0479947)
(0.00143827,-0.0755528)
(0.0301912,-0.0779931)
(0.0301153,0.142003)
(0.0434296,0.146268)
(-0.140697,-0.0504113)
(0.0603049,-0.0941633)
(0.522116,-0.0880825)
(0.00173887,0.0697764)
(-0.0156131,0.0152287)
(0.0425998,-0.0414505)
(0.0138099,-0.00565542)
(0.016434,-0.0570874)
(0.00156228,0.083357)
(0.0115896,-0.0682766)
(-0.00831581,-0.0105087)
(0.0973693,-0.114159)
(-0.0496548,-0.021605)
(0.340446,-0.0942159)
(0.0417126,0.00200476)
(0.0155915,-0.0324932)
(0.125172,-0.120697)
(-0.0429968,-0.0689189)
(-0.0546953,-0.052027)
(0.0234825,-0.00863714)
(-0.00653907,0.000785577)
(0.139134,0.0902821)
(0.0717177,0.0682968)
(0.140223,-0.129498)
(0.0284851,-0.0247589)
(0.511538,-0.084351)
(0.0133032,0.0103128)
(-0.0221249,0.185326)
(-0.00892533,0.162038)
(0.00913909,0.000635619)
(0.110815,-0.135497)
(0.0332098,-0.0746425)
(0.0978924,-0.103763)
(0.087052,-0.0738918)
(0.0402827,0.0685405)
(-0.0149019,-0.00304068)
(0.0207191,-0.0380532)
(0.00340419,-0.0064674)
(-0.111443,-0.0453227)
(0.0995226,0.048878)
(-0.010335,-0.0112874)
(0.0209116,0.0784878)
(0.0313128,-0.0472069)
(-0.0896259,0.0198354)
(-0.0651108,-0.06836)
(-0.0563152,0.0383644)
(0.126151,0.129787)
(0.0314182,-0.0357449)
(0.151382,-0.107571)
(0.0630568,-0.0316104)
(0.0538282,0.0181371)
(0.0253701,-0.0360276)
(0.0889195,-0.0493292)
(-0.0170333,0.0529454)
(-0.00300414,0.00905799)
(0.0846803,0.0715753)
(-0.0164053,-0.00629462)
(0.0844139,-0.0558257)
(-0.00312066,0.0451312)
(0.06267,0.0355759)
(-0.125563,0.111385)
(0.00566392,0.0220221)
(0.0312934,0.021361)
(-0.124796,0.121451)
(0.0396837,-0.0702921)
(0.0137037,-0.0456284)
(0.0678416,-0.0385548)
(0.196038,-0.0796426)
(-0.0235944,0.010785)
(0.434817,-0.121204)
(0.0208063,0.0601478)
(-0.0161221,0.0320496)
(-0.0459213,0.000376773)
(0.026679,-0.0253161)
(0.120346,0.096133)
(-0.00142174,0.000221785)
(0.0265178,-0.0246227)
(0.0550859,-0.0549316)
(0.0151958,-0.0153131)
(-0.00555052,0.0553924)
(0.21741,-0.0845023)
(0.0770242,0.0495757)
(-0.0327089,-0.0382787)
(0.102805,3.36866e-05)
(0.112081,-0.0202847)
(-0.0392367,-0.0570041)
(0.181184,-0.066312)
(-0.0335357,0.0411872)
(-0.0607101,0.0565091)
(0.400375,-0.134599)
(0.0689244,-0.0559371)
(-0.0118951,-0.00140174)
(-0.00411455,0.0184179)
(0.0908393,0.0573294)
(0.388474,-0.0632509)
(0.457457,-0.0847748)
(0.644751,-0.0866498)
(0.484672,-0.0719564)
(0.0308939,0.0537086)
(0.014807,0.0481104)
(0.029231,0.0771389)
(0.0858218,-0.00448405)
(0.0393579,-0.0702142)
(-0.0420651,-0.0280314)
(-0.035822,-0.0135879)
(-0.0379041,0.0308896)
(0.0284846,0.0697045)
(-0.020128,-0.0604093)
(0.0302818,-0.0541369)
(0.0184898,0.0382935)
(-0.0105967,-0.00543206)
(-0.00674893,0.0148723)
(0.0200725,-0.0428373)
(0.0509616,0.00832437)
(0.119157,-0.0199826)
(0.04381,0.0498051)
(-0.00604691,-0.0678212)
(0.0517981,0.0637495)
(0.0151605,0.0277651)
(0.0697186,0.0288376)
(0.0208103,0.0809736)
(0.0491954,0.019655)
(-0.00368341,0.0565865)
(-0.0257246,0.00619661)
(0.00742298,0.0731834)
(-0.0296107,0.00979365)
(0.0192445,-0.0111679)
(0.0375908,0.0338346)
(0.0476149,0.00893569)
(0.0548426,0.0386136)
(0.0922528,0.0326165)
(0.249954,-0.103574)
(0.0598622,0.0112934)
(0.341502,-0.110204)
(0.155946,-0.0756097)
(0.0222213,-0.0590003)
(0.0628442,-0.0837284)
(0.0402713,-0.0244593)
(-0.0111777,-0.0080039)
(0.0234061,-0.016004)
(0.00487116,-0.0189917)
(0.00237767,-0.00049449)
(0.0146051,0.0763848)
(0.00506337,0.0496305)
(-0.0284771,0.000722716)
(0.0534619,-0.0381084)
(-0.0394964,-0.0195957)
(0.0236488,-0.0620305)
(0.026984,-0.0405282)
(0.022707,-0.057232)
(0.0927248,0.0716061)
(0.113802,0.026445)
(0.0783024,-0.0478486)
(0.195019,-0.0912111)
(0.00956203,0.0811124)
(0.0745941,-0.0677049)
(0.0062549,0.0929779)
(0.0390064,-0.0812247)
(0.00826007,-0.0605034)
(0.0154023,0.0807742)
(0.239846,-0.0969131)
(0.164939,-0.0730422)
(-0.0657496,0.0346432)
(0.137016,0.0403653)
(-0.0863179,0.0255611)
(-0.0561761,0.0417555)
(0.0611464,-0.0583176)
(0.0773072,-0.0681133)
(0.245831,-0.0975331)
(0.0743238,-0.046103)
(0.0648788,-0.0749997)
(0.0718167,-0.0843525)
(0.0808415,-0.0685451)
(0.262008,-0.0957576)
(-0.047509,0.00151996)
(-0.0536776,-0.0803422)
(-0.0395885,-0.0486133)
(-0.0532288,-0.0792214)
(-0.0535082,0.0273181)
(-0.0278979,0.0263362)
(-0.079241,0.0162412)
(-0.0300123,-0.084354)
(0.0109681,-0.0309104)
(0.0397724,-0.0360219)
(0.292428,-0.0961662)
(0.0299633,0.0272899)
(-0.0307959,-0.097684)
(0.0131974,-0.0147652)
(0.00939006,-0.0476498)
(0.0588169,-0.0530351)
(0.0389322,-0.029651)
(0.0038959,-0.0117068)
(0.289479,-0.194746)
(-0.0887942,0.126371)
(0.112567,0.0619956)
(-0.0439962,0.159751)
(0.0986248,0.0610286)
(0.0875107,0.0424137)
(-0.00106685,-0.0253715)
(0.0498181,0.0245815)
(0.0839314,-0.0824769)
(0.373435,-0.140529)
(0.0166379,-0.0494152)
(-0.0136332,-0.0227408)
(0.0624056,-0.00264728)
(0.0504742,-0.0631423)
(0.0987572,-0.0391607)
(0.0834299,-0.0379901)
(0.0848514,-0.0635641)
(0.0796734,0.0481283)
(-0.00839805,-0.0138548)
(0.119121,-0.068553)
(0.10559,-0.0839528)
(0.0244929,0.069601)
(-0.0754291,-0.0472478)
(-0.0362587,-0.0354906)
(-0.0322139,0.0401797)
(-0.0101787,0.0337669)
(-0.0149388,0.0373914)
(0.0199535,0.0394223)
(-0.0343079,-0.0633573)
(0.0787227,0.0586536)
(0.0340536,0.0486492)
(-0.0603213,0.0453562)
(-0.0600466,0.0771177)
(-0.0385975,0.0893716)
(0.0387883,-0.0399027)
(0.0508137,-0.0519019)
(0.128683,-0.0761428)
(0.203869,-0.11322)
(-0.055585,0.0925491)
(-0.00369007,0.00619208)
(-0.00906822,0.0242766)
(-0.011636,-0.0289451)
(0.0146357,-0.000957264)
(-0.00502512,-0.0422649)
(0.0159283,0.005732)
(0.00345826,-0.00965545)
(0.317918,-0.108715)
(0.0443477,0.0217033)
(0.0465904,-0.10262)
(0.0511726,-0.0941401)
(0.013569,-0.00190169)
(-0.0294617,0.0444694)
(-0.0530819,0.0675718)
(0.0293617,0.0256795)
(0.0564162,0.0974756)
(0.0448578,0.0845459)
(-0.0569739,0.049145)
(-0.0580208,0.0877206)
(0.0191078,-0.00758618)
(0.0210402,-0.0213387)
(-0.00995581,0.0778808)
(0.231188,-0.162157)
(0.23242,-0.173116)
(-0.0261202,0.0632851)
(-0.0953712,-0.0199514)
(-0.0666378,-0.0239094)
(-0.0309081,0.0574725)
(0.0289533,-0.070399)
(0.00222249,-0.0172785)
(0.00938422,-0.0194375)
(0.113351,-0.109351)
(0.041838,0.0308402)
(0.0844748,-0.0475664)
(-0.0171825,0.0394288)
(-0.000293698,0.00568034)
(-0.0774325,0.0335171)
(-0.0318797,-0.0329916)
(0.00660539,-0.0466571)
(-0.0162873,-0.0126565)
(0.0169739,-0.0760329)
(-0.00172828,-0.0336338)
(0.00487028,-0.030885)
(-0.0176955,0.00934624)
(0.0156323,0.0277975)
(0.149142,-0.0842669)
(-0.0472467,-0.00420697)
(-0.0684071,0.0119749)
(0.214717,-0.0748663)
(0.211963,-0.0826094)
(0.032047,-0.0544796)
(0.0231146,0.0126689)
(0.0465361,-0.0182774)
(0.0322993,-0.0521581)
(0.0318909,-0.0621167)
(0.0529471,-0.0315313)
(0.0769648,-0.0885885)
(-0.0148748,-0.00344289)
(0.0363174,-0.0225413)
(0.143693,0.00865005)
(0.0118791,-0.0309736)
(0.305106,-0.110359)
(0.102649,0.0306519)
(-0.00481371,-0.0350527)
(-0.0183424,-0.0292237)
(-0.0323933,0.00516056)
(0.0149766,0.0573149)
(-0.120698,0.00859417)
(-0.0155405,0.0395706)
(0.0403655,0.0743681)
(0.00362723,-0.0193489)
(-0.0178583,0.140748)
(-0.0232639,0.078729)
(0.000245612,0.0501348)
(-0.105393,0.0349243)
(0.0369708,-0.0566988)
(0.0025881,0.000610196)
(-0.0285633,0.0679816)
(-0.00620819,0.00323842)
(-0.0232034,0.0337943)
(0.00155028,0.0122792)
(-0.0445798,0.0261837)
(0.0121004,0.0723133)
(0.0405459,0.0877695)
(0.0128972,0.0294357)
(0.00158887,0.00666791)
(0.317839,-0.152914)
(0.304815,-0.0935639)
(0.121069,-0.0859388)
(0.261686,-0.0854142)
(-0.0311336,0.0311653)
(0.23045,-0.113635)
(0.31444,-0.175814)
(0.0261798,0.0458837)
(0.284112,-0.160994)
(0.411022,-0.132394)
(0.445486,-0.128845)
(0.0607381,-0.0162908)
(-0.0259945,0.0432992)
(-0.0638997,-0.00153644)
(-0.0591327,0.00273091)
(0.0986881,-0.123824)
(-0.0351125,0.0228991)
(-0.0558055,0.0226834)
(-0.0406837,0.00459892)
(-0.0677945,0.0238854)
(0.0131051,0.061585)
(-0.0221133,0.0534585)
(0.0242898,0.103777)
(0.0978595,-0.0602862)
(0.110141,-0.0856552)
(0.0849928,-0.153758)
(-0.00386253,0.0608503)
(0.0510296,-0.00420418)
(0.0944501,-0.0560975)
(0.033195,-0.0317499)
(0.0255865,0.0470945)
(0.105077,0.0581586)
(0.0166606,-0.0290038)
(0.0305535,0.0362397)
(0.0189892,0.0334487)
(0.0682504,0.010563)
(0.00845844,0.0418857)
(0.240054,-0.184029)
(0.0734292,-0.0426094)
(0.0337707,0.0178455)
(0.0426177,-0.0126621)
(0.0545791,-0.00456033)
(0.102371,-0.0537552)
(0.0700169,-0.0483008)
(0.0558882,-0.0104462)
(0.0820392,-0.00435141)
(0.036555,-0.0359553)
(0.0378631,0.0114458)
(0.317653,-0.0985216)
(0.0272169,-0.0851134)
(0.119851,-0.0632411)
(0.0776374,-0.0415524)
(0.0530307,0.0783564)
(0.104857,-0.0451128)
(0.112518,-0.0825342)
(0.364281,-0.0951796)
(0.460523,-0.112272)
(0.322782,-0.117737)
(0.012666,0.032489)
(0.294623,-0.0920407)
(0.0248145,0.0291941)
(0.021512,-0.10665)
(0.0118557,-0.0338105)
(0.0160789,-0.0444064)
(0.269274,-0.146151)
(0.0137055,-0.0448655)
(-0.0336108,0.0204597)
(-0.0347615,0.00880096)
(0.236691,-0.139475)
(0.0214478,-0.0323687)
(0.0638749,-0.0836892)
(0.12266,-0.109891)
(0.0394912,-0.0362172)
(-0.0437901,0.0147586)
(-0.005092,-0.0189613)
(0.0236574,0.00189019)
(0.014891,-0.0216088)
(0.0041691,0.00140363)
(0.0598977,-0.0471815)
(-0.0232992,-0.0246357)
(0.170324,-0.131393)
(0.197583,-0.145962)
(-0.0187055,-0.0720069)
(0.0397906,0.024295)
(-0.0288235,0.013213)
(0.00501659,0.0556542)
(-0.0105968,0.00407571)
(0.0315179,0.0612732)
(0.0156385,0.0305592)
(0.0495372,-0.0766139)
(0.0133791,0.0180632)
(0.0705767,-0.0395006)
(-0.00528919,-0.00544951)
(0.04079,-0.0570776)
(0.0160375,-0.0667772)
(0.0361861,-0.0680787)
(-0.0163478,-0.00622138)
(-0.0189387,-0.0241623)
(0.0209473,-0.00899554)
(-0.00360574,0.0942357)
(0.00129271,-0.0268862)
(0.0226419,-0.0231661)
(0.0991609,-0.110253)
(0.106921,-0.0395687)
(0.0376541,0.0906123)
(0.0170947,0.117145)
(0.00573287,-0.0115909)
(-0.00236431,0.0129671)
(0.0311876,-0.00248144)
(-0.0392372,0.019141)
(-0.0516273,-0.046184)
(-0.0163501,-0.0126259)
(-0.052085,-0.0187883)
(0.0128017,-0.0107277)
(-0.0124723,0.0283688)
(-0.0411904,0.00271363)
(0.0493151,-0.0546393)
(-0.000797564,0.0265041)
(0.00871296,0.0199843)
(-0.0323383,0.0455505)
(0.0329622,0.00757684)
(0.0191771,0.0114191)
(0.107525,-0.0891366)
(-0.0106562,-0.00960628)
(0.0382939,-0.0497866)
(0.0667732,-0.0696346)
(0.0407023,-0.0444328)
(0.0821659,-0.103106)
(0.00718982,-0.0329536)
(0.136019,-0.177883)
(0.104351,-0.127139)
(0.0193131,-0.0371417)
(0.0374008,-0.0513719)
(0.0512601,-0.0540143)
(0.0731627,-0.0997422)
(0.019496,-0.0301626)
(0.156375,-0.0904894)
(0.138329,-0.0165752)
(-0.0177802,-0.0065656)
(-0.0356072,0.00292284)
(0.0380825,-0.0542795)
(0.10136,-0.0605973)
(-0.00363672,-0.0386752)
(0.125251,-0.0750039)
(0.173544,-0.07615)
(0.0408477,-0.0449196)
(0.45234,-0.0819663)
(0.057663,-0.0432773)
(0.0383487,-0.0337478)
(0.0735477,-0.028845)
(-0.00537854,-0.00971116)
(-0.0172503,-0.0504394)
(0.0229199,-0.132096)
(0.00411017,0.022382)
(-0.0608856,-0.00480794)
(0.500891,-0.102255)
(-0.0226513,0.0270856)
(-0.0457375,-0.0212121)
(-0.0384988,0.0280445)
(0.497149,-0.0945707)
(-0.0050819,0.0544399)
(-0.0349555,0.0360122)
(-0.0158923,-0.0260256)
(-0.0298003,-0.0584559)
(-0.0409622,0.0383149)
(-0.0270235,-0.0245228)
(0.0285303,-0.0270268)
(0.13325,-0.100848)
(0.119942,-0.101044)
(-0.0233405,0.0117641)
(0.0141862,-0.0230267)
(0.0213991,-0.0187235)
(0.000558829,-0.0376214)
(0.00734974,-0.0247501)
(0.0989897,-0.0845423)
(0.0203555,-0.0277587)
(0.0087701,0.051253)
(-0.00695623,0.0269646)
(-0.0314252,0.0517079)
(0.00306901,-0.0141883)
(0.00192578,-0.0178892)
(0.370742,-0.0729307)
(-0.0432044,0.0148277)
(0.355753,-0.0789743)
(-0.023741,-0.0149776)
(-0.0253331,-0.0241647)
(0.133373,-0.166804)
(0.0287495,0.0211132)
(0.324785,-0.0876899)
(0.169147,-0.0564047)
(0.249383,-0.078217)
(0.166984,-0.142918)
(0.0369367,-0.0587195)
(0.075849,-0.0323253)
(0.102019,-0.101707)
(0.206379,-0.107288)
(0.0158799,-0.00477526)
(0.02231,0.0685895)
(0.155408,-0.0839245)
(0.0024481,-0.0273011)
(-0.0244672,0.00289767)
(0.186363,-0.117868)
(-0.00873296,-0.014949)
(0.00111878,0.0674966)
(0.223417,-0.0877971)
(0.0560925,-0.111775)
(0.0643151,-0.0590582)
(0.118905,-0.0684255)
(0.0581124,-0.0452051)
(0.0734616,-0.0614937)
(-0.0144395,0.0630595)
(0.00603519,0.056432)
(0.0445944,-0.0865646)
(0.0532944,-0.122531)
(0.0257189,-0.000586873)
(-0.0309364,0.0339837)
(-0.0106377,0.0436702)
(-0.036652,0.0326958)
(-0.0180951,0.00444114)
(-0.0271005,0.0408312)
(-0.0453454,0.0370803)
(0.0738872,0.0639789)
(-0.0148317,0.0756705)
(-0.0293622,0.099119)
(-0.0161606,0.106211)
(0.00226235,0.0402519)
(-0.0102423,0.0530258)
(0.296208,-0.0588246)
(0.156353,-0.153204)
(0.160716,-0.129518)
(0.11308,-0.066668)
(0.0180965,0.0278507)
(0.123621,-0.0731848)
(0.525935,-0.0929091)
(0.0529366,-0.00737464)
(0.500412,-0.0916907)
(-0.0434606,0.0143969)
(0.0408817,-0.0611533)
(0.19273,-0.0837266)
(-0.0187033,0.00458498)
(0.0329674,-0.0538085)
(0.322575,-0.0694101)
(0.00944193,0.00924624)
(-0.00410734,0.0677822)
(-0.000764039,-0.0026596)
(0.107815,-0.113967)
(0.104771,-0.157543)
(0.0232381,0.0121446)
(0.072469,-0.120305)
(0.170884,-0.124107)
(0.0296143,-0.0700703)
(0.203627,-0.0871588)
(0.0169194,0.0259515)
(0.213085,-0.087341)
(0.0196781,-0.0505722)
(0.0298516,-0.0120549)
(0.342298,-0.0740785)
(0.0391756,0.054676)
(0.00780185,0.0184623)
(0.0190777,-0.0333847)
(0.211964,-0.0981907)
(0.112928,-0.123784)
(0.0891729,-0.117489)
(0.191702,-0.168348)
(-0.0140397,-0.00738346)
(-0.00475928,-0.0227301)
(0.0808275,-0.107675)
(0.0591159,-0.0577912)
(0.0575002,0.0793566)
(0.0291605,0.0209367)
(0.0261739,-0.0223464)
(0.0656836,0.00108061)
(0.0431752,0.00259851)
(0.00977876,-0.0129322)
(0.0295095,-0.00213547)
(0.0106779,-0.0556921)
(-0.00855637,-0.04074)
(0.0222912,-0.0317664)
(0.0331579,0.101137)
(-0.0125529,-0.0675049)
(-0.0159443,-0.0733618)
(-0.0193995,-0.0233539)
(0.0109319,-0.0355727)
(-0.0199363,-0.0186778)
(-0.00732841,-0.078368)
(0.0292616,-0.0752844)
(-0.00125114,-0.0546956)
(0.0653476,-0.0664465)
(0.0663512,0.0334216)
(0.0198368,0.0394902)
(0.0331151,0.0344089)
(0.0562805,0.0714199)
(0.0159039,0.08335)
(0.292159,-0.0693214)
(-0.0142048,0.00980579)
(0.0251932,0.0565083)
(0.0439738,0.0693988)
(0.232393,-0.0788985)
(0.00979177,-0.0139922)
(0.00397167,0.0346911)
(0.0541023,0.00395094)
(0.00370177,0.108533)
(0.00923745,0.0171364)
(0.0370797,0.0131219)
(-0.0329894,0.000593037)
(0.289756,-0.0814155)
(0.0182344,0.0130717)
(0.00836877,-0.0586751)
(0.465587,-0.0928921)
(-0.0400931,0.0140598)
(0.014186,-0.0295631)
(0.131068,0.078328)
(0.312259,-0.0919434)
(0.0540634,0.0860337)
(0.114332,0.0832615)
(0.0595058,0.102236)
(0.00482823,0.0900549)
(0.107802,-0.141704)
(0.0149078,-0.051686)
(-0.0477099,-0.0196897)
(0.0963263,-0.0484316)
(0.137799,-0.0523425)
(0.130355,-0.0736331)
(-0.0406937,-0.0353022)
(0.328395,-0.0850652)
(0.117348,-0.105657)
(0.0111518,-0.0254915)
(0.0242623,-0.011402)
(-0.0401913,0.00706041)
(0.002548,-0.0126846)
(0.148781,-0.130782)
(-0.0536451,-0.00860227)
(-0.0537363,0.0486489)
(0.00151027,-0.0244426)
(0.111632,-0.135584)
(0.135064,-0.128118)
(0.292345,-0.0898728)
(0.0458683,-0.0438475)
(0.0291442,-0.0465614)
(0.207992,-0.124787)
(0.120268,0.0785156)
(0.135238,-0.102145)
(0.135584,-0.0205959)
(0.21932,-0.0970285)
(0.199182,-0.0808241)
(0.250517,-0.108687)
(0.086123,-0.0252233)
(0.0809518,-0.0354632)
(0.395323,-0.0936922)
(0.304587,-0.13311)
(0.0691952,-0.0812645)
(0.334167,-0.0806655)
(0.404546,-0.0925074)
(0.0797432,-0.0721481)
(0.145347,-0.128522)
(0.111725,-0.117423)
(0.195981,-0.149252)
(0.210242,-0.13602)
(0.180727,-0.134778)
(0.140871,-0.121719)
(0.129299,-0.0846271)
(0.15135,-0.115877)
(-0.00582851,-0.00437842)
(0.0694167,-0.062561)
(0.00113859,-0.0462328)
(0.484276,-0.100309)
(0.040935,-0.0438744)
(0.0179453,-0.0186818)
(0.0370887,-0.0372698)
(0.427206,-0.093431)
(0.00534251,0.00619662)
(0.031307,-0.0401791)
(0.464499,-0.110753)
(0.373743,-0.108822)
(0.0695882,-0.0547133)
(0.149246,-0.0708546)
(0.0291644,-0.0621493)
(0.0267119,-0.0632245)
(0.138834,-0.0638806)
(0.0707838,-0.0708241)
(0.2846,-0.0865785)
(0.164801,-0.0618364)
(0.00124745,-0.0282228)
(0.232606,-0.0780577)
(0.0361559,-0.0403562)
(-0.00603065,0.0952862)
(0.131438,-0.099568)
(0.171389,-0.114664)
(0.0509219,-0.0474515)
(0.184122,-0.134771)
(0.00165138,0.107816)
(-0.0070984,0.12822)
(0.00438434,0.113608)
(0.147791,-0.114933)
(-0.0609188,0.0434849)
(-0.00130428,0.067681)
(-0.0590955,0.0496046)
(0.112261,-0.102318)
(0.0497599,0.0187775)
(0.0574476,-0.0428059)
(0.0548146,-0.0603923)
(0.0467644,-0.0202501)
(0.0608147,0.0171505)
(0.175123,-0.112732)
(0.0422848,-0.0177489)
(-0.0138008,-0.00942841)
(-0.0273432,-0.00741689)
(0.00304494,0.0928302)
(0.00654698,-0.00649887)
(-0.0409935,0.0307242)
(0.0248204,0.031492)
(0.0524436,-0.000905071)
(0.201073,-0.143554)
(0.0249603,-0.0664438)
(0.159549,-0.102314)
(0.067216,-0.0977013)
(0.04991,-0.0792825)
(0.0163218,-0.0303579)
(0.0960114,-0.0122969)
(-0.022043,-0.0304872)
(0.0586359,-0.0432804)
(-0.0154267,-0.0314672)
(0.0469469,0.00556282)
(-0.0206877,-0.0239826)
(0.00319456,-0.0458292)
(-0.00706941,-0.0357663)
(0.00507048,-0.0581921)
(0.256315,-0.112844)
(0.226898,-0.104569)
(0.00543062,-0.022218)
(0.0655534,-0.0506006)
(0.0697813,-0.0652572)
(0.102775,-0.0726617)
(0.304861,-0.0639786)
(-0.0298832,-0.0323649)
(0.0713542,0.0827346)
(0.0472552,0.107577)
(0.0723652,0.0810866)
(0.293736,-0.160388)
(-0.030928,-0.019076)
(0.0303328,-0.0309737)
(0.018577,-0.00301793)
(0.0310623,-0.0300038)
(0.259006,-0.0989742)
(-0.0324542,0.0435213)
(0.0577922,-0.0598721)
(0.0422664,-0.0564555)
(0.0690406,-0.0502814)
(0.0794425,-0.0738144)
(0.294189,-0.110328)
(0.227913,-0.123993)
(0.521487,-0.163102)
(0.0777121,-0.0786738)
(-0.0236017,-0.00601348)
(0.208151,-0.112771)
(0.121788,-0.0575715)
(0.193491,-0.0832452)
(0.316174,-0.11946)
(-0.093439,-0.0187765)
(0.109335,-0.0789211)
(0.0948629,-0.0605654)
(-0.0852074,0.0254939)
(0.0790254,-0.0678084)
(0.0980371,-0.0657792)
(0.150836,-0.0963314)
(0.129249,-0.0709435)
(0.0849485,-0.0573926)
(0.530639,-0.105434)
(-0.103709,-0.0507546)
(0.0468761,0.0401216)
(-0.113456,-0.0705377)
(0.382218,-0.118113)
(0.260026,-0.100661)
(0.282679,-0.106503)
(0.0221691,-0.05311)
(0.0522247,-0.0427621)
(0.0651168,-0.0702885)
(0.479743,-0.110592)
(0.138716,-0.107156)
(0.0263147,-0.0502379)
(0.0503627,-0.0524962)
(0.650032,-0.0751241)
(0.0357347,-0.0544647)
(0.0970726,-0.0877726)
(0.503557,-0.0966319)
(0.415162,-0.062609)
(0.066371,0.00191592)
(0.0678406,-0.0583596)
(0.0241398,0.0184897)
(0.0136099,-0.0622975)
(-0.0455864,0.0188175)
(0.00484318,-0.0282296)
(-0.0454404,0.0191198)
(0.233356,-0.0963972)
(0.221241,-0.138732)
(0.318883,-0.12427)
(0.281029,-0.1217)
(0.316876,-0.0970508)
(0.0897221,-0.0652055)
(0.115935,-0.0715846)
(0.0808784,-0.0619675)
(0.135228,-0.0838654)
(-0.00626266,-0.0741827)
(-0.00389218,-0.0842519)
(0.0802559,-0.062099)
(0.38825,-0.106565)
(0.416768,-0.109586)
(0.341681,-0.0822547)
(0.395312,-0.086832)
(-0.0113677,-0.0372861)
(0.198091,-0.120575)
(0.0183925,-0.0455518)
(0.0182695,-0.0417427)
(-0.00040448,0.0410619)
(0.0411739,-0.0563044)
(0.0922095,-0.082266)
(0.0107095,-0.0074737)
(0.0230144,-0.043422)
(-0.0144029,-0.00786509)
(0.174371,-0.145752)
(0.272868,-0.0874749)
(-0.0141074,-0.00160915)
(0.269621,-0.0992931)
(0.112473,-0.0941512)
(0.254474,-0.102134)
(0.0433399,-0.0213198)
(0.0920239,-0.0674876)
(0.0780431,-0.026491)
(0.395827,-0.117274)
(0.14958,0.0124964)
(0.0923879,-0.0501641)
(0.221526,-0.0961042)
(0.115296,-0.0970246)
(0.217439,-0.0705003)
(0.466334,-0.0764842)
(0.569847,-0.11318)
(0.297741,-0.110006)
(0.0288449,0.0177292)
(0.0375304,-0.0134427)
(0.0100172,0.0525052)
(0.00579169,-0.0669435)
(0.0023846,-0.0570684)
(0.0174018,0.0151409)
(0.0688615,-0.0327576)
(0.256865,-0.12733)
(0.282742,-0.162103)
(0.043968,-0.0189312)
(0.273865,-0.165891)
(0.0191006,0.0169037)
(0.290084,-0.114334)
(0.41886,-0.135493)
(0.0309317,0.0216129)
(0.139441,-0.0732366)
(0.136003,-0.0758859)
(-0.0684447,0.114571)
(0.418021,-0.0870366)
(-0.0536112,0.105933)
(0.300154,-0.0801227)
(-0.0998657,0.0536936)
(0.315336,-0.141203)
(-0.065757,0.0713852)
(0.32992,-0.133321)
(-0.0404722,0.0646324)
(0.00588688,-0.0316641)
(0.0175083,-0.0160484)
(0.0314619,0.0687588)
(0.381856,-0.11174)
(0.0404056,0.0331889)
(0.312208,-0.101651)
(0.339795,-0.0848323)
(-0.0369644,-0.0487992)
(0.422054,-0.106046)
(0.286602,-0.106331)
(0.335288,-0.0945199)
(0.00934743,0.0657986)
(0.219462,-0.104963)
(-0.0357501,0.0470506)
(-0.0352173,0.102584)
(-0.00668527,0.110631)
(-0.0544942,0.0801937)
(0.000915773,-0.00060851)
(-0.0724525,0.0474813)
(0.032665,0.00234641)
(0.354609,-0.130824)
(-0.0234141,0.0156357)
(0.304187,-0.0848137)
(0.201784,-0.095693)
(0.213157,-0.110255)
(0.0281361,0.00659119)
(0.0186832,-0.0543504)
(0.0556897,0.00530225)
(0.35339,-0.0660778)
(-0.020724,0.0300447)
(0.370921,-0.066834)
(0.110108,-0.0584639)
(-0.0196233,0.013236)
(-0.0140561,-0.0250794)
(0.248449,-0.0879084)
(-0.0488022,0.00378411)
(0.0664732,0.0431372)
(0.0868635,-0.0697985)
(0.232625,-0.0882626)
(0.36412,-0.0543572)
(0.255263,-0.149456)
(0.362279,-0.0647066)
(0.463715,-0.0614687)
(-0.0390714,0.0440309)
(0.244413,-0.128454)
(0.171205,-0.113209)
(-0.022105,0.00883405)
(0.230201,-0.0813939)
(0.180961,-0.117204)
(0.231527,-0.0773344)
(0.209124,-0.11849)
(0.0405864,-0.053026)
(0.0330075,-0.04535)
(-0.00778975,-0.0117944)
(0.0712561,-0.0842191)
(0.0630596,-0.0875187)
(0.0024063,0.08512)
(0.00952783,0.0146026)
(0.185093,-0.0830828)
(-0.0210222,-0.0477309)
(-0.0295369,-0.109499)
(0.0207945,-0.0107967)
(0.0336854,0.0699937)
(0.028553,0.0526043)
(0.0372776,0.103163)
(0.0139048,-0.048962)
(0.30381,-0.117111)
(0.0393561,-0.0889044)
(0.0386092,-0.0682011)
(0.601982,-0.104679)
(0.51067,-0.0956363)
(-0.0172375,-0.012724)
(0.024264,-0.0589354)
(0.00969974,-0.0504142)
(0.0295803,-0.0507047)
(0.0254069,0.0124311)
(0.229278,-0.10262)
(0.317442,-0.113446)
(0.273766,-0.137155)
(0.438924,-0.0729568)
(0.0029215,0.0422419)
(0.207592,-0.0931974)
(0.403649,-0.0700821)
(0.0282378,-0.0580837)
(-0.000433137,-0.00161432)
(-0.0461743,0.017469)
(0.50247,-0.113203)
(0.17282,-0.0682344)
(0.177492,-0.0844002)
(0.152078,-0.0667921)
(0.198031,-0.0728962)
(0.263984,-0.0994804)
(0.313517,-0.0779184)
(0.371212,-0.0834952)
(0.247678,-0.0992709)
(0.195169,-0.0903346)
(0.427947,-0.127946)
(0.219902,-0.0969341)
(0.0546843,-0.045282)
(0.0283122,-0.0324565)
(0.365638,-0.0984742)
(0.063666,-0.0574964)
(0.351839,-0.109989)
(0.0379014,0.0854791)
(-0.0132661,-0.0123197)
(0.0636722,-0.052759)
(0.0938673,-0.0589389)
(0.111122,-0.0943466)
(0.0524673,-0.0997654)
(0.0139085,-0.0647758)
(0.062282,-0.0815948)
(0.0131044,-0.12385)
(0.430109,-0.0871937)
(0.0296912,-0.0281242)
(-8.49096e-05,-0.0952093)
(0.402073,-0.0886115)
(0.0147599,-0.0898654)
(0.122945,-0.0613479)
(0.109184,-0.0573534)
(0.123003,-0.0622418)
(-0.00202949,-0.0824738)
(0.142311,-0.0778131)
(0.075589,-0.0701388)
(0.0218593,-0.0201009)
(-0.0289688,-0.00544636)
(-0.025132,0.0207748)
(0.0157778,-0.0241095)
(0.356329,-0.0900817)
(0.181365,-0.0723307)
(0.479651,-0.0901751)
(0.492697,-0.08818)
(0.390344,-0.0982778)
(0.144583,-0.0981862)
(0.252333,-0.0812241)
(0.396002,-0.0954951)
(0.350148,-0.0976184)
(0.189166,-0.097027)
(0.059833,0.0962778)
(0.222383,-0.107307)
(0.0827725,0.135)
(0.414237,-0.100093)
(0.432191,-0.103433)
(-0.0404325,-0.0657399)
(-0.0351384,-0.00552892)
(0.0434894,0.076527)
(0.160025,-0.0748109)
(0.117823,-0.0933363)
(0.153028,-0.0683131)
(0.12025,-0.0687488)
(0.142546,-0.0766953)
(0.130305,-0.0604608)
(0.0916007,-0.0759178)
(0.0947168,-0.0488574)
(0.109126,-0.086783)
(-0.0174879,0.0541317)
(0.0140465,0.116955)
(0.0152286,0.127574)
(0.368928,-0.0868702)
(-0.0291424,0.0270182)
(0.30825,-0.100731)
(0.343257,-0.089828)
(-0.125808,-0.00790391)
(0.05644,0.0959107)
(-0.0286371,-0.0733085)
(0.117556,-0.0714301)
(0.0247795,0.0760021)
(-0.0197395,-0.0681119)
(0.218506,-0.0855641)
(0.201822,-0.0865638)
(0.137281,-0.0634906)
(0.0461304,-0.0423714)
(-0.00500952,-0.0285477)
(0.0646603,-0.0346707)
(0.0510323,-0.0542585)
(0.0713101,-0.0421257)
(0.237326,-0.0837067)
(0.429823,-0.10169)
(0.403116,-0.0957886)
(-0.0427549,0.114121)
(0.329837,-0.0556108)
(-0.132761,-0.0144385)
(-0.0386556,0.0670526)
(-0.0464072,0.0487251)
(0.0213619,-0.0620697)
(-0.109774,0.0245152)
(0.126337,-0.100986)
(0.156482,-0.0959018)
(0.273498,-0.127764)
(0.391555,-0.0984096)
(-0.0255651,-0.0263635)
(0.399861,-0.0891911)
(-0.0608808,-0.0261187)
(0.21798,-0.0770531)
(0.277876,-0.0784321)
(0.017486,-0.05232)
(0.414501,-0.0492482)
(0.261395,-0.072643)
(0.411783,-0.0513539)
(0.309815,-0.0461247)
(0.32632,-0.0618604)
(0.204216,-0.105204)
(0.269147,-0.115868)
(0.195401,-0.102182)
(0.272667,-0.0570485)
(-0.000218481,-0.128755)
(0.339184,-0.0657191)
(0.349165,-0.11128)
(0.0373023,-0.112977)
(0.0502377,-0.048158)
(0.0455118,-0.0577828)
(-0.0648214,-0.0446367)
(0.260752,-0.0677366)
(0.158886,-0.0844541)
(0.324778,-0.0768001)
(0.0959011,-0.0655495)
(0.16015,-0.0782833)
(-0.0195097,-0.0094647)
(0.00379333,-0.0156152)
(0.251216,-0.113676)
(0.0798719,-0.069894)
(0.167612,-0.0846082)
(0.407476,-0.0597805)
(-0.0038491,-0.00480005)
(-0.0178484,-0.0153719)
(0.0707633,-0.0558389)
(0.0302768,-0.0391611)
(0.0619871,-0.0520949)
(0.080837,-0.0397064)
(0.444151,-0.0601373)
(0.495821,-0.083808)
(0.412498,-0.0622678)
(0.0054404,0.00529022)
(0.201921,-0.11026)
(0.327896,-0.105832)
(0.199814,-0.0982151)
(-0.0494185,-0.0242881)
(-0.052963,0.0398796)
(-0.0515648,0.0267319)
(0.535401,-0.0873553)
(0.33159,-0.110167)
(0.341214,-0.088808)
(0.303565,-0.0905063)
(0.525227,-0.0806089)
(-0.0546598,-0.0721373)
(0.323686,-0.0892232)
(0.243459,-0.0752557)
(-0.0287296,-0.0680469)
(0.377152,-0.0658637)
(0.510516,-0.0904809)
(0.0112827,0.00413334)
(0.0380809,-0.0507953)
(0.352015,-0.0601056)
(-1.83435e-05,-0.0658736)
(0.0283561,-0.0478041)
(0.300612,-0.0489941)
(-0.0398471,0.0270107)
(-0.0351995,0.0066365)
(-0.0092174,0.0183107)
(0.0186979,-0.0884184)
(0.425819,-0.0855068)
(0.104198,-0.0521386)
(0.0690318,-0.0378977)
(0.0939949,-0.0470592)
(0.211572,-0.0549527)
(-0.00866193,-0.039795)
(-0.000404115,-0.0395275)
(0.0247373,-0.0498509)
(0.0969562,-0.0593344)
(0.0369794,-0.0449956)
(0.0747645,-0.0577535)
(0.0636092,-0.0603836)
(0.0921117,-0.0953147)
(0.00908863,-0.0685087)
(0.0364488,-0.0836577)
(0.0702171,-0.0812479)
(0.240152,-0.0921417)
(-0.0692622,0.0222514)
(0.268559,-0.093195)
(0.0264882,-0.0311137)
(0.0428808,-0.0872326)
(0.136597,-0.107929)
(0.33694,-0.0706961)
(0.165505,-0.110795)
(0.0428229,-0.133209)
(-0.0403651,0.0650347)
(-0.0355054,0.0370633)
(-0.0496004,0.0543129)
(0.0585117,-0.0286348)
(0.00601441,-0.027401)
(0.19078,-0.0780467)
(0.022394,-0.0346519)
(0.224135,-0.0827763)
(0.0380755,0.0636514)
(-0.00292754,-0.00680589)
(0.443013,-0.101389)
(0.079954,-0.0849855)
(0.0828795,-0.0850625)
(0.123839,-0.0495241)
(0.00945351,-0.0148799)
(0.15685,-0.0902427)
(0.125145,-0.0862086)
(0.0503353,-0.0760553)
(0.116272,-0.107227)
(0.388686,-0.1124)
(0.0652106,-0.123233)
(0.302816,-0.0953603)
(0.0734093,-0.133967)
(0.0460325,-0.00249099)
(-0.0208277,-0.0227975)
(-0.0449507,-0.0181668)
(-0.0272767,-0.0333735)
(-0.129008,0.0178537)
(0.062842,-0.0304609)
(-0.127507,-0.021003)
(-0.149001,0.069326)
(0.0521569,-0.0461201)
(0.300944,-0.120612)
(0.342444,-0.148029)
(0.0411908,-0.0320135)
(0.325625,-0.207737)
(0.237241,-0.139883)
(0.242546,-0.0927178)
(-0.0140068,-0.0384504)
(0.0619848,-0.0670591)
(0.233355,-0.0813238)
(0.0548914,-0.065935)
(0.0704656,-0.0681623)
(0.0123325,-0.0147552)
(-0.01426,0.00148947)
(0.0584426,-0.0619384)
(0.0590606,-0.0463152)
(0.14924,-0.103507)
(0.154836,-0.12079)
(0.069196,-0.0624889)
(0.10876,-0.117675)
(0.0926005,-0.0851789)
(0.0543532,-0.0475479)
(0.131419,-0.115181)
(0.0830334,-0.0561662)
