1620
(0.0878032,-0.135661)
(0.134649,-0.0927693)
(0.0244188,-0.0568344)
(0.102004,-0.0284975)
(-0.000175544,0.10113)
(0.0463125,-0.0465762)
(0.210478,-0.125102)
(0.0220229,-0.116441)
(0.0887266,-0.0629765)
(0.00295466,-0.0714713)
(0.103246,-0.0814096)
(0.123564,-0.0993918)
(-0.00534725,0.103733)
(0.0603895,-0.0355791)
(-0.0338806,-0.0147806)
(0.144553,-0.0144689)
(0.0462424,-0.0130865)
(0.015725,0.0645335)
(0.118483,-0.0718267)
(0.0335071,-0.0403561)
(0.0996831,-0.0364743)
(0.0643561,0.0509711)
(0.0095404,0.0135887)
(0.14537,-0.166849)
(0.0843022,-0.00448421)
(-0.0314904,0.018734)
(0.0269051,0.0606621)
(0.033876,-0.0582209)
(0.103136,-0.120116)
(0.0121224,-0.0516248)
(-0.0135461,0.0602424)
(0.00768774,-0.0412176)
(0.110813,-0.109922)
(0.0126243,0.0151293)
(0.0898268,-0.0658158)
(0.0598506,-0.0413447)
(0.134364,-0.113171)
(-0.0835119,0.000258878)
(0.0207966,-0.0091444)
(-0.0576171,0.0153963)
(0.209301,0.0126485)
(-0.0300779,0.0391709)
(-0.077547,0.0682954)
(0.0101664,0.0422464)
(0.0722985,-0.0792443)
(0.0553216,-0.0601999)
(0.0633955,-0.0426645)
(-0.0109189,0.0670801)
(-0.0460562,0.0449785)
(-0.00417977,0.0103236)
(0.041064,-0.0501959)
(0.0172824,-0.0246967)
(0.0761908,-0.0256797)
(0.0617768,-0.010203)
(-0.00034512,-0.0268138)
(0.00197975,-0.0216202)
(0.167178,-0.104184)
(0.0406288,0.00195518)
(0.0590222,-0.0526717)
(0.113334,0.176439)
(0.0434266,-0.0762799)
(0.266433,-0.204149)
(0.101099,-0.00905588)
(0.215029,-0.201937)
(0.0671571,-0.0166052)
(0.0184328,-0.0563916)
(0.0627414,-0.075982)
(0.0297813,-0.104906)
(-0.0142157,-0.0172772)
(0.0644981,0.0292299)
(-0.05099,-0.113035)
(-0.0208983,-0.0855455)
(0.0190644,0.0905895)
(-0.101601,0.0730534)
(0.281505,-0.140293)
(-0.0107009,-0.0827527)
(0.104306,-0.00145774)
(0.0322367,-0.091858)
(0.0187792,-0.0687767)
(0.0522996,-0.0905334)
(0.0175679,-0.0527858)
(-0.0588731,0.150765)
(0.0892855,0.0509902)
(0.0174093,-0.0779704)
(0.0146483,-0.0390991)
(-0.0334482,0.0573288)
(-0.133627,-0.0519731)
(0.00641616,0.0116617)
(0.0969075,0.0110691)
(0.0736611,0.000659692)
(0.00477317,0.018837)
(0.0221467,0.0269816)
(0.090875,-0.124042)
(0.118643,-0.200658)
(0.153587,-0.17048)
(0.114141,-0.142198)
(0.024013,-0.00830395)
(0.320551,-0.129037)
(-0.0163786,-0.0442294)
(0.0168178,-0.0167742)
(0.0749736,0.123894)
(0.00932185,-0.0625871)
(-0.0433463,-0.0335918)
(-0.0527287,-0.0304252)
(0.0709483,0.0653732)
(0.300308,-0.156222)
(0.143319,-0.0941259)
(0.113065,-0.104212)
(0.0229265,-0.0369642)
(0.119548,-0.0720757)
(0.00278129,-0.0302151)
(0.286153,-0.205159)
(0.2176,-0.131172)
(-0.0237896,0.00393617)
(0.164586,-0.181221)
(0.0853864,-0.144881)
(0.121375,-0.145628)
(0.185295,-0.156207)
(-0.014674,0.00624513)
(0.381457,-0.0487485)
(0.180755,-0.196939)
(0.0168257,0.0381125)
(0.23504,-0.0961371)
(0.134669,-0.0622647)
(0.223722,-0.101605)
(0.147899,-0.112491)
(0.100549,-0.0681109)
(0.103143,-0.0352068)
(0.197074,-0.0804015)
(-0.0563212,0.0214233)
(-0.0235748,-0.02293)
(0.0433824,0.00460271)
(-0.0181891,0.00098321)
(0.0444829,0.0775518)
(0.0467638,0.0548092)
(0.0302221,0.00865568)
(0.0362617,0.0737112)
(-0.0327698,-0.0844325)
(0.247795,-0.0662702)
(0.103066,-0.0744412)
(0.12415,-0.0682826)
(-0.0285102,-0.0193407)
(-0.0579536,-0.0855644)
(-0.0623058,0.0202632)
(-0.0861598,-0.0341454)
(-0.0870449,-0.0425994)
(0.00520845,-0.0548766)
(0.123605,-0.112248)
(0.117324,-0.113253)
(0.0414995,0.0756499)
(0.330273,-0.0665973)
(0.081282,-0.134641)
(0.479058,-0.117236)
(0.269281,-0.132292)
(0.303399,-0.110902)
(0.158756,-0.110729)
(0.21802,-0.118372)
(0.24742,-0.13527)
(0.187602,-0.104889)
(0.119091,-0.124307)
(0.132238,-0.113854)
(0.0872301,-0.107529)
(0.109608,-0.106893)
(-0.0529572,0.100719)
(-0.0139243,-0.00415769)
(0.11679,-0.0956237)
(-0.0116447,-0.00443536)
(0.000366613,-0.0206489)
(-0.0508189,0.0415122)
(-0.0675545,0.0649149)
(-0.0333234,0.0272894)
(-0.0412704,0.0632895)
(0.253822,-0.0819736)
(0.291348,-0.0803504)
(0.287359,-0.113004)
(0.314249,-0.141559)
(-0.028063,-0.0601166)
(-0.0167111,-0.0641139)
(-0.0581308,-0.0883928)
(-0.0645958,-0.100382)
(0.0568395,0.0474194)
(0.234414,-0.107831)
(0.227015,-0.101026)
(0.118689,-0.0561152)
(0.122994,-0.0561768)
(-0.0461175,-0.127091)
(-0.0232136,-0.104416)
(0.200157,-0.126091)
(0.180961,-0.128087)
(0.283256,-0.122428)
(0.266834,-0.0992829)
(0.273536,-0.0543832)
(0.378278,-0.0698734)
(-0.032457,0.0091105)
(0.118615,0.0216875)
(-0.183682,0.183102)
(-0.168467,0.221346)
(0.152375,-0.123225)
(-0.0467376,0.0521793)
(0.0502963,-0.168699)
(0.0421173,-0.0456664)
(0.0452564,-0.0645201)
(0.0742572,0.0444875)
(0.0598994,-0.0389567)
(0.00469017,-0.034079)
(0.0810262,-0.0526805)
(0.411584,-0.113397)
(0.407151,-0.100392)
(-0.0637132,0.052259)
(0.205928,-0.129782)
(0.00884836,-0.0193979)
(0.252131,-0.0773063)
(0.251038,-0.08336)
(0.105599,-0.133193)
(0.119684,-0.125891)
(-0.0104908,-0.10132)
(-0.0526364,-0.100761)
(0.271258,-0.0619068)
(0.342055,-0.0693918)
(0.00520469,0.0103639)
(0.025068,-0.0837202)
(0.0430343,0.0238393)
(-0.0250225,-0.0233212)
(0.542386,-0.0872402)
(-0.063556,-0.0301141)
(-0.0328989,-0.0350615)
(0.408861,-0.0823337)
(-0.0774114,-0.0293805)
(-0.0403766,-0.0866089)
(-0.0571933,-0.00881627)
(-0.0722644,-0.0329731)
(0.255978,-0.0783433)
(0.258876,-0.0826506)
(0.3306,-0.11169)
(0.369461,-0.108483)
(0.0506078,-0.0486375)
(-0.104953,-0.0979842)
(-0.075167,-0.0730221)
(0.277188,-0.0924242)
(-0.0963323,0.146606)
(-0.0554565,0.104998)
(0.100241,-0.114215)
(0.101489,-0.177047)
(0.120251,-0.217597)
(0.18076,-0.124913)
(-0.0176151,0.118895)
(0.167786,0.0659591)
(0.138397,-0.102454)
(0.0441576,-0.0366047)
(0.152174,0.0888092)
(0.0530781,-0.0473077)
(-0.00106125,0.137547)
(0.022465,-0.0454197)
(0.014142,-0.0212429)
(0.0579562,0.109344)
(0.0746937,0.0141255)
(0.225711,-0.0822578)
(0.0809259,-0.10046)
(0.172545,0.0553149)
(0.0533378,0.0362457)
(0.0214985,-0.00244536)
(0.0705915,0.0366486)
(0.0369171,-0.027899)
(0.088641,0.0754664)
(0.413349,-0.115514)
(0.0843025,0.0708899)
(0.116072,-0.13338)
(0.0337134,-0.0142728)
(0.0346494,0.0178509)
(0.00177312,-0.0674717)
(0.0057112,-0.0300702)
(0.0722805,0.00647386)
(-0.0400706,-0.0199356)
(-0.107539,-0.142088)
(-0.0895717,-0.100793)
(0.191813,-0.131977)
(-0.126451,-0.115574)
(-0.0166854,-0.029477)
(-0.165411,-0.0620546)
(0.0150381,0.0340704)
(0.00685663,0.0164596)
(-0.00136007,0.0252468)
(-0.00115551,-0.0359701)
(0.0017476,-0.0574261)
(0.0520194,-0.00486191)
(0.114597,-0.0732787)
(0.134745,-0.0796385)
(-0.0574876,0.144078)
(-0.0100921,0.0166172)
(0.0369816,0.0109197)
(-0.0112156,-0.0699584)
(0.0119804,-0.0134999)
(-0.00638817,-0.0229041)
(-0.181736,0.0354403)
(0.0711779,0.0359728)
(-0.0429603,-0.0356932)
(0.132747,0.00873655)
(-0.0421802,-0.0674351)
(-0.0577002,0.198206)
(-0.131446,0.0278977)
(-0.194426,0.0556984)
(-0.0659198,-0.0203363)
(-0.0651653,0.0974066)
(-0.0260976,0.00226953)
(-0.000510056,-0.0314074)
(0.118747,0.00743969)
(0.00762103,0.0341049)
(0.271561,-0.117162)
(-0.00307229,-0.0405674)
(0.0100011,-0.0679232)
(0.0155134,-0.121686)
(-0.00476522,0.00737288)
(-0.0725074,-0.014025)
(0.111142,-0.032933)
(-0.0205744,0.0339626)
(-0.0025504,0.0300785)
(-0.0227166,-0.0430264)
(-0.0651639,-0.0572406)
(0.0407309,0.00520078)
(0.270575,-0.104073)
(0.00353915,0.0100241)
(0.0847636,0.0474707)
(-0.0695775,-0.0543159)
(0.0210058,0.0801823)
(0.122938,0.0636397)
(0.102876,0.0174532)
(0.0317577,-0.0282233)
(0.000956772,-0.0342209)
(0.0680721,0.0145413)
(0.0237944,0.0228266)
(0.0268222,-0.0950293)
(-0.214428,0.17625)
(-0.176753,0.270047)
(0.025993,-0.000869782)
(0.128833,0.106402)
(0.229354,-0.111099)
(0.1918,-0.120113)
(0.0568595,0.00387139)
(0.100347,0.13245)
(0.149105,-0.0054464)
(0.0239029,-0.0653259)
(0.165047,-0.203043)
(0.0272264,0.01353)
(0.0772735,0.0155428)
(0.043531,0.015585)
(0.0173846,-0.0657388)
(0.0664565,-0.0077396)
(0.0423691,0.0440927)
(0.052683,-0.0664973)
(0.270883,-0.091383)
(0.273051,-0.201915)
(0.252027,-0.167069)
(0.124951,0.0927484)
(0.0688485,-0.073798)
(0.284569,-0.128289)
(0.0909564,0.109936)
(0.192561,0.0564653)
(0.0419015,-0.0237393)
(0.0526545,-0.0462839)
(0.00395261,-0.0586979)
(0.191632,-0.0917713)
(0.0756191,-0.0750309)
(0.00424557,0.0100993)
(0.0590038,-0.0682739)
(0.0397284,-0.0260657)
(0.205128,-0.0726447)
(0.248963,-0.151551)
(-0.0733923,-0.0488388)
(0.0155081,-0.0894394)
(-0.00535042,-0.065198)
(0.127243,-0.0312327)
(0.0625055,0.0158775)
(0.0635204,0.0296588)
(-0.0826973,0.268216)
(0.253756,-0.128441)
(0.277876,-0.131596)
(0.0081664,0.0354408)
(0.00861781,0.0865815)
(-0.0144792,0.0358595)
(0.0221064,-0.0839818)
(0.0242803,-0.0541368)
(0.238316,-0.118157)
(0.324909,-0.153676)
(-0.0217684,-0.0131333)
(-0.0170622,-0.087614)
(0.0243193,-0.111509)
(-0.00999998,-0.0651514)
(0.0616072,-0.101526)
(-0.0467733,0.129209)
(-0.0519848,0.0244895)
(0.0222947,-0.00237648)
(-0.0541285,0.170882)
(0.0617112,-0.0666352)
(0.0130329,-0.112627)
(0.0590026,-0.0835109)
(0.0498023,-0.0704158)
(0.0197394,-0.0286558)
(-0.0223305,-0.0841986)
(0.0419078,-0.0983717)
(-0.021245,0.175073)
(0.00786976,0.17947)
(-0.111969,-0.133608)
(0.0174132,-0.162826)
(0.465483,-0.128874)
(0.0381004,0.0537315)
(-0.107496,0.0661208)
(0.0126635,-0.0232908)
(0.0604019,-0.00667052)
(0.0572705,-0.0675807)
(0.122613,0.049486)
(0.0157709,-0.107162)
(-0.0650294,-0.0058988)
(0.0652189,-0.189236)
(-0.0636594,-0.065379)
(0.278373,-0.0780579)
(0.0437837,0.00503845)
(0.0781308,-0.0289319)
(0.154937,-0.148663)
(-0.0606395,-0.0622731)
(-0.0861696,-0.0332365)
(-0.00748675,-0.0283576)
(-0.0569947,0.0881485)
(0.168608,0.00553653)
(0.0569864,-0.0238585)
(0.164344,-0.154386)
(0.0920132,-0.0217289)
(0.448003,-0.117813)
(0.0537116,0.0204525)
(-0.0536386,0.287726)
(0.00400354,0.241299)
(0.0590539,0.0204608)
(0.134571,-0.14059)
(0.0355596,-0.112188)
(0.098434,-0.0183117)
(0.108392,-0.00895098)
(0.0307227,0.0224285)
(0.0961557,-0.0885566)
(0.00961128,-0.0477456)
(0.0900514,-0.0859401)
(-0.0339204,-0.110833)
(0.088928,0.0580138)
(0.0463858,-0.0345858)
(0.0453955,0.0266478)
(0.118398,-0.0739746)
(-0.131451,0.0152955)
(0.0142253,-0.135262)
(-0.0227812,0.0853007)
(0.119888,0.0871369)
(0.0158687,0.00503328)
(0.157556,-0.128493)
(-0.0699764,-0.0333196)
(-0.115451,-0.0197003)
(0.0346103,0.0389094)
(0.0886793,-0.0789249)
(-0.0332456,0.0228355)
(-0.034176,0.045993)
(0.0764901,0.0161395)
(0.0015436,-0.0173392)
(0.100541,-0.0915014)
(0.0379845,-0.0365407)
(0.0621245,0.00865781)
(-0.201788,0.160283)
(0.0229693,0.034616)
(0.0539286,0.0205268)
(-0.183396,0.173458)
(0.108578,-0.0155556)
(0.0776243,0.00525942)
(0.0677215,-0.0618838)
(0.175854,-0.0780187)
(-0.00242308,-0.0105181)
(0.364129,-0.103119)
(-0.0060853,0.0251571)
(-0.229992,-0.0571777)
(-0.156369,-0.0439804)
(0.0471451,-0.0264738)
(0.11683,0.0186475)
(-0.0559731,0.0812013)
(0.030198,-0.00281268)
(0.0577622,-0.0309984)
(0.0326646,-0.0041167)
(0.0238247,0.0502459)
(0.193618,-0.0765849)
(0.0697134,0.000794799)
(-0.0629605,-0.0290817)
(0.098696,-0.0170856)
(0.106823,0.0336117)
(-0.0883253,-0.0408808)
(0.156187,-0.0795247)
(-0.0072066,0.0393837)
(-0.0178665,0.0418093)
(0.329781,-0.0984125)
(0.0492739,-0.077535)
(0.0146704,0.00580596)
(0.0139141,0.00832734)
(0.0218192,-0.0283554)
(0.32112,-0.0755902)
(0.377285,-0.105627)
(0.522228,-0.0786995)
(0.389391,-0.0556874)
(0.0643729,-0.00229805)
(0.0372636,0.0090481)
(0.107913,0.0220632)
(0.0515481,-0.115886)
(-0.0821923,-0.0837168)
(-0.0153829,-0.0488324)
(-0.020597,-0.0313609)
(0.0252287,0.020669)
(0.143746,0.155825)
(-0.0432969,-0.0819963)
(-0.0175166,0.00598219)
(0.028629,-0.00530211)
(-0.001996,0.0211583)
(-0.0179931,0.0229217)
(0.0323797,-0.0328539)
(0.0843528,0.0403127)
(0.144893,0.00790549)
(0.0417033,0.0141834)
(-0.0505022,-0.0847234)
(0.0514557,0.0160318)
(0.0275213,0.0478039)
(0.0720079,-0.0111844)
(0.0168951,0.0890883)
(0.046414,-0.00697187)
(-0.0351456,0.0768321)
(-0.0514558,0.00271949)
(0.0223422,0.0861646)
(-0.0371256,-0.00132432)
(0.0634968,0.00714799)
(0.0306304,0.0240054)
(0.0778563,0.0335298)
(0.0587834,0.0236915)
(0.164885,0.088249)
(0.267936,-0.120295)
(0.10313,0.0625031)
(0.27754,-0.0870688)
(0.171209,-0.12095)
(-0.0858327,-0.0235922)
(-0.0345385,-0.0938206)
(0.0215351,-0.0835028)
(0.00648002,-0.0221917)
(0.00655761,-0.0815677)
(-0.000148048,-0.0127792)
(0.00833793,-0.0212456)
(0.0127266,0.10394)
(0.0226639,0.0635682)
(-0.0596142,-0.0397337)
(0.0629865,-0.0591233)
(-0.0462011,-0.0460253)
(0.0482605,0.0182043)
(0.0147278,0.0187345)
(0.0986094,-0.0155921)
(0.103129,0.051468)
(0.11459,-0.0315188)
(0.0947632,-0.0590184)
(0.209838,-0.107621)
(0.0371758,0.0804858)
(0.0518015,-0.0952425)
(0.0460612,0.108131)
(0.0259221,-0.113147)
(-0.00144004,-0.0920601)
(0.0391529,0.137049)
(0.23981,-0.125574)
(0.171884,-0.100728)
(-0.0600251,0.0468105)
(0.209703,0.0275155)
(-0.0676187,0.0645629)
(-0.0150265,-0.0272279)
(0.0393885,-0.0800546)
(0.0492746,-0.090768)
(0.22264,-0.0949081)
(0.101466,-0.0398416)
(0.035982,-0.14713)
(0.0910724,-0.0472617)
(0.049805,-0.0895737)
(0.224424,-0.0844373)
(0.0123184,-0.0611845)
(-0.0520216,-0.0413582)
(-0.0285473,0.00368265)
(-0.0364642,-0.0198853)
(-0.0508347,0.0978449)
(-0.00897234,0.0643342)
(-0.0553547,0.0463873)
(-0.0152689,-0.0657457)
(0.0329582,-0.0485318)
(0.0730971,-0.0607669)
(0.241048,-0.0824174)
(0.0398582,0.00678995)
(-0.0165149,-0.0787321)
(0.0324766,-0.0359692)
(0.0114886,-0.0558463)
(0.0558031,-0.0827609)
(0.063894,-0.0576938)
(0.0134401,-0.0207407)
(0.384636,-0.300876)
(-0.0537241,0.163706)
(0.103316,-0.00165045)
(-0.0113395,0.200784)
(0.127451,-0.0292609)
(0.0758059,0.0077335)
(0.0203862,-0.049344)
(0.0504443,-0.0104499)
(0.082168,-0.113671)
(0.398084,-0.181131)
(0.0395568,-0.0715953)
(0.00233317,-0.0383031)
(0.0945816,-0.0498334)
(0.088288,-0.0551464)
(0.10057,-0.0624641)
(0.0663813,-0.117034)
(0.092357,-0.0867598)
(0.0627558,0.032004)
(0.00646044,0.0388199)
(0.120504,-0.0833279)
(0.100287,-0.0528415)
(0.0635389,-0.0449458)
(-0.069326,-0.0993899)
(-0.00521225,-0.0706718)
(-0.0891401,0.141599)
(-0.0193738,0.121236)
(-0.0804676,0.1792)
(0.0474328,-0.0118366)
(-0.129189,-0.0579341)
(0.0633424,-0.0224913)
(0.0218762,0.0150963)
(-0.0337257,0.0334592)
(-0.0632351,0.0748496)
(0.0137727,0.0738912)
(0.0798135,-0.0190411)
(0.0515758,-0.0306216)
(0.125232,-0.102545)
(0.193301,-0.149027)
(-0.0237329,0.0781383)
(0.0378903,-0.0155149)
(0.015439,0.0237897)
(-0.0797179,-0.0253278)
(0.0536009,0.0502146)
(-0.0790773,-0.0338591)
(0.0434805,0.0420762)
(-0.0587038,-0.00408675)
(0.266724,-0.0971877)
(-0.00888489,-0.0121207)
(0.0798014,-0.146562)
(0.0913921,-0.154725)
(0.0478165,-0.0953321)
(0.0237907,0.0885835)
(-0.0251855,0.0507809)
(0.10063,-0.104111)
(0.118628,0.00193097)
(0.0783183,0.0208463)
(-0.0396779,0.0561963)
(-0.0272663,0.0564006)
(-0.0486954,0.00704327)
(-0.0198013,-0.0112743)
(0.0197774,0.157106)
(0.249924,-0.259654)
(0.277185,-0.318835)
(0.0429933,0.12095)
(-0.139375,-0.0115083)
(-0.0825004,-0.0317392)
(-0.0414266,0.0331375)
(0.0147069,-0.0330581)
(0.0177744,-0.0393283)
(0.0279913,-0.0515947)
(0.0784809,-0.149426)
(0.0149029,-0.0273842)
(0.0659189,-0.116529)
(0.0397013,0.0927938)
(0.0847341,0.0782075)
(-0.0673045,0.0456086)
(-0.0430129,-0.0372927)
(-0.0343658,-0.0467702)
(0.0207583,0.0471503)
(-0.0391758,-0.0560969)
(-0.0251392,-0.0304785)
(-0.0375612,-0.0317989)
(-0.0278801,-0.0323269)
(0.0373686,0.0236139)
(0.228099,-0.121322)
(-0.06627,-0.0526107)
(-0.100381,-0.0200087)
(0.261575,-0.0995177)
(0.282816,-0.123282)
(0.0472471,-0.0788362)
(-0.0238178,0.059672)
(0.0472627,-0.0875759)
(0.0497405,-0.0831239)
(0.0481461,-0.0890739)
(-0.0220673,-0.0149449)
(0.0485489,-0.0881762)
(-0.0128392,0.00068107)
(0.000402992,-0.0224817)
(0.174883,-0.0119101)
(0.0350936,0.000887304)
(0.306481,-0.1505)
(0.121285,0.00896847)
(0.0222864,0.00117341)
(0.00571659,-0.00782273)
(-0.084968,0.0455911)
(-0.0639499,0.00862839)
(-0.127258,-0.00755994)
(-0.0786904,0.0755312)
(0.0272372,-0.0237599)
(0.0200402,0.0177199)
(-0.0295206,0.104609)
(-0.0176646,0.0956118)
(0.0319819,0.0330561)
(-0.0998115,0.0637411)
(0.0508369,-0.135542)
(0.0421619,0.0592471)
(0.0353043,0.118871)
(-0.00235685,0.0391779)
(-0.0702563,0.0722139)
(6.21034e-05,0.0522889)
(-0.0907332,0.0868093)
(0.079354,0.0139503)
(0.130159,0.0109843)
(0.0298423,0.0911897)
(-0.0154471,0.0408252)
(0.376033,-0.215911)
(0.24935,-0.0750109)
(0.119186,-0.0641561)
(0.218551,-0.0648652)
(-0.0459376,0.0646457)
(0.264886,-0.140343)
(0.347641,-0.266566)
(0.0636666,-0.0200383)
(0.363728,-0.214905)
(0.337699,-0.11663)
(0.35316,-0.107499)
(0.0862504,-0.0065)
(0.00824046,0.0186466)
(-0.0474305,0.0553307)
(-0.0543751,0.0562873)
(0.1172,-0.171754)
(-0.000342102,0.0281311)
(-0.0231294,0.0418539)
(-0.0522886,0.0210062)
(-0.0380942,0.0484147)
(0.11146,0.129985)
(0.0339326,0.120392)
(0.0744949,0.169024)
(0.116475,-0.0846044)
(0.087448,-0.140326)
(0.115674,-0.202507)
(0.0229819,0.00675144)
(0.0839428,-0.00705926)
(0.123569,-0.0881539)
(0.0384103,-0.0163136)
(0.068884,-0.00962132)
(0.17363,-0.0108669)
(0.00718867,0.012997)
(0.0997287,-0.0318686)
(0.0586325,0.00318818)
(0.132688,0.0867761)
(0.0523891,0.0297218)
(0.206826,-0.24324)
(0.122534,-0.0219028)
(-0.0133486,0.0350175)
(-0.0401771,-0.0372187)
(0.0916867,0.0371308)
(0.107632,-0.115515)
(0.0632639,-0.0930455)
(0.106082,-0.00122983)
(0.128623,0.0087596)
(0.00251185,-0.0653935)
(-0.0134868,-0.0018608)
(0.309085,-0.110998)
(-0.0243645,-0.0428316)
(0.116981,-0.109362)
(0.0887369,-0.0229816)
(0.094604,0.025843)
(0.102904,-0.0825922)
(0.0996328,-0.099502)
(0.347141,-0.120468)
(0.451479,-0.146964)
(0.339767,-0.148924)
(0.0177651,0.0163431)
(0.290724,-0.116964)
(0.0144912,0.0110622)
(0.0333531,-0.0936768)
(-0.00698367,-0.0262419)
(0.0205718,-0.0208371)
(0.279788,-0.197823)
(0.000712081,0.0329285)
(-0.0150394,0.0336566)
(-0.0115278,-0.00608484)
(0.2459,-0.192292)
(0.0194935,-0.0273968)
(0.032905,-0.0181141)
(0.133077,-0.147946)
(0.054138,-0.0131069)
(-0.00224559,-0.0160596)
(-0.0300981,0.117419)
(0.0429608,-0.0302271)
(0.0461298,-0.0668313)
(0.0181233,-0.0202985)
(0.0536979,-0.0577488)
(-0.00990718,-0.0324869)
(0.198521,-0.178647)
(0.18269,-0.189597)
(0.00121662,-0.0591745)
(0.0204838,-0.0274539)
(-0.0466899,0.047442)
(-0.0104669,0.102218)
(-0.0408857,0.0496628)
(0.0383023,-0.00698503)
(0.0354941,0.0241)
(0.0532601,-0.0861572)
(0.0292758,0.00575467)
(0.06326,-0.0449861)
(0.0211622,0.012772)
(0.0291849,-0.0817729)
(0.032767,-0.0570384)
(0.0478369,-0.0591703)
(0.00721492,0.0229823)
(-0.0310587,-0.0333039)
(0.0812984,0.0498443)
(0.0357437,-0.00811315)
(0.0200792,-0.0381932)
(0.0228684,-0.0467655)
(0.137436,-0.063678)
(0.121235,-0.0312533)
(0.0371681,-0.0141248)
(0.170386,0.223031)
(0.0363424,0.0251843)
(0.0315062,-0.0426825)
(-0.0241323,0.0530128)
(0.0529578,0.0587812)
(0.00882595,-0.0508881)
(0.0235801,-0.0291502)
(0.0545718,0.0175969)
(0.0291207,0.0511453)
(-0.0768738,0.00946515)
(0.010236,0.0349616)
(0.0530392,-0.118098)
(-0.0464829,0.0228321)
(0.00447336,-0.0296469)
(-0.0232404,0.0758362)
(0.0542237,-0.0366381)
(0.0266437,-0.0293258)
(0.0983315,-0.0723963)
(0.0490209,-0.00461642)
(0.0484469,0.0180552)
(0.0613571,-0.0339376)
(0.0411766,0.0271905)
(0.0762475,-0.032905)
(0.0374914,-0.0473029)
(0.150174,-0.197911)
(0.127887,-0.122854)
(-0.0131813,-0.0713042)
(0.0356712,-0.0705041)
(0.0301611,-0.0402871)
(0.0532214,-0.0633575)
(-0.0107667,-0.048101)
(0.192338,-0.162076)
(0.189159,-0.00862151)
(0.0220506,0.0069733)
(0.0212255,0.00146286)
(0.042375,-0.0661376)
(0.0735421,-0.0627641)
(0.0279214,-0.0683585)
(0.147679,-0.152928)
(0.156848,-0.13369)
(-0.0690122,-0.070654)
(0.357923,-0.0471345)
(0.107585,-0.0726804)
(0.0273079,-0.00909155)
(0.0741944,-0.0613075)
(-0.00634866,0.0570953)
(0.000386971,-0.0915563)
(0.0377932,-0.194394)
(-0.0136746,0.01255)
(-0.0915825,0.00586425)
(0.389072,-0.0521133)
(-0.0704238,0.0841621)
(-0.0688401,-0.00279886)
(-0.0882679,0.00626301)
(0.390154,-0.05502)
(0.0139124,0.0407852)
(-0.0379148,0.0574006)
(-0.0299011,-0.031282)
(0.0123688,-0.102038)
(-0.0556486,0.0786238)
(0.0354892,-0.0316263)
(0.0397244,-0.0217609)
(0.117116,-0.158292)
(0.100359,-0.164318)
(0.00882286,0.0184699)
(0.043498,-0.0328205)
(0.0390997,0.00134938)
(0.02542,-0.0632629)
(0.0544223,0.0105924)
(0.0959271,-0.0984472)
(0.0242111,0.000714318)
(0.0759043,-0.0108999)
(0.0153641,0.0168587)
(0.0457439,0.0170006)
(0.0279668,-0.0388271)
(0.0320254,-0.0146576)
(0.33339,-0.109468)
(-0.0551373,0.0563577)
(0.349727,-0.139696)
(-0.0388924,0.00257309)
(-0.0286462,-0.0320959)
(0.117983,-0.173247)
(0.0363889,0.00132175)
(0.326217,-0.155083)
(0.174776,-0.106104)
(0.259055,-0.147588)
(0.197157,-0.173493)
(0.0452778,-0.0821527)
(0.116165,-0.0605963)
(0.0641716,-0.116713)
(0.189599,-0.140343)
(0.0284564,-0.0209613)
(0.0719631,0.0258209)
(0.122624,-0.103809)
(0.0491073,-0.0550993)
(0.0250618,-0.0214619)
(0.167457,-0.126678)
(0.0466162,-0.0401513)
(0.0511357,0.0585268)
(0.188362,-0.132984)
(0.0755621,-0.11869)
(0.0428125,-0.0807826)
(0.0982485,-0.069904)
(0.0915941,-0.0113097)
(0.0651261,-0.106394)
(0.0113392,0.00887782)
(0.0701173,0.0251097)
(0.0559319,-0.111828)
(0.065997,-0.120465)
(0.061804,0.016056)
(0.0518645,-0.0569435)
(0.0135105,0.0250061)
(-0.012993,0.0336275)
(0.0143728,0.0925864)
(0.0257787,0.00430294)
(0.026369,0.0733026)
(-0.00460361,0.0177603)
(-0.0202518,-0.0109533)
(0.0600905,0.105428)
(0.0274612,0.0744939)
(0.0201044,-0.0205577)
(-0.0172349,-0.00409864)
(0.243034,-0.055335)
(0.0925853,-0.17661)
(0.143244,-0.165536)
(0.104259,-0.055164)
(0.0739117,0.134159)
(0.136543,-0.0917795)
(0.431379,-0.0765447)
(0.100796,-0.0422932)
(0.396732,-0.0681586)
(-0.0877167,0.0752668)
(0.0762859,-0.0749198)
(0.192939,-0.137616)
(-0.0312119,0.0187435)
(0.0520729,-0.0611208)
(0.295427,-0.111771)
(-0.0109996,0.00992775)
(0.0218175,0.145665)
(-0.00248025,0.00590069)
(0.116972,-0.171204)
(0.111191,-0.204484)
(-0.0380528,0.0290602)
(0.10287,-0.195651)
(0.177212,-0.160607)
(-0.0228254,-0.0699751)
(0.188083,-0.0848442)
(0.0223129,0.00944918)
(0.184977,-0.0857606)
(-0.0285869,-0.0367909)
(-0.00359002,0.0124256)
(0.309749,-0.107636)
(0.0942465,0.0493603)
(0.0188032,0.00178707)
(-0.0210149,-0.000483606)
(0.220654,-0.129756)
(0.0953234,-0.171532)
(0.0453483,-0.108061)
(0.194218,-0.239881)
(0.0260067,-0.0146522)
(0.034004,-0.0275663)
(0.105944,-0.13704)
(0.0711231,0.0412628)
(0.0592524,0.04325)
(0.0590173,0.0146474)
(-0.0331561,-0.0587377)
(0.127832,0.0982883)
(0.0214209,0.0258516)
(0.00820787,-0.00200831)
(-0.0134957,0.0354595)
(-0.00488952,-0.0898175)
(-0.0150321,-0.0568695)
(-0.0390977,-0.0491998)
(0.0175342,0.12921)
(0.00969936,-0.0825933)
(-0.00129427,-0.0776926)
(-0.0313736,-0.0226596)
(-0.0720237,-0.0576507)
(-0.0937609,-0.0387446)
(0.00208119,-0.103022)
(0.00359065,-0.0345467)
(0.00291483,-0.0770383)
(0.0277347,-0.0722876)
(0.220077,0.0964859)
(0.110863,-0.0378934)
(0.179365,-0.103869)
(0.0878564,0.0316151)
(-0.0123587,0.14689)
(0.27945,-0.11913)
(-0.00200209,0.0165135)
(-0.0391245,0.0604355)
(0.0745588,0.0416037)
(0.203487,-0.0682389)
(0.0148169,-0.0311497)
(0.0465149,0.033814)
(0.0751727,0.005752)
(0.119163,-0.0482797)
(0.0245621,0.0175964)
(0.0341683,0.0234052)
(-0.0844995,0.0454497)
(0.232314,-0.0675403)
(0.0290828,-0.00413412)
(-0.0296985,-0.0528801)
(0.41744,-0.145461)
(-0.0199897,0.0458686)
(0.0149636,-0.045052)
(0.204561,0.0769124)
(0.263433,-0.0782053)
(0.110176,0.102098)
(0.166505,0.0315029)
(0.147674,0.110826)
(-0.0653419,0.209322)
(0.115511,-0.204273)
(-0.0397624,-0.0496919)
(-0.0461441,-0.000217858)
(0.10307,-0.0753608)
(0.192311,-0.109686)
(0.232241,-0.13196)
(-0.0400723,-0.032522)
(0.262927,-0.0616709)
(0.120232,-0.143326)
(0.0398984,-0.0559812)
(0.0223347,-0.0435657)
(-0.0283206,0.0272767)
(0.0293462,0.0228594)
(0.174341,-0.162519)
(-0.100597,0.0268198)
(-0.0872117,0.0746573)
(0.0471928,0.00262247)
(0.146878,-0.181158)
(0.167645,-0.193114)
(0.256064,-0.0834143)
(-0.037582,-0.0593184)
(0.00481344,-0.070679)
(0.180664,-0.188061)
(0.165074,0.0449674)
(0.112674,-0.165336)
(0.214388,-0.0321215)
(0.212777,-0.0987288)
(0.182239,-0.0812381)
(0.2427,-0.109447)
(0.114381,-0.066265)
(0.113583,-0.0700747)
(0.372161,-0.15369)
(0.311033,-0.183145)
(0.0457208,-0.0659346)
(0.267539,-0.0621638)
(0.322491,-0.0622923)
(0.0820808,-0.0778766)
(0.170111,-0.158415)
(0.11341,-0.144797)
(0.214966,-0.202881)
(0.231909,-0.175865)
(0.199984,-0.173116)
(0.068947,-0.0740884)
(0.223008,-0.0539419)
(0.171988,-0.148335)
(0.0189879,-0.00198202)
(0.0130515,-0.00338403)
(0.0102664,-0.00334715)
(0.446776,-0.11826)
(0.0384433,-0.0386707)
(0.0317316,-0.0113569)
(0.0306125,-0.0358701)
(0.414206,-0.113783)
(0.0242663,0.0313942)
(0.0452224,-0.0108504)
(0.410566,-0.126807)
(0.300357,-0.0899105)
(0.0583385,-0.0332592)
(0.126315,-0.0763931)
(0.0383916,-0.0701352)
(0.0496869,-0.0727307)
(0.125966,-0.111152)
(0.0749171,-0.0841364)
(0.232282,-0.0668452)
(0.137286,-0.0849639)
(-0.0378975,-0.0679194)
(0.194797,-0.124625)
(0.0519608,-0.0322196)
(0.0152704,0.0674308)
(0.133072,-0.10384)
(0.16637,-0.162694)
(0.0520295,-0.0579152)
(0.166925,-0.19362)
(0.0579398,-0.00927085)
(0.00996009,0.0374814)
(0.0404321,-0.0201226)
(0.128831,-0.167684)
(-0.0363849,0.0229186)
(-0.0041003,0.0888465)
(-0.0444007,0.0343294)
(0.098372,-0.123334)
(0.0438183,0.0418507)
(0.203854,-0.128199)
(0.0454704,-0.0591757)
(0.0435712,-0.0427078)
(0.149005,-0.117463)
(0.194067,-0.136574)
(0.0687848,0.0807455)
(-0.0397278,0.0638794)
(-0.0630481,0.053193)
(0.0693865,-0.0159919)
(-0.0433528,0.0576066)
(-0.0238716,0.0327338)
(0.0542128,0.127091)
(0.14153,-0.0819675)
(0.210651,-0.199632)
(0.021666,-0.021938)
(0.11986,-0.135633)
(0.0663663,-0.105766)
(0.0426988,-0.086274)
(0.0182225,-0.0323326)
(0.040218,-0.0295285)
(-0.0469571,-0.0596939)
(-0.00565757,-0.0572773)
(-0.0637684,-0.0521332)
(0.118721,0.0640175)
(-0.032059,0.0121705)
(0.0386992,-0.0297822)
(0.027217,-0.0425615)
(0.0327382,-0.0590724)
(0.253965,-0.160002)
(0.228851,-0.138713)
(-0.0211875,-0.0639752)
(0.0684342,-0.0638727)
(0.0655294,-0.0408993)
(0.110036,-0.0868154)
(0.276604,-0.108891)
(-0.0362447,-0.00903108)
(0.127554,0.069729)
(0.100528,0.108496)
(0.114903,0.0831697)
(0.288382,-0.221966)
(-0.0668451,0.00467062)
(0.011816,-0.0763835)
(-0.0162854,-0.0580923)
(0.0328064,-0.0597725)
(0.25753,-0.133253)
(0.053328,0.0228153)
(0.0593944,-0.0744039)
(0.0280421,0.0114009)
(0.0418871,-0.0155405)
(0.0423601,-0.0167931)
(0.29124,-0.145129)
(0.212013,-0.155895)
(0.439257,-0.200171)
(0.085713,-0.0899033)
(-0.0818409,0.0665067)
(0.175212,-0.146285)
(0.126178,-0.0531799)
(0.188189,-0.0770739)
(0.289841,-0.116535)
(-0.0855904,-0.0669149)
(0.0756346,-0.131203)
(0.0537126,-0.112958)
(-0.0628101,-0.0339433)
(0.0341843,-0.0761615)
(0.0770272,-0.0715174)
(0.127633,-0.0934721)
(0.102631,-0.095116)
(0.0643691,-0.0931696)
(0.458945,-0.151435)
(-0.00852933,-0.130328)
(0.0527433,0.050226)
(-0.0530887,-0.144266)
(0.391949,-0.201922)
(0.222096,-0.0907381)
(0.249926,-0.097869)
(0.0694558,-0.0226051)
(0.0281602,-0.106979)
(0.052829,-0.0153939)
(0.39263,-0.0941053)
(0.109474,-0.156564)
(0.00546759,-0.0641886)
(0.0237599,-0.107518)
(0.554922,-0.0935625)
(0.0225459,-0.0708524)
(0.0699251,-0.142295)
(0.421276,-0.0933242)
(0.343779,-0.0660656)
(0.0579457,0.00430823)
(0.0733375,-0.0515925)
(0.0420277,0.0417868)
(-0.00220373,-0.0503785)
(-0.142979,0.124954)
(0.0179798,-0.00955802)
(-0.115027,0.100327)
(0.228,-0.0972716)
(0.213471,-0.161069)
(0.292819,-0.137404)
(0.251734,-0.147968)
(0.256852,-0.0793814)
(0.0661168,-0.0789384)
(0.111006,-0.089754)
(0.0598695,-0.072698)
(0.124482,-0.0845156)
(-0.0253391,-0.0567915)
(-0.0200634,-0.0758844)
(0.0574956,-0.0942835)
(0.309207,-0.0710811)
(0.326545,-0.0774342)
(0.265925,-0.065259)
(0.304956,-0.0637669)
(-0.0226031,0.0052892)
(0.208291,-0.126463)
(0.0235484,-0.0729132)
(0.0204336,-0.0661181)
(0.0557165,0.0585327)
(0.0650518,-0.0620675)
(0.00520158,-0.0458022)
(0.0241764,-0.0442666)
(0.0798526,-0.0510591)
(-0.054357,0.00286059)
(0.138784,-0.196299)
(0.225071,-0.0735602)
(-0.0612844,0.0177188)
(0.267582,-0.109433)
(0.11905,-0.113707)
(0.254198,-0.123968)
(0.0300135,-0.0621837)
(0.112446,-0.0735687)
(0.137036,0.0112178)
(0.316775,-0.0977967)
(0.244177,0.0494018)
(0.0952203,-0.044586)
(0.194648,-0.0966556)
(0.102915,-0.0893012)
(0.179788,-0.0865327)
(0.386678,-0.0927366)
(0.480373,-0.146825)
(0.3108,-0.12394)
(0.0397973,0.0144832)
(-0.00839087,-0.0920048)
(-0.0598975,0.0430393)
(-0.0203517,-0.0826395)
(0.004758,-0.0851682)
(-0.0569024,-0.0490248)
(0.0721796,-0.06909)
(0.273356,-0.172212)
(0.321669,-0.199186)
(0.131941,0.0247733)
(0.312585,-0.207198)
(0.108838,0.0585166)
(0.298457,-0.160823)
(0.410889,-0.151188)
(0.0316039,0.00715586)
(0.160779,-0.0860959)
(0.148092,-0.0854291)
(-0.029535,0.0608571)
(0.421765,-0.149433)
(-0.0161896,0.0108633)
(0.319573,-0.13189)
(-0.0736943,0.0790222)
(0.296304,-0.174166)
(-0.05821,0.0951294)
(0.307619,-0.172476)
(-0.0563535,0.127937)
(0.0547297,-0.0283921)
(0.0463277,-0.00426823)
(0.030165,0.0307233)
(0.328326,-0.134441)
(-0.00533106,0.0343045)
(0.283956,-0.111995)
(0.288996,-0.100317)
(-0.029147,-0.0280348)
(0.376891,-0.145061)
(0.243584,-0.0959196)
(0.315328,-0.137553)
(0.0597729,0.0605622)
(0.222159,-0.102267)
(0.0866827,-0.0761354)
(0.0530395,-0.0641632)
(0.0466253,-0.0409353)
(-0.00614743,0.0898199)
(0.107635,-0.0815457)
(-0.0117704,0.0838577)
(0.0473185,-0.00951226)
(0.299019,-0.105348)
(-0.0169234,0.0500703)
(0.332569,-0.122115)
(0.208939,-0.107604)
(0.222789,-0.138664)
(0.0212636,-0.0532048)
(0.0346668,-0.096516)
(0.0481822,-0.0560107)
(0.335699,-0.0997008)
(-0.0598044,0.0972616)
(0.362915,-0.104187)
(0.0859166,-0.098498)
(-0.0511138,0.0389125)
(-0.0105414,-0.011959)
(0.189872,-0.151763)
(-0.0418856,0.0151849)
(0.0586333,-0.0209739)
(0.0908479,-0.115551)
(0.192823,-0.0876603)
(0.318284,-0.0793272)
(0.257274,-0.20729)
(0.306097,-0.0865063)
(0.395723,-0.0793205)
(-0.0127635,0.00344091)
(0.245078,-0.202072)
(0.162795,-0.160771)
(0.0232125,-0.022372)
(0.194065,-0.0935003)
(0.154746,-0.169352)
(0.188419,-0.0900333)
(0.187518,-0.168519)
(0.0616805,-0.0356385)
(0.0307209,-0.0233028)
(0.0397451,-0.017899)
(0.0426501,-0.0964643)
(0.0575706,-0.11242)
(0.0893958,-0.0586415)
(0.103988,-0.0872677)
(0.168883,-0.0915119)
(0.00441289,-0.0679777)
(-0.0133284,-0.124015)
(0.100687,-0.0868616)
(0.00452469,-0.000385266)
(0.0174339,-0.0531536)
(-0.00435295,0.0460019)
(0.011165,-0.0751931)
(0.268777,-0.171138)
(0.0263276,-0.097924)
(-0.0132983,-0.0790508)
(0.501398,-0.0880601)
(0.438532,-0.106658)
(-0.0115675,0.0445994)
(-0.0206201,-0.0643469)
(-0.0201398,-0.06478)
(-0.015367,-0.0694158)
(0.00828275,0.0505598)
(0.253141,-0.103435)
(0.314397,-0.110303)
(0.268454,-0.134961)
(0.39487,-0.112877)
(-0.00355995,0.00204194)
(0.208085,-0.0986689)
(0.368719,-0.106634)
(0.04995,-0.124278)
(0.0442087,0.0603646)
(-0.0511651,0.0414348)
(0.43957,-0.120965)
(0.159404,-0.0898649)
(0.167624,-0.0751431)
(0.148243,-0.0968593)
(0.174854,-0.0935318)
(0.235923,-0.125228)
(0.291266,-0.0904826)
(0.355877,-0.11537)
(0.235658,-0.133652)
(0.198989,-0.143073)
(0.381785,-0.122993)
(0.225533,-0.149976)
(0.111335,-0.0896828)
(0.117172,-0.0913802)
(0.331902,-0.116978)
(0.122643,-0.0965507)
(0.336578,-0.128702)
(0.0503364,0.0688531)
(0.0141717,0.0617622)
(0.0934161,-0.0660248)
(0.121208,-0.0673969)
(0.0766925,-0.13146)
(0.0540004,-0.0734055)
(0.0160678,-0.0572475)
(0.0460614,-0.0683065)
(0.0106302,-0.0997668)
(0.336769,-0.0728555)
(0.00664859,-0.0720202)
(0.0202168,-0.104171)
(0.320233,-0.0856719)
(0.015623,-0.123143)
(0.116321,-0.101546)
(0.105298,-0.121539)
(0.117871,-0.112979)
(-0.0231645,-0.0726413)
(0.138783,-0.0798316)
(0.0935216,-0.104322)
(0.0140243,-0.0584807)
(0.0514284,-0.0367873)
(0.0441989,-0.0334767)
(0.00571415,-0.0640923)
(0.285182,-0.091317)
(0.221699,-0.0888197)
(0.459331,-0.124901)
(0.440167,-0.110962)
(0.308396,-0.0949263)
(0.218013,-0.136668)
(0.239304,-0.106717)
(0.346561,-0.118548)
(0.312904,-0.122149)
(0.250888,-0.129114)
(0.121711,-0.101404)
(0.239398,-0.176027)
(0.176878,-0.0558849)
(0.331273,-0.122388)
(0.3536,-0.126725)
(-0.0174475,-0.0169435)
(-0.0391461,0.0270137)
(0.117689,-0.0266411)
(0.168827,-0.0715079)
(0.10213,-0.140084)
(0.136795,-0.102243)
(0.106022,-0.0996509)
(0.123782,-0.112594)
(0.119618,-0.0870885)
(0.0657388,-0.111044)
(0.105025,-0.0699211)
(0.0904444,-0.125098)
(0.0664386,0.101077)
(0.0659307,0.113967)
(0.097531,0.152818)
(0.319302,-0.102573)
(0.00383864,0.121574)
(0.264605,-0.134324)
(0.274049,-0.0987544)
(-0.0933108,-0.0186747)
(0.0859105,-0.0334255)
(-0.082637,0.00254932)
(0.16509,-0.0896435)
(0.0213067,0.0589529)
(-0.0548862,-0.0501943)
(0.197515,-0.0766004)
(0.189524,-0.0785827)
(0.139722,-0.0635306)
(0.0413368,-0.0469766)
(0.0118661,-0.0647903)
(0.0570254,-0.102496)
(0.0775977,-0.0831712)
(0.0429697,-0.054727)
(0.203126,-0.081322)
(0.359458,-0.114817)
(0.333294,-0.111442)
(-0.0176229,0.0264947)
(0.298503,-0.0725071)
(-0.109919,-0.0513388)
(-0.0282831,0.107549)
(-0.0355368,0.100498)
(-0.00904917,-0.0448447)
(-0.0890655,0.0462012)
(0.0994189,-0.146417)
(0.145437,-0.155081)
(0.253346,-0.144755)
(0.308942,-0.0616701)
(-0.0743836,0.0333257)
(0.308678,-0.0526567)
(-0.0856338,0.00756822)
(0.219313,-0.123708)
(0.262482,-0.121199)
(-0.0340764,-0.0727273)
(0.366515,-0.0750274)
(0.250267,-0.118438)
(0.353952,-0.0705967)
(0.281242,-0.0713589)
(0.303267,-0.0798664)
(0.201114,-0.120503)
(0.250207,-0.131703)
(0.195705,-0.117747)
(0.252859,-0.0830634)
(0.0140047,-0.140494)
(0.323562,-0.0977777)
(0.310986,-0.110366)
(0.0183023,-0.148127)
(0.0878047,-0.156423)
(0.0665082,-0.1369)
(-0.0556191,-0.0420106)
(0.235491,-0.0834508)
(0.224194,-0.120786)
(0.258413,-0.0813946)
(0.160117,-0.104527)
(0.154722,-0.124389)
(-0.0167091,-0.00581374)
(0.00623981,-0.0335739)
(0.24569,-0.184584)
(0.0943615,-0.0829515)
(0.168492,-0.096398)
(0.333046,-0.0594689)
(-0.0560981,0.00412379)
(-0.0109135,-0.0789106)
(0.12093,-0.0732389)
(0.0733004,-0.0508037)
(0.125313,-0.0783099)
(0.0773964,-0.106948)
(0.369923,-0.0658439)
(0.399542,-0.0634744)
(0.337337,-0.0512294)
(-0.0418324,0.0169541)
(0.174728,-0.159561)
(0.274119,-0.12427)
(0.182571,-0.148706)
(-0.0508786,-0.0569907)
(-0.00541766,-0.0085442)
(0.0390096,-0.0376712)
(0.424614,-0.0601587)
(0.294442,-0.134043)
(0.275754,-0.108744)
(0.255677,-0.108617)
(0.427206,-0.0837881)
(-0.0713134,-0.0790436)
(0.255204,-0.0923083)
(0.197081,-0.0845362)
(-0.065912,-0.0726508)
(0.302594,-0.0392219)
(0.408471,-0.0505103)
(-0.0377856,0.0178393)
(0.0576368,-0.0708659)
(0.323996,-0.0720675)
(-0.0137624,-0.0797046)
(0.0659915,-0.0687153)
(0.281939,-0.0619767)
(-0.0583665,0.0377636)
(-0.0414412,-0.000915418)
(-0.010369,0.000489695)
(0.00341018,-0.0863616)
(0.421509,-0.148419)
(0.105835,-0.0752281)
(0.0702774,-0.0770552)
(0.101868,-0.0566705)
(0.205851,-0.103854)
(0.0189271,-0.0702648)
(-0.0178192,0.0163426)
(0.0517941,-0.0842683)
(0.0915004,-0.0609655)
(0.077646,-0.0640767)
(0.077155,-0.071954)
(0.0578033,-0.103407)
(0.0863647,-0.164323)
(-0.0330874,-0.0683458)
(0.0345175,-0.121566)
(0.0708648,-0.137588)
(0.236784,-0.136837)
(-0.0774556,0.0176503)
(0.260264,-0.131649)
(0.0187918,-0.0615119)
(-0.0214311,-0.0904903)
(0.110203,-0.171356)
(0.314776,-0.112855)
(0.144179,-0.187523)
(0.0220059,-0.10456)
(0.0414372,0.0725095)
(0.0233015,0.0419903)
(0.0168302,0.0467706)
(0.0511154,-0.0548748)
(0.0106254,-0.00725658)
(0.240456,-0.142561)
(0.0349297,-0.0229532)
(0.278999,-0.141094)
(0.0690862,-0.0214867)
(-0.0544459,0.07548)
(0.439512,-0.184192)
(0.055152,-0.114897)
(0.0700212,-0.135244)
(0.123343,-0.0883562)
(-0.0308427,0.0588204)
(0.164105,-0.10416)
(0.137477,-0.0988844)
(0.044629,-0.0517453)
(0.121872,-0.123927)
(0.381767,-0.130616)
(0.0974002,-0.161352)
(0.299997,-0.121687)
(0.114215,-0.174935)
(-0.00885336,0.0485953)
(-0.0291779,-0.0103913)
(-0.0738569,-0.0107186)
(-0.0253748,-0.0122827)
(-0.128081,0.023836)
(0.0909061,-0.117231)
(-0.0876835,-0.0451386)
(-0.126382,0.107615)
(0.0690846,-0.0311752)
(0.316403,-0.154871)
(0.375869,-0.179756)
(0.0588953,-0.0233602)
(0.31984,-0.27007)
(0.242261,-0.180291)
(0.240676,-0.156235)
(-0.0220513,0.0399613)
(0.0492227,-0.0596424)
(0.239089,-0.137357)
(0.0403508,-0.0671196)
(0.0384526,-0.0817673)
(0.0208391,-0.00302001)
(-0.0348321,-0.0455879)
(0.0270576,-0.065679)
(0.0601686,-0.0345791)
(0.112266,-0.125207)
(0.107931,-0.132692)
(0.0469176,-0.0707535)
(0.0913456,-0.129063)
(0.0728157,-0.118906)
(0.0390368,-0.0631061)
(0.106279,-0.146352)
(0.0625308,-0.0589926)
