1620
(0.115012,-0.0852922)
(0.125622,-0.0571588)
(0.0162375,-0.0478055)
(0.129382,-0.074636)
(-0.0203695,0.0652008)
(0.041238,-0.0341627)
(0.20238,-0.0740579)
(0.0108243,-0.0270576)
(0.0902927,-0.0580786)
(0.0404187,-0.0765991)
(0.1152,-0.0598273)
(0.129645,-0.0606491)
(-0.0334828,0.0491566)
(0.0504411,0.0037147)
(0.0156832,-0.0253398)
(0.0547747,-0.0780815)
(0.0294829,-0.0368126)
(0.0347934,0.0577193)
(0.0407842,0.0328311)
(0.0565613,0.0552393)
(0.0325441,0.0205992)
(0.0266108,0.0267156)
(-0.00523545,0.00176877)
(0.119064,-0.0169466)
(0.0235319,-0.0179993)
(-0.00261399,0.0175838)
(-0.0158927,-0.0122316)
(0.00498098,-0.0406484)
(0.0991453,-0.00938874)
(0.0258036,-0.0560156)
(-0.0458599,0.0206038)
(-0.0395079,-0.0721236)
(0.126606,-0.0691735)
(0.0181761,0.0365636)
(0.0865931,-0.0716455)
(0.0643578,-0.0206183)
(0.14466,-0.1239)
(0.055738,0.0745085)
(0.0559808,0.0547643)
(-0.0614188,-0.0177191)
(0.160929,0.0996471)
(-0.0502615,0.00739122)
(-0.0374959,0.0499327)
(-0.0475295,0.0353325)
(0.0909576,-0.0627443)
(0.0717603,-0.061732)
(0.0760101,-0.0662927)
(0.00103329,0.0125818)
(-0.000399153,-0.00483595)
(-0.012192,0.0100987)
(0.0430083,-0.0415174)
(-0.0307832,0.0373989)
(0.0471503,-0.0030588)
(0.0388404,0.0130745)
(0.0351607,-0.0396919)
(0.0109836,-0.0251586)
(0.125742,-0.0476733)
(-0.02482,0.0375336)
(0.0194726,-0.0158845)
(0.0844332,0.150711)
(0.00144798,-0.0297237)
(0.233946,-0.150633)
(0.0694147,-0.0344744)
(0.212858,-0.14244)
(0.0567912,-0.0423563)
(0.0166457,-0.0378531)
(-0.0159496,-0.0711104)
(-0.0547275,-0.0784332)
(-0.00610472,-0.035395)
(0.0554594,-0.0164014)
(0.0165968,-0.0836648)
(-0.0109873,-0.0500344)
(0.0321168,0.115069)
(-0.0547268,-0.00439973)
(0.258422,-0.0925413)
(0.026101,-0.054158)
(0.108832,0.103614)
(0.00362913,-0.0440802)
(0.0503746,-0.026946)
(0.0430488,-0.0786544)
(0.031829,-0.0119789)
(-0.023868,-0.00228809)
(0.00611157,0.00932125)
(0.0411972,-0.0455686)
(0.0129589,-0.0449649)
(-0.0351444,-0.0165714)
(-0.0525883,0.00516236)
(-0.0215793,0.10203)
(0.0678809,0.0228031)
(0.0993045,0.109303)
(0.00473701,-0.0145837)
(-0.00540868,0.0758082)
(0.107085,-0.0693714)
(0.135903,-0.134042)
(0.144682,-0.12175)
(0.132249,-0.100015)
(0.0534372,-0.0390782)
(0.299233,-0.110239)
(0.0304195,-0.034435)
(0.0265311,-0.0200007)
(0.0220331,0.109819)
(0.0699006,-0.0541165)
(0.0175042,-0.0529419)
(0.0270591,-0.0387795)
(0.0520785,0.00221155)
(0.321315,-0.137649)
(0.0999498,-0.073767)
(0.0679029,-0.0697859)
(0.0175894,0.00311793)
(0.0683831,-0.060348)
(0.00710728,0.0320422)
(0.278791,-0.139887)
(0.218137,-0.11343)
(-0.0335614,0.0119601)
(0.176692,-0.127238)
(0.148215,-0.129498)
(0.139299,-0.120272)
(0.201428,-0.113999)
(-0.021616,-0.0299248)
(0.467453,-0.0838941)
(0.187088,-0.117945)
(-0.00953604,0.00127387)
(0.279025,-0.0931642)
(0.142938,-0.0704093)
(0.255971,-0.0980429)
(0.0351759,-0.131754)
(0.100721,-0.0532325)
(0.0800873,-0.029552)
(0.226058,-0.0826344)
(-0.00291117,-0.0369222)
(0.00206967,-0.0524647)
(-0.0257538,0.0108156)
(-0.0192897,-0.0249141)
(-0.0493832,0.112949)
(-0.028001,0.10839)
(-0.0272818,-0.00838182)
(0.0011323,-0.00058988)
(-0.0782128,-0.0565981)
(0.297105,-0.0644157)
(0.0834086,-0.0659875)
(0.109776,-0.0690298)
(-0.0338461,-0.0441586)
(-0.0697692,-0.0849881)
(-0.0622073,-0.00753298)
(-0.0169577,-0.0314874)
(-0.0423031,-0.0102832)
(0.0375192,-0.0380576)
(0.162168,-0.0706399)
(0.144508,-0.074051)
(0.000170422,-0.019796)
(0.399741,-0.0735714)
(0.0912548,-0.100823)
(0.546931,-0.0968257)
(0.295259,-0.0650887)
(0.384732,-0.109104)
(0.141882,-0.0718171)
(0.229732,-0.103155)
(0.274359,-0.0731955)
(0.198285,-0.0530333)
(0.112692,-0.0724873)
(0.130029,-0.0732591)
(0.0988173,-0.0652891)
(0.124718,-0.0706475)
(-0.0118913,0.00506339)
(0.0230842,-0.0523726)
(0.0664758,-0.0600709)
(-0.0560288,0.0597553)
(-0.0707872,0.0971886)
(-0.0544374,0.058313)
(-0.0589673,0.0582197)
(-0.0624941,0.0701362)
(-0.0842039,0.102319)
(0.307114,-0.0739627)
(0.343394,-0.0800468)
(0.350472,-0.087818)
(0.370614,-0.109151)
(-0.00266455,-0.0491348)
(0.0110099,-0.05973)
(-0.0182464,-0.0666496)
(-0.0183352,-0.0955766)
(0.0142203,0.00180864)
(0.181645,-0.104228)
(0.170475,-0.0895868)
(0.108271,-0.0628279)
(0.113902,-0.0638071)
(-0.000129594,-0.0523708)
(-0.0147631,-0.0181255)
(0.218584,-0.0949312)
(0.192507,-0.0917976)
(0.338669,-0.103025)
(0.325157,-0.0863024)
(0.302042,-0.0403547)
(0.435678,-0.0596463)
(-0.0173805,-0.00886809)
(0.0150381,0.020807)
(-0.079993,0.102028)
(-0.0677183,0.154126)
(0.112815,-0.0878217)
(-0.0147471,0.00588805)
(0.0680383,-0.0857794)
(0.0118955,-0.0232954)
(0.0084867,-0.0206725)
(0.00240017,0.00195314)
(0.0170074,-0.0370189)
(-0.00176135,-0.0496119)
(0.0243013,-0.0386769)
(0.471491,-0.10965)
(0.466271,-0.102657)
(-0.0655727,0.0295596)
(0.185688,-0.111547)
(0.00905908,0.00451253)
(0.270875,-0.0609272)
(0.269854,-0.0635384)
(0.0774185,-0.0400105)
(0.113526,-0.0202527)
(-0.0671151,-0.0263953)
(-0.0756385,-0.0811826)
(0.299074,-0.0511123)
(0.390106,-0.0569827)
(-0.0181437,0.0186258)
(-0.0218793,-0.0694937)
(0.0246171,-0.0126695)
(0.0347192,-0.029742)
(0.642062,-0.101321)
(-0.0572545,-0.0488416)
(-0.0322647,-0.0374747)
(0.477567,-0.0799501)
(-0.000557106,-0.0423421)
(0.0116402,-0.0788788)
(-0.0419672,-0.0274756)
(-0.0384838,-0.0537073)
(0.280212,-0.0721951)
(0.271427,-0.0804366)
(0.391466,-0.0988422)
(0.432663,-0.105449)
(0.0565991,-0.0313335)
(-0.119401,-0.0347056)
(-0.0775559,-0.0332418)
(0.272237,-0.0934353)
(0.0211529,0.0251185)
(-0.0366233,0.0805247)
(-0.0264368,-0.0918114)
(0.0959134,-0.0999319)
(0.126334,-0.116809)
(0.0437047,-0.144072)
(-0.0329878,0.0385216)
(0.0268557,0.0802404)
(0.0907688,-0.13724)
(0.0572498,-0.0220474)
(0.0693069,0.0066153)
(0.0411895,0.0227075)
(-0.0540482,0.0955198)
(0.0192335,0.00872163)
(0.00872977,0.0191558)
(-0.0536745,0.0642337)
(0.137117,-0.0627762)
(0.195131,-0.0802666)
(-0.0402412,0.00460506)
(0.0593345,0.0462018)
(0.0502471,0.10879)
(0.0402134,0.0298809)
(0.0705923,0.0810259)
(0.00696336,-0.00781975)
(0.0167285,0.0267293)
(0.467874,-0.115511)
(0.0142942,0.0286001)
(0.107188,-0.00116338)
(0.0208784,-0.0272162)
(0.0241567,-0.000779894)
(0.00050847,-0.0453857)
(0.0116861,0.00874994)
(0.0130988,0.0138943)
(-0.0302014,-0.0212411)
(-0.0961469,-0.0768676)
(-0.0604671,-0.0506663)
(0.215041,-0.0696865)
(-0.0921434,-0.0383493)
(-0.0318897,-0.00945984)
(-0.119875,0.0225379)
(0.0188085,0.000624557)
(0.0132783,-0.00915306)
(0.0124137,-0.0249453)
(0.0154781,-0.0190896)
(0.0326776,-0.0383319)
(0.0545723,0.0489559)
(0.0877073,-0.109603)
(0.0700766,-0.1314)
(0.00558445,0.089195)
(0.0208325,0.00140568)
(0.0396424,0.0543488)
(-0.0157058,-0.0475859)
(0.0163856,-0.00273397)
(-0.0174299,-0.0296199)
(-0.130812,0.0411793)
(0.0891422,0.0518273)
(0.0491579,-0.0527682)
(0.0908946,0.0643846)
(0.035205,-0.0631553)
(0.00911371,0.0658373)
(-0.0744148,-0.0194256)
(-0.112323,0.00865887)
(0.0213164,-0.0509417)
(-0.00519717,0.0384711)
(0.00404223,0.0183528)
(0.0128461,0.0044086)
(0.00411428,0.0733279)
(-0.0354435,0.0226797)
(0.253892,-0.101428)
(-0.0267093,-0.0287107)
(-0.0226227,-0.0349262)
(0.0504447,-0.0294499)
(0.00540701,0.0408268)
(-0.0150937,-0.0539529)
(0.0792996,0.00200835)
(0.00846055,0.0554223)
(-0.00485315,0.0681079)
(0.0122856,-0.0395292)
(0.000175281,-0.0829622)
(0.0020113,0.0460521)
(0.259478,-0.0908344)
(-0.0251677,0.00749849)
(0.0607811,0.0723684)
(-0.0488125,-0.0721309)
(-0.00107165,0.0323102)
(0.0290353,0.0709923)
(0.0630127,0.093398)
(0.012499,-0.00428622)
(0.0409342,-0.0369261)
(0.0770594,-0.021649)
(0.0500172,0.00299458)
(0.0324841,-0.0796615)
(-0.127277,0.112438)
(-0.124812,0.171374)
(0.0120648,0.00202352)
(0.10022,0.0444184)
(0.220109,-0.0877633)
(0.15392,0.00753556)
(0.0550009,0.0278323)
(0.0984307,0.0475446)
(0.131123,0.0650233)
(0.077563,-0.0524066)
(0.129678,-0.0127563)
(0.0332943,0.025159)
(0.101299,0.059046)
(0.056663,0.0376736)
(0.0431399,-0.0506167)
(0.0124924,-0.0170404)
(0.0742806,-0.0218069)
(0.0468223,-0.0187379)
(0.26681,-0.0782005)
(0.26352,-0.149536)
(0.242929,-0.131002)
(-0.0238896,0.0876955)
(0.0321926,-0.112938)
(0.351317,-0.11894)
(0.0980859,0.00518469)
(0.0997863,0.0473662)
(0.0240742,-0.0270003)
(0.0434749,-0.0160804)
(-0.0149744,-0.0653144)
(0.235693,-0.0828703)
(0.129738,-0.0992309)
(0.0334568,0.0836461)
(0.0673567,-0.0776953)
(0.0097021,-0.00604595)
(0.183372,-0.0682615)
(0.253715,-0.103441)
(-0.0429792,-0.0746023)
(0.0531746,-0.0422765)
(0.0314976,-0.0332377)
(0.109153,-0.0373686)
(0.00850967,-0.0014758)
(0.00295345,0.0255918)
(-0.0806316,0.189725)
(0.262573,-0.0988928)
(0.256729,-0.115227)
(-0.000279723,0.0362679)
(-0.0168764,0.0584745)
(0.0018744,-0.0431491)
(0.0293672,-0.0539568)
(-0.00814359,-0.0355362)
(0.256626,-0.111409)
(0.374231,-0.145421)
(-0.0442089,0.0210291)
(-0.0119017,-0.0647845)
(0.026617,-0.0504779)
(0.0167755,-0.0546969)
(0.0426615,-0.0795401)
(-0.0363435,0.034496)
(0.00834069,0.0117889)
(0.00631478,0.000313483)
(-0.0283236,0.0822847)
(0.0577089,-0.0589404)
(0.0596475,-0.0479063)
(0.0392204,-0.0635185)
(0.0394192,-0.0612176)
(0.0441122,-0.0551584)
(-0.011156,-0.068083)
(0.043566,-0.0773941)
(0.0173677,0.14223)
(0.0189939,0.147478)
(-0.133409,-0.064135)
(0.0796814,-0.0903207)
(0.501403,-0.0888554)
(0.00983316,0.0889424)
(0.0302699,0.0418444)
(0.0532937,-0.0103413)
(0.031062,-0.0208251)
(0.0277412,-0.0774464)
(-0.00698259,0.118071)
(0.0557703,-0.0870541)
(-0.00379395,-0.0171225)
(0.110785,-0.107871)
(-0.0347445,-0.0340826)
(0.335397,-0.0852265)
(0.0509308,-0.0212763)
(0.0452569,-0.0419732)
(0.132905,-0.111352)
(-0.063267,-0.0629471)
(-0.0765651,-0.0373651)
(0.00752054,-0.00833161)
(0.00935383,0.00199691)
(0.153984,0.103154)
(0.0387153,0.0606749)
(0.144446,-0.126825)
(0.0468493,-0.042356)
(0.495599,-0.0846232)
(0.0326254,0.0260872)
(-0.0575988,0.196462)
(-0.0354904,0.174459)
(0.0180517,0.00712404)
(0.123898,-0.10943)
(0.036679,-0.0611585)
(0.10423,-0.123322)
(0.0721983,-0.0807029)
(0.0351912,0.046877)
(0.00730298,-0.0225517)
(0.0421437,-0.0381108)
(0.0252182,-0.0404415)
(-0.123742,-0.0599664)
(0.103655,0.0795632)
(-0.00699196,-7.89398e-05)
(0.0290335,0.0703987)
(0.0382779,-0.0426152)
(-0.0872408,0.0163571)
(-0.0900414,-0.0742966)
(-0.0296186,0.0517856)
(0.105466,0.126777)
(0.0332361,-0.0272234)
(0.139298,-0.101499)
(0.0669582,-0.0207751)
(0.0491547,0.0225963)
(0.0346744,-0.0305048)
(0.062497,-0.0417143)
(-0.00790188,0.0626911)
(7.78757e-05,0.0115032)
(0.096364,0.0747281)
(-0.0163947,-0.00217778)
(0.0590356,-0.0435466)
(0.0452397,0.0731176)
(0.0519505,0.0266501)
(-0.129872,0.110221)
(0.00939717,-0.00271973)
(0.0398361,-0.0104675)
(-0.118928,0.12483)
(0.0608182,-0.0548823)
(0.0344867,-0.0273658)
(0.0466708,-0.0283547)
(0.189676,-0.087562)
(-0.0241102,0.0029881)
(0.425011,-0.112515)
(0.0114375,0.0677701)
(-0.0316283,0.029422)
(-0.0469756,-0.00871829)
(0.00943628,-0.0407348)
(0.137734,0.108532)
(0.00634409,0.00214293)
(0.0118362,-0.0418351)
(0.0670423,-0.0601303)
(0.00754202,-0.0163983)
(0.0241506,0.0568701)
(0.213089,-0.0877106)
(0.0589789,0.0440233)
(-0.0352821,-0.0390485)
(0.105614,0.00727251)
(0.125833,-0.00746825)
(-0.0347707,-0.0530173)
(0.175134,-0.0806758)
(-0.0324485,0.0243332)
(-0.0674079,0.0571034)
(0.394072,-0.122086)
(0.0796273,-0.059342)
(0.0123023,-0.0209483)
(0.00159672,-0.0116405)
(0.113805,0.109466)
(0.371379,-0.0665497)
(0.434431,-0.0916379)
(0.630445,-0.0760232)
(0.477247,-0.0633054)
(0.00637537,0.0668052)
(0.0127741,0.0590271)
(-0.00682083,0.093314)
(0.0847983,0.0350759)
(0.0363641,-0.0698993)
(-0.0396331,-0.0150734)
(-0.0337396,-0.014637)
(-0.0487214,0.0382777)
(0.035784,0.0706307)
(-0.0335451,-0.0397113)
(0.042709,-0.0576304)
(0.00788021,0.024482)
(0.0112879,-0.0021766)
(-0.00392203,0.0120629)
(0.00502881,-0.0332824)
(0.0529619,0.00367588)
(0.111823,-0.0158874)
(0.0456033,0.0480041)
(-0.0193283,-0.0679954)
(0.0555919,0.0642935)
(0.0134598,0.0134441)
(0.0740657,0.0183498)
(-0.00438029,0.0662401)
(0.0512445,0.0105157)
(-0.00346319,0.0680181)
(-0.0211392,0.0208459)
(0.00867929,0.0662405)
(-0.0219564,0.0170957)
(0.043132,-0.0145042)
(0.0318855,0.0287283)
(0.045758,0.00491318)
(0.0487392,0.034184)
(0.0884324,0.0157472)
(0.239504,-0.111687)
(0.0571861,0.00677638)
(0.334433,-0.0975728)
(0.153184,-0.0916417)
(0.0326839,-0.0641014)
(0.0602163,-0.0880146)
(0.030294,-0.036181)
(-0.00446351,-0.0252084)
(-0.00159763,-0.00696577)
(0.0115598,-0.0218138)
(0.00155266,-0.0147035)
(0.0178278,0.0615742)
(0.00770445,0.0405829)
(-0.0191861,-0.0157216)
(0.0634731,-0.0475669)
(-0.0269547,-0.0301658)
(0.0464331,-0.0708209)
(0.0323526,-0.0402744)
(0.0442028,-0.0725394)
(0.0696692,0.083448)
(0.0914203,0.0371619)
(0.0867408,-0.0544297)
(0.193812,-0.101211)
(0.0169715,0.0695758)
(0.0744779,-0.0846552)
(0.0151696,0.0793571)
(0.0417135,-0.0829284)
(0.0111938,-0.0604397)
(0.027851,0.087747)
(0.229405,-0.108242)
(0.164371,-0.0838247)
(-0.0387754,0.0372041)
(0.117996,0.0178415)
(-0.0442832,0.0261561)
(-0.0489694,0.0564957)
(0.0611738,-0.0672665)
(0.0770629,-0.0748621)
(0.241909,-0.106895)
(0.0846602,-0.0408726)
(0.0611977,-0.0719426)
(0.0917222,-0.0685429)
(0.0801117,-0.0678308)
(0.257195,-0.095042)
(-0.0294872,0.00883896)
(-0.0412979,-0.0780909)
(-0.0175356,-0.0532556)
(-0.0352026,-0.0774652)
(-0.0349716,0.0202472)
(-0.0212583,0.0133511)
(-0.0382818,0.0253608)
(-0.0111676,-0.0850357)
(0.0299167,-0.0432053)
(0.0379534,-0.0200454)
(0.289089,-0.0860581)
(0.0283029,0.0121675)
(-0.0120385,-0.0960028)
(0.0219145,-0.00312693)
(0.0164615,-0.0644011)
(0.0636847,-0.0818875)
(0.0313669,-0.00774386)
(0.0100679,-0.00299074)
(0.302441,-0.212602)
(-0.0623101,0.113165)
(0.121746,0.0571361)
(-0.0374931,0.151516)
(0.10528,0.0600301)
(0.0876704,0.0448987)
(-0.00268365,-0.0244069)
(0.040126,0.036955)
(0.0773513,-0.0896259)
(0.354353,-0.159247)
(0.0173177,-0.0531866)
(-0.0116394,-0.0237071)
(0.0557779,-0.00963216)
(0.0592688,-0.0828775)
(0.0838522,-0.056545)
(0.0660056,-0.0445722)
(0.0816336,-0.0711328)
(0.0818254,0.0490968)
(-0.0133587,-0.0184164)
(0.116252,-0.0707691)
(0.113447,-0.0810488)
(0.0256074,0.0748399)
(-0.0355844,-0.0478506)
(-0.00793437,-0.041466)
(-0.0152524,0.0338433)
(0.000453026,0.0164187)
(0.0115576,0.0301164)
(0.0369318,0.0374187)
(0.00227387,-0.0606026)
(0.0621062,0.0270374)
(0.0354259,0.0383304)
(-0.0763439,0.0485391)
(-0.0987596,0.0806092)
(-0.0915889,0.119)
(0.0479768,-0.0463463)
(0.0530769,-0.0487892)
(0.115574,-0.0699156)
(0.193178,-0.110497)
(-0.0719742,0.0984667)
(-0.000708559,-0.00578204)
(-0.00372812,0.00382337)
(-0.00474041,-0.0247386)
(0.010472,-0.00760298)
(0.0146695,-0.0307065)
(0.00984686,-0.00400345)
(0.00788441,-0.0130641)
(0.316548,-0.102294)
(0.0578293,0.00538364)
(0.0654963,-0.0958995)
(0.0655349,-0.0849482)
(-0.00942392,0.00930272)
(-0.0227706,0.0398678)
(-0.0548765,0.0823846)
(0.0157375,0.0205797)
(0.0496801,0.0800543)
(0.0434641,0.071787)
(-0.054899,0.0527)
(-0.0542602,0.119797)
(0.0226843,-0.0126917)
(0.0242358,-0.025183)
(0.00824492,0.0674486)
(0.214175,-0.169255)
(0.227592,-0.189574)
(-0.0183222,0.0573268)
(-0.101487,-0.0249923)
(-0.0636049,-0.0348429)
(-0.0212207,0.0611472)
(0.0739515,-0.0692262)
(-0.016514,-0.0280004)
(-0.000693628,-0.0281774)
(0.107062,-0.0933432)
(0.0244784,0.0119887)
(0.0850806,-0.0489706)
(-0.0181574,0.0487892)
(-0.0218702,0.0268158)
(-0.0807691,0.0549164)
(-0.0170535,-0.0288147)
(0.0113276,-0.0571253)
(-0.0271703,-0.000660927)
(0.016614,-0.0760287)
(-0.00177721,-0.0430154)
(-0.00386946,-0.0327977)
(0.00457447,-0.012154)
(0.0515501,0.0170924)
(0.155648,-0.102381)
(-0.027791,-0.0133907)
(-0.0535756,0.0308799)
(0.219898,-0.0849266)
(0.217117,-0.09654)
(0.0390033,-0.0482811)
(0.0189681,0.0015667)
(0.0534388,-0.0209317)
(0.0319455,-0.046671)
(0.0338366,-0.0688024)
(0.0919082,-0.0173773)
(0.070455,-0.0973891)
(0.00275838,-0.00691756)
(0.0756251,-0.00261795)
(0.115239,-0.00328601)
(0.0359602,-0.0337352)
(0.289211,-0.126911)
(0.0764912,0.0367788)
(0.0192386,-0.0239211)
(0.00828326,-0.0380624)
(-0.0272861,0.0286208)
(0.0299768,0.064456)
(-0.11412,0.0316208)
(-0.00693054,0.0377957)
(0.0309783,0.0591434)
(0.00816353,-0.0132619)
(-0.0452087,0.137202)
(-0.00620608,0.0837469)
(0.0283112,0.0461295)
(-0.0909407,0.0574372)
(0.0379355,-0.0439353)
(-0.00590518,-0.000738471)
(-0.0253821,0.0594245)
(-0.0353293,0.000460541)
(-0.0250322,0.0687629)
(-0.00395104,0.00636795)
(-0.0383868,0.054846)
(0.00630866,0.0656231)
(0.0249609,0.105159)
(0.0454489,0.0565933)
(-0.0220785,-0.00615595)
(0.300644,-0.171676)
(0.300701,-0.0879906)
(0.137075,-0.0768588)
(0.258505,-0.0806937)
(-0.0138501,0.0632958)
(0.230997,-0.124171)
(0.290667,-0.195033)
(-0.00174593,0.050405)
(0.287672,-0.175059)
(0.409567,-0.121412)
(0.441841,-0.119052)
(0.0463423,-0.00932274)
(-0.0375533,0.0507618)
(-0.0261868,-0.0134913)
(-0.0289459,-0.00643328)
(0.107826,-0.125754)
(-0.0318165,0.0119573)
(-0.0474081,0.0236249)
(-0.034643,-0.0134224)
(-0.0414234,0.0360092)
(0.0187816,0.0649848)
(-0.0150404,0.0440884)
(0.0252078,0.102739)
(0.0991824,-0.0567548)
(0.105293,-0.0873277)
(0.104743,-0.141519)
(0.0126584,0.06352)
(0.0440567,0.0032582)
(0.102286,-0.0627881)
(0.0248023,-0.0329667)
(0.0225838,0.0540034)
(0.0938808,0.0500782)
(0.00259843,-0.0223769)
(0.01669,0.0215139)
(0.0281663,0.028748)
(0.0742118,-0.00862623)
(0.0266895,0.0335778)
(0.214813,-0.173673)
(0.0982182,-0.0430028)
(0.0249261,0.0140834)
(0.019843,-0.00518495)
(0.0582115,-0.0112447)
(0.0929282,-0.049559)
(0.0651235,-0.0415437)
(0.0736032,-0.0235269)
(0.0756044,-0.0209062)
(0.0467977,-0.0375294)
(0.0285119,0.00997641)
(0.304389,-0.103325)
(0.0245401,-0.0890827)
(0.117442,-0.0646374)
(0.0740218,-0.0397763)
(0.0321397,0.0826811)
(0.108794,-0.0379934)
(0.117028,-0.0754962)
(0.349883,-0.102229)
(0.435656,-0.122695)
(0.309491,-0.121457)
(0.0202136,0.0208128)
(0.284957,-0.0989277)
(0.0262387,0.0145338)
(0.0297577,-0.0951227)
(0.0375711,-0.0367008)
(0.0162699,-0.0511089)
(0.265399,-0.156752)
(0.00616506,-0.0402252)
(-0.0313239,0.00956266)
(-0.0376642,0.00690398)
(0.230005,-0.152006)
(0.0337774,-0.0326867)
(0.0857289,-0.0801358)
(0.115732,-0.118784)
(0.0388037,-0.0231515)
(-0.0553977,0.0207155)
(-0.0166358,0.000729217)
(0.0260436,-0.0204276)
(0.0230343,-0.0334013)
(0.00783673,-0.0248123)
(0.0497654,-0.0463277)
(-0.0117396,-0.0436555)
(0.179947,-0.136375)
(0.199038,-0.143301)
(-0.0449179,-0.0731198)
(0.0402158,0.0572715)
(-0.00580398,0.0246711)
(0.0161744,0.0421137)
(0.00208275,0.00712616)
(0.0239087,0.0769121)
(0.0258253,0.01067)
(0.0606912,-0.076415)
(0.0110907,0.00996989)
(0.0565277,-0.03375)
(-0.016172,0.00642491)
(0.0634035,-0.0570242)
(-0.00463872,-0.0701584)
(0.0255692,-0.0770663)
(-0.0170651,0.00892772)
(-0.0398204,-0.0294463)
(0.0131865,-0.0168355)
(0.0238754,0.115774)
(-0.0305285,-0.035257)
(0.0146709,-0.0340567)
(0.121888,-0.113167)
(0.0932243,-0.0338263)
(0.0265161,0.104325)
(0.00602525,0.101442)
(0.00256543,-0.00190985)
(0.00232264,-0.00605982)
(0.0187315,0.0132851)
(-0.0390296,0.0089801)
(-0.0319521,-0.0389606)
(-0.0183883,0.0189519)
(-0.0349866,-0.018116)
(-0.00551601,-0.0112989)
(-0.0384176,0.0118444)
(-0.0438446,0.00556965)
(0.0401183,-0.0601676)
(-0.0134228,0.0178079)
(0.00554178,0.00956885)
(-0.0408284,0.0517703)
(0.0416899,-0.00826012)
(0.0247228,0.00436123)
(0.126918,-0.081927)
(-0.0194396,-0.0345845)
(0.0386343,-0.0403555)
(0.0735269,-0.0700104)
(0.0281146,-0.0277907)
(0.0945691,-0.112686)
(0.00299337,-0.049254)
(0.175189,-0.18057)
(0.125593,-0.141999)
(0.0222854,-0.0393196)
(0.042201,-0.0462025)
(0.0383095,-0.0332192)
(0.0754821,-0.0866543)
(0.0196316,-0.024703)
(0.14198,-0.108379)
(0.117799,-0.0105264)
(-0.0292869,-0.0113942)
(-0.0417823,0.0343429)
(0.0421533,-0.0473108)
(0.0950778,-0.062628)
(-0.00963927,-0.0515208)
(0.115045,-0.0852603)
(0.165938,-0.0799386)
(0.055551,-0.0493584)
(0.439205,-0.0769569)
(0.0752907,-0.0423015)
(0.0226972,-0.0160261)
(0.0728221,-0.0256044)
(-0.00942981,-0.00539218)
(0.0212449,-0.0810381)
(0.0493124,-0.130356)
(-0.0103974,0.0477521)
(-0.0844847,0.00600072)
(0.486343,-0.0902803)
(-0.0108684,0.0147658)
(-0.0690061,-0.021834)
(-0.0407656,0.0325441)
(0.480215,-0.0856666)
(-0.0345202,0.0568569)
(-0.0501058,0.0490191)
(-0.050162,-0.0306432)
(-0.0205167,-0.0363724)
(-0.0510625,0.0487122)
(-0.0329227,-0.0434987)
(0.00924359,-0.0175964)
(0.129545,-0.108869)
(0.112837,-0.0970495)
(-0.0286013,0.0215876)
(0.0258273,-0.0250563)
(0.00707067,-0.0108137)
(0.000306659,-0.0484685)
(0.0191138,-0.029341)
(0.103674,-0.0876117)
(0.0236447,-0.0251503)
(-0.00848629,0.0346462)
(-0.0305923,0.0387144)
(-0.0266968,0.0292669)
(0.0121335,-0.0182261)
(0.0200444,-0.0141908)
(0.362463,-0.0725833)
(-0.0372592,0.0378364)
(0.362999,-0.0771411)
(-0.0195491,0.00546851)
(-0.024659,-0.0108706)
(0.139222,-0.135419)
(0.0218004,0.00368674)
(0.331611,-0.087556)
(0.164369,-0.061689)
(0.246699,-0.0877145)
(0.162976,-0.141373)
(0.0468862,-0.0556983)
(0.0611596,-0.0052884)
(0.0986755,-0.0929554)
(0.206525,-0.0976039)
(0.00386013,-0.0153611)
(-0.00920892,0.0662106)
(0.148168,-0.0750971)
(-0.0163473,-0.0329581)
(-0.0325269,-0.00297239)
(0.183788,-0.0973202)
(-0.0243717,-0.0255754)
(-0.0170823,0.0623215)
(0.224259,-0.081204)
(0.0543392,-0.0965853)
(0.0606811,-0.0753185)
(0.114427,-0.0747892)
(0.0439921,-0.0465919)
(0.0644167,-0.080638)
(-0.02495,0.0527073)
(0.000785635,0.0686978)
(0.051399,-0.075931)
(0.0593159,-0.106525)
(0.00220083,0.000722054)
(-0.0211001,0.0168024)
(-0.0228519,0.051971)
(-0.0479175,0.035347)
(-0.0237555,8.55011e-05)
(-0.0323299,0.0381404)
(-0.051981,0.0438526)
(0.0783663,0.0539629)
(-0.0122618,0.0673853)
(-0.0580616,0.0823229)
(-0.0195659,0.105231)
(0.0021287,0.0248963)
(-0.0136668,0.0431984)
(0.284617,-0.0577431)
(0.139701,-0.128297)
(0.154057,-0.125784)
(0.0927349,-0.0600949)
(0.0115481,-0.00531266)
(0.114713,-0.0599953)
(0.503538,-0.0856529)
(0.0531491,-0.017883)
(0.480865,-0.0806375)
(-0.015969,0.0334833)
(0.0468017,-0.0549755)
(0.18925,-0.087117)
(-5.54932e-05,0.0203906)
(0.03906,-0.0584241)
(0.307703,-0.0764888)
(0.0137636,0.0090455)
(-0.013745,0.0545589)
(-0.00397744,-0.00730352)
(0.128935,-0.0948478)
(0.105235,-0.139262)
(0.0295996,0.00680738)
(0.0595863,-0.107878)
(0.166709,-0.125948)
(0.0322338,-0.0731491)
(0.199555,-0.0995981)
(0.0025884,0.00718704)
(0.210175,-0.100235)
(0.021376,-0.0447721)
(0.0285582,-0.0122007)
(0.331805,-0.0792047)
(-0.00445291,0.0295015)
(0.00461681,-0.00760691)
(0.0230865,-0.030534)
(0.209474,-0.10957)
(0.114803,-0.123634)
(0.0997255,-0.103077)
(0.189799,-0.1699)
(-0.0224256,-0.0270145)
(-0.0251931,-0.0407005)
(0.0877391,-0.0949571)
(0.0854413,-0.0575923)
(0.0509443,0.090182)
(-0.00930787,0.0201197)
(0.0420695,-0.0485341)
(0.082916,-0.0232071)
(0.0409451,-0.0134933)
(0.0195897,-0.0167852)
(0.0275966,-0.0195661)
(0.0140607,-0.0729483)
(-0.0176866,-0.0437307)
(0.031356,-0.0502229)
(0.0365887,0.0911826)
(-0.0204168,-0.0461241)
(-0.0158837,-0.0679866)
(-0.012774,-0.035348)
(0.0286285,-0.0527665)
(-0.00533061,-0.0375147)
(-0.0072263,-0.0827526)
(0.0305243,-0.0893191)
(-0.0144869,-0.0364394)
(0.0596758,-0.0674694)
(0.0866124,0.0627796)
(0.022684,0.0149334)
(0.0133757,0.0318976)
(0.0559803,0.0752768)
(0.0445375,0.0707346)
(0.278563,-0.0796808)
(-0.0095173,-0.00691435)
(0.0533954,0.0655351)
(-0.00497919,0.062018)
(0.229206,-0.079121)
(0.0351497,-0.0259375)
(0.00667236,0.027196)
(0.0307256,-0.016155)
(-0.0124928,0.0896112)
(0.0294467,0.0121307)
(0.0485832,0.00950688)
(-0.0371135,0.0192105)
(0.284836,-0.072012)
(0.0327197,0.00128478)
(-0.00405463,-0.0732943)
(0.454001,-0.0890945)
(-0.0396922,0.0376962)
(0.0210915,-0.0451677)
(0.119489,0.0870557)
(0.305533,-0.0875584)
(0.0488604,0.0982512)
(0.126427,0.088622)
(0.0762498,0.123213)
(0.0191461,0.0719563)
(0.111245,-0.144241)
(0.0160111,-0.0670331)
(-0.0616534,-0.0125227)
(0.0955684,-0.0471578)
(0.131567,-0.0723916)
(0.123659,-0.094391)
(-0.0502125,-0.0359911)
(0.319362,-0.0745118)
(0.11044,-0.100685)
(0.000834763,-0.00227633)
(0.0180541,-0.0013469)
(-0.0276097,-0.0260247)
(-0.0040164,-0.0122852)
(0.151617,-0.130474)
(-0.051339,-0.00402327)
(-0.0503732,0.0168532)
(0.0131781,-0.0312243)
(0.117704,-0.133232)
(0.141818,-0.137061)
(0.284852,-0.0878818)
(0.0182193,-0.0311703)
(0.0215411,-0.0466547)
(0.180414,-0.128704)
(0.116721,0.0685148)
(0.106056,-0.0921562)
(0.13897,-0.0126587)
(0.221486,-0.0985784)
(0.202764,-0.0812082)
(0.254471,-0.112588)
(0.0806355,-0.0414016)
(0.0848232,-0.0517789)
(0.386999,-0.0994808)
(0.291716,-0.145276)
(0.0691448,-0.083022)
(0.325437,-0.0684292)
(0.392006,-0.078708)
(0.0789005,-0.0732202)
(0.135985,-0.122384)
(0.106164,-0.103225)
(0.200217,-0.156206)
(0.210261,-0.139217)
(0.184341,-0.141719)
(0.144238,-0.098737)
(0.148143,-0.0496545)
(0.138881,-0.113358)
(0.00658158,-0.0210357)
(0.065898,-0.0666968)
(0.030716,-0.0433652)
(0.476068,-0.110093)
(0.0358299,-0.0341493)
(-0.00499964,-0.0289179)
(0.022793,-0.0224066)
(0.417439,-0.106294)
(0.00725896,0.0134336)
(0.0344329,-0.0470309)
(0.451024,-0.122729)
(0.364837,-0.0972885)
(0.0669153,-0.0531777)
(0.14391,-0.0824421)
(0.0390399,-0.0666039)
(0.0367176,-0.0738654)
(0.122162,-0.0895422)
(0.0715171,-0.0761159)
(0.279854,-0.0769505)
(0.158188,-0.0833227)
(-0.00557408,-0.0128195)
(0.219083,-0.114298)
(0.0234649,-0.0428125)
(-0.058858,0.136799)
(0.136585,-0.0772583)
(0.162481,-0.123028)
(0.0452903,-0.0447279)
(0.176686,-0.141998)
(-0.0148429,0.098417)
(-0.0350295,0.117429)
(-0.0106612,0.111504)
(0.13642,-0.116064)
(-0.0377599,0.0366399)
(-0.00571718,0.0836359)
(-0.0294227,0.0425025)
(0.0933634,-0.0923358)
(0.0691001,0.0171614)
(0.0468757,-0.0662805)
(0.0412682,-0.104565)
(0.0397494,-0.0552198)
(0.0516424,0.0158102)
(0.165411,-0.11575)
(0.0637786,-0.0065399)
(0.0097791,-0.034153)
(-0.0178871,-0.0217749)
(-0.00894183,0.061516)
(0.011509,-0.0287605)
(-0.029302,0.0312666)
(0.0318768,-0.0135002)
(0.0446633,-0.0113372)
(0.184038,-0.150999)
(0.049333,-0.0654323)
(0.136624,-0.0910002)
(0.0591319,-0.0895164)
(0.0384823,-0.0686444)
(0.0226136,-0.0440603)
(0.0998926,-0.0160523)
(-0.0088822,-0.030166)
(0.0637745,-0.0521479)
(-0.00389134,-0.0272656)
(0.0278979,-0.0160943)
(-0.0290849,-0.0140654)
(0.0301962,-0.0544519)
(-0.00384065,-0.0468831)
(0.0161278,-0.0660234)
(0.239981,-0.116739)
(0.221129,-0.118227)
(-0.00393239,-0.0142476)
(0.0580412,-0.0445043)
(0.0862123,-0.0664428)
(0.0998158,-0.0648315)
(0.294726,-0.061716)
(-0.0456778,-0.0185976)
(0.0620238,0.0651168)
(0.0342113,0.100699)
(0.0480832,0.0874162)
(0.275476,-0.15903)
(-0.0419702,-0.00323363)
(0.0291945,-0.00338802)
(0.0181367,0.032701)
(0.0285475,-0.0107287)
(0.244104,-0.107813)
(-0.0259132,0.0367585)
(0.0588964,-0.0576995)
(0.0628044,-0.0619996)
(0.0695769,-0.0423489)
(0.0930729,-0.0774007)
(0.28661,-0.125617)
(0.195302,-0.121742)
(0.497067,-0.166914)
(0.0751622,-0.0742603)
(-0.0202331,-0.00163353)
(0.179221,-0.108387)
(0.123967,-0.0627167)
(0.197041,-0.0869811)
(0.313877,-0.122454)
(-0.0626767,-0.000986884)
(0.10815,-0.0868719)
(0.0931775,-0.0673128)
(-0.0757203,0.0518304)
(0.0810521,-0.0666888)
(0.093879,-0.0646434)
(0.147836,-0.0935095)
(0.12067,-0.0659923)
(0.0773568,-0.049438)
(0.503769,-0.102362)
(-0.110195,-0.0773471)
(0.0418843,0.034103)
(-0.104027,-0.0933102)
(0.385975,-0.124022)
(0.258395,-0.10378)
(0.279739,-0.111868)
(0.0556752,-0.0588468)
(0.0496892,-0.0261936)
(0.0809296,-0.0761005)
(0.471467,-0.0987227)
(0.125081,-0.0941511)
(0.0222942,-0.0583671)
(0.0462622,-0.0276565)
(0.629397,-0.0669053)
(0.0269354,-0.0503211)
(0.0813782,-0.0686274)
(0.495282,-0.0881713)
(0.406269,-0.0601248)
(0.0743515,-0.00977724)
(0.0769001,-0.0685688)
(0.0246849,0.00683654)
(0.0193679,-0.07682)
(-0.0253332,0.030657)
(0.00766656,-0.0428502)
(-0.0446032,0.0368524)
(0.232346,-0.0962635)
(0.205798,-0.139769)
(0.310689,-0.129639)
(0.25427,-0.132358)
(0.309608,-0.0864519)
(0.0792981,-0.0556346)
(0.10122,-0.09125)
(0.0717002,-0.0522878)
(0.138077,-0.115076)
(0.000811858,-0.0828683)
(-0.00697484,-0.086138)
(0.0725896,-0.0503562)
(0.382791,-0.0945276)
(0.413019,-0.0982551)
(0.33735,-0.0736445)
(0.386755,-0.0753361)
(0.00314387,-0.0649342)
(0.185798,-0.120497)
(0.0370033,-0.0607874)
(0.0127727,-0.0534796)
(-0.0311263,0.00756304)
(0.0391671,-0.0587175)
(0.0795863,-0.0880243)
(-0.0136073,-0.0271341)
(0.0242332,-0.0343056)
(-0.0109406,-0.00302418)
(0.152408,-0.135108)
(0.27057,-0.0781097)
(-0.00684603,0.0139667)
(0.264778,-0.102574)
(0.112309,-0.0994825)
(0.24718,-0.109737)
(0.0374865,-0.0085184)
(0.0877304,-0.0746914)
(0.0856312,-0.0273301)
(0.389335,-0.106533)
(0.147288,-0.00141381)
(0.0806563,-0.0410321)
(0.223095,-0.123043)
(0.135693,-0.0916774)
(0.211686,-0.0922623)
(0.451353,-0.0781769)
(0.544952,-0.122296)
(0.285139,-0.119074)
(0.0468698,-0.00511829)
(0.0413123,0.00756036)
(0.0273943,0.0705268)
(0.00186602,-0.0774968)
(-0.00855675,-0.0354833)
(0.0267919,0.0471725)
(0.0421385,-0.0125478)
(0.241244,-0.132588)
(0.270884,-0.160707)
(0.00432641,-0.0300528)
(0.253736,-0.16648)
(-0.0167173,0.0159435)
(0.2761,-0.120883)
(0.40573,-0.150569)
(0.0215976,0.0101112)
(0.136897,-0.081638)
(0.133359,-0.0858499)
(-0.0957892,0.133534)
(0.424749,-0.103584)
(-0.0758195,0.127449)
(0.304146,-0.0953628)
(-0.0797589,0.0773618)
(0.310675,-0.151542)
(-0.0784626,0.0894684)
(0.332802,-0.144285)
(-0.0606765,0.0664435)
(-0.0185225,-0.0334695)
(-0.00778596,-0.0194745)
(0.021885,0.0657351)
(0.372443,-0.11401)
(0.031747,0.0308133)
(0.309751,-0.105068)
(0.333315,-0.0844136)
(-0.0459766,-0.0417696)
(0.394514,-0.113266)
(0.280611,-0.106486)
(0.314398,-0.103831)
(0.0145914,0.0504617)
(0.214557,-0.103135)
(-0.0383968,0.020178)
(-0.0590538,0.0862847)
(-0.0312156,0.0838831)
(-0.0454774,0.109737)
(0.0062904,-0.0289912)
(-0.0693905,0.0787711)
(0.0259922,-0.00209835)
(0.350237,-0.124801)
(-0.00361408,0.0123808)
(0.308678,-0.0984957)
(0.197651,-0.0980036)
(0.203652,-0.115317)
(0.0410216,0.00461035)
(0.0104139,-0.0553227)
(0.0680034,0.020256)
(0.356409,-0.0651711)
(-0.0348344,0.0295822)
(0.374247,-0.0696509)
(0.104471,-0.0592411)
(-0.0360578,0.0171577)
(-0.00818927,-0.0385041)
(0.242824,-0.0864625)
(-0.0442759,0.00799287)
(0.0892798,0.0606375)
(0.067096,-0.0532533)
(0.230321,-0.0970312)
(0.348326,-0.0518911)
(0.243608,-0.152562)
(0.343566,-0.0645008)
(0.442776,-0.0600157)
(-0.022548,0.036698)
(0.239618,-0.125884)
(0.177316,-0.12436)
(-0.0046432,-0.00780348)
(0.224637,-0.09309)
(0.167175,-0.114757)
(0.227641,-0.090864)
(0.193715,-0.124267)
(0.0400662,-0.0579661)
(0.0369606,-0.0440148)
(-0.0225573,-0.0323423)
(0.0728217,-0.0765634)
(0.0686035,-0.0757391)
(-0.0163287,0.0303671)
(0.00287026,-0.0358428)
(0.18698,-0.102122)
(-0.0185198,-0.0295137)
(-0.0062942,-0.0905833)
(0.0221329,-0.0450984)
(0.0603329,0.0565)
(0.0471341,0.0420892)
(0.059296,0.0834687)
(0.0173614,-0.0306024)
(0.299412,-0.124296)
(0.0399961,-0.0667717)
(0.0393874,-0.0619)
(0.576031,-0.0993857)
(0.495186,-0.0978648)
(-0.00498076,-0.0356937)
(0.030198,-0.0580374)
(0.0217593,-0.0385022)
(0.0291124,-0.0513218)
(0.00894915,0.000363455)
(0.237293,-0.109995)
(0.318474,-0.112384)
(0.251891,-0.136703)
(0.425557,-0.0711271)
(-0.0199306,0.0686446)
(0.208457,-0.0991969)
(0.393842,-0.074024)
(0.0240644,-0.0422894)
(-0.0031998,-0.0150829)
(-0.0471487,0.00670486)
(0.497581,-0.109628)
(0.174326,-0.0746281)
(0.172585,-0.0795019)
(0.152015,-0.0729817)
(0.19711,-0.0780537)
(0.269764,-0.108711)
(0.313309,-0.0808302)
(0.375103,-0.0891735)
(0.251811,-0.111756)
(0.192631,-0.101458)
(0.41847,-0.116928)
(0.216426,-0.113126)
(0.062067,-0.0661272)
(0.0290013,-0.0648622)
(0.347807,-0.109799)
(0.0719833,-0.0808837)
(0.333611,-0.121074)
(0.0479128,0.0727302)
(-0.0267124,-0.00711104)
(0.0713667,-0.0605887)
(0.0996838,-0.0692736)
(0.110788,-0.0947982)
(0.0341128,-0.105864)
(-0.00521772,-0.0661655)
(0.046843,-0.0876707)
(0.012198,-0.112584)
(0.416466,-0.0763018)
(0.0416457,-0.0311018)
(-0.00839852,-0.0696411)
(0.389438,-0.08176)
(-0.00289204,-0.0659655)
(0.124232,-0.065186)
(0.106434,-0.0619514)
(0.122088,-0.0664922)
(-0.00581618,-0.0875341)
(0.137394,-0.0728702)
(0.0700717,-0.0717894)
(0.017224,-0.00285866)
(-0.00455259,-0.0297994)
(-0.0206866,0.0230341)
(0.0144661,-0.0197051)
(0.350527,-0.0839081)
(0.186125,-0.0792383)
(0.458938,-0.0966637)
(0.480718,-0.0907582)
(0.3871,-0.0917904)
(0.157929,-0.119091)
(0.24204,-0.0908052)
(0.380104,-0.104829)
(0.332001,-0.108901)
(0.198448,-0.107889)
(0.0541931,0.0980365)
(0.211769,-0.129795)
(0.0568794,0.155301)
(0.402219,-0.0971288)
(0.421157,-0.102931)
(-0.0382826,-0.0572992)
(-0.0124977,-0.0147448)
(0.0220795,0.0814498)
(0.166829,-0.0800531)
(0.116907,-0.111383)
(0.151602,-0.0720019)
(0.116462,-0.069406)
(0.140532,-0.076302)
(0.129912,-0.064706)
(0.0881255,-0.0736615)
(0.0793652,-0.0464692)
(0.110022,-0.0961722)
(-0.0177234,0.0304412)
(0.002677,0.136069)
(0.0127316,0.143106)
(0.348788,-0.0918373)
(-0.017072,0.0329404)
(0.306264,-0.102787)
(0.335782,-0.0834639)
(-0.115854,-0.00621806)
(0.0376862,0.104663)
(-0.0274505,-0.0734585)
(0.122856,-0.0861914)
(0.000653785,0.0749383)
(-0.0271168,-0.0592513)
(0.218492,-0.084775)
(0.200812,-0.0828356)
(0.136532,-0.072151)
(0.0596542,-0.0300334)
(-0.0133572,-0.0180375)
(0.0610989,-0.0575528)
(0.0664347,-0.0449018)
(0.0742638,-0.0301872)
(0.240431,-0.0806684)
(0.413334,-0.107198)
(0.385432,-0.0995992)
(-0.053249,0.139504)
(0.328625,-0.0485172)
(-0.126762,-0.0106731)
(-0.0494762,0.0564842)
(-0.0394077,0.0305813)
(0.007364,-0.0655534)
(-0.0923304,0.0310172)
(0.124931,-0.0997783)
(0.150578,-0.0993796)
(0.238699,-0.134915)
(0.383408,-0.0864671)
(-0.0371849,-0.0470994)
(0.39085,-0.0774417)
(-0.0715401,-0.0445791)
(0.213893,-0.0823868)
(0.269901,-0.0859518)
(0.00368204,-0.0559625)
(0.405143,-0.0472282)
(0.257159,-0.0780774)
(0.406637,-0.0515048)
(0.303091,-0.048808)
(0.323487,-0.0667406)
(0.201455,-0.101477)
(0.261421,-0.119449)
(0.185028,-0.100629)
(0.269681,-0.0575022)
(0.0255161,-0.112837)
(0.340212,-0.0712778)
(0.340781,-0.105589)
(0.0564325,-0.106353)
(0.0555192,-0.0436784)
(0.0404127,-0.0547263)
(-0.0639817,-0.0287223)
(0.241727,-0.0738513)
(0.163774,-0.0943752)
(0.314086,-0.0743655)
(0.104207,-0.078072)
(0.157266,-0.0851072)
(-0.00363158,-0.009953)
(0.00701409,-0.00165728)
(0.24859,-0.116902)
(0.0759994,-0.0797184)
(0.166867,-0.091129)
(0.399519,-0.0589731)
(0.00422046,-0.00937155)
(-0.0241112,-0.0114306)
(0.0780984,-0.0672644)
(0.0403298,-0.0499452)
(0.0714414,-0.0631318)
(0.0807405,-0.0387085)
(0.439597,-0.0586204)
(0.483125,-0.0763747)
(0.408465,-0.0569761)
(0.0133616,0.0198113)
(0.202771,-0.107101)
(0.328201,-0.109081)
(0.201552,-0.100211)
(-0.051216,-0.0281426)
(-0.0432642,0.0312251)
(-0.0360047,0.00561682)
(0.519552,-0.0816094)
(0.333822,-0.112055)
(0.333199,-0.0823531)
(0.29624,-0.0873913)
(0.510824,-0.0786517)
(-0.0640416,-0.0429223)
(0.324465,-0.0870024)
(0.246039,-0.076879)
(-0.0418778,-0.0530291)
(0.370034,-0.0619109)
(0.49718,-0.0826938)
(0.021356,0.00249789)
(0.0595563,-0.0618881)
(0.348555,-0.0624877)
(0.00920352,-0.0675229)
(0.0485188,-0.0520198)
(0.299217,-0.0468096)
(-0.0136099,0.00415613)
(-0.0429707,-0.0023938)
(-0.00381471,0.0200495)
(0.0121359,-0.0842487)
(0.433027,-0.0999604)
(0.107087,-0.0668669)
(0.07294,-0.0537674)
(0.0959847,-0.0552762)
(0.198308,-0.0627871)
(-0.0117098,-0.0229578)
(0.021509,-0.0573681)
(0.022439,-0.0478684)
(0.0923169,-0.0565555)
(0.0468628,-0.0555547)
(0.0686294,-0.054825)
(0.0628936,-0.0596322)
(0.0852238,-0.0959677)
(0.0384547,-0.0932885)
(0.0296905,-0.0677492)
(0.068566,-0.0752483)
(0.227272,-0.099029)
(-0.061832,0.0371253)
(0.253609,-0.103589)
(0.00670223,-0.0129315)
(0.03455,-0.0891962)
(0.130581,-0.100615)
(0.335481,-0.0656848)
(0.157491,-0.106429)
(0.0432546,-0.121819)
(-0.0580972,0.0797278)
(-0.0369168,0.0391903)
(-0.0579402,0.0613967)
(0.0412754,-0.0219171)
(-0.00985838,-0.0121706)
(0.197361,-0.0918783)
(0.0252826,-0.0410787)
(0.228295,-0.0926418)
(0.0108185,0.0706771)
(0.00215933,-0.014438)
(0.451219,-0.111789)
(0.0777712,-0.0776715)
(0.0771356,-0.078524)
(0.117507,-0.0523802)
(0.0300513,-0.0373461)
(0.148143,-0.0874367)
(0.123354,-0.0793032)
(0.0568476,-0.0723211)
(0.107049,-0.100858)
(0.379635,-0.130971)
(0.0824415,-0.120961)
(0.289336,-0.110962)
(0.0685903,-0.126683)
(0.0463748,-0.0167406)
(-0.00311135,-0.0151015)
(-0.0342699,-0.00579567)
(0.00326227,-0.0246335)
(-0.112226,0.0189488)
(0.0620416,-0.0357749)
(-0.121866,-0.0246146)
(-0.116956,0.0658568)
(0.0604674,-0.0621061)
(0.285439,-0.125845)
(0.326264,-0.147419)
(0.0392072,-0.04702)
(0.297631,-0.205093)
(0.221575,-0.149428)
(0.232911,-0.0967499)
(-0.00619327,-0.0367133)
(0.0770992,-0.0793167)
(0.22283,-0.0874212)
(0.0532461,-0.0686513)
(0.0783845,-0.072711)
(-0.00724075,-0.0139028)
(-0.0304237,0.0161299)
(0.0637682,-0.066198)
(0.0697534,-0.057147)
(0.147856,-0.0953112)
(0.171065,-0.110809)
(0.0752863,-0.0593101)
(0.132392,-0.114401)
(0.0856783,-0.0880724)
(0.0491089,-0.0474711)
(0.136436,-0.112564)
(0.0825468,-0.0498908)
