1620
(0.113351,-0.0831162)
(0.126251,-0.0563299)
(0.0161287,-0.0479198)
(0.129698,-0.0714974)
(-0.0190851,0.065714)
(0.0432454,-0.0343122)
(0.20264,-0.0725539)
(0.0104792,-0.0303365)
(0.0915647,-0.0578248)
(0.04064,-0.0773092)
(0.115351,-0.0599442)
(0.129649,-0.0600796)
(-0.0295684,0.0484028)
(0.0495014,0.000450212)
(0.0189074,-0.0260372)
(0.0525718,-0.0782984)
(0.0317002,-0.0379239)
(0.033656,0.0573661)
(0.041576,0.0321842)
(0.0531648,0.0564085)
(0.0356509,0.018492)
(0.0305461,0.0280336)
(-0.00177288,0.00346504)
(0.115119,-0.0196906)
(0.0242585,-0.0202137)
(-0.00338888,0.0187371)
(-0.0192715,-0.00953229)
(0.00532366,-0.0420312)
(0.0986747,-0.0118097)
(0.0255297,-0.0541403)
(-0.0465649,0.0218267)
(-0.0368283,-0.0705391)
(0.1279,-0.0681118)
(0.0169457,0.0408612)
(0.0867242,-0.0724228)
(0.0651036,-0.0215285)
(0.147096,-0.124633)
(0.0510818,0.0749573)
(0.0515075,0.0558656)
(-0.0565016,-0.0201379)
(0.157479,0.103099)
(-0.0530258,0.00779377)
(-0.0439775,0.0471414)
(-0.0513761,0.0323102)
(0.0917252,-0.0627616)
(0.0729561,-0.0606044)
(0.0751831,-0.0654554)
(-0.00088683,0.0107448)
(-0.0017961,-0.00467291)
(-0.014616,0.00898329)
(0.0433769,-0.04064)
(-0.0318402,0.0375199)
(0.0461174,-0.00234262)
(0.0369055,0.0139566)
(0.0333799,-0.0418913)
(0.0100012,-0.0263762)
(0.1278,-0.0476784)
(-0.0252907,0.0379474)
(0.0181867,-0.0161483)
(0.0838204,0.151735)
(0.000293613,-0.0309975)
(0.232422,-0.150878)
(0.0694838,-0.0350595)
(0.213869,-0.141644)
(0.0565403,-0.0417717)
(0.0193041,-0.0391007)
(-0.0142016,-0.0720031)
(-0.0536731,-0.0796884)
(-0.0101474,-0.0358243)
(0.0555392,-0.0166413)
(0.0187741,-0.0822638)
(-0.0105141,-0.0502796)
(0.0340049,0.114076)
(-0.0501387,-0.00135474)
(0.258467,-0.0907974)
(0.0282263,-0.0535602)
(0.10688,0.102373)
(0.00287913,-0.0432119)
(0.04976,-0.0257349)
(0.0418688,-0.0778875)
(0.0312101,-0.0094108)
(-0.0275114,0.00165379)
(0.0097356,0.00964694)
(0.0414021,-0.0496711)
(0.01286,-0.0499257)
(-0.0390908,-0.0147481)
(-0.0494148,0.00586362)
(-0.0239202,0.101671)
(0.0671109,0.0208625)
(0.0944004,0.109871)
(0.00528817,-0.0129969)
(-0.00766511,0.075705)
(0.108091,-0.0689558)
(0.133868,-0.13414)
(0.143361,-0.12255)
(0.13448,-0.0993875)
(0.0541499,-0.0351772)
(0.300212,-0.110149)
(0.031749,-0.0353514)
(0.0286442,-0.0211626)
(0.0215681,0.108377)
(0.0714125,-0.0499588)
(0.0192403,-0.0550766)
(0.0258341,-0.0418716)
(0.0521523,0.00182775)
(0.32392,-0.138507)
(0.101252,-0.0729772)
(0.0701635,-0.0678649)
(0.0163964,0.00356824)
(0.0691197,-0.0596614)
(0.00655718,0.0320269)
(0.278318,-0.139426)
(0.220708,-0.113743)
(-0.0340543,0.0116878)
(0.175954,-0.127089)
(0.151136,-0.12687)
(0.142143,-0.119104)
(0.201899,-0.113653)
(-0.0200201,-0.029677)
(0.466693,-0.0832896)
(0.186123,-0.117735)
(-0.00945449,0.00232738)
(0.280573,-0.0929326)
(0.143755,-0.0685687)
(0.257752,-0.0978148)
(0.0338616,-0.130654)
(0.10033,-0.0515791)
(0.0807758,-0.0287535)
(0.226865,-0.0815234)
(-0.00319283,-0.0355141)
(0.000111219,-0.0518603)
(-0.031133,0.0109081)
(-0.0173275,-0.0239156)
(-0.0484216,0.115541)
(-0.0282976,0.109367)
(-0.0321417,-0.00850084)
(0.000105567,-0.000890075)
(-0.0750413,-0.0642714)
(0.29887,-0.0656797)
(0.0836431,-0.06547)
(0.109604,-0.0688421)
(-0.031927,-0.0478535)
(-0.065312,-0.0906613)
(-0.0629702,-0.00758003)
(-0.016782,-0.029739)
(-0.0429768,-0.00967264)
(0.0393032,-0.0377204)
(0.161654,-0.0696298)
(0.144685,-0.0734205)
(-0.000804866,-0.0195091)
(0.398625,-0.0726223)
(0.0911975,-0.101)
(0.546881,-0.0961873)
(0.293628,-0.0635926)
(0.387001,-0.109977)
(0.142578,-0.0710656)
(0.231902,-0.10279)
(0.273395,-0.0711582)
(0.197219,-0.0523472)
(0.114673,-0.0725656)
(0.131319,-0.0729992)
(0.0980442,-0.0671606)
(0.123785,-0.0721631)
(-0.0137933,0.00714142)
(0.0212521,-0.0508398)
(0.0690924,-0.0587483)
(-0.05584,0.0582006)
(-0.0699097,0.0946606)
(-0.0565137,0.0583676)
(-0.0605091,0.0588242)
(-0.0638306,0.0688977)
(-0.0864236,0.10037)
(0.309029,-0.0756923)
(0.345571,-0.0815158)
(0.352122,-0.0890623)
(0.372563,-0.109713)
(-0.00326802,-0.0485304)
(0.010294,-0.0592388)
(-0.0189198,-0.0657705)
(-0.0175095,-0.0939844)
(0.0162217,0.000517436)
(0.18182,-0.102975)
(0.170873,-0.08875)
(0.107975,-0.0623331)
(0.113538,-0.0637056)
(-0.00235102,-0.0555179)
(-0.0159044,-0.0208833)
(0.219269,-0.0959859)
(0.192891,-0.0924365)
(0.340355,-0.104515)
(0.326995,-0.0877829)
(0.300981,-0.0396488)
(0.433972,-0.0587515)
(-0.0164268,-0.00987935)
(0.0130625,0.0220396)
(-0.0794488,0.102814)
(-0.0720159,0.154804)
(0.1145,-0.0867739)
(-0.0157593,0.0078573)
(0.0649596,-0.0879479)
(0.00971062,-0.0227735)
(0.00796848,-0.0218551)
(0.0027371,0.00303322)
(0.0168276,-0.0358869)
(-0.001284,-0.0512962)
(0.0249465,-0.0378997)
(0.473578,-0.110287)
(0.468661,-0.103766)
(-0.0650862,0.0287139)
(0.18661,-0.109993)
(0.0095967,0.00532895)
(0.270118,-0.0596688)
(0.268906,-0.061891)
(0.0748374,-0.0406358)
(0.110329,-0.0208816)
(-0.0681341,-0.0300941)
(-0.0725339,-0.0863482)
(0.298077,-0.0507639)
(0.388595,-0.056758)
(-0.0215068,0.0211038)
(-0.0222493,-0.0682832)
(0.0234054,-0.0138278)
(0.0353779,-0.0267837)
(0.642708,-0.102996)
(-0.053451,-0.0459392)
(-0.0299631,-0.0353143)
(0.478062,-0.0811058)
(0.00190901,-0.0412688)
(0.0144362,-0.0800436)
(-0.0387616,-0.0306495)
(-0.0351601,-0.0556568)
(0.280974,-0.0725566)
(0.271806,-0.0798389)
(0.393556,-0.100246)
(0.43531,-0.106829)
(0.0574278,-0.032396)
(-0.122058,-0.0356872)
(-0.0780948,-0.03304)
(0.271566,-0.0920413)
(0.0202044,0.0245735)
(-0.0363067,0.0799568)
(-0.0265953,-0.0932163)
(0.0956304,-0.103267)
(0.127268,-0.120138)
(0.0438465,-0.144709)
(-0.0326012,0.0389226)
(0.0269006,0.079499)
(0.0937931,-0.137843)
(0.0582207,-0.0218318)
(0.0676242,0.0062433)
(0.0437728,0.0253891)
(-0.0533108,0.0982106)
(0.0206604,0.0109254)
(0.0102412,0.0201487)
(-0.051547,0.0671934)
(0.137819,-0.0604665)
(0.194986,-0.0789279)
(-0.0415534,-0.00209406)
(0.0579644,0.0459404)
(0.0471611,0.108772)
(0.0388145,0.0286095)
(0.0681385,0.0832781)
(0.00533144,-0.00772106)
(0.0177917,0.0267399)
(0.4681,-0.116332)
(0.0175328,0.0273717)
(0.104842,-0.00503338)
(0.0214973,-0.0271853)
(0.0231195,0.00225072)
(-0.00109989,-0.0442625)
(0.0134436,0.00841216)
(0.012489,0.0149903)
(-0.0285939,-0.0201701)
(-0.093735,-0.0764728)
(-0.0593364,-0.0499259)
(0.213894,-0.0691542)
(-0.089703,-0.0383524)
(-0.0313439,-0.010204)
(-0.117517,0.021133)
(0.0188032,0.00103456)
(0.0117239,-0.00951302)
(0.0108631,-0.0254425)
(0.0168547,-0.0189694)
(0.0353169,-0.0375563)
(0.0523867,0.0509361)
(0.0859944,-0.10914)
(0.0678607,-0.12937)
(-0.000817193,0.0885211)
(0.0203804,0.0041148)
(0.0380779,0.0549861)
(-0.0157489,-0.0469547)
(0.0167446,-0.00204678)
(-0.0166196,-0.0291433)
(-0.13337,0.0402492)
(0.0885263,0.0530633)
(0.0506638,-0.0475282)
(0.0887229,0.0654567)
(0.0361052,-0.0591082)
(0.00746051,0.0691582)
(-0.0697083,-0.0165736)
(-0.109529,0.00924093)
(0.0247046,-0.0486129)
(-0.00554229,0.0395132)
(0.00475417,0.0195244)
(0.0128425,0.00628313)
(0.00557623,0.0700918)
(-0.0360413,0.023498)
(0.255494,-0.102236)
(-0.0257269,-0.030902)
(-0.0228901,-0.0388717)
(0.0477869,-0.0282582)
(0.00292953,0.0388094)
(-0.0100441,-0.0567092)
(0.0793244,0.00352179)
(0.00244485,0.0551807)
(-0.0112044,0.0673108)
(0.0132599,-0.0425403)
(0.00495033,-0.0869323)
(-0.00398883,0.0436655)
(0.260797,-0.0909965)
(-0.0276021,0.00633298)
(0.0579454,0.0733623)
(-0.045132,-0.0750503)
(-0.000748293,0.0337179)
(0.0284152,0.0709533)
(0.0607579,0.0928219)
(0.00975094,-0.00496807)
(0.0389124,-0.0379946)
(0.0773457,-0.0242826)
(0.0473673,0.00745069)
(0.0300636,-0.0804066)
(-0.132468,0.111043)
(-0.127857,0.169441)
(0.010036,0.00178356)
(0.0983729,0.0437946)
(0.219239,-0.0870099)
(0.153301,0.00741181)
(0.0550487,0.029395)
(0.0962078,0.0485677)
(0.13044,0.0657558)
(0.0777117,-0.0546109)
(0.126848,-0.0157206)
(0.0331237,0.0259655)
(0.101376,0.0594325)
(0.0568368,0.0375035)
(0.0412584,-0.0491241)
(0.0113813,-0.0178024)
(0.0736301,-0.0207097)
(0.0467169,-0.0169435)
(0.266113,-0.0768749)
(0.262813,-0.148912)
(0.243567,-0.130661)
(-0.021881,0.0839287)
(0.0310878,-0.110372)
(0.353897,-0.119494)
(0.0971845,0.00848434)
(0.0986634,0.048276)
(0.0244009,-0.0286166)
(0.0432357,-0.0154166)
(-0.0147345,-0.0638203)
(0.237365,-0.0837346)
(0.130438,-0.095029)
(0.031168,0.0837875)
(0.0666394,-0.0775145)
(0.00945475,-0.00717583)
(0.183059,-0.0670771)
(0.25332,-0.100801)
(-0.0391079,-0.0770687)
(0.0521536,-0.0411012)
(0.0289359,-0.032681)
(0.108708,-0.0390671)
(0.0117396,-0.00165722)
(0.00647505,0.023779)
(-0.0829626,0.187907)
(0.261358,-0.0971445)
(0.258445,-0.115277)
(-0.000636156,0.0359516)
(-0.0161816,0.057134)
(0.00300478,-0.0431788)
(0.0282975,-0.053914)
(-0.00963098,-0.0413507)
(0.258987,-0.110556)
(0.377296,-0.145087)
(-0.0440847,0.0180946)
(-0.0137647,-0.0647709)
(0.0266075,-0.0520599)
(0.0157061,-0.0525477)
(0.0425446,-0.0804591)
(-0.0323641,0.0368348)
(0.00485365,0.0124503)
(0.00303101,0.000101329)
(-0.025348,0.0836676)
(0.0572667,-0.0593963)
(0.0557044,-0.0475876)
(0.0387529,-0.0654572)
(0.039045,-0.0626056)
(0.044074,-0.0563948)
(-0.0131577,-0.0679871)
(0.0430747,-0.076634)
(0.0148269,0.143656)
(0.0170531,0.148252)
(-0.130849,-0.0648626)
(0.0766743,-0.0919204)
(0.500441,-0.0895723)
(0.00742043,0.0876234)
(0.0267373,0.0425236)
(0.0473075,-0.0064941)
(0.0250982,-0.0176951)
(0.0307258,-0.0777984)
(-0.00536565,0.114114)
(0.0507301,-0.0852976)
(-0.00218841,-0.0182204)
(0.109588,-0.109267)
(-0.0347898,-0.0328939)
(0.335395,-0.0847783)
(0.0512974,-0.018119)
(0.0456231,-0.0383931)
(0.134416,-0.111295)
(-0.0638912,-0.0655297)
(-0.0755816,-0.0387694)
(0.00935263,-0.00859568)
(0.00835304,0.00177233)
(0.150732,0.105816)
(0.042458,0.0611993)
(0.146437,-0.126699)
(0.0492861,-0.0396299)
(0.495418,-0.0853072)
(0.0302553,0.0267671)
(-0.0598186,0.195071)
(-0.0367673,0.172353)
(0.0165695,0.00682167)
(0.123306,-0.108149)
(0.0355317,-0.0639195)
(0.105829,-0.121592)
(0.0758012,-0.0793117)
(0.0327747,0.0493877)
(0.00603268,-0.0201364)
(0.0416642,-0.0362815)
(0.0278543,-0.037681)
(-0.125429,-0.0619196)
(0.102186,0.0815941)
(-0.00793386,-0.000209468)
(0.0276333,0.070611)
(0.0374965,-0.0418809)
(-0.0868969,0.0158644)
(-0.0924534,-0.0760895)
(-0.0292539,0.0503911)
(0.104957,0.126928)
(0.0331816,-0.0282943)
(0.138593,-0.0996165)
(0.0649736,-0.0253861)
(0.0490984,0.0196976)
(0.0346748,-0.0277082)
(0.063497,-0.0425616)
(-0.0078675,0.0635347)
(-0.00200473,0.0105988)
(0.0964783,0.075104)
(-0.0162323,-0.00252333)
(0.0592444,-0.0448112)
(0.0429436,0.0732098)
(0.0522217,0.0279866)
(-0.130654,0.108173)
(0.00967881,-0.00105236)
(0.0400899,-0.00796498)
(-0.120741,0.123127)
(0.0585731,-0.0537189)
(0.0332639,-0.0258935)
(0.0475183,-0.027887)
(0.190277,-0.0850752)
(-0.0208989,0.00362994)
(0.425557,-0.112602)
(0.0101738,0.0677319)
(-0.0297526,0.0274908)
(-0.0472119,-0.00946914)
(0.00960928,-0.0432512)
(0.136432,0.110126)
(0.00480414,0.00156584)
(0.011856,-0.0443527)
(0.0673777,-0.0592411)
(0.00639642,-0.0149369)
(0.0241506,0.0567056)
(0.213538,-0.0854639)
(0.0602171,0.0450394)
(-0.033144,-0.0406027)
(0.10366,0.0054355)
(0.123985,-0.00726718)
(-0.0320003,-0.0553016)
(0.17532,-0.0785642)
(-0.0338951,0.0263937)
(-0.0702574,0.0591719)
(0.394484,-0.121764)
(0.0787963,-0.0594968)
(0.0113303,-0.0206949)
(0.0005248,-0.012987)
(0.10648,0.109237)
(0.371131,-0.0657128)
(0.43431,-0.0903536)
(0.628784,-0.0735742)
(0.476323,-0.0617923)
(0.00671976,0.0663493)
(0.0118782,0.060019)
(-0.00342581,0.0907017)
(0.079304,0.0327586)
(0.034377,-0.0716795)
(-0.0375344,-0.0145307)
(-0.0319351,-0.0144567)
(-0.0481756,0.0374646)
(0.0356713,0.0719928)
(-0.0328754,-0.0390498)
(0.0432693,-0.0553645)
(0.00845614,0.023877)
(0.0118542,3.66026e-05)
(-0.0022356,0.0118676)
(0.00580871,-0.0342762)
(0.056229,0.00653502)
(0.114684,-0.0134525)
(0.0458153,0.0475956)
(-0.0181971,-0.0668245)
(0.0561086,0.0639881)
(0.0162719,0.0163513)
(0.0748485,0.0183022)
(-0.00174706,0.0672915)
(0.0516436,0.0111697)
(-0.0019674,0.0674448)
(-0.0236858,0.0206083)
(0.0108127,0.0653201)
(-0.0243774,0.0166582)
(0.0424194,-0.0141157)
(0.0317674,0.029521)
(0.0464192,0.00420081)
(0.0482918,0.0353872)
(0.0889063,0.0165654)
(0.240878,-0.112975)
(0.0583186,0.00660596)
(0.335018,-0.0967474)
(0.154889,-0.0912988)
(0.0332431,-0.0636266)
(0.0574989,-0.0881104)
(0.028681,-0.0366714)
(-0.00517587,-0.0274676)
(-0.00318735,-0.0080377)
(0.00951561,-0.0223559)
(0.00217629,-0.0150224)
(0.0162718,0.0639941)
(0.00781665,0.0436752)
(-0.0178549,-0.0140403)
(0.06296,-0.0475904)
(-0.0262863,-0.0288976)
(0.0466175,-0.0648025)
(0.0334632,-0.039749)
(0.0473259,-0.0687204)
(0.06971,0.081999)
(0.0907555,0.0349756)
(0.0861087,-0.0543995)
(0.19589,-0.0996604)
(0.0159239,0.0713736)
(0.0751632,-0.0860728)
(0.0138703,0.0810995)
(0.0425218,-0.0847583)
(0.0113931,-0.061441)
(0.0267612,0.0886147)
(0.230714,-0.107244)
(0.166127,-0.0833103)
(-0.0391924,0.0384646)
(0.115901,0.0195544)
(-0.0435726,0.0278666)
(-0.0512662,0.0545059)
(0.061811,-0.0684723)
(0.0775049,-0.0761761)
(0.24261,-0.106397)
(0.0847379,-0.0406146)
(0.059307,-0.0749132)
(0.0913954,-0.0668643)
(0.079427,-0.0685434)
(0.257294,-0.0933904)
(-0.0297121,0.00630206)
(-0.0370059,-0.080227)
(-0.0152386,-0.0541375)
(-0.0312968,-0.0779393)
(-0.0331595,0.0180483)
(-0.0212291,0.0112798)
(-0.0384314,0.0247056)
(-0.0104862,-0.0846991)
(0.024702,-0.0420043)
(0.0379972,-0.019896)
(0.289744,-0.085025)
(0.0247289,0.0135086)
(-0.0121074,-0.0958361)
(0.0211028,-0.00216109)
(0.0183288,-0.0644043)
(0.0650886,-0.0822449)
(0.0330161,-0.00694084)
(0.0111416,-0.00202065)
(0.30347,-0.214691)
(-0.0636757,0.114311)
(0.12032,0.0584202)
(-0.0399042,0.151647)
(0.102009,0.0610671)
(0.0862302,0.0464462)
(-0.00408988,-0.027675)
(0.037798,0.0382448)
(0.0793446,-0.0904517)
(0.356159,-0.161694)
(0.0192088,-0.0519809)
(-0.0100797,-0.0235)
(0.0556337,-0.00903737)
(0.0619288,-0.0821805)
(0.0839897,-0.0571716)
(0.0642876,-0.0479695)
(0.0819007,-0.0690479)
(0.0816489,0.0492151)
(-0.0124714,-0.0194067)
(0.116069,-0.068797)
(0.112882,-0.0814457)
(0.0232198,0.0762366)
(-0.0352956,-0.0473138)
(-0.00687451,-0.0425064)
(-0.0119828,0.0312804)
(0.000263634,0.0139591)
(0.0125481,0.0280625)
(0.0333873,0.0400384)
(0.00341911,-0.0591723)
(0.0619666,0.0295675)
(0.0348879,0.039101)
(-0.0763843,0.0463225)
(-0.0956237,0.0773597)
(-0.091381,0.118445)
(0.0502576,-0.0468798)
(0.054411,-0.0494488)
(0.11546,-0.0701995)
(0.19232,-0.111371)
(-0.0723988,0.0978124)
(-0.00144471,-0.00595739)
(-0.00429861,0.00527156)
(-0.00334749,-0.0257587)
(0.0105111,-0.00834207)
(0.0159978,-0.0293151)
(0.00933122,-0.00470447)
(0.00871912,-0.0138658)
(0.31719,-0.100784)
(0.0573615,0.00372208)
(0.0673214,-0.0952119)
(0.0679688,-0.0844323)
(-0.0132983,0.00785019)
(-0.0209914,0.0395492)
(-0.0544603,0.082534)
(0.0115333,0.0177663)
(0.0497524,0.0796558)
(0.0453414,0.0709208)
(-0.0539141,0.0530425)
(-0.0549189,0.120594)
(0.0227936,-0.0128938)
(0.0248889,-0.0241421)
(0.00854468,0.0668602)
(0.214591,-0.171295)
(0.229912,-0.19285)
(-0.0180509,0.0575317)
(-0.103229,-0.0273229)
(-0.0630388,-0.0348342)
(-0.0222071,0.0618115)
(0.0712662,-0.0663459)
(-0.0157438,-0.0302979)
(-0.000664959,-0.0305822)
(0.105567,-0.0916678)
(0.0235007,0.0146292)
(0.0831376,-0.0486106)
(-0.0164133,0.0475505)
(-0.0203476,0.0261093)
(-0.0783621,0.0547577)
(-0.0171185,-0.0276491)
(0.0140748,-0.0556258)
(-0.0261569,-0.00097344)
(0.0197253,-0.0745757)
(0.000994489,-0.04207)
(-0.00113155,-0.0332056)
(0.00345787,-0.00942007)
(0.0488148,0.0219081)
(0.15649,-0.0996514)
(-0.0293455,-0.0118041)
(-0.0549681,0.0310547)
(0.219449,-0.0831515)
(0.216827,-0.094569)
(0.0386195,-0.049175)
(0.0208683,0.00347091)
(0.0548294,-0.0228567)
(0.0309477,-0.0489027)
(0.0340431,-0.0699308)
(0.0855798,-0.0159667)
(0.0698904,-0.0965647)
(0.00442572,-0.00580588)
(0.0683454,-0.00369332)
(0.114016,-0.00278628)
(0.0330365,-0.0352323)
(0.290966,-0.127289)
(0.0755833,0.0360351)
(0.0167248,-0.0225851)
(0.00707877,-0.038584)
(-0.024303,0.0287529)
(0.0292764,0.0630831)
(-0.110845,0.0298165)
(-0.00408639,0.035826)
(0.0303432,0.0576532)
(0.00645012,-0.0130867)
(-0.0464331,0.142382)
(-0.00910707,0.0894726)
(0.0248314,0.0499907)
(-0.0885523,0.0562059)
(0.0350633,-0.0443936)
(-0.00901274,-0.000764222)
(-0.025423,0.0615769)
(-0.0388196,0.00089817)
(-0.022403,0.0676365)
(-0.00594115,0.00596689)
(-0.035017,0.0545798)
(0.0115688,0.0632444)
(0.0280246,0.10132)
(0.0418199,0.059258)
(-0.0245874,-0.00628039)
(0.302363,-0.174513)
(0.301267,-0.0874426)
(0.136499,-0.0784095)
(0.259021,-0.0803372)
(-0.0158308,0.063556)
(0.232103,-0.124885)
(0.29148,-0.197524)
(-0.00468054,0.0482038)
(0.289209,-0.177034)
(0.411348,-0.121116)
(0.443763,-0.119484)
(0.0476718,-0.0107453)
(-0.0366241,0.0489832)
(-0.0249396,-0.0118876)
(-0.0273388,-0.00505089)
(0.105603,-0.125863)
(-0.0329825,0.0103277)
(-0.0479817,0.0223171)
(-0.0325774,-0.0118023)
(-0.0419386,0.0348737)
(0.0208423,0.0667908)
(-0.0129022,0.0463958)
(0.0271328,0.103573)
(0.101195,-0.0561594)
(0.104639,-0.0868488)
(0.103406,-0.141369)
(0.0142666,0.0634555)
(0.0441725,0.00076239)
(0.104092,-0.0619513)
(0.0257265,-0.0336146)
(0.0232925,0.0514714)
(0.0922265,0.0515944)
(0.00332822,-0.0232237)
(0.0158877,0.0195609)
(0.0273327,0.0283854)
(0.0749413,-0.00759687)
(0.0253385,0.0344562)
(0.215317,-0.171044)
(0.0969963,-0.0431595)
(0.0251199,0.0129802)
(0.0213526,-0.00541629)
(0.0589308,-0.0110609)
(0.0908563,-0.0517424)
(0.0637259,-0.0437978)
(0.073299,-0.0242202)
(0.0759459,-0.0225354)
(0.0486381,-0.0349678)
(0.0296017,0.00843054)
(0.30512,-0.102067)
(0.0263058,-0.0899055)
(0.116396,-0.0659891)
(0.0738619,-0.0396403)
(0.0305653,0.0829297)
(0.108777,-0.0392666)
(0.119226,-0.0757021)
(0.34842,-0.102924)
(0.435065,-0.123543)
(0.309024,-0.121517)
(0.0205556,0.0209316)
(0.284029,-0.099044)
(0.0267357,0.0139188)
(0.0291449,-0.0958419)
(0.0378777,-0.0329146)
(0.018905,-0.0486858)
(0.266655,-0.157008)
(0.00800646,-0.039125)
(-0.0312707,0.00994981)
(-0.0380381,0.00554621)
(0.230282,-0.153172)
(0.0334153,-0.0306397)
(0.0859357,-0.0794631)
(0.117814,-0.118792)
(0.0364774,-0.0207953)
(-0.0551543,0.018096)
(-0.0157398,0.00254781)
(0.0216484,-0.0201624)
(0.01853,-0.0325139)
(0.00572508,-0.0264125)
(0.0504654,-0.0479574)
(-0.0114394,-0.0461769)
(0.177651,-0.13597)
(0.198573,-0.141351)
(-0.0426449,-0.0733813)
(0.0369929,0.0537169)
(-0.00665651,0.0255055)
(0.0152143,0.0474052)
(0.00151153,0.00770165)
(0.0233416,0.0735807)
(0.0244675,0.0100002)
(0.0594651,-0.0752859)
(0.00979558,0.00929753)
(0.0569863,-0.0358365)
(-0.0164074,0.00620344)
(0.0613757,-0.0554042)
(-0.00375761,-0.070803)
(0.0259946,-0.0770138)
(-0.0163848,0.00932433)
(-0.037769,-0.0309345)
(0.0125135,-0.0177782)
(0.0251632,0.11445)
(-0.0300159,-0.0378899)
(0.0151701,-0.035519)
(0.119929,-0.113113)
(0.0930965,-0.0351079)
(0.0290898,0.102422)
(0.00642903,0.102247)
(0.00248834,-0.00197674)
(0.00106717,-0.00822331)
(0.0192495,0.012353)
(-0.0365815,0.0114582)
(-0.0297863,-0.0379595)
(-0.0193848,0.0194668)
(-0.0325144,-0.0159149)
(-0.00862057,-0.00872488)
(-0.039826,0.010334)
(-0.0414375,0.00702762)
(0.0386906,-0.0635344)
(-0.0127733,0.0173363)
(0.00839959,0.00860887)
(-0.040737,0.0521049)
(0.0405573,-0.00704509)
(0.0279307,0.00264314)
(0.125477,-0.0775256)
(-0.0202046,-0.0341958)
(0.0385336,-0.0379008)
(0.0742982,-0.0700553)
(0.0272844,-0.0261968)
(0.095786,-0.112099)
(0.0070715,-0.0519787)
(0.173328,-0.177838)
(0.124418,-0.141198)
(0.0226391,-0.0393713)
(0.0417143,-0.0461847)
(0.0380986,-0.033289)
(0.075078,-0.0861684)
(0.0176513,-0.0246448)
(0.144563,-0.107598)
(0.120687,-0.0108062)
(-0.0305901,-0.0118416)
(-0.0397174,0.032862)
(0.0417167,-0.0480795)
(0.0945155,-0.0633144)
(-0.0065151,-0.0539747)
(0.117635,-0.0854799)
(0.166456,-0.0786462)
(0.0546797,-0.0516233)
(0.438764,-0.0765324)
(0.0751396,-0.0443003)
(0.0223829,-0.0160667)
(0.0715776,-0.0272617)
(-0.0121542,-0.000702108)
(0.0202303,-0.0787387)
(0.0489186,-0.129725)
(-0.0109655,0.0460253)
(-0.0812551,0.00450097)
(0.485806,-0.0896946)
(-0.0112068,0.0222759)
(-0.0683617,-0.0233962)
(-0.0393146,0.0353713)
(0.479655,-0.0853422)
(-0.0349375,0.057898)
(-0.0506618,0.0507569)
(-0.0488072,-0.0329167)
(-0.0202002,-0.0384597)
(-0.0534967,0.0503268)
(-0.0333007,-0.0435495)
(0.0110612,-0.019373)
(0.128657,-0.108142)
(0.112193,-0.0956137)
(-0.0278686,0.0206409)
(0.0300539,-0.0261179)
(0.00789679,-0.0122588)
(0.00314622,-0.0482469)
(0.0186463,-0.0305838)
(0.103062,-0.0847435)
(0.0262593,-0.02603)
(-0.0114807,0.032067)
(-0.0312289,0.0368292)
(-0.025925,0.0277022)
(0.00934583,-0.0173908)
(0.0177479,-0.0118222)
(0.359357,-0.0707981)
(-0.0358078,0.0393276)
(0.361666,-0.0753114)
(-0.0232786,0.00611017)
(-0.028183,-0.0104472)
(0.138608,-0.133595)
(0.0182517,0.0044727)
(0.330655,-0.0852261)
(0.164386,-0.0604265)
(0.246612,-0.0856342)
(0.163624,-0.141233)
(0.0468713,-0.0552408)
(0.0647345,-0.00776778)
(0.1039,-0.0896904)
(0.207717,-0.0948795)
(0.00265466,-0.0162946)
(-0.0102851,0.0666624)
(0.147812,-0.0740638)
(-0.016203,-0.0350976)
(-0.0317184,-0.00653836)
(0.184778,-0.0953241)
(-0.0224515,-0.0298996)
(-0.0166058,0.0620803)
(0.223993,-0.0789744)
(0.0542363,-0.0984221)
(0.0626548,-0.0734586)
(0.115611,-0.0734973)
(0.0470067,-0.0481095)
(0.065745,-0.0782548)
(-0.0236633,0.0508392)
(0.00295313,0.0654085)
(0.0512632,-0.0752749)
(0.060376,-0.10609)
(0.000869946,0.000190398)
(-0.0231853,0.0184356)
(-0.0219293,0.0493178)
(-0.0486158,0.0358845)
(-0.0227595,0.00309853)
(-0.0329027,0.0389049)
(-0.050293,0.0461675)
(0.0787075,0.0541318)
(-0.0129525,0.0666938)
(-0.0562386,0.0856589)
(-0.0216493,0.106802)
(0.00125144,0.0233715)
(-0.0153588,0.0425681)
(0.286053,-0.0586975)
(0.139618,-0.125453)
(0.155907,-0.124353)
(0.093249,-0.0576807)
(0.0153896,-0.00143088)
(0.117372,-0.0602609)
(0.504767,-0.0867357)
(0.0548928,-0.0178337)
(0.481082,-0.0809159)
(-0.0155007,0.0364886)
(0.0499074,-0.0554629)
(0.190225,-0.0849983)
(-0.000403602,0.0233969)
(0.0425954,-0.0568402)
(0.305817,-0.0745365)
(0.0131681,0.0118274)
(-0.0143539,0.055322)
(-0.00464111,-0.00808584)
(0.128427,-0.0965383)
(0.107795,-0.142319)
(0.0272073,0.00649736)
(0.0579112,-0.112265)
(0.168057,-0.12514)
(0.0355215,-0.0733816)
(0.199394,-0.0992008)
(0.00103904,0.0066017)
(0.210288,-0.0996039)
(0.0228181,-0.0437554)
(0.0294065,-0.0115742)
(0.329576,-0.0770309)
(-0.00384273,0.0297682)
(0.00277671,-0.00900561)
(0.0227339,-0.0290424)
(0.21034,-0.109231)
(0.117114,-0.124271)
(0.100569,-0.102224)
(0.192135,-0.169945)
(-0.0201611,-0.0298706)
(-0.025034,-0.0412653)
(0.091781,-0.0950868)
(0.0852966,-0.0557311)
(0.047809,0.091203)
(-0.0109001,0.019177)
(0.0404883,-0.0505089)
(0.0827913,-0.0219494)
(0.0417552,-0.012921)
(0.0184673,-0.0164081)
(0.0267632,-0.0193658)
(0.0101872,-0.0747952)
(-0.0220557,-0.0451706)
(0.0315685,-0.0514362)
(0.0345654,0.0923429)
(-0.0196132,-0.0455321)
(-0.0130305,-0.0664611)
(-0.0116935,-0.0347246)
(0.028707,-0.0523338)
(-0.00567645,-0.0371527)
(-0.00341309,-0.0804606)
(0.0295531,-0.0899895)
(-0.0155161,-0.0363251)
(0.0620269,-0.067525)
(0.0876946,0.0661363)
(0.0291333,0.0154632)
(0.0191141,0.0290297)
(0.0558599,0.0743883)
(0.043002,0.0708347)
(0.277042,-0.0780326)
(-0.00646012,-0.00455801)
(0.0507644,0.0646595)
(-0.00134403,0.0596083)
(0.229928,-0.0786104)
(0.0310504,-0.0253653)
(0.00686433,0.0263343)
(0.0313206,-0.0176453)
(-0.0101205,0.0857057)
(0.0289339,0.0133426)
(0.0478783,0.0113468)
(-0.036396,0.0192543)
(0.284738,-0.0714852)
(0.0294518,0.00201965)
(-0.00578368,-0.0762081)
(0.449841,-0.0869352)
(-0.0361608,0.0372468)
(0.0243755,-0.0459216)
(0.12256,0.0863992)
(0.306139,-0.0871804)
(0.052053,0.0978377)
(0.126498,0.0895374)
(0.0760103,0.126775)
(0.0156955,0.0759318)
(0.113413,-0.146168)
(0.0174532,-0.0686627)
(-0.0581862,-0.012617)
(0.0963317,-0.0465129)
(0.132707,-0.0710939)
(0.126962,-0.0919581)
(-0.0470195,-0.036282)
(0.319577,-0.0739679)
(0.110981,-0.10029)
(-0.00250722,-0.000964942)
(0.0155667,0.00122711)
(-0.0226767,-0.028496)
(-0.00415343,-0.0119046)
(0.150951,-0.131508)
(-0.0517409,-0.00484156)
(-0.0436144,0.0140432)
(0.01296,-0.0309485)
(0.117971,-0.134415)
(0.139861,-0.138401)
(0.285639,-0.0873442)
(0.021258,-0.0299056)
(0.0248984,-0.0441709)
(0.179928,-0.129485)
(0.116346,0.0690331)
(0.105356,-0.092594)
(0.14031,-0.0130664)
(0.221562,-0.0962987)
(0.203784,-0.0805378)
(0.255533,-0.110841)
(0.0812175,-0.0404993)
(0.0862701,-0.0508705)
(0.384128,-0.0972175)
(0.293481,-0.14507)
(0.0698683,-0.0819641)
(0.324855,-0.0678504)
(0.391545,-0.0781636)
(0.0782061,-0.0725026)
(0.135719,-0.122155)
(0.105944,-0.102512)
(0.201801,-0.15664)
(0.211353,-0.139214)
(0.18451,-0.142785)
(0.147398,-0.096891)
(0.149892,-0.0496178)
(0.138788,-0.113089)
(0.00655912,-0.0185296)
(0.065576,-0.0644988)
(0.0309682,-0.04035)
(0.477234,-0.109533)
(0.0374457,-0.0344879)
(-0.00561755,-0.0310448)
(0.0241119,-0.0231144)
(0.418295,-0.105695)
(0.00748067,0.0136278)
(0.0332983,-0.0492913)
(0.452434,-0.123585)
(0.3655,-0.0964044)
(0.0653453,-0.0552569)
(0.145062,-0.0805456)
(0.0397679,-0.065377)
(0.0382606,-0.073183)
(0.121468,-0.087465)
(0.0715098,-0.075491)
(0.280595,-0.0762096)
(0.158585,-0.0811062)
(-0.00629693,-0.0140484)
(0.218393,-0.111765)
(0.0253685,-0.0449168)
(-0.0570073,0.135312)
(0.138386,-0.0759865)
(0.164238,-0.121664)
(0.0475579,-0.0453159)
(0.178852,-0.140782)
(-0.0143805,0.0971297)
(-0.0352883,0.120228)
(-0.0114263,0.112449)
(0.13645,-0.115001)
(-0.039694,0.0373292)
(-0.00459082,0.0816211)
(-0.0323917,0.0440042)
(0.0956439,-0.0914737)
(0.068808,0.020695)
(0.0529782,-0.0652484)
(0.0404687,-0.107053)
(0.0384649,-0.0569873)
(0.0538631,0.014568)
(0.166759,-0.115734)
(0.0634524,-0.00150836)
(0.00957817,-0.0318179)
(-0.0172772,-0.0212608)
(-0.00943476,0.0595604)
(0.0111205,-0.0279212)
(-0.0280194,0.0317385)
(0.0334635,-0.00885357)
(0.0490194,-0.0107194)
(0.186781,-0.151052)
(0.0496804,-0.0633568)
(0.138541,-0.0877714)
(0.0612385,-0.0895484)
(0.0414121,-0.0687617)
(0.0245455,-0.0433674)
(0.100748,-0.0142415)
(-0.00917045,-0.0295605)
(0.0650376,-0.0521234)
(-0.00382366,-0.0270145)
(0.0266439,-0.0163606)
(-0.0281848,-0.0143915)
(0.029385,-0.0527368)
(-0.00415757,-0.0458396)
(0.0173349,-0.0644059)
(0.240093,-0.115673)
(0.221102,-0.11662)
(-0.0050027,-0.0146573)
(0.0577964,-0.0433729)
(0.0862611,-0.0646323)
(0.0991023,-0.0637919)
(0.293278,-0.0600975)
(-0.0445805,-0.0190304)
(0.0597811,0.0670414)
(0.0321937,0.101439)
(0.0469052,0.0869491)
(0.276119,-0.15725)
(-0.0400179,-0.00343961)
(0.028176,-0.00410668)
(0.0177429,0.0311843)
(0.0271263,-0.0106676)
(0.243269,-0.107288)
(-0.0235251,0.034692)
(0.0578416,-0.0559016)
(0.0617309,-0.0567109)
(0.0695177,-0.043285)
(0.0914254,-0.0730994)
(0.285445,-0.124433)
(0.195423,-0.119234)
(0.500088,-0.167735)
(0.0743692,-0.0725007)
(-0.018623,-0.00159511)
(0.179492,-0.105123)
(0.123568,-0.0628734)
(0.197048,-0.0870413)
(0.314503,-0.12224)
(-0.0630269,-0.00103435)
(0.108298,-0.0868395)
(0.0920507,-0.0675765)
(-0.0766957,0.050044)
(0.0805398,-0.0668184)
(0.0921304,-0.064852)
(0.145424,-0.0942678)
(0.119724,-0.0658714)
(0.0769911,-0.0493779)
(0.500734,-0.099598)
(-0.111064,-0.0790325)
(0.0433104,0.0323853)
(-0.104677,-0.0939567)
(0.385941,-0.121232)
(0.259096,-0.10345)
(0.280816,-0.111206)
(0.0555663,-0.0538225)
(0.048473,-0.0291314)
(0.0799968,-0.0712729)
(0.470808,-0.0974579)
(0.125169,-0.0955283)
(0.0242081,-0.0568558)
(0.0456124,-0.0292627)
(0.627717,-0.0642537)
(0.0277976,-0.0489517)
(0.0810676,-0.0694107)
(0.494633,-0.0865623)
(0.404909,-0.058988)
(0.0743633,-0.0120018)
(0.0758718,-0.0700056)
(0.0256493,0.00711256)
(0.0197969,-0.0762702)
(-0.0258882,0.0323433)
(0.00525687,-0.0425121)
(-0.046877,0.0376951)
(0.232443,-0.0957217)
(0.205717,-0.136426)
(0.311881,-0.129389)
(0.25706,-0.13248)
(0.310371,-0.0855396)
(0.0783098,-0.0543909)
(0.100405,-0.0904079)
(0.0708113,-0.0512441)
(0.139116,-0.115058)
(0.000454857,-0.0822185)
(-0.00798803,-0.0859044)
(0.0723215,-0.0501212)
(0.383667,-0.094085)
(0.414412,-0.0985181)
(0.338832,-0.0742096)
(0.387723,-0.075563)
(0.0037963,-0.0655326)
(0.186247,-0.119337)
(0.0374008,-0.0612439)
(0.0162601,-0.0497062)
(-0.0280015,0.00874403)
(0.0406648,-0.0578471)
(0.0786413,-0.0867767)
(-0.010267,-0.0244509)
(0.0242498,-0.0341983)
(-0.00851734,-0.00296574)
(0.151932,-0.132989)
(0.271435,-0.0773754)
(-0.00416494,0.0140752)
(0.265087,-0.101085)
(0.112468,-0.0976596)
(0.24801,-0.108444)
(0.0374576,-0.00717444)
(0.0890573,-0.0731664)
(0.0869948,-0.0301476)
(0.389831,-0.105743)
(0.146196,-0.00276984)
(0.0799838,-0.0414906)
(0.223552,-0.122703)
(0.134015,-0.0860404)
(0.211397,-0.091209)
(0.450813,-0.0782034)
(0.543958,-0.121711)
(0.286468,-0.121382)
(0.0456358,-0.00630914)
(0.0394046,0.00416434)
(0.0275229,0.0673634)
(0.00474497,-0.0755946)
(-0.00778876,-0.034204)
(0.0267416,0.0433629)
(0.0434628,-0.0115658)
(0.241464,-0.131572)
(0.271411,-0.160487)
(0.00457551,-0.0325044)
(0.253572,-0.166071)
(-0.0156403,0.0136771)
(0.276175,-0.119778)
(0.407442,-0.152974)
(0.0211356,0.00783837)
(0.138537,-0.0802175)
(0.134461,-0.083683)
(-0.0967136,0.13146)
(0.423768,-0.101806)
(-0.0758505,0.125386)
(0.303855,-0.0933997)
(-0.0817535,0.0759154)
(0.311285,-0.152384)
(-0.0815697,0.0872899)
(0.334715,-0.144675)
(-0.0633903,0.0648921)
(-0.0200185,-0.036205)
(-0.00967275,-0.0219657)
(0.0213385,0.0637523)
(0.373939,-0.114311)
(0.0300011,0.0302519)
(0.310465,-0.104642)
(0.334439,-0.0851691)
(-0.0442392,-0.04228)
(0.392416,-0.110613)
(0.280403,-0.105483)
(0.312267,-0.102492)
(0.0147857,0.0503376)
(0.214813,-0.103056)
(-0.0355718,0.0189955)
(-0.0575225,0.083864)
(-0.0323864,0.0825633)
(-0.0466604,0.112236)
(0.00787871,-0.0285569)
(-0.0681477,0.0809078)
(0.0256919,-0.00489312)
(0.350343,-0.124634)
(-0.0028521,0.0125466)
(0.308118,-0.096519)
(0.198197,-0.0977999)
(0.204752,-0.115396)
(0.0417042,0.00261995)
(0.0118139,-0.0534754)
(0.0682275,0.0180302)
(0.3555,-0.0646233)
(-0.0361755,0.0285937)
(0.373052,-0.0687831)
(0.104669,-0.0588204)
(-0.0359608,0.0150471)
(-0.00896103,-0.0388182)
(0.241663,-0.0850152)
(-0.0440025,0.00607521)
(0.0892666,0.0581878)
(0.0656948,-0.053885)
(0.230846,-0.096466)
(0.347051,-0.0507155)
(0.24483,-0.15103)
(0.342647,-0.0630562)
(0.441971,-0.0583785)
(-0.0263989,0.037115)
(0.238882,-0.124849)
(0.178346,-0.123973)
(-0.00769046,-0.00689561)
(0.224511,-0.0915691)
(0.167976,-0.115511)
(0.22767,-0.089878)
(0.193969,-0.124697)
(0.0411486,-0.0593387)
(0.0363751,-0.0428841)
(-0.0225239,-0.0329377)
(0.0731777,-0.0761036)
(0.0683788,-0.0752311)
(-0.0169069,0.0295934)
(0.00361077,-0.0347969)
(0.186618,-0.101673)
(-0.0180639,-0.0305734)
(-0.00780277,-0.091966)
(0.0225053,-0.0439286)
(0.0603665,0.0543744)
(0.0466157,0.0398012)
(0.0591704,0.0822767)
(0.0165126,-0.0313424)
(0.300813,-0.125399)
(0.0400266,-0.068103)
(0.0408971,-0.0614482)
(0.577734,-0.101117)
(0.496743,-0.0986174)
(-0.00315165,-0.0359018)
(0.0326027,-0.0580359)
(0.0237581,-0.0379983)
(0.030116,-0.0509201)
(0.00936456,0.000323639)
(0.237304,-0.108666)
(0.318038,-0.11101)
(0.25268,-0.136079)
(0.423044,-0.0695058)
(-0.0191563,0.0687405)
(0.210135,-0.0976925)
(0.392249,-0.0726095)
(0.020521,-0.0443809)
(-0.0024513,-0.0162793)
(-0.0437354,0.00602975)
(0.49748,-0.110212)
(0.175312,-0.0754822)
(0.17307,-0.0775852)
(0.152794,-0.0733941)
(0.198013,-0.0791658)
(0.271699,-0.109751)
(0.312561,-0.0803813)
(0.374112,-0.088303)
(0.253906,-0.11217)
(0.194183,-0.101435)
(0.418346,-0.11676)
(0.218321,-0.11333)
(0.0620983,-0.0648686)
(0.0312101,-0.0631013)
(0.349155,-0.111719)
(0.0724646,-0.0787749)
(0.335138,-0.12344)
(0.0494859,0.0713413)
(-0.029169,-0.00478185)
(0.0705921,-0.0593316)
(0.0990645,-0.0681307)
(0.112495,-0.0939544)
(0.0332235,-0.1047)
(-0.00518879,-0.0669748)
(0.0461671,-0.0869061)
(0.0153365,-0.110277)
(0.417673,-0.0767939)
(0.0430024,-0.0309077)
(-0.0075007,-0.0686262)
(0.391686,-0.0830594)
(-0.00412425,-0.0655519)
(0.124598,-0.0652021)
(0.107939,-0.0627673)
(0.122256,-0.0670666)
(-0.00337187,-0.0856925)
(0.137421,-0.071264)
(0.0700724,-0.0695468)
(0.0181283,-0.00179092)
(-0.0052667,-0.0286074)
(-0.0226276,0.0237038)
(0.0161085,-0.0199451)
(0.352832,-0.0853268)
(0.185864,-0.0779027)
(0.458485,-0.0968461)
(0.481682,-0.0907468)
(0.389528,-0.0930617)
(0.158234,-0.116278)
(0.241369,-0.0897189)
(0.378733,-0.103976)
(0.330851,-0.106884)
(0.198319,-0.106504)
(0.0529688,0.0955887)
(0.214002,-0.129538)
(0.0554161,0.152498)
(0.404351,-0.0991927)
(0.423178,-0.104676)
(-0.0359279,-0.0569665)
(-0.0103835,-0.0141408)
(0.0202172,0.0798233)
(0.166763,-0.0796257)
(0.11714,-0.111148)
(0.152439,-0.0725768)
(0.117106,-0.0699896)
(0.140904,-0.0771959)
(0.130806,-0.0650329)
(0.0889904,-0.074142)
(0.0807589,-0.0467692)
(0.111758,-0.0961661)
(-0.0156558,0.0326472)
(0.0027155,0.134951)
(0.0113173,0.145055)
(0.350086,-0.0931131)
(-0.0168801,0.0369208)
(0.30782,-0.103617)
(0.337554,-0.0850965)
(-0.114123,-0.00743027)
(0.0345405,0.104037)
(-0.025243,-0.0716323)
(0.122297,-0.0848361)
(0.00236426,0.0725273)
(-0.026687,-0.0582904)
(0.219048,-0.0828808)
(0.201039,-0.0808766)
(0.135716,-0.0721365)
(0.0575794,-0.031672)
(-0.0127327,-0.0189987)
(0.0599703,-0.0580137)
(0.0645321,-0.0479684)
(0.0729222,-0.0315345)
(0.241397,-0.0797953)
(0.414893,-0.108015)
(0.387021,-0.100914)
(-0.054567,0.138985)
(0.328002,-0.0479576)
(-0.123518,-0.0121725)
(-0.0508131,0.0565422)
(-0.0400689,0.0319328)
(0.00615287,-0.0673766)
(-0.0906319,0.0303802)
(0.127099,-0.0986635)
(0.151948,-0.098213)
(0.240688,-0.13407)
(0.383862,-0.0860304)
(-0.0355731,-0.046124)
(0.391034,-0.0771831)
(-0.0686707,-0.0439856)
(0.213692,-0.0804487)
(0.267997,-0.0846129)
(0.00333614,-0.0551567)
(0.403867,-0.0463037)
(0.255712,-0.0763314)
(0.405328,-0.0511759)
(0.302064,-0.0482206)
(0.322862,-0.0657876)
(0.201087,-0.101952)
(0.261976,-0.12039)
(0.185762,-0.100373)
(0.26909,-0.0562176)
(0.023349,-0.113472)
(0.339567,-0.070157)
(0.341431,-0.105238)
(0.0535733,-0.106013)
(0.0538599,-0.0457614)
(0.0381795,-0.0585002)
(-0.0609992,-0.0283161)
(0.242802,-0.0750061)
(0.164018,-0.094037)
(0.315989,-0.0760939)
(0.104281,-0.0775479)
(0.157718,-0.0836043)
(-0.00189829,-0.00859045)
(0.0081929,-0.000318893)
(0.248352,-0.114484)
(0.0773494,-0.0778438)
(0.166995,-0.0885544)
(0.398312,-0.058386)
(0.00592431,-0.00975618)
(-0.0237243,-0.0117523)
(0.0774609,-0.0659631)
(0.0392617,-0.0484028)
(0.0714823,-0.0623277)
(0.0821444,-0.0403931)
(0.438497,-0.0581278)
(0.481818,-0.0755143)
(0.407799,-0.0560007)
(0.0135768,0.0192785)
(0.20229,-0.108572)
(0.329948,-0.110853)
(0.201432,-0.100801)
(-0.0473258,-0.0308813)
(-0.0432521,0.0306323)
(-0.0346706,0.00522817)
(0.519161,-0.0815096)
(0.335593,-0.112286)
(0.334736,-0.0836085)
(0.297658,-0.087894)
(0.510007,-0.0784617)
(-0.0625116,-0.0424723)
(0.326525,-0.0881888)
(0.247586,-0.0780537)
(-0.0417589,-0.0524335)
(0.369634,-0.0612541)
(0.496334,-0.0819897)
(0.0209484,0.00226189)
(0.0604105,-0.0622979)
(0.347514,-0.0618151)
(0.00894921,-0.0670701)
(0.0496159,-0.0525047)
(0.298123,-0.0462295)
(-0.00910577,0.00532441)
(-0.042664,-0.00262524)
(-0.00275799,0.021237)
(0.0111411,-0.0844118)
(0.431989,-0.0982264)
(0.105906,-0.0666436)
(0.0716382,-0.0537637)
(0.0949104,-0.0551738)
(0.197688,-0.0618522)
(-0.0107268,-0.0217441)
(0.0187635,-0.0549192)
(0.0232612,-0.0460452)
(0.0925727,-0.0555736)
(0.0451616,-0.0539093)
(0.068533,-0.0535938)
(0.0627305,-0.059695)
(0.0843953,-0.0949298)
(0.0385113,-0.0947646)
(0.0285822,-0.0671212)
(0.0679259,-0.0746587)
(0.227504,-0.0977847)
(-0.061918,0.0365629)
(0.253272,-0.102259)
(0.00652354,-0.0145909)
(0.0360696,-0.0878702)
(0.131372,-0.0993347)
(0.33433,-0.0640788)
(0.157949,-0.105668)
(0.0461723,-0.119928)
(-0.0595677,0.0807334)
(-0.0367592,0.0394165)
(-0.0601517,0.0631875)
(0.0408401,-0.0236497)
(-0.00946524,-0.0133853)
(0.19731,-0.0910548)
(0.027204,-0.040183)
(0.228015,-0.091504)
(0.00790624,0.0695565)
(0.00573988,-0.0137346)
(0.450127,-0.109251)
(0.0785305,-0.0765872)
(0.0768393,-0.0770751)
(0.117787,-0.051627)
(0.0283787,-0.0343064)
(0.148214,-0.0864226)
(0.122439,-0.0779047)
(0.056098,-0.0718869)
(0.106899,-0.0994583)
(0.38116,-0.131197)
(0.0843517,-0.120536)
(0.290867,-0.110774)
(0.0691499,-0.129441)
(0.0463978,-0.0151233)
(-0.00476377,-0.014851)
(-0.0357828,-0.0063285)
(0.0029682,-0.0229719)
(-0.113812,0.0183976)
(0.0638499,-0.0371003)
(-0.122366,-0.0258603)
(-0.117264,0.0659841)
(0.0618562,-0.0623512)
(0.286598,-0.125659)
(0.326605,-0.147504)
(0.0413328,-0.0484603)
(0.297611,-0.202658)
(0.221929,-0.147673)
(0.232475,-0.0961787)
(-0.0035649,-0.0363501)
(0.0802758,-0.0782767)
(0.222761,-0.0860203)
(0.0571872,-0.0681705)
(0.0780653,-0.0741083)
(-0.00990625,-0.012053)
(-0.0306549,0.0179554)
(0.0646475,-0.0678955)
(0.0692672,-0.0581493)
(0.148521,-0.0896084)
(0.172951,-0.102773)
(0.0766232,-0.0601029)
(0.132896,-0.112898)
(0.0883246,-0.0892401)
(0.0506724,-0.0489033)
(0.137791,-0.111544)
(0.0835829,-0.0519337)
