1620
(-0.0188818,-0.0971086)
(-0.00896895,0.0153798)
(0.0608987,0.0557765)
(0.0174244,-0.12456)
(-0.0417053,-0.0310032)
(-0.0267479,0.037381)
(0.0614467,0.0152642)
(-0.0155458,-0.0222155)
(0.0122081,0.00614597)
(-0.00613008,0.025025)
(-0.0622236,0.0574676)
(-0.022231,0.033051)
(-0.0140407,-0.0416546)
(-0.0180323,-0.00455504)
(0.0173291,0.0434854)
(-0.0373179,0.0124044)
(-0.0454868,-0.0729592)
(0.0126604,0.0204034)
(0.030274,-0.000474807)
(0.00600558,0.0186007)
(-0.0229678,-0.0136018)
(0.00264048,0.0259658)
(-0.0595256,0.0147221)
(-0.0362572,-0.0288304)
(9.68003e-05,0.0331229)
(0.0366718,0.014601)
(-0.012384,0.015743)
(0.0569008,-0.0976592)
(-0.0364394,0.00314863)
(0.0604504,-0.0429439)
(0.0382832,0.0446672)
(0.0482138,-0.0184138)
(-0.0121451,0.0675752)
(-0.0734303,0.0274674)
(0.0461197,0.0376157)
(0.00798678,0.0625413)
(0.0560993,0.000931437)
(-0.0261777,0.0214773)
(-0.0639469,-0.00155335)
(0.0452632,0.0103767)
(0.0142001,-0.0740653)
(0.0762373,-0.00113991)
(0.0388355,0.0373329)
(0.117038,0.00229427)
(-0.0488849,0.0697274)
(0.133149,-0.0216113)
(0.104651,-0.0402532)
(-0.0213898,0.00899938)
(0.0480696,-0.0613521)
(-0.0156107,-0.0134084)
(0.0425129,0.00215904)
(0.0704233,-0.0350478)
(0.0108064,-0.00103711)
(0.0205302,-0.0140998)
(-0.0269438,0.0137589)
(-0.038538,0.0190971)
(0.0442537,0.0198109)
(0.0366059,0.0410247)
(-0.020596,-0.030848)
(0.0457666,-0.0228642)
(-0.0351478,-0.00596793)
(0.173991,-0.0743775)
(-0.00488647,-0.000196062)
(0.396594,-0.0920272)
(-0.0194626,-0.00221918)
(0.00571364,0.0469237)
(0.00437565,-0.0187454)
(0.0177078,0.0021359)
(0.033861,0.106432)
(-0.0349064,-0.0619175)
(0.00838068,0.0689345)
(0.0126893,0.0518879)
(-0.0131046,0.0463899)
(-0.0365371,0.0366708)
(-0.00781801,0.0293332)
(-0.0882782,0.0547873)
(-0.00108413,-0.0384371)
(0.00875957,-0.0478613)
(-0.0219288,0.0131041)
(0.0672522,-0.0458855)
(0.00694091,-0.0559661)
(-0.011513,0.00505699)
(0.021345,-0.07518)
(0.0350108,-0.0374008)
(0.0364205,0.0163073)
(0.00901891,0.00947166)
(-0.018978,-0.0112969)
(-0.0569036,0.00133683)
(0.0738908,0.0227625)
(0.0177948,-0.00928102)
(-0.104686,-0.0151334)
(-0.0447957,0.01635)
(0.449591,-0.0663961)
(0.014173,0.0933524)
(-0.0105845,0.0702006)
(0.570098,-0.0118939)
(-0.047236,0.0640868)
(0.441912,-0.131318)
(-0.0167081,-0.0885722)
(-0.0503449,-0.0732266)
(0.0736019,-0.00517097)
(-0.0642337,0.000708891)
(0.0398385,-0.0786733)
(-0.0130192,-0.0563692)
(-0.0209593,-0.0961883)
(0.445863,-0.0937358)
(0.00564831,0.0642317)
(-0.0800786,0.00776094)
(0.0170839,0.0312795)
(0.0335242,0.0389967)
(-0.000385807,0.0410946)
(0.668928,-0.156207)
(0.366003,-0.0417111)
(-0.0183274,-0.00765056)
(0.468923,-0.049216)
(0.0220431,0.0930284)
(0.0116264,0.0747387)
(0.591927,-0.101076)
(0.00160811,-0.0183557)
(0.473896,-0.0356036)
(0.422199,-0.0694427)
(0.0240441,0.0526776)
(0.386712,-0.0858372)
(0.290972,-0.120185)
(0.275144,-0.100557)
(0.0246426,-0.0296989)
(0.0663393,-0.00438967)
(0.0161411,0.0680809)
(0.351874,-0.134394)
(0.0570491,0.0312211)
(0.0973292,0.0465153)
(0.0241086,-0.0145926)
(-0.0188185,-0.0414443)
(-0.0119058,0.017492)
(-0.0157727,0.0113664)
(0.0204003,0.00843224)
(-0.0480435,0.0173877)
(0.0102097,0.0470761)
(0.392706,-0.0974027)
(0.00731778,0.0017583)
(0.00485252,0.0578985)
(0.0106504,0.0525264)
(0.00576942,0.00753897)
(0.0335227,-0.0592439)
(0.0739101,-0.0721042)
(0.0174706,-0.0683208)
(0.0174801,-0.00471128)
(0.437814,-0.102252)
(0.463619,-0.119928)
(-0.0616648,0.00603375)
(0.494446,-0.117341)
(0.195964,-0.0765207)
(0.547271,-0.00798215)
(0.484357,-0.0684225)
(0.47576,-0.0817041)
(-0.0321376,0.00867249)
(0.0930255,0.0380528)
(0.410386,-0.109111)
(0.404118,7.67982e-05)
(-0.0116987,-0.00115725)
(-0.0272561,0.0210052)
(0.0111465,0.0379547)
(0.0198368,0.0485666)
(-0.0395565,-0.0218193)
(-0.00902623,0.0299866)
(-0.0490737,-0.0151086)
(0.0187867,-0.0373009)
(-0.00632352,-0.0476803)
(0.0394379,0.0205759)
(-0.0109953,0.0667737)
(0.0451712,-0.0138955)
(0.0645048,0.0062917)
(0.423097,-0.15238)
(0.41518,-0.119783)
(0.536569,-0.123579)
(0.48134,-0.081733)
(0.0547331,-0.090261)
(0.12885,-0.0368015)
(-0.0714527,-0.0641928)
(-0.101986,0.0352233)
(-0.0552609,-0.0275978)
(0.0360674,0.0328423)
(0.0126837,0.00164273)
(0.0170346,0.0405823)
(0.0149317,0.0343621)
(0.00948935,0.00987978)
(0.0261171,-0.000173775)
(0.0462607,-0.0780863)
(-0.0127474,-0.0154022)
(0.406642,-0.166504)
(0.477214,-0.107162)
(0.386321,-0.0639322)
(0.595332,-0.0764798)
(-0.0335977,-0.0365757)
(-0.0256926,-0.0262504)
(0.030401,0.0469999)
(0.0154087,0.0317354)
(-0.0477631,0.0638657)
(-0.0394826,-0.0595837)
(-0.00363762,0.00984451)
(0.000546434,-0.111347)
(0.0474607,-0.103401)
(-0.0458885,-0.0442039)
(-0.0461522,-0.007365)
(-0.00818621,0.00273027)
(-0.0194408,0.0306894)
(0.470183,-0.115783)
(0.51292,-0.0698275)
(-0.075243,0.0233851)
(0.374072,-0.109108)
(-0.0330624,-0.00491998)
(0.414755,-0.0948217)
(0.397527,-0.0948918)
(-0.0667465,-0.005318)
(-0.0278408,0.0179885)
(0.0784925,0.0335557)
(0.0391304,-0.00164408)
(0.462687,-0.102231)
(0.575422,-0.110731)
(-0.00277631,-0.0449691)
(0.00178403,-0.0237202)
(-0.0214804,0.00916481)
(0.0182818,0.0660758)
(0.735373,-0.184882)
(-0.0459253,-0.0431239)
(-0.0711705,-0.0623904)
(0.427017,-0.179086)
(-0.061551,0.0570413)
(-0.0328938,0.0353374)
(-0.0683591,-0.0530894)
(-0.0491382,0.00165683)
(0.463066,-0.137848)
(0.444787,-0.17705)
(0.570292,-0.074304)
(0.534952,-0.0803434)
(-0.0384826,0.0292395)
(-0.0488878,-0.0388428)
(-0.0260839,-0.0313643)
(0.165371,-0.0716945)
(0.00749599,0.0203078)
(0.051144,-0.0274624)
(-0.00592187,-0.066783)
(-0.00880664,0.0719077)
(-0.017521,0.0757464)
(0.0132312,-0.0659173)
(-0.0284677,0.0387879)
(0.0717128,-0.0068825)
(0.0158504,-0.0332567)
(0.0225541,0.00655167)
(-0.0182068,0.0181903)
(-0.0355395,-0.0104065)
(-0.0328072,0.0345512)
(-0.0453114,-0.00551711)
(-0.0482895,-0.0298683)
(-0.0446512,0.0176769)
(0.0272743,-0.0548053)
(0.0506965,-0.0215948)
(0.00578082,0.00564686)
(0.0444096,-0.00882283)
(0.000494969,-0.0743982)
(0.057653,-0.0994594)
(-0.0105943,0.0212088)
(0.003264,0.0164503)
(-0.0616268,-0.0134411)
(0.473311,-0.094667)
(-0.0603778,-0.0290279)
(-0.0782017,-0.102471)
(-0.0274714,-0.0198259)
(0.0322587,-0.000759561)
(0.070442,0.0264314)
(-0.0096259,0.012717)
(0.03318,-0.00170627)
(-0.0620698,-0.00905926)
(-0.0317647,0.0424933)
(0.0163619,-0.0113459)
(0.531725,-0.00226015)
(0.00448459,0.0363159)
(-0.0352164,-0.00482105)
(0.0496812,0.0326865)
(-4.71949e-05,0.0172109)
(0.00632295,0.0317382)
(0.0189061,0.0439643)
(0.00892254,-0.0402927)
(-0.0127459,-0.0600341)
(0.0940024,0.0520635)
(0.0348999,0.0419226)
(0.0325409,0.0234139)
(-0.0676583,0.0212033)
(0.0645932,0.0206186)
(0.0857251,0.0208527)
(0.00826505,0.0617696)
(0.015098,-0.0226942)
(-0.0674785,0.0165639)
(-0.0588624,0.0205515)
(-0.0366608,0.00664419)
(-0.0445009,0.0314341)
(0.0441961,-0.0409088)
(0.011604,0.0341004)
(-0.0590436,-0.0241593)
(-0.0445866,0.0128623)
(0.0104767,0.0326054)
(-0.0952115,0.0155146)
(-0.0398536,-0.0215943)
(-0.0260133,-0.00698575)
(-0.0282834,0.00743908)
(0.000396549,-0.034897)
(0.0604042,0.0409451)
(0.366333,-0.109691)
(0.00144199,0.0260933)
(-0.00846252,0.0349303)
(-0.0240444,0.0149281)
(-0.0657527,-0.0826784)
(-0.108503,-0.0684235)
(-0.0479058,-0.0258209)
(-0.0115443,-0.017531)
(-0.0311996,-0.0240662)
(0.0155936,-0.0816487)
(-0.0680887,-0.0736766)
(-0.0396581,-0.0615223)
(0.410988,-0.189901)
(-0.0124123,-0.0310989)
(-0.0426821,0.00316502)
(-0.0245554,-0.00723267)
(0.0176985,-0.0251761)
(-0.00282484,-0.0182475)
(-0.00176567,-0.00103908)
(0.0790042,-0.0666139)
(0.00630693,-0.00108109)
(0.0283324,0.0534778)
(-0.0211586,-0.0347066)
(0.0209372,0.00111814)
(-0.0457569,-0.0283289)
(-0.0571525,0.00463441)
(0.0395931,-0.0328046)
(-0.0360351,-0.0463882)
(0.450651,0.00957927)
(0.0375569,-0.0399483)
(0.0679501,0.0478261)
(-0.0864081,-0.03238)
(0.0616914,-0.0332376)
(0.0451476,-0.0648244)
(-0.051856,-0.0735091)
(0.0712639,0.0354619)
(-0.0225908,0.00399751)
(-0.0245891,-0.0105225)
(0.0496227,0.0494472)
(0.0338309,0.0464233)
(0.0121067,0.0836026)
(-0.0424353,0.0104143)
(0.147839,-0.0514065)
(0.399726,-0.111512)
(0.457747,-0.109803)
(0.094681,-0.0510822)
(0.0113737,0.0179107)
(0.41007,-0.143777)
(-0.0638697,0.0842002)
(0.0528602,-0.0444857)
(-0.040582,0.013816)
(-0.0323291,-0.0113946)
(0.00257207,-0.0153455)
(0.256283,-0.122928)
(0.0943279,-0.0477857)
(0.0445623,0.0573343)
(-0.0318987,0.0154537)
(-0.0187271,0.00888831)
(0.0312715,0.00547262)
(0.457876,-0.167244)
(-0.0440035,-0.00967934)
(-0.0254215,-0.0160079)
(-0.00825553,0.00156978)
(0.0124987,0.0676739)
(-0.010403,-0.0520904)
(-0.022308,-0.0337976)
(0.0275266,0.0863057)
(0.463737,-0.0958338)
(0.411885,-0.0586816)
(0.0294501,-0.0182189)
(0.0173122,-0.0604657)
(0.0190287,0.0122796)
(0.0673653,0.040531)
(-0.0191216,0.0380303)
(0.149068,-0.039878)
(0.355887,-0.138231)
(-0.0224101,-0.0416446)
(0.024473,-0.0643915)
(-0.0162859,0.0459247)
(0.0737657,0.0023344)
(0.0311414,0.0815832)
(0.014917,0.0244646)
(0.0294836,-0.0355525)
(-0.00239313,-0.0614387)
(0.0332974,0.0168865)
(-0.00276275,-0.0239949)
(-0.0410408,-0.0576585)
(0.0372047,0.0826782)
(0.0647262,0.0575012)
(-0.0624871,-0.0205478)
(-0.021479,-0.0882458)
(0.0212034,0.0381238)
(0.0374266,0.0210317)
(0.0497661,0.0200046)
(-0.0571962,0.0332211)
(-0.0106093,0.0346641)
(0.567693,-0.107566)
(-0.0372838,0.0172439)
(0.00328254,0.0145522)
(-0.0917397,-0.0775797)
(-0.103289,-0.0629097)
(0.0101189,0.0151882)
(0.0284201,-0.0118988)
(-0.0582367,-0.041294)
(0.0657925,-0.0208596)
(0.0075819,0.0850762)
(0.0239132,-0.0245592)
(0.432759,-0.106439)
(0.0118093,0.0956119)
(0.0179421,0.0336999)
(-0.0194164,0.0129784)
(0.0405113,-0.0151543)
(0.0412281,0.009173)
(-0.0315924,-0.0595723)
(0.0285427,-0.0307147)
(0.0419308,-0.0452554)
(-0.0332641,-0.0950294)
(0.00118717,0.0232492)
(-0.0374359,0.0271989)
(0.419177,-0.098487)
(-0.0781164,-0.0158046)
(0.0184588,0.0421207)
(0.0552066,0.0477438)
(-0.0692321,-0.0363308)
(-0.0458707,-0.0229799)
(-0.000841156,0.00894559)
(0.0673679,0.0267318)
(0.0692965,0.031223)
(0.0513383,0.0292765)
(-0.0233591,-0.0526945)
(0.0440873,0.0100123)
(-0.0862365,-0.0359298)
(-0.0476536,-0.0582116)
(-0.00564502,0.00392936)
(-0.0115608,-0.0112028)
(0.0668643,-0.0117934)
(0.0118242,-0.00228188)
(-0.040344,-0.0304858)
(-0.0302641,-0.0720834)
(-0.028014,-0.0413548)
(0.09422,-0.0393426)
(0.00687288,-0.0235231)
(0.210774,-0.140701)
(0.0476231,-0.00666169)
(0.00226885,0.0563713)
(-0.000268072,0.0349987)
(0.0378607,0.00998807)
(-0.0776593,0.0823571)
(0.00470389,-0.012147)
(0.00755869,0.0421713)
(-0.0385905,-0.00561245)
(0.0480254,0.0359313)
(0.0199261,-0.0218947)
(0.0185017,0.0258193)
(-0.0647928,-0.00343656)
(0.0234184,0.0146668)
(0.0325305,0.0395885)
(-0.0425792,0.0480321)
(-0.0537692,-0.0261831)
(-0.07656,-0.0449298)
(0.0289556,-0.0129777)
(0.418713,-0.118306)
(-0.103018,-9.86347e-05)
(0.539922,-0.109008)
(0.0262978,0.0767672)
(-0.0297339,0.082338)
(-0.00255946,0.0737529)
(-0.00826942,0.000340634)
(0.0548735,0.0440291)
(0.0184905,-0.0518035)
(0.00834157,-0.00805331)
(-0.00551854,-0.00904987)
(-0.0290865,0.066179)
(-0.0173876,-0.0228765)
(0.437219,-0.126191)
(-0.0141028,-0.0291893)
(0.02273,-0.0141706)
(0.0692562,0.0230711)
(0.0545941,-0.0304184)
(-0.0122989,0.0103747)
(0.432786,-0.0594494)
(0.0456037,-0.011409)
(0.0264063,-0.0418636)
(0.685633,-0.0882008)
(0.0614267,-0.0277993)
(-0.0514716,0.0196326)
(-0.014604,0.028884)
(0.0414299,-0.0210588)
(0.3838,-0.0761755)
(0.501205,-0.158369)
(0.561546,-0.0832391)
(0.47702,-0.0777829)
(-0.0395156,0.00536824)
(-0.0550972,0.0168582)
(0.0021778,-0.0134954)
(-0.00704504,-0.062551)
(-0.0126161,0.0221032)
(-0.0548552,0.00766044)
(-0.066637,-0.012928)
(0.0654989,0.0343251)
(-0.0386349,0.0106528)
(-0.0315273,0.0862366)
(0.0104934,-0.00746456)
(0.0502137,0.00877825)
(0.0752772,0.0226933)
(0.0605483,0.0228073)
(0.0724091,0.0440334)
(0.037934,0.00866722)
(0.0703736,-0.0378844)
(-0.0173829,0.00937609)
(-0.0406574,0.0970186)
(-0.00572051,0.0756792)
(-0.00454894,0.0113046)
(-0.0329767,0.085811)
(-0.0287556,0.0099162)
(-0.00146695,0.024112)
(0.0306621,0.0742205)
(0.0141805,-0.0104948)
(0.0457151,0.0211408)
(-0.00995875,-0.0217217)
(-0.0665319,-0.0397763)
(0.0678388,0.0408245)
(0.0456517,0.0146863)
(0.0278635,0.0517926)
(0.0440013,-0.0220606)
(0.434231,0.00474407)
(0.0371868,-0.00337919)
(0.520416,-0.122207)
(-0.0230301,0.0948907)
(0.0294598,-1.91284e-05)
(-0.0452474,0.0107569)
(-0.0790149,0.0872045)
(0.00706378,0.0520593)
(-0.0503925,0.0192738)
(0.0122107,0.0380352)
(0.00903765,-0.00735257)
(0.0219692,-0.0059965)
(0.00981875,-0.000588707)
(-0.00302826,-0.0360499)
(-0.0229571,0.0880712)
(0.0130956,-0.0382041)
(-0.0114331,0.0369876)
(-0.0572002,-0.0120776)
(-0.07115,-0.0171735)
(0.0658866,-0.0577483)
(0.00607796,-0.098844)
(-0.00974832,0.0687458)
(0.0223894,0.0554725)
(0.0418887,-0.0131076)
(0.183908,-0.0788164)
(0.0681719,0.00702393)
(-0.0293032,-0.0395117)
(0.00320482,-0.0338852)
(0.0490083,-0.0401171)
(0.403646,-0.0888931)
(0.0140425,0.0883578)
(-0.0198822,0.0643621)
(0.00987598,-0.0492019)
(-0.0522136,0.0591321)
(0.0503166,0.0141168)
(0.114861,-0.0255644)
(0.256959,-0.106475)
(0.348321,-0.18643)
(-0.0185804,0.0507462)
(-0.0097847,0.0366815)
(-0.069753,0.0189443)
(0.198176,-0.113249)
(0.515352,-0.08866)
(0.0482692,-0.0281056)
(-0.0402782,-0.0197949)
(0.00794029,0.0117099)
(-0.0306259,-0.0263469)
(-0.0356236,0.0375798)
(-0.0421603,0.0190918)
(-0.0129446,0.0215087)
(-0.00960951,-0.0191442)
(0.0357507,-0.0156166)
(0.0685931,0.0286532)
(0.486447,-0.112944)
(0.0451319,0.0153968)
(-0.0101462,-0.0402929)
(0.0536658,0.0389758)
(-0.0104878,-0.0236407)
(-0.0224063,-0.0236507)
(0.030627,0.00503375)
(0.0037634,-0.0119429)
(0.246656,-0.162493)
(0.0547523,0.074265)
(-0.0191458,0.00568086)
(0.0700793,0.0784929)
(0.0193625,-0.0264498)
(-0.0296809,0.0296359)
(-0.0692849,0.00520941)
(-0.000556117,0.0478591)
(0.271763,-0.0918558)
(0.654328,-0.033752)
(-0.0444001,0.0572305)
(-0.0635445,0.00999651)
(0.0158162,0.00632724)
(-0.0702135,0.0628704)
(-0.118779,-0.00812305)
(-0.125803,-0.0121352)
(0.0418929,0.0447256)
(-0.0345758,-0.0237805)
(0.0285621,0.0204368)
(0.0838784,-0.0328767)
(0.0308806,-0.0272575)
(0.0516005,-0.0160325)
(-0.079114,0.00482709)
(-0.026073,0.0341527)
(-0.0106647,0.0524925)
(-0.0422865,0.0297392)
(-0.02816,0.046527)
(0.0416829,-0.0158946)
(0.0766223,-0.0607014)
(0.0614013,0.0577822)
(0.0864503,0.0324632)
(-0.0510714,-0.0500916)
(-0.0498967,-0.0246432)
(-0.0345793,0.00394413)
(-0.0121301,0.0355037)
(0.00784106,0.00845282)
(0.0311407,0.00197565)
(0.00877194,0.0145632)
(0.07467,-0.00842339)
(-0.0189798,-0.0375766)
(0.019085,-0.0196821)
(0.0282485,0.0473669)
(-0.0201689,0.0521304)
(0.000393901,0.0928442)
(-0.0117767,0.0285594)
(0.0630257,0.01535)
(0.5933,-0.11782)
(0.036568,0.0318705)
(-0.0390298,-0.0226765)
(-0.00574244,-0.0253272)
(0.067126,0.0671573)
(0.00986815,-0.0265692)
(0.0423959,-0.022647)
(0.0453908,0.00580725)
(0.0380955,-0.0421833)
(-0.00829457,-0.0363035)
(0.0437969,-0.00957075)
(0.00309299,-0.0411557)
(0.0805816,0.02001)
(0.0511888,0.0448545)
(-0.00276956,0.00629534)
(0.0361344,-0.016175)
(0.0268085,-0.0243966)
(-0.0019578,-0.0207793)
(-0.0156666,-0.0679598)
(-0.0199793,-0.0475931)
(-0.0223893,0.0448207)
(0.00882959,0.00544154)
(-0.0134472,0.0287018)
(-0.0631171,0.00710182)
(-0.0237211,-0.00900228)
(-0.00300553,0.0263765)
(-0.0247967,-0.0733232)
(0.0250091,-0.0761253)
(0.000173734,-0.0484013)
(0.0293373,-0.0368871)
(-0.0121681,-0.00296163)
(0.0622169,-0.0426694)
(-0.0403036,0.0339729)
(0.02204,-0.0686201)
(0.0740224,-0.0303796)
(0.0732774,-0.0741053)
(0.00641006,-0.0650142)
(-0.0329142,-0.0959204)
(-0.0483711,-0.0157963)
(0.0397316,-0.039439)
(0.0622122,-0.0301636)
(-0.0444116,0.0487446)
(-0.0824337,0.0320222)
(-0.0132831,0.051998)
(-0.0227613,-0.00532304)
(0.00356705,-0.00130324)
(-0.016275,0.0720476)
(-0.0282146,0.0815296)
(0.0170967,0.0384593)
(-0.0828264,-0.0269536)
(0.0125661,-0.0189877)
(0.0538729,0.0106639)
(-0.0440207,-0.0717937)
(0.017189,-0.0316077)
(0.463711,-0.0676053)
(0.0165648,-0.0706055)
(0.0283415,0.00787919)
(-0.0105521,0.0367874)
(-0.0305056,-0.00460266)
(0.0183425,0.0256655)
(0.0225416,0.030263)
(0.0385317,0.0412698)
(0.0334697,0.00716242)
(0.0477856,-0.00579719)
(0.0113942,0.0200151)
(0.0290045,0.0160335)
(0.0412252,-0.00505214)
(0.0376785,0.0172801)
(-0.0569606,0.0491941)
(-0.00772369,0.0245224)
(0.0497837,0.0439908)
(0.0814412,0.0112392)
(-0.0331889,0.0578171)
(0.0365269,0.0296494)
(-0.0300881,0.0305524)
(-0.0117622,-0.0730405)
(-0.0103586,-0.0496659)
(-0.0282616,-0.0951183)
(0.0925272,0.000551717)
(0.508966,-0.127893)
(0.44913,-0.0527528)
(0.0221981,0.117291)
(0.444736,-0.0415554)
(0.0358646,-0.0625135)
(0.438612,-0.0668793)
(0.248126,-0.12297)
(-0.0355131,0.0330796)
(0.485017,-0.149393)
(0.568385,-0.110917)
(0.557599,-0.0863165)
(-0.0147748,0.0783455)
(-0.0465863,0.0324385)
(-0.0350544,-0.00101442)
(-0.0497529,0.0106707)
(0.0363646,0.0551054)
(-0.0235035,0.000157097)
(-0.0151307,0.00425004)
(-0.0406502,0.0267468)
(-0.0281371,-0.0033347)
(0.00734369,-0.0617806)
(0.0299293,-0.00471295)
(0.028684,-0.036931)
(-0.0393689,0.034719)
(-0.0340261,-0.00091758)
(0.027625,0.03284)
(-0.0334473,-0.0666738)
(-0.0504413,0.0891154)
(-0.0288638,0.0226069)
(0.00645621,0.0332492)
(0.0131074,-0.0257133)
(-0.0361501,-0.0680366)
(-3.82098e-05,0.0369004)
(-0.0301937,-0.0238392)
(0.0190763,-0.0176193)
(0.00664299,0.0128106)
(0.0272938,-0.00167483)
(0.0472262,0.0678283)
(-0.0159943,-0.0107285)
(0.00566637,0.0195253)
(-0.00604234,-0.0250544)
(0.0211346,0.0292242)
(-0.0102555,-0.00831712)
(-0.0149242,-0.0130068)
(-0.0364637,-0.0452792)
(-0.023037,-0.0279113)
(-0.0166627,-0.0642267)
(0.00350291,0.0125776)
(0.504859,-0.239034)
(0.017264,-0.0331114)
(0.00638495,0.0278599)
(0.0104773,0.0173033)
(-0.00675222,-0.0178354)
(0.0119296,0.0492321)
(-0.00831537,0.0413977)
(0.459871,-0.141511)
(0.647872,-0.182252)
(0.428464,-0.118552)
(-0.0300767,-0.00410461)
(0.399857,-0.100995)
(-0.0112045,0.0160937)
(0.0805052,-0.0101792)
(0.00228511,0.0247346)
(0.0219994,0.00039777)
(0.206348,-0.0696133)
(0.0169487,0.0229427)
(-0.0022389,0.0452821)
(-0.0167089,0.0285432)
(0.121001,-0.0444083)
(0.0189974,-0.00316638)
(-0.0988467,-0.0265659)
(0.448566,-0.0679718)
(-0.00075902,0.00689184)
(-0.0357705,0.0109443)
(0.00480406,0.0254336)
(0.0315266,0.0275402)
(0.023107,-0.0230126)
(0.00821433,0.0427568)
(0.0677849,-0.0596438)
(-0.00207671,0.0365119)
(0.0670684,0.0223952)
(0.196367,-0.0481063)
(0.0750474,0.0256955)
(0.0340232,-0.00266154)
(-0.0455662,0.0535586)
(-0.0671237,0.0230032)
(0.00652349,0.0529192)
(0.0268842,-0.00481201)
(0.0094044,-0.032976)
(-0.0507274,0.0321253)
(-0.00614551,-0.0132037)
(0.0155911,-0.00356158)
(0.0151898,0.0260591)
(-0.0141233,0.0473557)
(0.0577463,0.045341)
(0.0256129,0.0501949)
(0.0212936,0.0473078)
(0.0224208,0.000747992)
(0.0261568,0.00652196)
(0.0126415,-0.105994)
(0.0200949,0.0381724)
(-0.0664279,-0.0210706)
(0.035441,0.092216)
(0.0152161,0.0551125)
(0.0271308,-0.12319)
(0.0757082,0.0462713)
(0.0024779,0.043388)
(0.0528804,-0.0957044)
(0.0141424,0.0322205)
(-0.0403764,-0.0190942)
(-0.0149093,-0.0314981)
(-0.0053446,0.0189764)
(-0.0486229,-0.0188508)
(-0.0639969,-0.0154411)
(0.0340187,0.0505381)
(-0.0214458,-0.0371681)
(-0.0866187,0.0641565)
(-0.0094838,0.00714789)
(0.0041662,0.0237077)
(0.00421525,0.0167427)
(0.0241462,0.00380906)
(0.00561216,0.0307071)
(0.115698,-0.0670804)
(0.0678567,0.00306865)
(-0.0356527,-0.0745683)
(-0.0175283,0.0492754)
(-0.0511703,-0.0990478)
(0.00117944,0.0894435)
(-0.0246515,0.00917835)
(0.0797727,0.0695315)
(0.065015,0.0649065)
(-0.00077517,-0.047848)
(0.0271443,0.0519099)
(-0.0456632,0.013803)
(-0.0264212,0.0748083)
(-0.000170049,-0.00495688)
(-0.035388,-0.0223511)
(0.0104866,-0.0761977)
(0.0819755,-0.0274967)
(0.025062,0.0189226)
(0.027632,0.0631293)
(-0.0599687,0.0546136)
(-0.0443673,-0.0117766)
(-0.000714692,-0.0356164)
(0.0128686,0.0335617)
(0.0506855,-0.0501648)
(0.472756,-0.0730455)
(-0.00429715,0.00737957)
(-0.0525995,-0.0425209)
(-0.00916039,-0.0321552)
(-0.039822,-0.0175337)
(-9.03065e-05,-0.0577209)
(0.0308095,-0.0415726)
(-0.0547444,0.0111701)
(0.0349289,-0.0482591)
(0.540315,-0.121579)
(-0.000166961,-0.0861846)
(0.0439349,0.00286676)
(0.0408705,-0.0663117)
(0.535199,-0.120424)
(-0.0322259,-0.0319456)
(-0.0105999,-0.0396503)
(0.0361567,0.0191229)
(-0.014268,0.00106384)
(0.00875826,-0.00409121)
(8.58976e-05,-0.00211187)
(-0.0453328,-0.0186505)
(0.314804,-0.0847178)
(0.173504,-0.0844274)
(0.0240971,0.0036918)
(-0.00805898,0.0292653)
(-0.0406315,-0.0550731)
(0.0387536,0.0545211)
(-0.00620879,-0.0742431)
(0.411035,-0.048042)
(-0.0464653,-0.0215368)
(-0.0193576,-0.0150673)
(0.0189662,-0.00333848)
(0.0261616,-0.00875947)
(0.0713948,-0.0203978)
(0.00436099,0.00711177)
(0.484178,-0.120797)
(0.0017693,-0.0392319)
(0.521592,-0.120414)
(-0.0398312,0.0596882)
(-0.0318745,0.00353003)
(-0.0133968,-0.0592848)
(0.0399425,0.0351176)
(0.458819,-0.199606)
(0.0967391,-0.0370709)
(0.244477,-0.129303)
(0.0297037,-0.00845657)
(-0.0102702,0.0225623)
(-0.0584523,0.0101887)
(0.207245,-0.053061)
(0.251649,-0.0571249)
(-0.0125512,0.0244456)
(-0.015548,-0.0200537)
(0.319119,-0.143424)
(-0.0195891,0.0206671)
(-0.0624524,-0.0268346)
(0.249876,-0.0956351)
(-0.0445289,0.0197423)
(0.0137667,-0.00134512)
(0.359111,-0.0391189)
(-0.0640391,-0.0140525)
(0.151535,0.00309357)
(0.215202,-0.0627815)
(0.00614644,0.0775313)
(0.231102,0.0152488)
(0.0523032,-0.0700149)
(0.00672702,-0.0545168)
(0.0117939,0.0571467)
(-0.0233691,0.053705)
(-0.0127867,0.0156824)
(0.0428739,-0.0473212)
(0.0312472,-0.0464538)
(0.0247845,0.0372359)
(-0.0104235,0.0469753)
(0.0372994,0.0368479)
(-0.0346854,-0.0103965)
(0.0589878,0.0392602)
(-0.0990354,0.0302237)
(-0.0386141,0.0186441)
(-0.0466754,0.00961205)
(-0.0301521,-0.034201)
(-0.0470502,0.0136306)
(0.329141,-0.0838781)
(0.0107449,0.0645366)
(0.0193832,0.051922)
(0.118008,-0.0557119)
(-0.0925928,0.0404023)
(-0.0745228,0.0537474)
(0.572351,-0.10168)
(-0.0149184,0.00807979)
(0.572906,-0.144265)
(0.0112228,-0.0258364)
(0.0121775,0.0376183)
(0.138713,-0.0550577)
(-0.00822972,-0.0141693)
(0.021614,0.02682)
(0.446731,-0.0994999)
(-0.0157593,-0.0120319)
(0.0796599,0.0313589)
(0.016671,0.00163086)
(0.0287203,0.0587929)
(0.101937,0.00682778)
(0.0636318,-0.0421142)
(0.0488893,-0.0527658)
(0.0497563,-0.0150513)
(-0.107953,-0.0343425)
(0.221423,-0.164123)
(0.0282588,0.0376795)
(0.298131,-0.163925)
(-0.0253294,-0.0587536)
(-0.0349554,-0.0159103)
(0.447933,-0.113965)
(-0.0475303,0.0723101)
(0.0130356,0.0450112)
(-0.0279973,-0.00563292)
(0.390149,-0.079148)
(0.00558747,-0.0230282)
(-0.0427664,-0.0499761)
(0.0646435,0.0214796)
(-0.00713094,0.0295763)
(0.0373716,0.0282763)
(0.059923,-7.34169e-05)
(-0.0944832,0.0131823)
(-0.0018706,0.00250997)
(-0.0235746,0.030128)
(0.0368352,-0.0315924)
(-0.0506996,0.0216282)
(0.0148986,0.0329249)
(0.0774455,0.0130881)
(0.0679312,0.0201153)
(0.0238733,-0.0368895)
(-0.0233234,-0.0241574)
(-0.00864742,-0.0650392)
(-0.0181901,0.00836646)
(-0.00451064,-0.0530525)
(-0.0241779,0.00120161)
(0.048931,0.01794)
(0.0648141,0.0054366)
(0.0439472,0.0641955)
(0.000254812,0.0227301)
(-0.00365163,0.0370053)
(-0.0230151,-0.0766207)
(-0.0704009,-0.0946958)
(-0.0593739,-0.100846)
(-0.070029,-0.0425883)
(0.019428,-0.00807723)
(0.0129337,-0.031816)
(0.0127859,0.0191702)
(0.466954,-0.100408)
(-0.0571193,0.00598737)
(0.0348451,0.00583561)
(-0.00266755,-0.0078133)
(0.423251,-0.053495)
(0.0358468,-0.00106518)
(0.0196768,-0.0121896)
(-0.0320226,-0.0275639)
(-0.0010094,0.0159515)
(0.0204357,-0.00354925)
(-0.0157222,-0.03011)
(0.00385993,0.0246191)
(0.362793,-0.0566634)
(0.0318378,-0.00630307)
(-0.0621958,0.0049861)
(0.612543,-0.157755)
(0.00212927,-0.0316824)
(-0.00232183,-0.00132505)
(0.0306207,-0.026278)
(0.450464,-0.063986)
(0.0390041,0.0372883)
(-0.0233176,-0.0300077)
(-0.00419043,-0.0441635)
(-0.110603,0.003648)
(-0.00676231,-0.0221152)
(-0.069898,-0.0465609)
(0.00775669,-0.0621857)
(-0.0119446,0.016145)
(-0.00855437,-0.0368161)
(-0.00889448,-0.0607275)
(0.0172758,-0.0421325)
(0.394012,-0.0301648)
(0.0498928,0.000745788)
(-0.0286188,0.02297)
(-0.0127177,-0.0227249)
(-0.0127359,-0.00909098)
(0.00910448,-0.063431)
(-0.00309648,0.0661816)
(-0.0247045,-0.041135)
(-0.0089769,-0.020588)
(0.0123582,-0.0695597)
(0.00760247,0.0349754)
(0.0172815,0.0739461)
(0.438267,-0.0809455)
(0.00796791,-0.00644929)
(0.0136576,-0.00716649)
(-0.0082638,0.0483361)
(0.0297681,-0.0194179)
(-0.0338098,0.0844634)
(0.00300493,0.00358295)
(0.17356,-0.174271)
(0.206727,-0.115652)
(0.151234,-0.152782)
(0.00509531,-0.00171594)
(-0.0153045,0.0184557)
(0.594903,-0.171174)
(0.350361,-0.110973)
(-0.0237502,0.00481154)
(0.386856,-0.0430602)
(0.44061,-0.00892527)
(0.19902,-0.110003)
(0.0443952,-0.0149315)
(0.0306103,-0.026468)
(0.0609961,0.040615)
(0.114965,-0.000982724)
(0.0204714,0.0436051)
(0.0131763,0.041728)
(-0.0529639,-0.00211561)
(0.0740598,-0.000204589)
(-0.0863611,0.0173815)
(-0.0333659,-0.0209814)
(0.0509316,-0.00938212)
(0.481561,-0.111474)
(-0.0295291,0.0405356)
(0.00106257,0.0108142)
(-0.0376516,0.0203873)
(0.562911,-0.0855945)
(-0.0390892,0.0696624)
(-0.0165386,-0.0132454)
(0.523559,-0.13992)
(0.460236,-0.056121)
(-0.0371849,0.0159042)
(0.346547,-0.0820705)
(-0.00587625,0.0364949)
(-0.0271403,0.0683227)
(0.462049,0.0164261)
(0.269114,-0.0859452)
(0.393869,-0.101808)
(0.472978,-0.044176)
(0.0131541,-0.0153441)
(0.746487,-0.0134072)
(-0.0443719,-0.000429155)
(-0.0220619,0.077795)
(0.0695986,-0.00537988)
(0.171715,-0.0739646)
(-0.04184,0.0436856)
(0.0972807,-0.0718147)
(0.0125062,-0.00116838)
(0.0217791,0.00281159)
(0.0424703,-0.013143)
(0.0145489,-0.00637683)
(0.0484084,-0.00494608)
(-0.00851488,0.0332757)
(0.0582168,0.0283466)
(0.121301,-0.0500577)
(-0.0474937,-0.00569111)
(0.0205528,-0.0485153)
(0.00936642,0.0607536)
(0.000223287,0.0450021)
(0.0116167,0.0026754)
(0.458142,-0.066862)
(-0.0369794,0.0645216)
(0.0274338,-0.00258808)
(-0.0101396,-0.0193314)
(-0.0287096,0.0411549)
(0.044201,-0.00543439)
(0.0250642,0.0351446)
(-0.0455571,-0.0690072)
(-0.0425943,-0.0127976)
(0.55472,-0.0850878)
(-0.0198301,0.00803732)
(0.358142,-0.0365617)
(0.0108182,0.0113387)
(0.0601852,0.0232873)
(-0.00102068,-0.00521637)
(0.0646735,-0.0399513)
(-0.034615,-0.018427)
(-0.00424477,-0.0841246)
(0.0148969,-0.0326077)
(-0.00196511,-0.024559)
(0.0108394,0.00254231)
(0.0340285,-0.0308121)
(0.0644457,-0.00410909)
(0.0361918,0.0238822)
(0.439146,-0.101783)
(0.314018,-0.0669351)
(-0.0300136,-0.00747466)
(0.0378646,-0.0434581)
(0.0219053,-0.00861895)
(0.0731865,-0.0501544)
(0.450453,-0.117932)
(0.0210314,0.00503788)
(0.0677317,-0.0155794)
(0.0879121,0.0104063)
(0.0751603,-0.0238022)
(0.306231,-0.119959)
(0.0211224,0.00271264)
(-0.0397057,0.00859778)
(-0.0364915,0.00822411)
(-0.00496038,0.027212)
(0.482879,-0.0504646)
(0.0283671,-0.0228663)
(-0.0409997,-0.0041174)
(0.0145252,0.0493997)
(0.0303553,0.00587436)
(0.0120259,-0.00109411)
(0.492035,-0.0729236)
(0.41177,-0.155585)
(0.665278,-0.0575799)
(0.0234543,-0.0664709)
(0.0106195,0.00240545)
(0.50183,-0.0639466)
(0.0419916,-0.0235967)
(0.10645,-0.0764022)
(0.3043,-0.198626)
(-0.0467598,-0.023129)
(-0.0515704,0.0167546)
(-0.0468465,0.00114786)
(-0.0348349,0.0420393)
(-0.0219923,0.0396031)
(0.160414,-0.0700364)
(0.186445,-0.13452)
(0.284445,-0.155871)
(0.281477,-0.0547501)
(0.628586,-0.166044)
(-0.0245993,-0.033917)
(-0.0547642,-0.002243)
(-0.0377665,0.0128526)
(0.137162,0.0740517)
(0.543082,-0.082747)
(0.540948,-0.124134)
(0.0081448,0.00945831)
(-0.04437,-0.0439633)
(-0.0159789,-0.018569)
(0.5891,-0.155169)
(0.0179977,0.0717855)
(0.0568512,0.0380405)
(-0.0551851,-0.00103112)
(0.637486,-0.102939)
(0.0496647,0.0431976)
(-0.034334,0.0561494)
(0.573856,-0.0804474)
(0.531659,-0.0820189)
(-0.0186703,0.0289462)
(-0.0179568,0.012306)
(-0.0310966,-0.0431347)
(-0.00979375,-0.0357267)
(0.0304086,0.00893071)
(0.000567131,-0.00903866)
(0.027002,0.0325741)
(0.455275,-0.144571)
(0.691939,-0.0237729)
(0.601292,-0.128643)
(0.536025,-0.0653871)
(0.420631,-0.0956309)
(0.182922,-0.105401)
(0.262614,-0.0326635)
(0.196779,-0.0802348)
(0.171032,-0.0806523)
(-0.0271991,-0.0434663)
(0.0165009,-0.0563536)
(0.295204,-0.0627016)
(0.536746,-0.141108)
(0.552369,-0.108974)
(0.450977,-0.056847)
(0.530537,-0.147046)
(0.00552343,0.0297748)
(0.526033,-0.0715964)
(-0.036573,0.0811138)
(0.016255,-0.04107)
(-0.0341757,-0.0538792)
(0.00928122,0.0563449)
(-0.0575905,-0.0139199)
(-0.0170995,-0.0964444)
(0.00660827,0.0103631)
(0.0212865,-0.0413714)
(0.0242076,0.0542478)
(0.405753,-0.0976189)
(-0.0210546,-0.0524406)
(0.458793,-0.187264)
(0.466503,-0.0163526)
(0.43947,-0.141489)
(-0.0460367,0.00297229)
(0.0644223,0.0529957)
(-0.00502656,0.0351531)
(0.509333,-0.0607433)
(-0.0308599,-0.0170907)
(0.0276032,0.00951265)
(0.335181,-0.124255)
(0.241774,-0.132254)
(0.531543,-0.074289)
(0.374997,-0.0772515)
(0.601731,-0.193803)
(0.492889,0.0377536)
(-0.010887,-0.0515339)
(-0.031517,-0.0712231)
(0.00566999,0.00157515)
(0.0188253,0.0790343)
(0.0169073,0.0819049)
(-0.0337838,-0.0368684)
(0.000181632,0.00405261)
(0.276819,-0.091425)
(0.207728,-0.0261012)
(-0.043737,-0.00836973)
(0.191431,-0.0228577)
(-0.0144234,-0.0227904)
(0.448909,-0.112791)
(0.560935,-0.0181205)
(-0.0613004,0.0286445)
(0.0271928,0.0516784)
(0.0623731,0.0125762)
(0.0808473,-0.0362983)
(0.410506,-0.181051)
(0.0197194,-0.0645443)
(0.117737,-0.0656138)
(-0.0391834,0.0754262)
(0.276769,-0.15042)
(0.0159049,0.0626603)
(0.344016,-0.0829563)
(0.00204196,0.0529926)
(0.0235422,0.0302371)
(0.026081,0.000537837)
(0.0170354,0.0268536)
(0.498566,-0.0641415)
(-0.0130289,0.0348004)
(0.49573,-0.126124)
(0.464333,-0.082426)
(0.00506053,-0.0183896)
(0.495482,-0.039581)
(0.573465,-0.0438472)
(0.529205,0.0186961)
(0.0203449,0.0221102)
(0.45877,-0.138954)
(-0.0481554,0.0747902)
(-0.0583605,0.0418876)
(-0.0577304,0.0651208)
(-0.0372064,-0.0138665)
(0.0020224,0.0820881)
(-0.0261108,-0.0226238)
(-0.0617407,0.0380027)
(0.706115,-0.0430472)
(-0.0432669,0.0159224)
(0.0846706,-0.0374593)
(0.399322,-0.116841)
(0.446684,-0.10143)
(-0.00129698,5.6123e-05)
(0.0566637,-0.00583295)
(-0.0237527,-0.00717818)
(0.392543,-0.158255)
(-0.04124,0.0105276)
(0.456427,-0.209951)
(0.359834,-0.115653)
(-0.0515653,-0.012858)
(-0.00474104,0.00364266)
(0.5663,-0.0271681)
(-0.0496372,-0.00765485)
(-0.0141258,-0.0307631)
(0.000535512,0.0580436)
(0.456777,-0.124939)
(0.459526,-0.11534)
(0.198888,-0.0950922)
(0.439867,-0.138466)
(0.498022,-0.0940431)
(0.0707808,-0.0255867)
(0.48167,-0.108185)
(0.566791,-0.0249367)
(0.0118268,-0.0885429)
(0.512471,-0.0425747)
(0.0730031,0.0477241)
(0.516345,-0.0754644)
(0.0880848,-0.0205456)
(-0.0162724,0.0567535)
(-0.0318977,-0.016532)
(0.0420128,0.032769)
(0.000307928,0.0833187)
(0.0483671,0.0841025)
(-0.0132484,0.0872324)
(0.0401384,0.0449588)
(0.150224,-0.0968306)
(0.0141644,-0.000723466)
(-0.00214538,-0.0287537)
(0.0491675,0.0460304)
(0.0231883,-0.0139661)
(0.0206937,0.00699378)
(0.0595128,0.00710396)
(-0.0109032,0.0649722)
(0.124149,-0.0694003)
(-0.0193523,0.0424745)
(0.0508104,0.00399975)
(0.655059,-0.105663)
(0.383197,-0.184284)
(-0.0243257,0.0148853)
(0.0817634,0.128931)
(-0.00630849,0.11061)
(0.125112,0.0242392)
(-0.0502272,-0.00615523)
(0.0984799,-0.0294436)
(0.199156,-0.114498)
(0.605248,-0.154255)
(0.578869,-0.147575)
(0.0147468,0.0763437)
(0.0631949,-0.0415098)
(0.562146,-0.14741)
(-0.00566694,0.0342026)
(0.0388589,0.0106537)
(0.0748233,-0.0265371)
(0.460292,-0.0389696)
(0.0724362,-0.0710529)
(0.26409,-0.166103)
(-0.00137424,-0.0153878)
(0.112523,-0.116553)
(0.189391,-0.0997429)
(0.263134,-0.0619723)
(0.33648,-0.123254)
(0.100264,0.0164093)
(-0.0343039,0.0283191)
(0.365942,-0.158823)
(-0.0133855,0.0601053)
(0.0451444,-0.00775564)
(0.0329651,-0.0219591)
(0.467224,-0.143424)
(0.0272544,-0.0305578)
(0.434024,-0.0936064)
(0.0451478,-0.0188205)
(0.0209683,0.0263562)
(-0.0167829,-0.00703681)
(-0.00175141,0.0487152)
(-0.0139456,0.0202803)
(0.00646281,0.0306527)
(0.0324399,0.0185042)
(-0.0280448,0.0209076)
(-0.00781416,0.0356345)
(0.539394,-0.133689)
(-0.00490394,-0.00870479)
(0.0451643,-0.00640315)
(0.522488,-0.0713071)
(0.0809793,-0.00742171)
(-0.0144483,0.0318094)
(-0.00651689,0.013937)
(-0.00159548,0.0311942)
(-0.0531342,0.0303983)
(0.146062,-0.0945162)
(0.00945017,0.0600724)
(-0.0511146,-0.0321121)
(-0.0459104,-0.0461987)
(0.0296918,-0.0128361)
(-0.0389108,-0.0287328)
(0.492911,-0.0203308)
(-0.0371556,0.0412305)
(0.656205,-0.11365)
(0.365383,-0.13463)
(0.509793,0.00975812)
(-0.0249624,-0.0223691)
(0.374989,-0.0345073)
(0.423064,-0.133827)
(0.395852,-0.0598101)
(-0.0485139,0.0148423)
(0.0299711,0.0348813)
(-0.0419965,0.0705824)
(0.00359142,0.0219701)
(0.557185,-0.142268)
(0.579693,-0.101464)
(-0.016093,-0.0309027)
(-0.0301998,0.00701279)
(-0.00882436,0.0256836)
(0.0614333,-0.0081435)
(0.342481,-0.0839169)
(0.0581464,0.000722539)
(0.054253,0.0224008)
(0.0315999,0.035849)
(0.0876652,-0.00563838)
(0.391024,-0.080962)
(-0.0609404,-0.0819496)
(0.470198,-0.0421395)
(0.0069574,0.0073084)
(0.0407665,0.071003)
(0.0732296,0.0360196)
(0.615329,-0.168344)
(0.0132065,0.0148783)
(0.28888,-0.112614)
(0.52843,-0.150051)
(-0.0348914,0.00825596)
(0.0132439,0.0455919)
(0.0656782,-0.0876168)
(-3.36349e-05,0.0562773)
(-0.0638251,0.0176091)
(0.0161686,-0.113507)
(0.381542,-0.170441)
(0.280458,-0.193681)
(0.0596696,-0.0513272)
(0.00868125,-0.0250632)
(-0.00273614,-0.00365389)
(-0.0880482,0.0840441)
(-0.00867,-0.00233948)
(0.00485706,-0.0564684)
(0.409124,-0.0939448)
(0.523454,-0.0995325)
(0.620872,-0.0906578)
(-0.0220531,-0.0521471)
(0.359133,-0.0519986)
(-0.0311782,0.0230514)
(0.0464633,0.0286609)
(0.0374612,0.0167857)
(0.0253496,0.116709)
(0.0010507,0.027782)
(0.068771,-0.0567489)
(0.267092,-0.0837697)
(0.554583,-0.120763)
(0.520634,-0.118938)
(0.0830055,-0.0741339)
(0.518947,-0.157179)
(0.015518,-0.110503)
(0.421112,-0.168256)
(0.456492,-0.064377)
(-0.00164791,-0.0876121)
(0.493022,-0.114197)
(0.430147,-0.134976)
(0.536523,-0.116638)
(0.429899,-0.112447)
(0.529632,-0.0950979)
(0.108309,-0.045383)
(0.250859,-0.130488)
(0.204554,-0.0367048)
(0.429387,-0.0795052)
(0.0341832,-0.0399456)
(0.531032,-0.0621597)
(0.379373,-0.159826)
(0.0116961,0.0043709)
(-0.0620402,0.00361454)
(-0.0746623,0.0657952)
(-0.0582214,-0.036284)
(0.396882,-0.148993)
(-0.00527866,-0.00470884)
(0.46425,-0.147652)
(0.0270446,-0.00382876)
(0.268532,-0.058225)
(-0.0174077,-0.0441044)
(-0.0325164,-0.0359731)
(0.448791,-0.124756)
(0.05204,0.0727052)
(0.102265,-0.0708391)
(0.527436,-0.115117)
(0.0552395,-0.0494445)
(-0.00358015,-0.0515222)
(-0.0237134,0.0236429)
(-0.0469872,-0.0196333)
(-0.00058503,0.0197472)
(-0.0118501,0.00835808)
(0.550439,-0.112999)
(0.580921,-0.129092)
(0.442221,-0.0751284)
(-0.0242099,-0.101487)
(0.01868,0.0700522)
(0.340673,-0.194928)
(-0.0185937,0.0412333)
(0.00909127,-0.0076672)
(0.0144845,-0.0314556)
(-0.0331816,-0.0148573)
(0.58862,-0.110091)
(0.430955,-0.0534941)
(0.474883,-0.0767383)
(0.401549,-0.0301018)
(0.417229,-0.113701)
(-0.0808755,-0.00832441)
(0.41701,-0.0461797)
(0.296907,-0.118124)
(-0.0580984,-0.0831244)
(0.377249,-0.0530967)
(0.505708,-0.0669152)
(0.0380146,-0.0688496)
(-0.00185467,0.0715254)
(0.553632,-0.117948)
(0.0107743,0.00962004)
(0.0276557,-0.024509)
(0.422493,-0.119909)
(0.0534369,0.000996801)
(-0.0313833,-0.0338263)
(0.0518652,0.0468718)
(0.067018,-0.0215511)
(0.508937,-0.046847)
(-0.00681327,0.0197555)
(-0.0531401,0.0861013)
(0.00320242,0.0186973)
(0.409401,-0.0599279)
(-0.0235042,0.0478458)
(0.0187932,0.0315855)
(-0.0295004,0.0620531)
(0.0980705,-0.0488859)
(-0.04046,-0.0671204)
(0.0383105,0.003287)
(0.0999493,0.0251895)
(0.09892,-0.00234342)
(0.0099118,0.0447006)
(0.0787399,0.0575915)
(0.0798376,0.0539325)
(0.457476,-0.081185)
(-0.0554433,0.0359163)
(0.500348,-0.0223163)
(-0.019893,-0.00230355)
(-0.000144512,-0.0508873)
(0.191782,-0.104988)
(0.528996,-0.135876)
(0.325193,-0.10794)
(-0.0184722,0.0394399)
(-0.00440777,-0.0269661)
(0.0422571,-0.00934862)
(0.0319357,-0.0297889)
(-0.0109439,-0.00429146)
(-0.0214506,0.0301289)
(-0.0536949,-0.0162667)
(0.0167393,0.0240757)
(-0.0779519,0.0140367)
(-0.0111454,0.0673797)
(-0.0136088,-0.0167957)
(0.447413,0.0317296)
(0.00228905,0.0513095)
(0.0586898,-0.00448503)
(0.0104691,0.00288761)
(0.0393912,0.0200085)
(0.188473,-0.0530589)
(0.130612,-0.0750397)
(-0.0247809,0.039934)
(0.112511,-0.113623)
(0.554212,-0.0625343)
(-0.0521159,-0.0694509)
(0.452214,-0.0702893)
(-0.0398858,-0.115778)
(0.00482361,0.0234954)
(0.0935849,-0.0309345)
(0.0397206,-0.0598108)
(0.081631,-0.0320175)
(-0.0452417,0.0217411)
(0.0186619,-0.018021)
(-0.0521262,-0.0160373)
(-0.00417702,0.0624339)
(-0.00960438,-0.00587422)
(0.346445,-0.126614)
(0.358502,-0.116906)
(0.0231516,0.00753315)
(0.17548,-0.0392328)
(0.202669,-0.0560982)
(0.593601,-0.116117)
(0.00299577,-0.0196064)
(0.0949137,-0.0246692)
(0.504588,-0.148602)
(0.125142,-0.0111669)
(0.122392,-0.0726734)
(-0.0391931,-0.0413421)
(-0.0104896,-0.0637019)
(0.104117,-0.0291981)
(-0.0373429,-0.0139784)
(0.453616,-0.0583617)
(0.37991,-0.134559)
(0.0229911,-0.00185252)
(0.0559064,0.00665547)
(0.170903,-0.0955538)
(0.0557336,-0.0492295)
(0.132696,-0.0569382)
(0.00574894,0.0411568)
