1620
(-0.030451,-0.110869)
(-0.00865918,0.0257788)
(0.0619181,0.0645704)
(-0.00135453,-0.143686)
(-0.0281719,-0.0312176)
(-0.0274901,0.0329179)
(0.054235,0.0321666)
(-0.0177904,-0.0279336)
(0.00546706,0.0027944)
(-0.00463585,0.0254405)
(-0.0489377,0.0527017)
(-0.000854976,0.0248055)
(-0.00177499,-0.0435992)
(-0.0214818,0.000860933)
(0.0140705,0.0435388)
(-0.0367949,0.0178006)
(-0.0367303,-0.0903531)
(0.0197482,0.0157466)
(0.0199383,0.0157607)
(-0.000445068,0.0119813)
(-0.0150087,-0.0136285)
(0.000616796,0.0184368)
(-0.0594336,0.00900933)
(-0.036394,-0.0380395)
(-0.00789561,0.0262498)
(0.0305752,0.0129575)
(-0.0127267,0.0179478)
(0.0614413,-0.0933973)
(-0.0373811,-0.00324287)
(0.0647225,-0.0387812)
(0.0409708,0.0530611)
(0.0461823,-0.0188974)
(-0.00553285,0.0539744)
(-0.0799793,0.0324694)
(0.0535413,0.034346)
(0.0116345,0.0600478)
(0.0567134,0.00736953)
(-0.0125222,0.0260687)
(-0.0519102,0.000734315)
(0.0485187,0.0105629)
(0.0228447,-0.0778464)
(0.0769047,0.00682206)
(0.0522932,0.0259944)
(0.134565,-0.000772409)
(-0.0439782,0.0677481)
(0.138537,-0.0280448)
(0.112711,-0.0337868)
(-0.0241326,0.00241896)
(0.0475918,-0.0621777)
(-0.0203452,-0.0205792)
(0.0475856,0.00184109)
(0.0845774,-0.0240723)
(0.0173905,0.00929345)
(0.0260476,-0.00671762)
(-0.0182769,0.0200682)
(-0.0319786,0.0243292)
(0.0456577,0.0241617)
(0.0439361,0.0571481)
(-0.0190797,-0.0356299)
(0.0457311,-0.023471)
(-0.0400985,-0.0105349)
(0.166878,-0.0687775)
(0.000981031,0.00145459)
(0.388233,-0.0799255)
(-0.0148806,-0.000451024)
(0.00138787,0.0444162)
(0.00640949,-0.0164816)
(0.0247743,-0.000286797)
(0.0412855,0.11265)
(-0.0375576,-0.0640121)
(0.00976129,0.0778191)
(0.00642106,0.0610223)
(-0.0189556,0.0600791)
(-0.0426067,0.0318071)
(-0.00883678,0.0159176)
(-0.0823107,0.053364)
(0.00110868,-0.0411029)
(0.00977211,-0.0457958)
(-0.0206367,0.00877597)
(0.0721573,-0.0431491)
(0.000703449,-0.0688811)
(-0.0202246,0.0141786)
(0.0236198,-0.0785155)
(0.0377542,-0.0298695)
(0.044766,0.024919)
(0.00262224,0.0128981)
(-0.0261929,-0.0182443)
(-0.043259,0.00273265)
(0.0697721,0.0193689)
(0.0219009,-0.00983291)
(-0.101099,-0.0247849)
(-0.0342333,0.0146331)
(0.457512,-0.0787996)
(0.0191173,0.11069)
(-0.0120287,0.0792731)
(0.568357,-0.027304)
(-0.0563379,0.0625938)
(0.440981,-0.159935)
(-0.0112089,-0.0971873)
(-0.0494043,-0.0888357)
(0.0708827,-0.00512089)
(-0.0695936,-0.0171922)
(0.0361806,-0.0754989)
(-0.0120014,-0.0496477)
(-0.030893,-0.101464)
(0.449322,-0.0810008)
(0.00790899,0.0503891)
(-0.0702964,-0.00659822)
(0.013934,0.026352)
(0.0358758,0.0306146)
(0.00333405,0.0367537)
(0.690857,-0.149367)
(0.373013,-0.0332899)
(-0.0117738,-0.0121958)
(0.464282,-0.0528708)
(0.0280656,0.104515)
(0.0259412,0.087608)
(0.618094,-0.113964)
(0.00384105,-0.00107031)
(0.493647,-0.103868)
(0.423631,-0.0702886)
(0.0223916,0.0546492)
(0.386804,-0.0685551)
(0.282158,-0.122621)
(0.266892,-0.0762152)
(0.0212026,-0.0305436)
(0.0586378,-0.00354472)
(0.00908698,0.0631558)
(0.338234,-0.130704)
(0.0627771,0.0219386)
(0.109093,0.0421718)
(0.0180902,-0.0224346)
(-0.00779866,-0.0444749)
(-0.0122519,0.0129054)
(-0.0151384,0.00796347)
(0.015932,0.00441141)
(-0.046624,0.014807)
(-0.000229895,0.0367089)
(0.3812,-0.0843995)
(0.00218552,-0.00241236)
(0.000360553,0.0601521)
(6.89989e-05,0.0539955)
(0.00338429,-0.00868463)
(0.0392875,-0.0569926)
(0.0738907,-0.0771036)
(0.0139084,-0.0729299)
(0.0149572,-0.00220378)
(0.429142,-0.0969655)
(0.476309,-0.123634)
(-0.0645677,0.00687246)
(0.495342,-0.173818)
(0.208148,-0.0655182)
(0.577787,-0.0449766)
(0.471087,-0.08781)
(0.47996,-0.0476848)
(-0.0290937,0.0143702)
(0.0820329,0.0559462)
(0.402368,-0.134342)
(0.380674,-0.00424773)
(-0.0155583,-0.000344617)
(-0.0330034,0.0264827)
(0.0120897,0.0352156)
(0.012828,0.0458392)
(-0.0484052,-0.0179321)
(-0.00978807,0.0288141)
(-0.0372955,-0.0228645)
(0.0266508,-0.0349083)
(0.00325344,-0.0456884)
(0.0426789,0.030503)
(-0.0145592,0.0763581)
(0.0486313,-0.00739104)
(0.0644154,0.0118484)
(0.413728,-0.153218)
(0.395498,-0.10472)
(0.553684,-0.130274)
(0.496026,-0.0886912)
(0.0573536,-0.0974969)
(0.138162,-0.043061)
(-0.0769252,-0.0662938)
(-0.105307,0.0407059)
(-0.0510668,-0.0337801)
(0.0220314,0.0557748)
(0.00981553,0.0279216)
(0.00624682,0.0456516)
(0.00923844,0.0394491)
(0.000137919,0.0273081)
(0.029974,0.0206135)
(0.0511503,-0.0875662)
(-0.0104332,-0.0204046)
(0.422031,-0.144658)
(0.494511,-0.0788412)
(0.392537,-0.0879446)
(0.594398,-0.1269)
(-0.0373492,-0.0413459)
(-0.0370413,-0.0253603)
(0.0304382,0.0475051)
(0.0208031,0.0319349)
(-0.045454,0.0467674)
(-0.0496095,-0.0613429)
(-0.0089167,0.00231753)
(0.00478744,-0.128279)
(0.0554069,-0.107523)
(-0.0474223,-0.0405139)
(-0.0585573,-0.0278961)
(-0.00576771,-0.00373968)
(-0.0405337,0.0151151)
(0.452122,-0.10646)
(0.502364,-0.0442523)
(-0.0789858,0.0176104)
(0.385556,-0.102789)
(-0.0321194,-0.0002037)
(0.403453,-0.0905673)
(0.400748,-0.0899352)
(-0.063372,-0.00109957)
(-0.035852,0.02624)
(0.0900694,0.0439129)
(0.0530598,-0.00922708)
(0.447567,-0.116705)
(0.565933,-0.146245)
(-0.0099444,-0.0540264)
(-0.00281876,-0.0217194)
(-0.0315183,0.0126976)
(0.0193445,0.0630479)
(0.683751,-0.170811)
(-0.0459135,-0.0521594)
(-0.0699054,-0.069864)
(0.394576,-0.162173)
(-0.0525512,0.0541254)
(-0.0262245,0.0452965)
(-0.0673634,-0.0493258)
(-0.0370143,-0.00207537)
(0.477493,-0.142741)
(0.459848,-0.186912)
(0.560695,-0.0648839)
(0.517533,-0.0574101)
(-0.0390628,0.0261544)
(-0.0498479,-0.038411)
(-0.0293467,-0.0275357)
(0.184406,-0.04046)
(0.00949634,0.0209747)
(0.0533957,-0.0283681)
(-0.00524632,-0.0637292)
(-0.0156667,0.0709726)
(-0.0201611,0.0792101)
(0.0101971,-0.0619349)
(-0.0340033,0.0330148)
(0.0808697,-0.013714)
(0.0110416,-0.0252405)
(0.0197565,0.0127693)
(-0.034214,0.0285889)
(-0.0474944,-0.00416975)
(-0.0320535,0.02534)
(-0.0537544,0.00124981)
(-0.0531244,-0.0286044)
(-0.043163,0.0125876)
(0.0122203,-0.0634168)
(0.0585924,0.00779915)
(0.00179391,-0.00192804)
(0.0414104,-0.00451653)
(-0.00694144,-0.0854396)
(0.0619917,-0.105056)
(-0.0150482,0.0188039)
(0.00860884,0.00982946)
(-0.0513299,-0.021548)
(0.530564,-0.0847452)
(-0.0511329,-0.0449784)
(-0.0856398,-0.0962424)
(-0.0301682,-0.0239371)
(0.0292377,-0.00314791)
(0.0611819,0.0234462)
(-0.00226369,0.0205855)
(0.0275512,-0.000791313)
(-0.0639507,-0.010717)
(-0.0297972,0.0491447)
(0.0135473,-0.00993684)
(0.504295,0.00568773)
(0.00966552,0.0424587)
(-0.0365842,-0.000908337)
(0.0630547,0.0388049)
(0.00387609,0.00901971)
(0.0146928,0.0343926)
(0.0270811,0.0538922)
(0.0148417,-0.0446863)
(-0.00720065,-0.0703196)
(0.100946,0.0484972)
(0.0431602,0.0333683)
(0.0348933,0.0151972)
(-0.0758325,0.0126391)
(0.0614243,0.018862)
(0.08987,0.011138)
(-0.00387583,0.061596)
(0.0164189,-0.0316963)
(-0.0758397,0.0107765)
(-0.0598605,0.0162697)
(-0.0371851,0.0116616)
(-0.036372,0.036454)
(0.0552817,-0.0475449)
(0.0153115,0.0374635)
(-0.0610593,-0.0316445)
(-0.0478908,0.00433803)
(0.0100807,0.0304972)
(-0.0892889,0.0208594)
(-0.0332913,-0.0252155)
(-0.0163674,0.00231285)
(-0.0244518,0.0196953)
(0.00609021,-0.0432047)
(0.0624591,0.0370849)
(0.382186,-0.123412)
(0.00470225,0.0212061)
(-0.00352024,0.0280668)
(-0.0460004,0.000334463)
(-0.0653073,-0.0739433)
(-0.110668,-0.0656948)
(-0.0613934,-0.0287552)
(-0.0234675,-0.020849)
(-0.0396367,-0.0173721)
(0.0231178,-0.0804229)
(-0.0648913,-0.0712864)
(-0.0406955,-0.0487886)
(0.432255,-0.203503)
(-0.0134968,-0.0297228)
(-0.0339472,0.0112983)
(-0.0125435,-0.02144)
(0.00386866,-0.0145094)
(-0.0162219,-0.00561442)
(-0.000850045,0.0133902)
(0.0812645,-0.0667948)
(0.012555,-0.00143502)
(0.0262509,0.0578854)
(-0.0193062,-0.0418912)
(0.0136772,-0.00500808)
(-0.0433649,-0.0253327)
(-0.0544605,-0.000847064)
(0.0445191,-0.0324397)
(-0.0352222,-0.0565255)
(0.467855,-0.000357792)
(0.0348957,-0.0324033)
(0.0704144,0.047286)
(-0.0912732,-0.0387405)
(0.059045,-0.0316009)
(0.0430118,-0.0491589)
(-0.0560138,-0.0629618)
(0.0711784,0.0332019)
(-0.0190786,0.00983755)
(-0.0231912,-0.00540641)
(0.0508563,0.0584261)
(0.0339666,0.0329063)
(0.0163262,0.0941198)
(-0.0265452,0.0050893)
(0.14898,-0.0271622)
(0.396478,-0.0951935)
(0.46395,-0.095607)
(0.102883,-0.0535525)
(0.00898537,0.0148859)
(0.413371,-0.111617)
(-0.0644836,0.0953449)
(0.0560096,-0.0416014)
(-0.0457533,0.00734728)
(-0.0429034,-0.00751314)
(-0.0027333,-0.0139142)
(0.258534,-0.11056)
(0.0968131,-0.0554902)
(0.0368697,0.0440571)
(-0.0283093,0.0104734)
(-0.0247224,0.0119538)
(0.0332862,0.0318489)
(0.447421,-0.162268)
(-0.0481138,-0.0304489)
(-0.0373351,-0.00711227)
(-0.00781494,0.01512)
(0.00734407,0.060208)
(-0.011541,-0.0533998)
(-0.0188314,-0.0249455)
(0.0295379,0.0848804)
(0.456132,-0.0998896)
(0.424109,-0.069042)
(0.0274494,-0.0264595)
(0.0115261,-0.0717718)
(0.0204832,0.0268649)
(0.0657872,0.0413334)
(-0.0110397,0.0416231)
(0.135803,-0.0117313)
(0.348997,-0.0955201)
(-0.0251606,-0.037761)
(0.0313256,-0.0636239)
(-0.0312268,0.0322387)
(0.0721033,0.00359296)
(0.0325737,0.0820798)
(0.00993679,0.0226218)
(0.0330289,-0.0347127)
(0.00598195,-0.0599701)
(0.0297742,0.0158509)
(0.00669953,-0.0277325)
(-0.0400921,-0.0675249)
(0.0363623,0.0828807)
(0.0621877,0.0547574)
(-0.0726321,-0.0193944)
(-0.0187967,-0.0853281)
(0.0220782,0.0359243)
(0.0420486,0.0169237)
(0.0524691,0.0121691)
(-0.0544306,0.0372077)
(-0.00531087,0.0435061)
(0.561268,-0.115087)
(-0.0473791,0.0211499)
(0.00994435,0.0161652)
(-0.0925703,-0.0875426)
(-0.110567,-0.0674731)
(0.00578173,0.0227883)
(0.0240592,-0.00410942)
(-0.0558418,-0.0349491)
(0.0587429,-0.018183)
(0.0136845,0.0984116)
(0.0238186,-0.0263179)
(0.464939,-0.135624)
(0.0166651,0.100045)
(0.00857485,0.033615)
(-0.0134399,0.0226221)
(0.0395,-0.00497843)
(0.0426539,0.0130501)
(-0.0353444,-0.0629711)
(0.0241046,-0.0310806)
(0.0536225,-0.046923)
(-0.0482029,-0.0948009)
(0.0159019,0.0360158)
(-0.0517922,0.0181267)
(0.39972,-0.0863169)
(-0.0677664,-0.0187305)
(0.0209823,0.0325798)
(0.0555148,0.0443488)
(-0.0606561,-0.0391933)
(-0.0480768,-0.0138728)
(-0.00493568,-0.00968132)
(0.0764716,0.0373314)
(0.0641253,0.0429239)
(0.0584425,0.0314608)
(-0.0127696,-0.0558331)
(0.0473554,0.0131169)
(-0.071551,-0.0436729)
(-0.0472708,-0.0663634)
(-0.00866002,0.00237123)
(-0.0148909,-0.0120681)
(0.0708784,-0.0233421)
(0.0110457,-0.00542404)
(-0.0433445,-0.0271673)
(-0.0293684,-0.0732638)
(-0.0424936,-0.0464222)
(0.0903116,-0.0427955)
(0.019388,-0.0232585)
(0.208605,-0.13627)
(0.0572576,0.00561763)
(-0.00657648,0.0738947)
(0.0123062,0.0424523)
(0.0212656,0.0177912)
(-0.0808128,0.0797301)
(-0.00699259,-0.0172894)
(0.009951,0.0465859)
(-0.0406263,-0.0113319)
(0.0249207,0.0374504)
(0.0169391,-0.0237182)
(0.0203089,0.0263627)
(-0.0641863,-0.00403993)
(0.0250238,0.0166051)
(0.0389346,0.045743)
(-0.0407422,0.0453731)
(-0.0540969,-0.0256582)
(-0.0759016,-0.0436851)
(0.0306994,-0.00544317)
(0.41236,-0.116026)
(-0.100707,-0.00281288)
(0.595954,-0.124064)
(0.0304966,0.0648647)
(-0.0427916,0.0882733)
(-0.0117249,0.0819208)
(0.00211468,0.00866269)
(0.0625479,0.0504918)
(0.00680818,-0.0536096)
(0.0142954,0.00498204)
(-0.00223271,-0.00678015)
(-0.039002,0.0704098)
(-0.00897212,-0.0279055)
(0.434132,-0.120002)
(-0.0193151,-0.0285492)
(0.0115637,-0.00716627)
(0.0617051,0.0204818)
(0.0445856,-0.0365776)
(-0.0245405,-0.00494659)
(0.427063,-0.0583823)
(0.0458925,-0.0166812)
(0.0213068,-0.0464187)
(0.716828,-0.0815029)
(0.0555894,-0.023275)
(-0.0510848,0.0198487)
(-0.0168087,0.0333064)
(0.0440547,-0.0127691)
(0.390942,-0.0673681)
(0.504627,-0.166554)
(0.532227,-0.0527138)
(0.432227,-0.0820464)
(-0.0368999,0.0162472)
(-0.0620196,0.0247724)
(0.00254779,0.00357756)
(-0.000430622,-0.0586632)
(-0.0196548,0.0212758)
(-0.0590001,0.000551475)
(-0.0689387,-0.022778)
(0.0728737,0.0290531)
(-0.0248404,0.0104158)
(-0.0354732,0.0842864)
(0.015295,-0.015556)
(0.0494341,0.0134293)
(0.0723927,0.0246394)
(0.0613403,0.0286033)
(0.0754303,0.0430621)
(0.0359092,0.0111659)
(0.0783003,-0.0288719)
(-0.0163905,0.0136116)
(-0.0409677,0.0976685)
(-0.00695878,0.0785588)
(-0.00941196,0.0146445)
(-0.036224,0.08268)
(-0.037911,0.0185222)
(-0.00405217,0.0254794)
(0.0331954,0.068375)
(-0.00686486,-0.0168226)
(0.0462794,0.0209921)
(-0.0281723,-0.0321594)
(-0.0609326,-0.0419134)
(0.0659912,0.0405535)
(0.0412015,0.0150223)
(0.0297352,0.0509462)
(0.0410364,-0.0166785)
(0.440445,0.00156294)
(0.0349912,-0.00309975)
(0.551321,-0.12234)
(-0.0311215,0.0894314)
(0.0291748,-0.00572135)
(-0.0483662,0.00231367)
(-0.0682277,0.0640113)
(0.00330202,0.0613443)
(-0.0266143,0.00567904)
(0.0159361,0.0490677)
(0.00824834,-0.0102129)
(0.0256411,-0.0108886)
(0.00699523,-0.00305151)
(-0.00642731,-0.0418892)
(-0.028685,0.0860942)
(0.00927183,-0.0409131)
(0.00474344,0.0352316)
(-0.0613577,-0.0107706)
(-0.0672719,-0.0376694)
(0.0595727,-0.0576098)
(-0.00132669,-0.096141)
(-0.0151194,0.0724515)
(0.00713813,0.0590686)
(0.0448057,-0.0219241)
(0.188174,-0.0765128)
(0.0693195,0.0103937)
(-0.0347925,-0.0401647)
(0.000856528,-0.0338275)
(0.0508462,-0.0418015)
(0.415214,-0.0931478)
(0.00312109,0.0938916)
(-0.0196403,0.0743105)
(0.0164904,-0.0579761)
(-0.0551874,0.0672115)
(0.0555276,0.0214361)
(0.114414,-0.0233526)
(0.256102,-0.106374)
(0.347061,-0.168554)
(-0.0332515,0.0568343)
(-0.0124939,0.036286)
(-0.0837193,0.0269008)
(0.193004,-0.113801)
(0.523808,-0.0717034)
(0.0545241,-0.0211226)
(-0.0517865,-0.0338071)
(-0.00248609,0.0194583)
(-0.0494114,-0.0213805)
(-0.0291675,0.0498055)
(-0.0357556,0.0247032)
(-0.0182352,0.0296686)
(-0.00670856,-0.00625726)
(0.0448014,-0.0186008)
(0.0614265,0.0279629)
(0.504327,-0.104774)
(0.0392053,0.0154737)
(-0.0124428,-0.0317295)
(0.0488333,0.0339076)
(0.00305523,-0.0344305)
(-0.0222659,-0.0504066)
(0.0410292,0.00329809)
(0.0111825,-0.0159963)
(0.25045,-0.164116)
(0.0509533,0.0769801)
(-0.0128161,0.0126952)
(0.0706427,0.0818473)
(0.0285269,-0.0262395)
(-0.027827,0.0370149)
(-0.062799,0.00982511)
(-0.000646207,0.0540011)
(0.271889,-0.088855)
(0.648133,-0.0349161)
(-0.0552003,0.0597493)
(-0.071206,0.00351646)
(0.0160074,0.0202207)
(-0.0700604,0.0587616)
(-0.118675,-0.0136454)
(-0.128003,-0.00929042)
(0.0432127,0.0478697)
(-0.033801,-0.0165725)
(0.0347884,0.0208819)
(0.0787053,-0.0367368)
(0.0318319,-0.0310132)
(0.0404143,-0.00466255)
(-0.0823759,0.00692881)
(-0.0218121,0.0390371)
(0.000731294,0.0634188)
(-0.0365084,0.028855)
(-0.0202708,0.0490083)
(0.0405921,-0.00807958)
(0.0734097,-0.0627126)
(0.0625577,0.0600344)
(0.0848754,0.0263801)
(-0.061854,-0.0464514)
(-0.0647022,-0.0134654)
(-0.0437369,0.00833684)
(-0.0144864,0.0321993)
(0.00502012,0.0101197)
(0.00945805,0.0087766)
(-0.0136071,0.0102208)
(0.0754369,-0.00713132)
(-0.0180009,-0.0426268)
(0.020827,-0.0227901)
(0.0198326,0.0344652)
(-0.0169042,0.0484403)
(0.000845935,0.0822667)
(-0.00448462,0.0277586)
(0.052866,0.00955849)
(0.60796,-0.103615)
(0.0420795,0.0204133)
(-0.0377827,-0.0277676)
(0.00278359,-0.0280197)
(0.0735235,0.0797704)
(0.0149215,-0.0343871)
(0.0431028,-0.0210458)
(0.0523669,0.00770583)
(0.0518591,-0.0577722)
(0.00403882,-0.059641)
(0.0431434,-0.00680602)
(0.00695789,-0.0373814)
(0.0686005,0.0121556)
(0.0450815,0.0378745)
(-0.00566909,0.00249636)
(0.0396369,-0.0161074)
(0.0260918,-0.0275566)
(-0.00370684,-0.027435)
(-0.0202974,-0.0570153)
(-0.0264418,-0.0420494)
(-0.0297687,0.0485556)
(0.00762977,0.00362743)
(-0.00876192,0.0277046)
(-0.0553826,0.0112891)
(-0.028857,-0.00858495)
(-0.00164257,0.0371408)
(-0.0344002,-0.0847643)
(0.0232747,-0.0819931)
(0.00069479,-0.044049)
(0.0269742,-0.031513)
(-0.0165489,0.00681036)
(0.0637456,-0.0380971)
(-0.0527155,0.0254593)
(0.0208455,-0.0651967)
(0.0745415,-0.0294788)
(0.070319,-0.0794277)
(0.00530066,-0.0724926)
(-0.0401975,-0.102351)
(-0.0560787,-0.0114313)
(0.0462761,-0.0441367)
(0.0748341,-0.0326408)
(-0.0497581,0.0650708)
(-0.0867373,0.0349305)
(-0.0170828,0.0522623)
(-0.022973,-0.0129756)
(0.0090574,-6.50648e-05)
(-0.0180608,0.0741663)
(-0.0263622,0.0841797)
(0.0185528,0.0358324)
(-0.0878946,-0.0285329)
(0.0173317,-0.0215157)
(0.0536306,0.0105071)
(-0.0423042,-0.0790412)
(0.0157336,-0.0319913)
(0.455496,-0.0770277)
(0.0139746,-0.0702543)
(0.0319863,0.00691013)
(-0.0118848,0.0413555)
(-0.0315899,-0.0207572)
(0.0288668,0.033399)
(0.0268245,0.034673)
(0.0472794,0.0516546)
(0.0369908,0.0157343)
(0.0544045,-0.00542288)
(0.0106475,0.0100939)
(0.0289336,0.0100311)
(0.042925,-0.00454196)
(0.0369177,0.0191737)
(-0.047557,0.0484764)
(-0.00841821,0.0224929)
(0.0544651,0.0471195)
(0.0752873,0.0179725)
(-0.0322878,0.0542924)
(0.0336982,0.0244285)
(-0.040723,0.0197153)
(-0.00836712,-0.0686947)
(-0.0177381,-0.0491649)
(-0.0289206,-0.104761)
(0.0843722,0.00321613)
(0.518084,-0.127555)
(0.493303,-0.0764229)
(0.0117384,0.114128)
(0.4713,-0.0485411)
(0.0422326,-0.0683116)
(0.451376,-0.064188)
(0.25879,-0.124728)
(-0.0189218,0.0324229)
(0.500205,-0.148554)
(0.57174,-0.0906308)
(0.556073,-0.0592446)
(-0.022784,0.0706143)
(-0.0405579,0.0328573)
(-0.0350028,-0.000861021)
(-0.0505378,0.0136897)
(0.0281278,0.0474766)
(-0.0213791,0.00878278)
(-0.0237656,0.0206589)
(-0.0441688,0.0265368)
(-0.0397042,0.00235596)
(0.00329558,-0.0613603)
(0.0286565,-0.00455612)
(0.0252079,-0.0365899)
(-0.0297746,0.0382997)
(-0.0394722,-0.000113466)
(0.030768,0.046822)
(-0.0349298,-0.0731579)
(-0.0560591,0.078011)
(-0.0205728,0.0276972)
(0.0071202,0.0396949)
(0.0197186,-0.0248662)
(-0.0393391,-0.0754386)
(-0.00531502,0.0392829)
(-0.0358614,-0.0291037)
(0.0256096,-0.015302)
(-0.00576357,0.0219861)
(0.0318286,-0.00103121)
(0.0594033,0.0779446)
(-0.0133133,-0.016026)
(0.00752449,0.0224177)
(-0.0112073,-0.0283498)
(0.0108734,0.034188)
(-0.0129692,-0.0171419)
(-0.0097293,-0.0181213)
(-0.0274129,-0.0479119)
(-0.0124532,-0.0274954)
(-0.0192717,-0.080499)
(-0.00240792,0.01358)
(0.524788,-0.255752)
(0.0143496,-0.0258735)
(-0.00323054,0.0224157)
(0.0114991,0.0152977)
(0.00456429,-0.0177892)
(0.00073604,0.051309)
(-0.0124645,0.0457635)
(0.469406,-0.159134)
(0.659529,-0.213736)
(0.426833,-0.148074)
(-0.0228309,-0.00126104)
(0.407275,-0.118606)
(-0.00384718,0.0224781)
(0.0778616,-0.0175711)
(0.00820391,0.0275869)
(0.0262878,0.0047103)
(0.208871,-0.0718482)
(0.0148134,0.0275418)
(-0.0019221,0.0506653)
(-0.0166974,0.037322)
(0.125379,-0.0433553)
(0.0253127,-0.0056794)
(-0.11425,-0.0219299)
(0.44825,-0.0628938)
(0.00422069,-0.00905104)
(-0.0343008,0.0222184)
(-0.000262831,0.026902)
(0.0296965,0.0342515)
(0.0271386,-0.0230784)
(0.0018448,0.0513908)
(0.064441,-0.0601766)
(-0.00684129,0.0442508)
(0.0541345,0.0228984)
(0.186181,-0.043523)
(0.073397,0.0293288)
(0.0323566,0.000715389)
(-0.0378307,0.0496002)
(-0.0803384,0.023726)
(0.0107672,0.04372)
(0.0297972,-0.00406308)
(0.000445655,-0.0391344)
(-0.0492453,0.0336188)
(0.000399328,-0.0124964)
(0.00885248,-0.00698082)
(0.00346278,0.0304262)
(-0.0140037,0.0517401)
(0.0540469,0.0514978)
(0.0167975,0.0556627)
(0.00896559,0.0505235)
(0.0242234,-0.00486619)
(0.0219639,-0.00244919)
(0.00899717,-0.114148)
(0.0246499,0.0347993)
(-0.0529177,-0.0118869)
(0.0326626,0.093923)
(0.0101783,0.047359)
(0.0162558,-0.127366)
(0.0850375,0.0478982)
(-0.00483369,0.0405895)
(0.0573733,-0.0928577)
(0.0161686,0.0328389)
(-0.0421653,-0.0225222)
(-0.0190693,-0.0459493)
(-0.00184544,0.0270136)
(-0.05753,-0.0315189)
(-0.0660354,-0.0117087)
(0.0493625,0.0408616)
(-0.0229591,-0.0359149)
(-0.0864401,0.0686458)
(-0.00183766,0.00279759)
(0.00832821,0.0263278)
(-0.0104292,0.0207854)
(0.0321316,0.00512002)
(-0.000552437,0.0324553)
(0.113605,-0.0766379)
(0.0782998,0.0025388)
(-0.0360098,-0.0766449)
(-0.0117144,0.041923)
(-0.0544816,-0.0976493)
(0.0106613,0.0873928)
(-0.0360091,0.0199147)
(0.0736113,0.0632992)
(0.0673495,0.0635707)
(0.00798405,-0.0429596)
(0.0208244,0.0527767)
(-0.0453705,0.0107686)
(-0.0238608,0.073998)
(0.00702679,0.00403867)
(-0.0294877,-0.0317081)
(0.0132308,-0.068804)
(0.0909927,-0.0252956)
(0.0356574,0.0244217)
(0.0224416,0.0629059)
(-0.0537872,0.0552312)
(-0.0562242,-0.0194655)
(0.00637144,-0.038776)
(0.0379747,0.00897251)
(0.0607715,-0.044974)
(0.433059,-0.0955852)
(0.00431673,0.013209)
(-0.0556467,-0.043325)
(-0.00480714,-0.0211779)
(-0.0338179,-0.0139673)
(-0.00113696,-0.0509507)
(0.0348066,-0.0341218)
(-0.0479182,0.0135822)
(0.0330654,-0.0443519)
(0.551655,-0.155736)
(0.0145066,-0.0875092)
(0.0433383,0.00348028)
(0.047789,-0.0649504)
(0.509866,-0.126859)
(-0.0254417,-0.0190815)
(-0.0156997,-0.0207418)
(0.0383597,0.0150041)
(-0.0151744,-0.0144576)
(-0.00982163,0.00153438)
(0.00688107,-0.0106412)
(-0.045858,-0.0228754)
(0.313629,-0.0703906)
(0.178721,-0.0681678)
(0.0163424,0.0111582)
(-0.017837,0.0295804)
(-0.044024,-0.0577789)
(0.0405126,0.0557706)
(-0.0106981,-0.077497)
(0.409616,-0.0421281)
(-0.0554909,-0.0224411)
(-0.00810304,-0.00711286)
(0.0103216,0.00756219)
(0.0313598,-0.000130427)
(0.0674584,-0.0251074)
(0.00320832,-1.27394e-05)
(0.494048,-0.0952984)
(0.000772942,-0.0229038)
(0.509358,-0.116788)
(-0.0359882,0.065981)
(-0.03691,0.0137104)
(-0.0163427,-0.0499359)
(0.0351798,0.0397207)
(0.460821,-0.212121)
(0.10318,-0.0272907)
(0.26099,-0.138061)
(0.044149,0.00249278)
(-0.0190779,0.0233755)
(-0.0552891,0.00876382)
(0.204266,-0.0463046)
(0.244237,-0.0854659)
(-0.00833682,0.0226432)
(-0.00752528,-0.0107464)
(0.304906,-0.140826)
(-0.0199231,0.0204308)
(-0.0656679,-0.0267215)
(0.228146,-0.103922)
(-0.0425503,0.024774)
(0.0125522,0.00906739)
(0.339693,-0.0587957)
(-0.0770316,-0.0208157)
(0.159635,-0.00982226)
(0.216162,-0.0674569)
(-0.00333488,0.0773659)
(0.240164,0.00152002)
(0.0600952,-0.0632187)
(0.00488479,-0.0574315)
(-0.00186473,0.0635092)
(-0.0449542,0.0590923)
(-0.0254519,0.0157621)
(0.0573644,-0.0418877)
(0.0298252,-0.0407723)
(0.0366125,0.0431509)
(-0.0169735,0.0514216)
(0.0497395,0.0475398)
(-0.0348907,-0.00770321)
(0.0694308,0.0420471)
(-0.0958981,0.026759)
(-0.0367188,0.0163457)
(-0.0394307,0.00903351)
(-0.0234309,-0.0333206)
(-0.0500858,0.00758205)
(0.309892,-0.0654342)
(0.0129766,0.073701)
(0.0323997,0.0623111)
(0.109949,-0.0482894)
(-0.106033,0.0387765)
(-0.0634004,0.0513767)
(0.537662,-0.0630082)
(-0.0037938,0.0130505)
(0.538371,-0.120032)
(0.00628341,-0.0171423)
(0.0190956,0.0400876)
(0.159302,-0.0861815)
(-0.00973265,-0.00794625)
(0.0304705,0.0307415)
(0.460399,-0.101024)
(-0.0192066,-0.0149494)
(0.0708061,0.041628)
(0.0110173,0.00337286)
(0.0250185,0.06257)
(0.118831,-5.77068e-05)
(0.0514836,-0.0454601)
(0.0701591,-0.0657462)
(0.0599128,-0.0108795)
(-0.101405,-0.0408419)
(0.215034,-0.142576)
(0.0217435,0.0421692)
(0.279385,-0.143645)
(-0.0254322,-0.0632651)
(-0.0421586,-0.0237062)
(0.463756,-0.102725)
(-0.0591079,0.08723)
(0.00637073,0.0521283)
(-0.031329,-0.00979099)
(0.401594,-0.0734994)
(-0.00634705,-0.0197048)
(-0.0532161,-0.0463532)
(0.054195,0.0282899)
(0.000853353,0.0384872)
(0.0409577,0.0306819)
(0.0707832,-0.00259049)
(-0.113201,0.0225329)
(0.00787087,-0.00195397)
(-0.0374805,0.0390123)
(0.0407562,-0.0498492)
(-0.0695853,0.0336871)
(-0.00139708,0.0358746)
(0.0717529,0.0222559)
(0.0594714,0.0321053)
(0.0135175,-0.0463405)
(-0.0352079,-0.0190494)
(-0.000979688,-0.0777873)
(-0.00727483,-0.00118022)
(0.00110744,-0.0446208)
(-0.0185493,0.00952305)
(0.0492552,0.0221726)
(0.0693966,0.0152947)
(0.0430964,0.075517)
(0.00677467,0.0208536)
(-0.00261323,0.0406618)
(-0.0215095,-0.0726814)
(-0.0561187,-0.100341)
(-0.0703924,-0.098507)
(-0.0575433,-0.0379629)
(0.00690142,-0.00478328)
(0.0179832,-0.03484)
(0.013208,0.013765)
(0.464427,-0.100948)
(-0.0594214,0.00521913)
(0.035211,0.0119188)
(0.00634189,0.0124759)
(0.436455,-0.0526604)
(0.0445362,-0.00107172)
(0.0248799,-0.0165773)
(-0.0178755,-0.0276798)
(-0.00409286,0.0101606)
(0.0248343,-0.00845693)
(-0.0055933,-0.0358594)
(0.00862716,0.00339912)
(0.395465,-0.0951636)
(0.031218,-0.00755696)
(-0.0724387,0.00941873)
(0.624215,-0.126999)
(0.0109808,-0.0215749)
(-0.00595261,0.00575963)
(0.0219654,-0.0245688)
(0.490751,-0.0767732)
(0.0374023,0.0269)
(-0.0370681,-0.0243803)
(-0.00902315,-0.0453733)
(-0.126071,-0.00397543)
(-0.0179452,-0.0184327)
(-0.0700907,-0.0534074)
(0.00589529,-0.0618516)
(-0.00473326,0.0231375)
(-0.00728869,-0.0346735)
(-0.0153389,-0.0613925)
(0.016901,-0.0492131)
(0.430438,-0.0710111)
(0.0491099,0.00596133)
(-0.0346705,0.0257474)
(-0.0194941,-0.027257)
(-0.0050471,0.00382092)
(0.00857598,-0.061794)
(-0.010679,0.0747168)
(-0.0236116,-0.0389439)
(-0.0150851,-0.00806192)
(0.00807498,-0.0703738)
(-0.000229833,0.0439771)
(0.0045655,0.0694567)
(0.458609,-0.0794493)
(0.00845697,-0.00835021)
(0.0197974,-0.00736399)
(-0.0215083,0.0359736)
(0.0274246,-0.0177887)
(-0.046264,0.0720316)
(-0.00317005,0.00824022)
(0.140395,-0.183756)
(0.187546,-0.105072)
(0.115709,-0.144831)
(0.00886538,0.00657867)
(-0.00553906,0.0242559)
(0.599055,-0.161343)
(0.345496,-0.120824)
(-0.0241038,0.00359862)
(0.409646,-0.0949651)
(0.475744,-0.0723109)
(0.197291,-0.109531)
(0.0534545,-0.00627989)
(0.0327693,-0.018968)
(0.0550686,0.0448515)
(0.115583,-0.00233553)
(0.0147473,0.0484942)
(0.00664669,0.0450324)
(-0.0669262,0.00356901)
(0.0784489,0.00344738)
(-0.088653,0.00618506)
(-0.0292514,-0.0285784)
(0.0549697,-0.0132142)
(0.457947,-0.116789)
(-0.0273672,0.0334217)
(-0.0022024,0.01285)
(-0.0362858,0.0145055)
(0.565658,-0.10089)
(-0.0414739,0.0662047)
(-0.0172369,-0.00842661)
(0.509838,-0.146366)
(0.509755,-0.0970968)
(-0.0378747,0.0234375)
(0.342682,-0.0885425)
(-0.00484714,0.0364167)
(-0.0256234,0.0694821)
(0.471788,0.00493144)
(0.269228,-0.082726)
(0.407926,-0.108538)
(0.46918,-0.0531715)
(0.0172561,-0.00602953)
(0.745922,-0.0296578)
(-0.0438323,-0.000477231)
(-0.0204734,0.0795212)
(0.0571634,-0.012579)
(0.171793,-0.0796517)
(-0.0413272,0.0425685)
(0.0939058,-0.0775898)
(0.0064045,-0.00298346)
(0.0171722,-0.00194944)
(0.0309904,-0.0112732)
(0.0125905,-0.00624219)
(0.0608698,0.000774204)
(-0.00697345,0.0383367)
(0.071671,0.036887)
(0.111503,-0.0506613)
(-0.0591153,0.00612232)
(0.0113699,-0.0535436)
(0.0171338,0.0604678)
(0.0108836,0.0452598)
(0.0253026,0.0204385)
(0.458846,-0.0572467)
(-0.0340215,0.0809818)
(0.027329,0.00271879)
(-0.00855174,-0.0141275)
(-0.0188371,0.0327113)
(0.0427505,0.00430586)
(0.017322,0.0427541)
(-0.0460809,-0.0842627)
(-0.0269409,-0.00562704)
(0.550986,-0.0749141)
(-0.0230122,0.00935921)
(0.345394,-0.0331037)
(0.00291471,0.0169816)
(0.0546578,0.0337944)
(0.00239425,0.000564456)
(0.0847336,-0.0365936)
(-0.032145,-0.018035)
(0.0142165,-0.0922717)
(0.0138325,-0.0296858)
(-0.0123077,-0.0374369)
(0.0219407,0.0119679)
(0.0320892,-0.0309555)
(0.0683545,-0.000691025)
(0.0367795,0.0273415)
(0.441195,-0.123087)
(0.305081,-0.0656725)
(-0.0175652,-0.00785878)
(0.0387934,-0.0372143)
(0.0237341,-0.0105804)
(0.0639097,-0.0407553)
(0.45855,-0.131004)
(0.0373076,0.0184869)
(0.0721931,-0.0137042)
(0.0897913,0.0149466)
(0.0740917,-0.0210995)
(0.304519,-0.135844)
(0.0410323,-0.000101005)
(-0.0333167,0.00386341)
(-0.0249355,0.00680361)
(-0.00972097,0.0213956)
(0.484703,-0.0663925)
(0.0315132,-0.0194075)
(-0.0312299,-0.00690761)
(0.0261517,0.0540777)
(0.0291035,0.0104074)
(0.0178234,0.00057991)
(0.481328,-0.0797362)
(0.415005,-0.150407)
(0.668451,-0.0568509)
(0.0295033,-0.0658331)
(0.020563,0.000862361)
(0.498762,-0.05937)
(0.0388207,-0.013432)
(0.0970099,-0.0583151)
(0.2955,-0.173558)
(-0.0569877,-0.0242005)
(-0.0583177,0.0168652)
(-0.0538086,-0.00193489)
(-0.0426124,0.0477017)
(-0.0275338,0.0412606)
(0.170248,-0.0685243)
(0.191598,-0.13417)
(0.283573,-0.155034)
(0.287827,-0.0567259)
(0.635263,-0.144246)
(-0.0181859,-0.040984)
(-0.0565963,0.0032905)
(-0.0331294,0.0110416)
(0.117853,0.0804104)
(0.538526,-0.0647189)
(0.544492,-0.111703)
(0.00733191,0.0057588)
(-0.0296173,-0.0468154)
(-0.0121254,-0.0231843)
(0.599247,-0.203273)
(0.0235048,0.0712276)
(0.0627113,0.0291385)
(-0.0421743,-0.00531674)
(0.632594,-0.0767925)
(0.0547437,0.0382783)
(-0.0265687,0.0506021)
(0.577875,-0.133428)
(0.525833,-0.136303)
(-0.0187312,0.0193772)
(-0.0189369,0.00144527)
(-0.0322811,-0.037236)
(-0.00462699,-0.033914)
(0.0276384,-0.00265643)
(-0.000939289,-0.013302)
(0.0166605,0.0118633)
(0.462665,-0.150883)
(0.694412,-0.0147743)
(0.610549,-0.131727)
(0.550142,-0.0600712)
(0.453885,-0.113264)
(0.179086,-0.10048)
(0.270907,-0.0361205)
(0.199095,-0.0733675)
(0.165149,-0.0944987)
(-0.0253902,-0.0376365)
(0.0199008,-0.0580141)
(0.297375,-0.0602106)
(0.547799,-0.150902)
(0.54675,-0.10056)
(0.443677,-0.0474069)
(0.519639,-0.143911)
(0.00309571,0.0301371)
(0.53367,-0.0633209)
(-0.0291863,0.0759497)
(0.0246206,-0.0390951)
(-0.030632,-0.0459726)
(0.00115617,0.0597206)
(-0.0554312,-0.022357)
(-0.0102114,-0.0948452)
(-0.00207875,0.0114551)
(0.0304074,-0.0405302)
(0.0301043,0.0613835)
(0.414394,-0.0935335)
(-0.0166962,-0.0579175)
(0.468912,-0.200285)
(0.466508,-0.0105751)
(0.448806,-0.147654)
(-0.0365129,-0.00676416)
(0.0654959,0.0458432)
(-0.00775975,0.0276286)
(0.568395,-0.10779)
(-0.0271919,-0.0339778)
(0.0203639,0.0013808)
(0.308279,-0.128907)
(0.240387,-0.135714)
(0.515767,-0.0789128)
(0.369998,-0.0551939)
(0.602873,-0.213341)
(0.490527,0.0321857)
(-0.0155258,-0.0560626)
(-0.0168998,-0.0675265)
(0.0125817,0.0125058)
(0.0241004,0.0736811)
(0.0157706,0.0775889)
(-0.0169868,-0.0286929)
(0.0151197,0.00531059)
(0.279476,-0.110943)
(0.206736,-0.0369463)
(-0.0349335,-0.000842961)
(0.194879,-0.0305991)
(-0.00744944,-0.0179042)
(0.453214,-0.141684)
(0.567914,-0.037515)
(-0.056211,0.0301009)
(0.0209245,0.0432596)
(0.0560548,0.000613089)
(0.0831756,-0.0321841)
(0.430164,-0.185671)
(0.0265114,-0.0597853)
(0.126051,-0.0733268)
(-0.0464341,0.0775969)
(0.278127,-0.146197)
(0.0108828,0.0647508)
(0.342366,-0.0845163)
(-0.00293386,0.0533582)
(0.0281617,0.028605)
(0.0244662,0.00147527)
(0.0196921,0.0283304)
(0.502532,-0.0701338)
(-0.0114402,0.0367129)
(0.503178,-0.131878)
(0.468619,-0.0910954)
(0.00219133,0.00239485)
(0.515123,-0.0299644)
(0.575725,-0.0193985)
(0.551606,0.0164162)
(0.0233089,0.023622)
(0.46852,-0.138534)
(-0.0504597,0.053234)
(-0.0479563,0.0337015)
(-0.0434278,0.0593347)
(-0.0332697,-0.0100108)
(-0.0188675,0.062606)
(-0.0270326,-0.0173266)
(-0.06473,0.0303786)
(0.711319,-0.0166918)
(-0.0398607,0.0144857)
(0.0844534,-0.0236756)
(0.404826,-0.113475)
(0.449773,-0.0905199)
(-9.441e-05,0.00328036)
(0.0612387,-0.0113589)
(-0.0238939,-0.00766324)
(0.409031,-0.157304)
(-0.0474723,0.0102629)
(0.475123,-0.211126)
(0.368984,-0.122609)
(-0.055936,-0.0176782)
(-0.00181297,-0.00302973)
(0.536179,-0.0227295)
(-0.0506778,-0.0161341)
(-0.0165063,-0.0314315)
(-0.0211297,0.0493225)
(0.440449,-0.107403)
(0.460269,-0.100486)
(0.204018,-0.106449)
(0.441008,-0.132615)
(0.504216,-0.0756863)
(0.0893004,-0.02742)
(0.492902,-0.101533)
(0.57246,-0.0459314)
(0.026954,-0.109098)
(0.503812,-0.0320998)
(0.0730198,0.0498007)
(0.498199,-0.0682704)
(0.0889821,-0.0218249)
(-0.0227393,0.0548084)
(-0.0339417,-0.018532)
(0.0527502,0.0361133)
(-0.00011022,0.0862097)
(0.0506565,0.0871119)
(-0.00240071,0.0730776)
(0.0367164,0.0314392)
(0.11939,-0.0881854)
(0.0251867,0.0132304)
(-0.0122511,-0.0167871)
(0.0321039,0.035354)
(0.0125769,-0.0142614)
(0.0137589,0.0153642)
(0.0471926,-0.00262445)
(-0.00712963,0.0619247)
(0.126257,-0.0823901)
(-0.0265117,0.0351771)
(0.0442663,-0.00269949)
(0.629486,-0.0721396)
(0.352099,-0.17478)
(-0.0285811,0.0170054)
(0.0868687,0.135321)
(-0.00242424,0.112742)
(0.130794,0.0218568)
(-0.0498263,-0.00263727)
(0.0870993,0.00212832)
(0.207402,-0.0745048)
(0.625398,-0.14817)
(0.574491,-0.124246)
(0.0173725,0.0715875)
(0.0411516,-0.0263767)
(0.542088,-0.139242)
(0.00571009,0.0292392)
(0.0417035,0.00420707)
(0.0814935,-0.0294888)
(0.514004,-0.0393396)
(0.0756167,-0.0718519)
(0.247804,-0.170997)
(0.000435874,-0.0146421)
(0.117918,-0.119005)
(0.189928,-0.0925531)
(0.288989,-0.0445778)
(0.349942,-0.103902)
(0.0933151,0.028777)
(-0.0384268,0.0361225)
(0.386312,-0.12302)
(-0.0221335,0.0678948)
(0.0260986,-0.00917398)
(0.0263439,-0.0295712)
(0.4759,-0.152783)
(0.0151839,-0.0303544)
(0.447767,-0.108099)
(0.0450673,-0.0241992)
(0.0159354,0.0302222)
(-0.0300421,-0.0155562)
(-0.0190616,0.0482186)
(-0.017315,0.0236044)
(0.00520754,0.0320645)
(0.0313019,0.0239362)
(-0.0315249,0.0226294)
(-0.0129967,0.0521005)
(0.51496,-0.119007)
(-0.00924865,-0.0128098)
(0.0502592,0.00809017)
(0.510411,-0.0531756)
(0.0876957,0.00184632)
(-0.021333,0.0345539)
(-0.0128183,0.0105245)
(-0.0123687,0.0292363)
(-0.0525474,0.0410235)
(0.138471,-0.0965815)
(0.0125863,0.0715556)
(-0.0436858,-0.0472399)
(-0.0401168,-0.0771806)
(0.0384899,-0.00802896)
(-0.0423383,-0.0409997)
(0.500537,0.00796185)
(-0.0408365,0.0676011)
(0.663036,-0.130584)
(0.330891,-0.127484)
(0.512655,0.0391559)
(-0.0381425,-0.0112871)
(0.39247,-0.0407863)
(0.430864,-0.143725)
(0.412396,-0.0598546)
(-0.0573934,0.0408374)
(0.0203793,0.0555956)
(-0.0520391,0.0675217)
(-0.0148093,0.0252604)
(0.551897,-0.160386)
(0.572562,-0.111972)
(-0.0256721,-0.00938032)
(-0.0312286,0.0123817)
(-0.00179383,0.0111603)
(0.0490396,0.00871068)
(0.345346,-0.0696233)
(0.0549068,-0.00589672)
(0.0508015,0.0220586)
(0.0261144,0.0317229)
(0.0845843,-0.00802857)
(0.389634,-0.0789815)
(-0.0528468,-0.0796554)
(0.46573,-0.0399642)
(0.00778263,0.0133651)
(0.0497026,0.0622716)
(0.0828157,0.0325383)
(0.632897,-0.169825)
(0.0120021,0.0154856)
(0.299288,-0.112679)
(0.545215,-0.138026)
(-0.0398001,0.00479642)
(0.00469507,0.0337143)
(0.0612311,-0.0926193)
(-0.0256743,0.0601896)
(-0.068194,0.0280534)
(0.0137829,-0.118666)
(0.365592,-0.171329)
(0.255101,-0.20072)
(0.0552542,-0.0368898)
(0.0106631,-0.019307)
(0.0181337,-0.0061124)
(-0.096131,0.0532147)
(-0.00425576,-0.00512175)
(0.00453743,-0.0450014)
(0.410024,-0.0860144)
(0.510492,-0.0962209)
(0.621457,-0.0834196)
(-0.0124753,-0.0472382)
(0.373241,-0.0712071)
(-0.0316499,0.0247087)
(0.0452742,0.0301816)
(0.0360378,0.0207958)
(0.0253869,0.128452)
(-0.00451244,0.0268337)
(0.065466,-0.05524)
(0.266657,-0.0851159)
(0.577604,-0.115391)
(0.547277,-0.145522)
(0.0731783,-0.0696389)
(0.530429,-0.172327)
(0.0112108,-0.104857)
(0.408701,-0.168742)
(0.461977,-0.0696451)
(-0.00491065,-0.0937789)
(0.481177,-0.11663)
(0.428052,-0.137108)
(0.524695,-0.144698)
(0.412777,-0.115949)
(0.51649,-0.0931133)
(0.102366,-0.0447587)
(0.252293,-0.124587)
(0.204633,-0.0315037)
(0.430416,-0.0774449)
(0.0251531,-0.044117)
(0.524822,-0.0568902)
(0.382652,-0.137909)
(0.00721041,-0.00267091)
(-0.0610672,0.00872563)
(-0.0755222,0.0710308)
(-0.0633651,-0.0378365)
(0.412777,-0.155046)
(-0.0187415,0.0160938)
(0.464577,-0.140398)
(-0.000149866,0.000398681)
(0.265924,-0.0532702)
(-0.00971822,-0.0502714)
(-0.0228063,-0.0469129)
(0.446712,-0.112161)
(0.0515575,0.0734744)
(0.085856,-0.0833455)
(0.514437,-0.170005)
(0.0551687,-0.0455039)
(-0.00608052,-0.0539513)
(-0.0522244,0.0171589)
(-0.0653451,-0.03631)
(-0.0312376,0.0137875)
(-0.0126228,0.00353222)
(0.532,-0.156699)
(0.566626,-0.20216)
(0.410525,-0.10689)
(-0.0246401,-0.0985915)
(0.00916211,0.065679)
(0.34956,-0.179802)
(-0.0238454,0.0393075)
(0.00634715,-0.00558572)
(0.0275059,-0.034744)
(-0.022155,-0.0353416)
(0.529688,-0.116905)
(0.436225,-0.0612795)
(0.480608,-0.0957125)
(0.406168,-0.0401533)
(0.394426,-0.0817312)
(-0.0896783,-0.00805693)
(0.422866,-0.0161636)
(0.301646,-0.10096)
(-0.0648263,-0.0848165)
(0.349729,-0.0955823)
(0.493385,-0.143812)
(0.0336748,-0.0671264)
(-2.31874e-05,0.0703331)
(0.543308,-0.125024)
(0.00573982,0.0143026)
(0.0304844,-0.0253377)
(0.428463,-0.12815)
(0.0535684,0.0007401)
(-0.0257032,-0.0408704)
(0.0503549,0.0419571)
(0.069423,-0.0265392)
(0.508999,-0.0463815)
(-0.027341,0.0222664)
(-0.0684576,0.0764948)
(-0.00527215,0.0270708)
(0.39153,-0.0622969)
(-0.0277935,0.045848)
(0.0202348,0.0289284)
(-0.0334638,0.0687636)
(0.098411,-0.0475016)
(-0.0532361,-0.0857102)
(0.0434452,0.00908924)
(0.10222,0.0276276)
(0.11433,0.00811687)
(0.0159753,0.0465906)
(0.0755556,0.0657721)
(0.0877314,0.0569484)
(0.468402,-0.103105)
(-0.0592456,0.0404043)
(0.522419,-0.0351844)
(-0.0248115,-0.00405153)
(-0.0123826,-0.0568004)
(0.19112,-0.0974319)
(0.5336,-0.140457)
(0.32338,-0.106517)
(-0.037655,0.0473912)
(-0.010412,-0.0282813)
(0.0456949,-0.0158792)
(0.0285852,-0.0343351)
(-0.0106177,0.00351834)
(-0.0312375,0.0267175)
(-0.0507952,-0.0199264)
(0.021413,0.0287766)
(-0.0777812,0.00300678)
(0.00340581,0.0552813)
(-0.00749244,-0.0143941)
(0.424456,0.040095)
(0.00508411,0.0565193)
(0.0682785,0.00651472)
(0.024202,0.00634391)
(0.036293,0.0238533)
(0.187966,-0.0470577)
(0.124628,-0.0670231)
(-0.0267939,0.0403262)
(0.110977,-0.114976)
(0.562675,-0.0866084)
(-0.0555705,-0.0779652)
(0.450533,-0.0921698)
(-0.033529,-0.130739)
(-0.00916453,0.0235281)
(0.0950088,-0.0258664)
(0.0414507,-0.0597088)
(0.0850604,-0.0335116)
(-0.0498755,0.0154932)
(0.03148,-0.014545)
(-0.0568451,-0.0236805)
(-0.0122362,0.0592828)
(-0.00806473,-0.00143859)
(0.337939,-0.150515)
(0.349874,-0.145314)
(0.0221156,0.00615085)
(0.176742,-0.0399706)
(0.200422,-0.0580368)
(0.582919,-0.102975)
(0.00647435,-0.0036365)
(0.0986141,-0.0292988)
(0.484648,-0.145306)
(0.128492,-0.01229)
(0.114519,-0.0706394)
(-0.0460696,-0.043254)
(-0.0135403,-0.0644315)
(0.0971782,-0.0238419)
(-0.0362476,-0.0186159)
(0.444319,-0.0504623)
(0.374721,-0.129428)
(0.0191976,-0.0012811)
(0.0514599,0.00595818)
(0.169537,-0.0932141)
(0.0536736,-0.0483578)
(0.128059,-0.0552343)
(-0.00175399,0.0400103)
