1620
(-0.0227334,-0.132448)
(-0.0224784,0.0470504)
(0.0537827,0.0628828)
(0.0173233,-0.149368)
(0.000114989,-0.0240063)
(-0.0359592,0.0484619)
(0.0391692,0.0718907)
(-0.0157534,-0.00664812)
(-0.00299059,0.0248548)
(-0.000174314,0.0379236)
(-0.0505001,0.0294982)
(0.00133882,0.0140908)
(0.0284196,-0.0346889)
(-0.020567,0.00190643)
(-0.0174494,0.05413)
(-0.0300312,0.0303577)
(-0.0192348,-0.0797831)
(0.00419899,0.0321075)
(0.0167878,0.0207353)
(-0.02117,-0.00370276)
(-0.0219137,-0.0177477)
(0.00906408,0.0250877)
(-0.0641921,0.0170762)
(-0.0196183,-0.0578649)
(0.00234673,0.036895)
(0.0215536,0.012378)
(-0.0324782,0.00111983)
(0.0773937,-0.0632449)
(-0.0217945,-0.00787049)
(0.0560289,-0.00926444)
(0.0314804,0.0774642)
(0.0450707,-0.0238985)
(0.00499411,0.0471127)
(-0.104801,0.0358454)
(0.061515,0.0272404)
(0.0146144,0.068066)
(0.0695402,-0.0182703)
(-0.00760974,0.0371505)
(-0.0394657,0.00644943)
(0.0374735,-0.00129609)
(0.041381,-0.082595)
(0.0734143,0.0113772)
(0.0642825,0.0289379)
(0.129694,0.00624674)
(-0.0362928,0.0664976)
(0.132516,-0.0194012)
(0.0908788,-0.0203665)
(-0.0194742,-0.00390067)
(0.0501023,-0.0577848)
(-0.0135046,-0.0254175)
(0.0455447,0.00468081)
(0.09832,-0.0226252)
(0.0151066,0.0161356)
(0.0207528,-0.00173029)
(0.00153252,0.032568)
(-0.0169081,0.02827)
(0.0481798,0.0343783)
(0.0488383,0.0752459)
(-0.0154615,-0.0490486)
(0.0569605,-0.0398048)
(-0.0383719,-0.0221497)
(0.16781,-0.0633317)
(-0.0191267,-0.00203696)
(0.389121,-0.0901063)
(-0.0257727,-0.00762695)
(-0.0176066,0.0287665)
(-0.00507329,-0.00678279)
(0.0248274,0.0125818)
(-0.000127879,0.14509)
(-0.0434813,-0.0662588)
(0.0128677,0.0483923)
(0.00736142,0.0442477)
(-0.0346608,0.0722175)
(-0.0470171,0.0337006)
(0.00788323,-0.0172056)
(-0.087944,0.0734782)
(0.018316,-0.0305585)
(0.00437725,-0.0512964)
(-0.0192778,0.00548831)
(0.0831842,-0.0355506)
(-0.0196115,-0.0619096)
(0.0129917,0.0119268)
(0.0264344,-0.0666321)
(0.0201249,-0.0160984)
(0.0342957,0.0215106)
(0.0271653,0.030057)
(-0.0325753,-0.0528872)
(-0.0405915,0.0188409)
(0.0837108,0.0219182)
(0.0382317,-0.0135503)
(-0.116192,-0.0141171)
(-0.0197651,0.025304)
(0.455319,-0.0615314)
(0.00987074,0.101535)
(-0.0231128,0.0614858)
(0.576792,-0.00539494)
(-0.0545157,0.0574884)
(0.442093,-0.142755)
(-0.00700183,-0.09959)
(-0.0421508,-0.0878451)
(0.053825,0.0195372)
(-0.0722594,-0.00847753)
(0.0479333,-0.0731062)
(0.00104545,-0.0291129)
(-0.024681,-0.11401)
(0.446996,-0.104805)
(0.035496,0.0751333)
(-0.070281,-0.0103958)
(0.0127512,0.0187699)
(0.0407471,0.0720881)
(0.00541813,0.0287374)
(0.71151,-0.130598)
(0.366783,-0.0471394)
(-0.00989859,-0.0129925)
(0.489993,-0.0467783)
(0.0113459,0.10907)
(-0.00583155,0.07775)
(0.639788,-0.0784706)
(0.00398938,0.0190379)
(0.488891,-0.0693438)
(0.442019,-0.0663206)
(0.0229329,0.0358505)
(0.38938,-0.0708204)
(0.283686,-0.116085)
(0.281519,-0.0767471)
(-0.0046057,-0.0245173)
(0.0478009,-0.0362206)
(0.000244566,0.0380519)
(0.352997,-0.128885)
(0.0856115,0.0719847)
(0.112586,0.0969916)
(0.00965105,-0.00792071)
(-0.0060664,-0.047481)
(0.00432467,0.0260403)
(0.00262278,0.018245)
(0.0205667,0.0288675)
(-0.0551195,0.00626456)
(0.00537124,0.0296205)
(0.384256,-0.0917182)
(0.0369604,-0.0192766)
(0.0214385,0.0392122)
(-0.0154952,0.0581905)
(0.0205077,-0.0160696)
(0.0465778,-0.074083)
(0.0901198,-0.0870371)
(0.0258659,-0.100715)
(0.014856,0.000753139)
(0.426636,-0.0836709)
(0.482036,-0.100294)
(-0.0567426,0.00430822)
(0.482694,-0.150539)
(0.192749,-0.0674757)
(0.542781,-0.0268783)
(0.462501,-0.122428)
(0.476908,-0.0774115)
(-0.0425218,0.0231948)
(0.0715846,0.0400458)
(0.417141,-0.161562)
(0.365383,-0.0202142)
(-0.0198714,0.0114565)
(-0.0297713,0.043504)
(-0.00336778,0.029296)
(0.0104005,0.0335469)
(-0.0381386,-0.0137875)
(-0.0079738,0.0214162)
(-0.0475534,-0.0372626)
(0.0143341,-0.0459039)
(-0.0165949,-0.0515944)
(0.0410553,0.0285574)
(-0.0143714,0.0865408)
(0.0402683,-0.016879)
(0.0544108,-0.00226083)
(0.42005,-0.175196)
(0.379903,-0.128035)
(0.571707,-0.116299)
(0.497755,-0.0617493)
(0.067798,-0.091608)
(0.151469,-0.0165321)
(-0.0936835,-0.0659679)
(-0.122093,0.0614233)
(-0.051401,-0.0634959)
(0.0402147,0.0645741)
(0.0215989,0.0251814)
(0.011172,0.0331356)
(0.0176139,0.016693)
(-0.00256799,0.0453045)
(0.0435123,0.0282963)
(0.068688,-0.103696)
(0.0112529,-0.0240027)
(0.408798,-0.153846)
(0.473743,-0.076624)
(0.372667,-0.0878268)
(0.576839,-0.122767)
(-0.0523761,-0.0470824)
(-0.0449257,-0.0471176)
(0.0527711,0.0617402)
(0.0544824,0.0370775)
(-0.0305513,0.0467426)
(-0.0579158,-0.0532954)
(-0.00789596,0.0146241)
(0.03025,-0.120272)
(0.0927827,-0.0887428)
(-0.0409527,-0.0473617)
(-0.070971,-0.0214581)
(-0.0194921,-0.0207181)
(-0.0602456,0.0275763)
(0.462954,-0.0863081)
(0.470658,-0.0242009)
(-0.0970496,0.0231035)
(0.377227,-0.0944339)
(-0.0375207,-0.0143416)
(0.417912,-0.0827778)
(0.415704,-0.0885553)
(-0.0949352,0.0236785)
(-0.0772211,0.0396732)
(0.0857765,0.0818908)
(0.0830723,0.0106915)
(0.448006,-0.114032)
(0.566572,-0.14537)
(-0.0233277,-0.0441668)
(-0.00372153,-0.00657416)
(-0.0415156,0.0127378)
(0.0443162,0.0773734)
(0.70192,-0.178033)
(-0.0570723,-0.0588965)
(-0.0795593,-0.0793527)
(0.410695,-0.164856)
(-0.0375661,0.0623438)
(-0.0106181,0.0349412)
(-0.0741037,-0.0371611)
(-0.0189546,0.0135394)
(0.484267,-0.124699)
(0.470955,-0.172515)
(0.532592,-0.0539566)
(0.473687,-0.0591286)
(-0.0499167,0.0347945)
(-0.00858845,-0.0419543)
(-0.00522942,-0.0187082)
(0.191798,-0.0667326)
(0.000158418,0.0278653)
(0.0678658,-0.00254601)
(-0.0148207,-0.0407464)
(-0.00896743,0.0735856)
(-0.0152923,0.0745245)
(-0.0239282,-0.0565391)
(-0.0436305,0.0137429)
(0.0817473,0.00209856)
(-0.00765521,-0.0476472)
(0.0330831,0.00673307)
(-0.0463724,0.0348323)
(-0.0426318,-0.0384709)
(-0.0322362,0.0178868)
(-0.0543593,-0.031504)
(-0.0498039,-0.0505519)
(-0.0384288,0.0235445)
(0.0403248,-0.048875)
(0.0620155,-0.0126673)
(0.0120637,-0.0114503)
(0.0392268,0.00749628)
(-0.0223393,-0.095135)
(0.0645799,-0.106975)
(-0.0237428,0.0126707)
(0.00954208,0.00491599)
(-0.0386057,-0.0268833)
(0.523755,-0.0626401)
(-0.0436378,-0.0663453)
(-0.0799327,-0.106496)
(-0.0157153,-0.0223133)
(0.0178504,-0.0101856)
(0.0489222,0.0320381)
(-0.0156582,0.0172643)
(0.0182743,-0.00966499)
(-0.0728823,-0.0219894)
(-0.0526544,0.0534207)
(0.012061,0.00640283)
(0.489815,0.00414218)
(-0.00536142,0.0644447)
(-0.0451671,-0.0167262)
(0.0557741,0.0705763)
(0.0190624,-0.0192483)
(0.0337953,0.0236062)
(0.0450433,0.0577303)
(0.0109397,-0.0392156)
(-0.00945187,-0.0590795)
(0.116571,0.0585038)
(0.0429048,0.0223442)
(0.0199007,0.00504316)
(-0.0643358,0.000264065)
(0.0453151,0.0173147)
(0.112157,0.0308701)
(-0.0101099,0.0563987)
(0.0099481,-0.0387676)
(-0.0805747,0.0135937)
(-0.041025,-0.0257432)
(-0.0314016,0.00648433)
(-0.0542995,0.0324707)
(0.0550207,-0.0443393)
(-0.00388739,0.0201505)
(-0.057432,-0.0285328)
(-0.0587892,0.00416776)
(0.00161927,0.0429389)
(-0.0981707,0.0154712)
(-0.0394479,-0.0207665)
(-0.0405173,-0.00295038)
(-0.044856,0.00207898)
(0.0139532,-0.0370493)
(0.0617599,0.0231177)
(0.37558,-0.138997)
(0.00361746,0.00826663)
(-0.00800972,0.0191499)
(-0.0344369,-0.0363667)
(-0.0689293,-0.0533551)
(-0.114033,-0.0792811)
(-0.0688115,-0.0336905)
(-0.043881,-0.0492378)
(-0.0738091,-0.0219687)
(0.0322076,-0.0814826)
(-0.0489156,-0.0880669)
(-0.0640575,-0.030741)
(0.449019,-0.216574)
(-0.0104641,-0.0242451)
(-0.0272632,0.0251328)
(0.0160746,-0.0175784)
(-0.0048413,-0.0295719)
(-0.0295941,-0.020422)
(-0.00510572,0.0221242)
(0.0846841,-0.0668407)
(0.00288262,-0.00465825)
(0.00150903,0.0552648)
(-0.028225,-0.0524266)
(0.0476318,-0.00688623)
(-0.011867,-0.0169037)
(-0.0456539,-0.0215878)
(0.0443421,-0.0418791)
(-0.0116567,-0.0798693)
(0.473646,0.00985067)
(0.0334277,-0.0303239)
(0.0660001,0.061804)
(-0.091777,-0.0762472)
(0.0496071,-0.0337973)
(0.0207605,-0.0445969)
(-0.0557014,-0.0686177)
(0.0721861,0.0538179)
(-0.0175124,0.00371202)
(-0.0164178,-0.0112929)
(0.0442855,0.0510691)
(0.0374763,0.0426921)
(0.00221888,0.10954)
(-0.0120781,0.00296937)
(0.145853,-0.0241684)
(0.379993,-0.102204)
(0.442377,-0.111295)
(0.0960331,-0.0478582)
(-0.00141762,0.0167858)
(0.416834,-0.112338)
(-0.0926657,0.0979854)
(0.062026,-0.0331851)
(-0.0258557,0.00154929)
(-0.0524035,-0.00385161)
(-0.00545806,-0.00109535)
(0.258653,-0.10547)
(0.129702,-0.0643525)
(0.0234907,0.0376998)
(-0.0287825,0.0117844)
(-0.0331052,0.0115421)
(0.0269897,0.0244063)
(0.464987,-0.186267)
(-0.0414763,-0.0601618)
(-0.0409822,0.0104035)
(-0.00329846,0.0285023)
(-0.0138158,0.0651754)
(-0.00462382,-0.0509228)
(-0.0192899,-0.0289575)
(-0.020534,0.0717306)
(0.467217,-0.121972)
(0.411428,-0.0808896)
(0.0247593,-0.0376897)
(0.0136873,-0.0875199)
(0.0274034,0.0435784)
(0.0702614,0.0374659)
(-0.0164331,0.0322036)
(0.146161,-0.0308716)
(0.362485,-0.098094)
(-0.0478005,-0.0193825)
(0.0358895,-0.0590599)
(-0.0206287,0.0101143)
(0.050021,0.0124799)
(0.0378064,0.106316)
(0.0180212,0.0303264)
(0.0276429,-0.0398072)
(0.000831721,-0.0904368)
(0.0484149,0.0219387)
(0.00990764,-0.012896)
(-0.0376618,-0.0572831)
(0.0404462,0.0958229)
(0.0724351,0.0546799)
(-0.0768675,-0.024121)
(-0.0161676,-0.0838568)
(0.0337922,0.0548811)
(0.0543223,0.00750658)
(0.0430291,0.00666481)
(-0.0724478,0.0313672)
(-0.00604751,0.0499809)
(0.555948,-0.132881)
(-0.0472786,0.00973024)
(0.00399575,0.0215714)
(-0.0904991,-0.0956371)
(-0.108434,-0.086362)
(-0.0038994,0.0113547)
(0.0208766,-0.0143506)
(-0.051998,-0.0379166)
(0.0320113,-0.0245521)
(0.00816431,0.0956859)
(0.0358602,-0.0214021)
(0.444716,-0.121815)
(0.0204333,0.100044)
(0.011602,0.0291227)
(-0.0353723,0.0125661)
(0.0255192,0.0117837)
(0.0271467,0.0201353)
(-0.025207,-0.0437054)
(0.030215,-0.0209935)
(0.0666262,-0.0425227)
(-0.0312442,-0.11444)
(-0.0124396,0.0201782)
(-0.0399056,0.0204529)
(0.417533,-0.0969302)
(-0.0541532,-0.0279915)
(-0.00102836,0.0230544)
(0.0167639,0.0524855)
(-0.0533672,-0.068422)
(-0.0586781,-0.0242954)
(0.0425172,0.00926788)
(0.0562537,0.052849)
(0.0772426,0.0357582)
(0.0643664,0.0312077)
(-0.0223723,-0.0658132)
(0.046634,0.012401)
(-0.0714523,-0.0530591)
(-0.0179857,-0.0694399)
(0.00147018,0.00286398)
(-0.0260994,-0.0316977)
(0.0970136,-0.0137773)
(-0.00882058,0.0159219)
(-0.020623,-0.02928)
(-0.00304809,-0.0553688)
(-0.0505679,-0.0543207)
(0.0739552,-0.0365441)
(0.0289534,0.00509934)
(0.196564,-0.126271)
(0.0517067,0.0390178)
(-0.0346164,0.0883326)
(0.0195642,0.0817102)
(0.0211864,0.0135345)
(-0.0881671,0.0835255)
(0.0157775,-0.0163573)
(0.0119548,0.0462312)
(-0.0467157,-0.0219195)
(0.0203158,0.0363385)
(0.00247711,-0.0323298)
(0.0117221,0.0357866)
(-0.0493326,-0.033219)
(0.0245318,9.03617e-05)
(0.0467079,0.0330654)
(-0.0496916,0.00303964)
(-0.0555917,-0.0166746)
(-0.0739361,-0.0429761)
(0.0356493,-0.0101415)
(0.425385,-0.112756)
(-0.110922,0.00735783)
(0.562564,-0.105014)
(0.0270174,0.0534288)
(-0.0686788,0.0737125)
(-0.0238572,0.0825759)
(-0.00417732,0.00503258)
(0.0710088,0.0614818)
(0.0407095,-0.0422189)
(0.0059385,-0.00730225)
(0.00379536,-0.0202093)
(-0.0367992,0.0627646)
(-0.00603646,-0.0207622)
(0.45086,-0.118605)
(-0.0167912,-0.0314062)
(-0.0283054,-0.0199043)
(0.0923052,0.0344138)
(0.0769751,-0.0246437)
(-0.0341033,-0.0419868)
(0.436442,-0.0580104)
(0.0353079,-0.030931)
(0.00977383,-0.0506658)
(0.701732,-0.0836381)
(0.0391301,-0.0569826)
(-0.0574682,0.0294491)
(-0.0309071,0.0309917)
(0.0499752,-0.019294)
(0.39209,-0.0568345)
(0.518514,-0.17392)
(0.528379,-0.0644833)
(0.461733,-0.0923402)
(-0.0465533,0.0139264)
(-0.0715971,0.0217606)
(-0.00268531,-0.00727446)
(0.00647255,-0.0669713)
(-0.0235139,0.0364535)
(-0.0667499,-0.00606245)
(-0.0780339,-0.0294437)
(0.0853267,0.0322359)
(-0.0135091,0.0257624)
(-0.0345875,0.087498)
(0.00804632,-0.0224561)
(0.0438554,0.0148798)
(0.0585103,0.0256682)
(0.0552986,0.03346)
(0.0763605,0.0492534)
(0.0460878,0.0100578)
(0.101018,-0.0417739)
(-0.00742411,0.0045486)
(-0.0378116,0.1109)
(-0.00372707,0.0706465)
(-0.014045,0.0118449)
(-0.0377277,0.0894116)
(-0.0511999,0.00845273)
(0.00112594,0.0255478)
(0.0234162,0.0541814)
(0.025529,-0.0222247)
(0.0213577,0.0257887)
(-0.00977179,-0.0387529)
(-0.0598013,-0.0386834)
(0.0630726,0.0670172)
(0.050377,0.0167695)
(0.0182961,0.076443)
(0.0495133,-0.0111854)
(0.424768,0.00793601)
(0.0385471,-0.000916403)
(0.543413,-0.117474)
(-0.0323869,0.0644121)
(0.0284491,0.00737211)
(-0.0452095,0.00405216)
(-0.112587,0.0550261)
(-0.00703158,0.0697829)
(-0.0474265,-0.0277096)
(0.0190744,0.0577172)
(0.0426793,-0.00570478)
(0.0360479,-0.00640511)
(-0.000422003,-0.0109219)
(0.00141807,-0.0686153)
(-0.0303382,0.100019)
(0.0205118,-0.0509518)
(0.0347486,0.066349)
(-0.0534156,-0.0132977)
(-0.0365681,-0.0271966)
(0.0540648,-0.0407912)
(0.00995522,-0.0902212)
(-0.00377011,0.0729326)
(0.0490392,0.0301074)
(0.0611322,-0.0215255)
(0.185544,-0.0843512)
(0.0732211,0.053687)
(-0.0262728,-0.0431204)
(0.00830649,-0.0366756)
(0.0788104,-0.008049)
(0.411364,-0.108934)
(0.00943842,0.0634479)
(-0.0290498,0.0863471)
(0.0489216,-0.0633305)
(-0.0591593,0.0799075)
(0.0478156,0.0490015)
(0.121611,-0.0327945)
(0.25166,-0.114238)
(0.352657,-0.199059)
(-0.0281549,0.057845)
(-0.0105026,0.0435235)
(-0.0918083,0.0200786)
(0.193285,-0.128768)
(0.541359,-0.0697139)
(0.0623797,0.00885648)
(-0.0627172,-0.0568354)
(-0.023282,0.0308387)
(-0.0868525,-0.02555)
(-0.031414,0.0511989)
(-0.0382132,0.021825)
(-0.0214366,0.0347603)
(-0.0102589,0.00243247)
(0.0263532,-0.00289853)
(0.0597588,0.0196694)
(0.50079,-0.105017)
(0.0409508,-0.000371128)
(-0.0243947,-0.0272413)
(0.0468558,0.024002)
(0.0145951,-0.042896)
(-0.0217766,-0.0520173)
(0.0457965,-0.00221049)
(0.0109091,-0.016697)
(0.259006,-0.152694)
(0.0123073,0.0980148)
(-0.0206453,0.00662164)
(0.0241711,0.102353)
(0.0264051,-0.0268112)
(-0.0376688,0.0296909)
(-0.0631901,-0.00447693)
(-0.0185351,0.0530956)
(0.26917,-0.0897822)
(0.67878,-0.0129174)
(-0.0778829,0.0568705)
(-0.0841981,-0.00315485)
(0.0173485,0.0268972)
(-0.102946,0.0614727)
(-0.130955,-0.0340578)
(-0.139745,-0.0195262)
(0.0176424,0.062712)
(-0.0205147,-0.0201962)
(0.0231364,0.00680269)
(0.0549796,-0.018974)
(0.00626922,-0.0104016)
(0.0323017,-4.25106e-05)
(-0.0911712,-0.0268587)
(-0.0371605,0.044478)
(-0.00443739,0.066455)
(-0.0419716,0.0217702)
(-0.0311619,0.0486546)
(0.0336868,-0.00421765)
(0.101803,-0.0552339)
(0.0635268,0.0586964)
(0.0978082,0.052687)
(-0.0688512,-0.0398835)
(-0.0579373,0.000624246)
(-0.0436033,0.0168406)
(-0.0412928,0.0295125)
(-0.00167479,0.0197942)
(0.0144058,0.000817463)
(0.0127168,0.00984667)
(0.0598407,-0.0334034)
(-0.0256566,-0.0537479)
(0.0135207,-0.03714)
(0.0296615,0.0135798)
(-0.0282712,0.0733484)
(0.0275144,0.0810702)
(-0.0254592,0.0334598)
(0.0497125,-0.00619098)
(0.618464,-0.106074)
(0.0663712,0.0582897)
(-0.0373281,-0.0462392)
(0.0111635,-0.0290026)
(0.0526616,0.0968309)
(0.0357182,-0.0411987)
(0.0238662,-0.0374112)
(0.0501959,0.0104939)
(0.0530766,-0.0578076)
(0.00112211,-0.0783763)
(0.03573,-0.0284273)
(-0.0185342,-0.036465)
(0.0783987,-0.00539086)
(0.0821131,0.03828)
(-0.00821786,-0.00984167)
(0.044877,-0.0369627)
(0.0419918,-0.0364542)
(0.00322118,-0.0405231)
(-0.0115514,-0.0299639)
(-0.0156064,-0.0252333)
(-0.0439148,0.0429117)
(0.00228418,0.0021918)
(-0.00765396,0.0152286)
(-0.0559905,-0.0044111)
(-0.0229647,-0.0157522)
(-0.0128265,0.0186724)
(-0.0359868,-0.115512)
(0.0322708,-0.0956117)
(0.0114683,-0.0564323)
(0.0112236,-0.0418981)
(-0.0147628,-0.0242924)
(0.0601331,-0.0474011)
(-0.0519471,0.00745263)
(0.0286123,-0.0763384)
(0.0721619,-0.0394457)
(0.0713819,-0.0885965)
(0.0188322,-0.100806)
(-0.0395481,-0.144363)
(-0.0452663,-0.00608835)
(0.0653145,-0.0454739)
(0.0915588,-0.0201844)
(-0.035427,0.0696164)
(-0.0636085,0.0322129)
(-0.0223749,0.0471428)
(-0.0112383,-0.048439)
(0.00655359,0.00877615)
(-0.0250321,0.0793929)
(-0.037383,0.106598)
(0.00676688,0.0297052)
(-0.0875424,-0.031891)
(0.0152845,-0.0210896)
(0.0433643,0.0236945)
(-0.0189436,-0.0939486)
(0.0168909,-0.0218696)
(0.472397,-0.0697769)
(0.0318596,-0.0590635)
(0.0572845,-0.00130089)
(0.00614131,0.0443237)
(0.00198458,-0.0288776)
(0.0301799,0.0458275)
(0.0130501,0.0531055)
(0.0440574,0.0603213)
(0.035083,0.0237142)
(0.0613055,-0.026253)
(0.0159641,0.00371828)
(0.0306721,-0.00387503)
(0.0395867,-0.0111115)
(0.0282776,0.0408179)
(-0.0470266,0.0940116)
(-0.0227037,0.0124824)
(0.0588972,0.0582948)
(0.0654848,0.0166988)
(-0.0160987,0.0359668)
(0.02964,0.0317433)
(-0.021562,-0.00585351)
(0.0111922,-0.0757708)
(-0.00517112,-0.0494626)
(-0.0119152,-0.136463)
(0.0946123,0.00125143)
(0.557266,-0.114426)
(0.46196,-0.0825869)
(-0.0035117,0.125401)
(0.446919,-0.0592508)
(0.0644992,-0.0680051)
(0.43502,-0.0573671)
(0.278224,-0.137742)
(-0.0035054,0.0420977)
(0.505689,-0.130776)
(0.555441,-0.106231)
(0.537423,-0.0954031)
(-0.0143132,0.0516682)
(-0.0491801,0.0434968)
(-0.0440841,0.00377572)
(-0.0530682,0.0187059)
(0.0269605,0.0569221)
(-0.023565,0.0142283)
(-0.0332488,0.036446)
(-0.0515786,0.0217545)
(-0.0463807,0.00745858)
(0.0139288,-0.0641094)
(0.0379624,0.0027633)
(0.0424305,-0.042026)
(-0.044824,0.0400272)
(-0.0362164,-0.00875564)
(0.0346514,0.0451962)
(-0.0244872,-0.0817569)
(-0.0458757,0.0719926)
(-0.034866,0.0322597)
(0.0192546,0.0222477)
(0.00904743,-0.0259605)
(-0.0357903,-0.0887993)
(-0.0012605,0.0233285)
(-0.0364095,-0.040413)
(0.0184382,-0.0162425)
(-0.000313748,0.0248667)
(0.0272721,-0.0105495)
(0.0360358,0.0871196)
(-0.0310171,-0.00413687)
(0.0111394,0.0384021)
(-0.00896183,-0.0051376)
(0.0205527,0.0362935)
(-0.00705563,-0.0350331)
(-0.015223,-0.0286448)
(-0.0405333,-0.035946)
(-0.0323639,-0.0140851)
(-0.02991,-0.0676943)
(0.00569989,0.0261604)
(0.55384,-0.257713)
(0.0377668,-0.0322376)
(0.0056263,0.00731871)
(0.00210287,0.00339773)
(0.0133435,-0.00322466)
(0.0154498,0.0623461)
(-0.019004,0.0500496)
(0.442873,-0.132981)
(0.633987,-0.186401)
(0.453483,-0.1067)
(-0.0230381,-0.00426221)
(0.406663,-0.0750229)
(-0.00453486,0.0254049)
(0.0899078,-0.0300941)
(0.0083538,0.0464755)
(0.0138756,0.0111503)
(0.184851,-0.0858012)
(0.00185584,0.0213689)
(-0.00827341,0.0490498)
(-0.0269355,0.0270536)
(0.10918,-0.0587767)
(0.0284537,-0.000516143)
(-0.120917,-0.0296842)
(0.443955,-0.0708932)
(0.00650184,-3.58965e-05)
(-0.0477523,0.0142176)
(-0.0179835,0.0154211)
(0.0196268,0.0380786)
(0.0110335,-0.00978379)
(4.95412e-05,0.0576412)
(0.0644984,-0.0590076)
(0.00273063,0.0455193)
(0.0656502,0.0248613)
(0.19521,-0.0457283)
(0.0692557,0.0238585)
(0.0202086,0.00966103)
(-0.069487,0.0598912)
(-0.0939749,0.0187034)
(0.00523266,0.0740951)
(0.0148297,-0.00823103)
(0.00658575,-0.0536498)
(-0.0431719,0.0325042)
(-0.0107248,-0.0153712)
(0.00759677,-0.00819757)
(0.0152272,0.00889483)
(-0.0136488,0.0444132)
(0.0589457,0.0460725)
(0.0316329,0.0498343)
(0.0256448,0.0351697)
(0.0212148,-0.0115301)
(0.0483759,0.0153326)
(0.0178754,-0.112216)
(0.0287592,0.0338988)
(-0.058957,-0.0224511)
(0.0288179,0.115022)
(-0.00296742,0.0377873)
(0.0333553,-0.125817)
(0.0828006,0.073518)
(0.011974,0.0467358)
(0.0615825,-0.0841591)
(0.00193808,0.0537634)
(-0.0452258,-0.00993641)
(-0.0232901,-0.0429482)
(-0.016085,0.0593019)
(-0.0596292,-0.0305405)
(-0.0496481,-0.0152982)
(0.0584961,0.058748)
(-0.0304818,-0.0202754)
(-0.104914,0.0770508)
(-0.00321564,0.00959966)
(0.00159878,0.029536)
(-0.0294769,0.008449)
(0.0464666,-0.00322422)
(0.00321099,0.0365948)
(0.137586,-0.0825816)
(0.0876189,0.000529314)
(-0.0250916,-0.0635573)
(-0.0391365,0.0555436)
(-0.0528597,-0.0970899)
(-0.0150893,0.0988731)
(-0.0333851,0.0197098)
(0.0615663,0.0789343)
(0.0620711,0.0888477)
(0.0114671,-0.0283961)
(0.0192744,0.0433342)
(-0.05172,0.00863273)
(-0.0239467,0.075517)
(0.0162547,0.0101639)
(-0.0576502,-0.0405164)
(0.0180779,-0.101462)
(0.0836303,-0.0198844)
(0.0418256,0.0572336)
(0.0232245,0.0571237)
(-0.0468943,0.0406989)
(-0.0563935,-0.0214482)
(-0.0143854,-0.0323925)
(0.0549661,-0.0117434)
(0.057392,-0.0371455)
(0.455729,-0.0958912)
(0.0258872,-0.00191598)
(-0.05746,-0.0488173)
(0.0133839,-0.018917)
(-0.0328698,-0.0333061)
(0.00616743,-0.0593473)
(0.0494673,-0.0342107)
(-0.031141,0.0170874)
(0.0247757,-0.0466787)
(0.550458,-0.131001)
(0.0322438,-0.1021)
(0.0546904,0.0065715)
(0.0621096,-0.0633678)
(0.52269,-0.124995)
(-0.0248235,0.00190595)
(-0.0409706,-0.00519693)
(0.0420459,0.0146163)
(-0.0170287,-0.00645415)
(-0.0384718,-0.0138483)
(0.0146155,-0.0221218)
(-0.052227,-0.0205647)
(0.31157,-0.0824727)
(0.166658,-0.0861194)
(0.0176649,-0.00735529)
(-0.013337,0.0380927)
(-0.0473797,-0.0637495)
(0.0416209,0.0756987)
(-0.0118341,-0.0823475)
(0.398997,-0.0489204)
(-0.0449552,-0.0168651)
(-0.00879226,0.0110096)
(0.00551165,-0.0021848)
(0.0291765,0.00233353)
(0.0716218,-0.0159237)
(0.0155251,0.0102316)
(0.490824,-0.106927)
(-0.0247542,-0.00441306)
(0.492899,-0.0879395)
(-0.0803031,0.0622884)
(-0.0588887,-0.024657)
(-0.00916422,-0.0556449)
(0.0326817,0.0327913)
(0.47962,-0.195543)
(0.10405,0.00894499)
(0.286011,-0.11261)
(0.0294527,-0.0178909)
(-0.0272139,0.00493229)
(-0.0610247,-0.00800592)
(0.20726,-0.0337997)
(0.2695,-0.104389)
(0.000327971,0.0120492)
(-0.0117435,0.0105388)
(0.306715,-0.129267)
(-0.0251385,0.0161565)
(-0.0753447,-0.0300477)
(0.239835,-0.0977174)
(-0.0463587,0.0202921)
(-0.0120184,0.0219293)
(0.350461,-0.0816818)
(-0.0710377,-0.0753883)
(0.151452,0.00132696)
(0.208592,-0.0572818)
(0.0228579,0.0584952)
(0.224987,0.0154589)
(0.0730688,-0.0573869)
(0.0102102,-0.051189)
(-0.0209038,0.0497484)
(-0.077599,0.0321112)
(-0.013688,-0.00167555)
(0.0647661,-0.0619166)
(0.0301636,-0.0351041)
(0.0433702,0.0624138)
(-0.0460205,0.0672256)
(0.0615034,0.0586332)
(-0.0371073,0.014126)
(0.0854325,0.0771349)
(-0.0964718,0.0199573)
(-0.0250402,0.0380899)
(-0.0252678,0.0268265)
(-0.0263379,-0.0336177)
(-0.0333992,-0.0131309)
(0.308614,-0.0814134)
(0.0114229,0.0810457)
(0.00463895,0.0471305)
(0.113067,-0.0644603)
(-0.136198,0.0511737)
(-0.0745184,0.0302701)
(0.54102,-0.0805577)
(-0.00781703,0.0140196)
(0.558019,-0.127154)
(-0.0349183,-0.0247717)
(0.0146402,0.0134235)
(0.190946,-0.101314)
(-0.0429204,-0.00177069)
(0.0205243,0.0162453)
(0.451853,-0.123659)
(-0.0373043,-0.0246348)
(0.0577941,0.0457061)
(0.00653401,0.00236944)
(0.0044938,0.0957669)
(0.142089,0.0442028)
(0.0331235,-0.0645963)
(0.116208,-0.0377705)
(0.0471377,-0.0393605)
(-0.118212,-0.0473431)
(0.237494,-0.157072)
(0.0225666,0.0361141)
(0.300554,-0.14502)
(-0.0202618,-0.0697666)
(-0.0413191,-0.020595)
(0.467812,-0.116943)
(-0.0727963,0.10433)
(0.00186684,0.0520161)
(-0.0293459,-0.0121093)
(0.380602,-0.0812945)
(0.0101437,-0.0182188)
(-0.0450448,-0.0502956)
(0.0607875,0.035041)
(0.00485593,0.0337603)
(0.0376599,0.0360838)
(0.0870561,0.0148296)
(-0.124471,0.0159194)
(0.0258159,-0.00338632)
(-0.0412859,0.0266721)
(0.084358,-0.0455477)
(-0.076546,0.0339811)
(0.00294757,0.0483306)
(0.0776022,0.0274667)
(0.0684579,0.0434096)
(0.0532846,-0.0740516)
(-0.0428286,-0.0691412)
(0.0191945,-0.0914133)
(0.0197126,-0.0139484)
(0.00763492,-0.0429422)
(-0.0124395,0.0160708)
(0.0504733,0.0175181)
(0.0606683,0.0154351)
(0.0346697,0.0782929)
(0.0109153,0.0161635)
(0.0181957,0.030412)
(-0.0190857,-0.079471)
(-0.0624146,-0.114128)
(-0.0763844,-0.116755)
(-0.044554,-0.0603986)
(0.0142179,-0.0130122)
(0.0200938,-0.0192064)
(0.0173987,-0.0017848)
(0.456638,-0.111961)
(-0.067994,0.00323912)
(0.0283825,0.0104318)
(3.49937e-06,0.0026104)
(0.412647,-0.0726449)
(0.0312928,-0.00626243)
(0.022611,-0.0299177)
(-0.0130442,-0.0260287)
(0.0115905,-0.000315166)
(0.0145987,-0.0172746)
(-0.013724,-0.0446218)
(0.0493874,-0.00724074)
(0.385351,-0.0870225)
(0.0296175,-0.0244963)
(-0.108912,-0.0342254)
(0.619958,-0.13991)
(0.0143166,0.00708029)
(-0.00306165,0.0123331)
(0.0299724,-0.0565999)
(0.448397,-0.0810467)
(0.0553044,0.0305058)
(-0.0593654,-0.0563707)
(-0.0101487,-0.0615074)
(-0.119963,-0.0113541)
(-0.000555067,-0.019299)
(-0.0805929,-0.080409)
(-0.006943,-0.0527946)
(-0.0151484,0.0374932)
(0.00533713,-0.0368316)
(0.00229388,-0.0614504)
(0.00763498,-0.0489852)
(0.437052,-0.0485184)
(0.0550336,0.010016)
(-0.0450662,0.0463953)
(-0.0388652,-0.0177647)
(0.00444088,0.00142079)
(0.00455767,-0.0638261)
(-0.0231983,0.0623314)
(-0.0192855,-0.0605736)
(-0.00548054,-0.000674154)
(0.00483799,-0.0780004)
(0.00415055,0.0398158)
(0.0144364,0.0733891)
(0.416969,-0.0966927)
(-0.00918619,0.0117787)
(0.00294492,0.00331366)
(-0.0133959,0.0737287)
(0.0216743,-0.0292007)
(-0.0613458,0.103506)
(-0.0118716,0.00482159)
(0.148604,-0.168505)
(0.20617,-0.105377)
(0.149173,-0.150291)
(0.0133492,0.00919351)
(-0.0113134,0.025847)
(0.608326,-0.166282)
(0.344936,-0.131921)
(-0.0147561,0.0198368)
(0.405068,-0.078663)
(0.477376,-0.0451079)
(0.199476,-0.108148)
(0.0524717,-0.0142088)
(0.0409541,-0.0194475)
(0.0353526,0.0453663)
(0.0858714,-0.00526677)
(-0.00660714,0.0376972)
(0.00874448,0.057095)
(-0.087765,-0.00135596)
(0.0784206,0.00265719)
(-0.092228,0.0229968)
(-0.0241591,-0.0457013)
(0.0474337,-0.0204162)
(0.477517,-0.134969)
(-0.0437073,0.0431128)
(0.0053108,-0.0132971)
(-0.0486325,0.0169824)
(0.54013,-0.0926761)
(-0.0404847,0.0851274)
(-0.00952997,0.0054939)
(0.541053,-0.16648)
(0.511959,-0.0798298)
(-0.0277507,0.0257994)
(0.344438,-0.0778306)
(-0.00135598,0.0588806)
(-0.0387701,0.0938256)
(0.471759,0.0191367)
(0.264927,-0.0834083)
(0.398858,-0.104341)
(0.477729,-0.0481506)
(0.0366129,-0.00817016)
(0.755952,-0.0289912)
(-0.0425101,0.0131647)
(-0.0216142,0.0835945)
(0.0634328,0.00314998)
(0.16519,-0.0517815)
(-0.0409552,0.0577905)
(0.0975369,-0.0652785)
(0.0148792,-0.00468976)
(0.0250742,0.000134609)
(0.0312211,-0.0107986)
(0.0174706,0.00424088)
(0.0593791,-0.00452644)
(-0.0164764,0.0423982)
(0.0698785,0.0479378)
(0.107387,-0.0467692)
(-0.087938,0.00319176)
(0.0270824,-0.0610726)
(0.0357575,0.0444002)
(0.0307,0.0430521)
(0.012769,0.0122847)
(0.461661,-0.0745522)
(-0.0526038,0.113746)
(0.0228231,0.00724832)
(-0.00331692,-0.0167089)
(0.00556424,0.0307184)
(0.0503615,0.0102241)
(0.0162628,0.0322559)
(-0.0375582,-0.0944165)
(-0.0314744,-0.0254955)
(0.550122,-0.0913147)
(-0.0235502,0.0114025)
(0.332967,-0.0388136)
(-0.000991391,0.0183728)
(0.0460012,0.0362036)
(0.00732382,0.00908787)
(0.11141,-0.0312667)
(-0.0237362,-0.0406933)
(0.0322634,-0.101379)
(0.0359427,-0.0336932)
(0.0211837,-0.0423883)
(0.0413473,0.0273844)
(0.0276691,-0.0324978)
(0.0635485,0.00629699)
(0.0344736,0.0403568)
(0.477696,-0.13151)
(0.277803,-0.0548158)
(-0.0147899,-0.0316083)
(0.0396393,-0.0385766)
(0.0349024,-0.0259834)
(0.0612522,-0.0475431)
(0.454914,-0.155481)
(0.0493095,0.04987)
(0.0896416,0.0232356)
(0.0821839,0.0573931)
(0.0742408,0.0124762)
(0.324626,-0.164419)
(0.07223,0.0272086)
(-0.0379291,0.000511297)
(-0.0230787,0.0018106)
(-0.0144322,0.0182888)
(0.501325,-0.0727656)
(0.0338671,-0.0243716)
(-0.0187013,-0.00465346)
(0.0485018,0.0760885)
(0.0284936,0.0150176)
(0.0435346,-0.00308711)
(0.473649,-0.0931083)
(0.399771,-0.135705)
(0.657796,-0.0824125)
(0.0345343,-0.0597716)
(0.0501541,-0.0155716)
(0.48511,-0.0585016)
(0.0435584,-0.0343499)
(0.090491,-0.0835984)
(0.276803,-0.210106)
(-0.0605514,-0.0587767)
(-0.058748,-0.00187902)
(-0.0514027,-0.0301058)
(-0.0662332,0.0401211)
(-0.0186267,0.022272)
(0.144867,-0.0567663)
(0.165424,-0.116909)
(0.279326,-0.142266)
(0.272357,-0.0462116)
(0.627475,-0.169704)
(-0.00274117,-0.0331032)
(-0.0792165,0.0137985)
(-0.0297412,0.00543828)
(0.0961299,0.0922964)
(0.547499,-0.0732733)
(0.540478,-0.138851)
(0.00913102,-0.0109603)
(-0.0359077,-0.0533102)
(0.0040516,-0.0448151)
(0.574607,-0.181199)
(-0.00890769,0.0855716)
(0.0681818,0.0360603)
(-0.0547195,-0.00524696)
(0.597144,-0.0835191)
(0.0638228,0.0476146)
(-0.051816,0.0670839)
(0.546768,-0.113839)
(0.514035,-0.121591)
(-0.0187622,0.0603595)
(-0.00866764,0.0311922)
(-0.0430851,-0.0436823)
(0.0104227,-0.0287858)
(0.0245338,-0.0510191)
(-0.00222151,0.0131059)
(0.0274968,-0.0299567)
(0.48084,-0.147684)
(0.683269,-0.0250749)
(0.599971,-0.120367)
(0.534388,-0.0591567)
(0.450141,-0.102009)
(0.176513,-0.103436)
(0.28808,-0.0283839)
(0.185993,-0.0632495)
(0.186666,-0.0931415)
(-0.0223175,-0.0301596)
(0.0184633,-0.0587798)
(0.281516,-0.0501069)
(0.535648,-0.146851)
(0.526095,-0.123562)
(0.431814,-0.0615606)
(0.521657,-0.13674)
(0.00782292,0.0545077)
(0.538476,-0.0713405)
(-0.054155,0.085467)
(0.0112062,-0.0129758)
(-0.00725034,-0.0412945)
(-0.0249911,0.0696435)
(-0.0428957,-0.0276529)
(-0.00399405,-0.0591)
(-0.0279916,0.0121663)
(0.0310569,-0.0194518)
(0.0267045,0.0788786)
(0.402128,-0.0972942)
(-0.00200626,-0.0447989)
(0.497899,-0.206395)
(0.456165,-0.0204639)
(0.4663,-0.164889)
(-0.0306064,-0.00827523)
(0.0683537,0.0874432)
(-0.0391588,-0.000802682)
(0.552704,-0.101279)
(-0.0193934,-0.0804359)
(0.0239808,-0.00645849)
(0.321,-0.131334)
(0.256948,-0.133365)
(0.520268,-0.0936672)
(0.373887,-0.0496093)
(0.594132,-0.2419)
(0.478941,0.0522443)
(-0.0127462,-0.0713909)
(-0.0171968,-0.0690544)
(0.00300213,0.0214508)
(0.0347161,0.0819946)
(0.0251701,0.0898187)
(-0.017899,-0.023431)
(0.0282166,0.000392615)
(0.31213,-0.117418)
(0.186852,-0.0356721)
(-0.0234411,-0.00114271)
(0.195191,-0.0318639)
(0.00157956,-0.0314385)
(0.504336,-0.114292)
(0.52107,-0.0174244)
(-0.0535246,0.0350392)
(0.0630365,0.0490217)
(0.0786217,0.031684)
(0.0581462,-0.0536266)
(0.461132,-0.228393)
(-0.000981403,-0.065032)
(0.164775,-0.1088)
(-0.0487212,0.0856609)
(0.287207,-0.123313)
(0.0117487,0.0583153)
(0.328757,-0.0549029)
(0.00488983,0.0400401)
(0.0297103,0.0379288)
(0.0193694,-0.0119538)
(0.0114938,0.00942654)
(0.483089,-0.0675251)
(-0.0136131,0.017352)
(0.489384,-0.116435)
(0.463801,-0.0811505)
(-0.0327687,0.0169769)
(0.479018,-0.0434606)
(0.588436,-0.0116252)
(0.542441,0.0154443)
(0.0235906,0.00163362)
(0.490624,-0.141812)
(-0.0685908,0.0509628)
(-0.057047,0.038296)
(-0.031238,0.0726706)
(-0.0423173,0.0081954)
(-0.0389475,0.0708551)
(-0.0408579,0.000194303)
(-0.0531401,0.0261898)
(0.716307,-0.0129348)
(-0.054989,0.00819444)
(0.112879,-0.0290046)
(0.42014,-0.128915)
(0.451656,-0.111583)
(5.35983e-05,0.0143656)
(0.0493891,-0.0154116)
(-0.0135326,0.000328782)
(0.397776,-0.153366)
(-0.0437978,0.00598639)
(0.483795,-0.225867)
(0.370949,-0.107094)
(-0.0681697,-0.0214038)
(-0.0237689,-0.0176452)
(0.525022,-0.0238047)
(-0.0744588,-0.0219662)
(-0.00501054,-0.0162036)
(-0.0321123,0.0580879)
(0.452939,-0.112973)
(0.452796,-0.098662)
(0.221805,-0.141825)
(0.448621,-0.141046)
(0.482874,-0.0661375)
(0.0937855,-0.00972059)
(0.503069,-0.0987278)
(0.602738,-0.0163396)
(0.0376032,-0.104366)
(0.509469,-0.0317725)
(0.0434695,0.0771908)
(0.499209,-0.076661)
(0.0828632,0.0153524)
(0.00670694,0.0460381)
(-0.0175339,-0.0132659)
(0.0555273,0.0346006)
(0.00794091,0.0878685)
(0.066746,0.100648)
(0.0270724,0.072519)
(0.051591,0.0254559)
(0.130549,-0.0719141)
(0.029524,0.0115685)
(-0.0279611,-0.013491)
(0.0254216,0.0389578)
(0.00475617,0.00395453)
(0.00585088,0.0307557)
(0.0259593,0.00825521)
(0.0274289,0.0617676)
(0.127389,-0.0975138)
(0.00200829,-0.00884302)
(0.0469802,-0.0304381)
(0.61618,-0.0714247)
(0.382913,-0.173839)
(-0.0209096,0.022967)
(0.0866279,0.149046)
(0.013312,0.124651)
(0.141673,0.0276441)
(-0.0375653,-0.015377)
(0.0999856,-0.00740829)
(0.222904,-0.0938741)
(0.640091,-0.143167)
(0.566857,-0.128954)
(0.0207089,0.0646081)
(0.0747915,-0.0510417)
(0.543529,-0.13828)
(0.038637,0.059889)
(0.0471474,0.0321181)
(0.0814166,-0.015067)
(0.506135,-0.0264439)
(0.0800406,-0.0594006)
(0.235529,-0.160099)
(0.00775425,0.00146628)
(0.129855,-0.126207)
(0.180705,-0.0695448)
(0.279926,-0.0536355)
(0.334548,-0.0994046)
(0.0687123,0.0440215)
(-0.0429171,0.0678175)
(0.377496,-0.12558)
(-0.0492264,0.0900714)
(0.014678,-0.00304244)
(0.0349514,-0.0362837)
(0.482666,-0.17201)
(0.0114346,-0.0299023)
(0.420755,-0.11749)
(0.0279766,-0.00800033)
(-0.0106681,0.0263465)
(-0.0084454,-0.0240486)
(-0.00917416,0.0451382)
(-0.024669,0.010043)
(0.00218327,0.0292746)
(0.0248571,0.0250748)
(-0.0230091,0.0167418)
(-0.0415528,0.0877728)
(0.528823,-0.11638)
(-0.0123321,-0.0119046)
(0.0494537,0.0324625)
(0.510501,-0.0545569)
(0.0916992,0.0193785)
(-0.00741744,0.0371324)
(-0.00600796,0.0116163)
(0.000591568,0.0229902)
(-0.0634143,0.0679835)
(0.113257,-0.085678)
(-0.0122927,0.0719304)
(-0.0465695,-0.0456565)
(-0.0490315,-0.0838031)
(0.0438442,-0.0250635)
(-0.0480286,-0.0385908)
(0.480887,-7.35766e-05)
(-0.0454938,0.0702185)
(0.631388,-0.126099)
(0.365568,-0.143405)
(0.493082,0.0105659)
(-0.0429243,-0.00472842)
(0.379744,-0.00635649)
(0.392321,-0.153551)
(0.369415,-0.058147)
(-0.0664546,0.0456685)
(0.0087839,0.0560241)
(-0.0835805,0.0586811)
(-0.013543,0.0174422)
(0.576603,-0.187491)
(0.568597,-0.1203)
(-0.0596599,0.0058835)
(-0.0341128,-0.00227053)
(0.00867868,0.0120366)
(0.0486018,-0.0041545)
(0.330021,-0.075442)
(0.0482106,-0.00753992)
(0.03527,0.0312382)
(0.0184683,0.0272783)
(0.0728699,0.00200006)
(0.375493,-0.0747776)
(-0.0693299,-0.0943422)
(0.455104,-0.0338025)
(0.0230369,-0.000818469)
(0.059775,0.0807105)
(0.0959588,0.0451699)
(0.653541,-0.157735)
(0.0129371,0.0047497)
(0.290435,-0.109358)
(0.541163,-0.126594)
(-0.0445925,-0.00960895)
(0.00323358,0.0271042)
(0.123657,-0.0873635)
(-0.0182633,0.079647)
(-0.0877866,0.0249473)
(0.0419197,-0.127064)
(0.377085,-0.1677)
(0.252092,-0.189769)
(0.0698642,-0.0479666)
(0.0144396,0.00696119)
(0.0192436,-0.0252237)
(-0.130169,0.0652385)
(0.0271408,0.0141721)
(0.000976255,-0.0299542)
(0.419048,-0.0873345)
(0.536173,-0.0878546)
(0.625437,-0.062285)
(-0.0353586,-0.0384584)
(0.347585,-0.0657007)
(-0.0465756,0.0215763)
(0.0507973,0.00597772)
(0.0488084,-0.00337498)
(-0.0211383,0.134595)
(-0.0192289,0.0268963)
(0.0612745,-0.0693538)
(0.258911,-0.0710038)
(0.574561,-0.10417)
(0.546487,-0.123134)
(0.125259,-0.0917386)
(0.530168,-0.152177)
(0.0407238,-0.15891)
(0.437574,-0.181214)
(0.478278,-0.0817994)
(-0.0186231,-0.0953085)
(0.469492,-0.126345)
(0.452166,-0.144512)
(0.540894,-0.146659)
(0.408026,-0.117924)
(0.524998,-0.0826782)
(0.133522,-0.0592741)
(0.277975,-0.133504)
(0.217709,-0.0479685)
(0.435435,-0.0697208)
(0.0239812,-0.0547402)
(0.52229,-0.051442)
(0.347493,-0.155375)
(0.0189732,0.00153162)
(-0.0673301,0.00587127)
(-0.0910394,0.0754233)
(-0.0632765,-0.0747582)
(0.430005,-0.163582)
(-0.0228248,0.0264196)
(0.467911,-0.14573)
(-0.0158723,0.0211164)
(0.246741,-0.0440638)
(-0.0130383,-0.0485453)
(-0.0256956,-0.0452074)
(0.439471,-0.122713)
(0.0307995,0.102678)
(0.0849017,-0.0558672)
(0.530556,-0.144251)
(0.0326955,-0.0370402)
(-0.00995328,-0.045438)
(-0.0581911,0.0422135)
(-0.0683095,-0.0246757)
(-0.04873,0.0399861)
(-0.00671505,0.00491949)
(0.570952,-0.142762)
(0.571033,-0.162671)
(0.451028,-0.0983694)
(-0.034015,-0.080656)
(0.0129001,0.0493288)
(0.353984,-0.200684)
(-0.00085712,0.0305186)
(0.0072709,-0.013693)
(0.0193445,-0.0492763)
(-0.0371052,-0.0515545)
(0.561051,-0.129974)
(0.442917,-0.0424799)
(0.513775,-0.106544)
(0.423698,-0.0477747)
(0.395982,-0.0845068)
(-0.0910436,-0.0396467)
(0.415142,-0.0472667)
(0.303653,-0.115565)
(-0.0588887,-0.107582)
(0.375902,-0.0784513)
(0.504118,-0.103664)
(0.0109759,-0.0648747)
(0.00242583,0.0845608)
(0.543786,-0.120828)
(0.0244132,0.00335627)
(0.0635136,-0.0214921)
(0.422052,-0.132849)
(0.0540187,9.30947e-05)
(-0.0277472,-0.0480403)
(0.0508567,0.0341481)
(0.0774536,-0.0349442)
(0.49922,-0.0711223)
(-0.0244328,0.0458437)
(-0.0817503,0.101111)
(0.00529959,0.0325572)
(0.386517,-0.070025)
(-0.0287766,0.0510526)
(0.00397825,0.0185111)
(-0.0469857,0.0681684)
(0.0819546,-0.0431885)
(-0.0347871,-0.0828116)
(0.0295701,0.00911902)
(0.113882,0.0334425)
(0.102518,0.0186203)
(0.0105237,0.0665512)
(0.0702071,0.0722009)
(0.0963764,0.0755352)
(0.511989,-0.0806744)
(-0.0760515,0.0323526)
(0.535028,0.00101469)
(-0.0125609,0.00115953)
(-0.0448724,-0.0694393)
(0.18904,-0.117766)
(0.531245,-0.138029)
(0.330485,-0.111544)
(-0.0864781,0.0518589)
(-0.0114928,-0.0309203)
(0.0570242,-0.0198903)
(0.0276591,-0.0392046)
(0.0105169,-0.000356869)
(-0.0216388,0.0145289)
(-0.046124,-0.0290077)
(0.0199109,0.0176024)
(-0.0571855,-0.0201319)
(0.0170609,0.0533429)
(0.0243101,-0.0352268)
(0.388125,0.0548664)
(-0.0015841,0.0557071)
(0.0536655,0.005456)
(0.0218795,0.0208418)
(0.0273218,0.0276054)
(0.188682,-0.0540116)
(0.119358,-0.0709585)
(-0.00610481,0.0411582)
(0.107762,-0.103441)
(0.526035,-0.0573433)
(-0.051444,-0.118455)
(0.44594,-0.0715021)
(-0.000190725,-0.168394)
(-0.00964933,0.0349344)
(0.103091,-0.0297101)
(0.0521683,-0.079504)
(0.0859144,-0.0363541)
(-0.0450861,-0.0188078)
(0.0180294,-0.00964222)
(-0.0418291,-0.046853)
(-0.0406186,0.0447242)
(0.00673904,-0.00862209)
(0.341953,-0.149749)
(0.35481,-0.133462)
(0.0419891,0.0091444)
(0.155579,-0.031681)
(0.177181,-0.0268052)
(0.590207,-0.0981053)
(0.0235701,0.0106143)
(0.128851,-0.0246632)
(0.503277,-0.15145)
(0.145251,-0.000246541)
(0.11267,-0.101832)
(-0.0323257,-0.0245321)
(-0.0048685,-0.0571826)
(0.100582,-0.0511436)
(-0.0405837,-0.00541286)
(0.431216,-0.0585372)
(0.379206,-0.123189)
(0.0130035,0.00207837)
(0.0445499,0.010864)
(0.16885,-0.0921122)
(0.0516112,-0.0465919)
(0.130557,-0.0550206)
(-0.0102706,0.0435252)
