1620
(-0.0238413,-0.12918)
(-0.0201759,0.0418642)
(0.0541624,0.0609623)
(0.0152443,-0.149208)
(-0.00748807,-0.0259053)
(-0.0325381,0.0457477)
(0.0423977,0.0631114)
(-0.0170455,-0.011907)
(0.00106453,0.0210404)
(-0.0033434,0.0352575)
(-0.0510211,0.034684)
(-0.000504643,0.01565)
(0.0217002,-0.0384601)
(-0.018998,0.0011177)
(-0.00696686,0.0523851)
(-0.0318182,0.0277508)
(-0.0220396,-0.0843306)
(0.011438,0.0327531)
(0.0166257,0.0209339)
(-0.0144149,0.00606323)
(-0.0219456,-0.017627)
(0.00592683,0.0207902)
(-0.0621368,0.0136008)
(-0.026704,-0.0531061)
(0.00587703,0.0361466)
(0.0288347,0.0131302)
(-0.0297531,0.00850149)
(0.0762984,-0.0701934)
(-0.0276206,-0.00851581)
(0.0600204,-0.0143268)
(0.0386075,0.0743326)
(0.0420886,-0.018107)
(0.00421081,0.0468832)
(-0.0972632,0.0373932)
(0.058833,0.0282332)
(0.0130506,0.0648713)
(0.0662666,-0.0124471)
(-0.00974737,0.0327357)
(-0.0429097,0.00339539)
(0.039315,0.00337289)
(0.0375289,-0.080114)
(0.0776999,0.0134924)
(0.0603015,0.0237357)
(0.128898,0.00311502)
(-0.0348536,0.0658562)
(0.130563,-0.019053)
(0.0953329,-0.0248921)
(-0.0204979,-0.00381903)
(0.0530092,-0.0579006)
(-0.014118,-0.0258411)
(0.0430278,0.00501659)
(0.0934442,-0.0247465)
(0.0137511,0.0150008)
(0.0200544,-0.0027255)
(-0.00493164,0.0280508)
(-0.0220689,0.0272874)
(0.0487172,0.0288482)
(0.0476988,0.0673122)
(-0.0147372,-0.0481522)
(0.052482,-0.0339414)
(-0.0379985,-0.0191026)
(0.170485,-0.068109)
(-0.0152519,0.00147244)
(0.392654,-0.0843302)
(-0.0229639,-0.00412945)
(-0.0137553,0.0343288)
(-0.00302793,-0.00555261)
(0.0249854,0.0152431)
(0.0142687,0.141491)
(-0.0405651,-0.0677533)
(0.0106501,0.0531098)
(0.00778646,0.0481031)
(-0.0280804,0.0716887)
(-0.0436145,0.0291494)
(0.00436374,-0.0156752)
(-0.0883947,0.0658039)
(0.012835,-0.0375759)
(0.00726008,-0.0515143)
(-0.0198326,0.00869133)
(0.0791067,-0.0400927)
(-0.0153441,-0.0666427)
(0.00537229,0.00983254)
(0.0251954,-0.0670765)
(0.0263165,-0.018092)
(0.0385268,0.0229527)
(0.0219246,0.0249433)
(-0.0346858,-0.0429709)
(-0.0378234,0.0148718)
(0.0813393,0.0228314)
(0.0328665,-0.014172)
(-0.111788,-0.0175368)
(-0.0201232,0.0231724)
(0.45729,-0.0678976)
(0.0124823,0.104578)
(-0.020003,0.0656118)
(0.573426,-0.0124602)
(-0.0579259,0.0597459)
(0.442127,-0.142081)
(-0.00972828,-0.0984243)
(-0.0457681,-0.0874636)
(0.0583084,0.0119517)
(-0.0738952,-0.0137914)
(0.0457638,-0.0789576)
(-0.00370536,-0.0382603)
(-0.0231299,-0.11525)
(0.443216,-0.0955893)
(0.0283466,0.0691001)
(-0.0713944,-0.010562)
(0.0116426,0.0197288)
(0.0402282,0.0638333)
(0.00524731,0.0298732)
(0.706151,-0.137913)
(0.366738,-0.039387)
(-0.0089827,-0.0133465)
(0.478678,-0.0476901)
(0.0167588,0.105301)
(3.65182e-05,0.0793324)
(0.637779,-0.09013)
(0.00479143,0.0179209)
(0.480938,-0.0680849)
(0.434239,-0.065203)
(0.0226434,0.0439445)
(0.389198,-0.0710381)
(0.280512,-0.117128)
(0.280073,-0.0776658)
(0.00379817,-0.0262474)
(0.0494416,-0.0279614)
(0.00116333,0.0433656)
(0.354733,-0.128616)
(0.0820196,0.056705)
(0.115274,0.084906)
(0.0114638,-0.00901401)
(-0.00437093,-0.048573)
(0.00123522,0.0236844)
(0.000738987,0.0172052)
(0.0198219,0.024066)
(-0.052886,0.00725912)
(0.00383219,0.0296815)
(0.383965,-0.0903971)
(0.0260658,-0.0122398)
(0.0133005,0.0474476)
(-0.0159102,0.0558728)
(0.0195852,-0.0171226)
(0.047204,-0.068337)
(0.0903636,-0.085871)
(0.0260775,-0.0965051)
(0.0124676,-0.000787339)
(0.427081,-0.0852842)
(0.483558,-0.106675)
(-0.0589282,0.00263997)
(0.482254,-0.148343)
(0.196706,-0.0664359)
(0.542924,-0.032996)
(0.468889,-0.111499)
(0.473686,-0.0777688)
(-0.0404281,0.0196915)
(0.0745031,0.0465207)
(0.416425,-0.155068)
(0.372314,-0.0150632)
(-0.0175371,0.00704973)
(-0.0303521,0.0368135)
(0.00124276,0.033549)
(0.0119628,0.0388049)
(-0.0384116,-0.0172422)
(-0.0102876,0.0269517)
(-0.0463026,-0.0339877)
(0.0165493,-0.043689)
(-0.0113577,-0.0510793)
(0.0385091,0.0296744)
(-0.0186714,0.0853063)
(0.0411225,-0.0148732)
(0.0558624,0.00090002)
(0.41976,-0.169631)
(0.38334,-0.122133)
(0.569553,-0.123878)
(0.498762,-0.0721121)
(0.0656129,-0.0924081)
(0.149732,-0.0213926)
(-0.0893284,-0.0648872)
(-0.116258,0.058322)
(-0.0549165,-0.0583483)
(0.0384304,0.0523448)
(0.0136353,0.0149494)
(0.0131845,0.0402698)
(0.0150216,0.0271646)
(0.00097652,0.0376247)
(0.0390949,0.0195128)
(0.063011,-0.100013)
(0.00432971,-0.025348)
(0.412426,-0.150914)
(0.479418,-0.0764591)
(0.3744,-0.0878806)
(0.580511,-0.119313)
(-0.0451174,-0.0469567)
(-0.0444693,-0.0401416)
(0.0497112,0.0548991)
(0.0477971,0.0355953)
(-0.0356868,0.0464906)
(-0.0519703,-0.0571908)
(-0.00757528,0.0108287)
(0.0248436,-0.120652)
(0.0826538,-0.0938999)
(-0.044236,-0.0457406)
(-0.0645645,-0.0198112)
(-0.0131648,-0.0156401)
(-0.0513417,0.0267243)
(0.467298,-0.0932956)
(0.480042,-0.0296119)
(-0.0938131,0.0201494)
(0.381644,-0.0976059)
(-0.036869,-0.011617)
(0.414011,-0.0859791)
(0.409568,-0.0894492)
(-0.0860832,0.0179227)
(-0.0647511,0.03757)
(0.0914754,0.0776994)
(0.0837136,0.00653537)
(0.451846,-0.114105)
(0.57055,-0.141942)
(-0.0182604,-0.0455588)
(-0.00194235,-0.0113741)
(-0.0382235,0.0110334)
(0.045098,0.0736298)
(0.705862,-0.172116)
(-0.0531147,-0.0540854)
(-0.0751998,-0.0749134)
(0.414574,-0.160266)
(-0.0355279,0.0627144)
(-0.0148653,0.0342488)
(-0.0739998,-0.0349744)
(-0.0183036,0.0126711)
(0.48551,-0.128861)
(0.47021,-0.178935)
(0.543466,-0.0507929)
(0.485002,-0.0562228)
(-0.0477155,0.0311844)
(-0.0171319,-0.0454146)
(-0.00949874,-0.0232181)
(0.186225,-0.0642401)
(0.00211564,0.0267469)
(0.0696768,-0.00953385)
(-0.00898401,-0.0461409)
(-0.0115759,0.0705683)
(-0.0179662,0.073384)
(-0.0131443,-0.0569597)
(-0.0370846,0.0180967)
(0.0778151,-0.00065979)
(-0.00546788,-0.04018)
(0.0326208,0.00768932)
(-0.043231,0.0293391)
(-0.0450211,-0.0315697)
(-0.0294379,0.018162)
(-0.0552306,-0.0250343)
(-0.0505692,-0.0456208)
(-0.0385624,0.021442)
(0.0362201,-0.052939)
(0.0546458,-0.012446)
(0.00936968,-0.00834282)
(0.0376402,0.00234354)
(-0.0250248,-0.0949572)
(0.0637452,-0.108518)
(-0.0251135,0.0126056)
(0.00875955,0.00794483)
(-0.0438069,-0.0259797)
(0.524392,-0.071454)
(-0.0487072,-0.0616769)
(-0.0821388,-0.100718)
(-0.0182081,-0.023466)
(0.0204718,-0.00868632)
(0.0521719,0.0300762)
(-0.0149901,0.0183245)
(0.0205982,-0.00698972)
(-0.0677975,-0.019925)
(-0.0499935,0.0518618)
(0.0109092,0.00502676)
(0.494693,0.00466256)
(-0.00322944,0.0613103)
(-0.039975,-0.0138275)
(0.0596716,0.0659025)
(0.0164184,-0.00940121)
(0.0284366,0.0296502)
(0.0381827,0.0595526)
(0.0137123,-0.0395338)
(-0.00702184,-0.0634644)
(0.110454,0.0551726)
(0.0420546,0.0244318)
(0.0225756,0.00730379)
(-0.0688902,0.00120685)
(0.0543406,0.0174202)
(0.105464,0.025889)
(-0.00711073,0.0580608)
(0.0130939,-0.0364555)
(-0.077503,0.0130561)
(-0.0488739,-0.0166444)
(-0.0335723,0.00706596)
(-0.050194,0.0365212)
(0.0524297,-0.0450129)
(-0.00126464,0.0247507)
(-0.0566283,-0.0272501)
(-0.0526441,0.00303991)
(0.00852327,0.0383998)
(-0.0962993,0.02088)
(-0.0369234,-0.0205329)
(-0.0351693,-0.000775379)
(-0.040911,0.00563665)
(0.0112044,-0.0410959)
(0.06359,0.0289653)
(0.373014,-0.130953)
(0.00239971,0.0111855)
(-0.00827956,0.0216467)
(-0.0388007,-0.0275092)
(-0.0705444,-0.0566813)
(-0.117133,-0.0738555)
(-0.0637441,-0.0346342)
(-0.0425251,-0.0442265)
(-0.0673479,-0.0199578)
(0.0304586,-0.0835465)
(-0.0550281,-0.0873636)
(-0.0599709,-0.0335657)
(0.441997,-0.211594)
(-0.00847108,-0.0260051)
(-0.0276481,0.0221314)
(0.0152209,-0.0199458)
(3.04194e-05,-0.025048)
(-0.0241609,-0.0147081)
(-0.0012783,0.0212144)
(0.0829748,-0.0681425)
(0.00702528,-0.00303487)
(0.00798567,0.058642)
(-0.0299478,-0.0507473)
(0.0355594,-0.00722436)
(-0.0162797,-0.0174602)
(-0.0469555,-0.0150631)
(0.0430008,-0.0400578)
(-0.0209691,-0.0789118)
(0.470735,0.0116427)
(0.0342565,-0.033356)
(0.0682414,0.0587289)
(-0.0959987,-0.0689029)
(0.052558,-0.0351025)
(0.0289678,-0.0433087)
(-0.0570871,-0.0654632)
(0.0739696,0.0491692)
(-0.0167488,0.0051347)
(-0.017254,-0.0100549)
(0.0433326,0.0511828)
(0.0403764,0.0424154)
(0.00841717,0.10823)
(-0.012083,0.00855321)
(0.149151,-0.0207031)
(0.390027,-0.101246)
(0.450742,-0.108044)
(0.0940084,-0.0458821)
(-0.00132828,0.0159484)
(0.414707,-0.117183)
(-0.086829,0.101624)
(0.0573985,-0.0373085)
(-0.0296456,0.00157164)
(-0.048786,-0.00915308)
(-0.00579043,-0.00444141)
(0.259776,-0.108785)
(0.120289,-0.0649861)
(0.0282478,0.040817)
(-0.0276988,0.0101185)
(-0.0315285,0.00911168)
(0.0248421,0.0274745)
(0.455282,-0.177922)
(-0.0426838,-0.0592793)
(-0.040734,-0.000615676)
(-0.00647326,0.0223203)
(-0.00700409,0.0683022)
(-0.00619879,-0.0508707)
(-0.0187831,-0.0265822)
(-0.00817139,0.0763474)
(0.460527,-0.112576)
(0.41208,-0.0752915)
(0.0267728,-0.0336213)
(0.0135815,-0.0835456)
(0.0231339,0.0430034)
(0.069361,0.0369932)
(-0.0135344,0.034047)
(0.143944,-0.0270486)
(0.359141,-0.100962)
(-0.0458032,-0.0191443)
(0.0337163,-0.0584397)
(-0.025531,0.0149553)
(0.0549229,0.0115042)
(0.037136,0.096591)
(0.0149483,0.0246852)
(0.0293278,-0.0382805)
(-0.00117746,-0.0847086)
(0.0421466,0.0177502)
(0.00950854,-0.0185737)
(-0.0395771,-0.0611834)
(0.0411228,0.0894794)
(0.071238,0.0523667)
(-0.0742608,-0.0230259)
(-0.0163009,-0.0851866)
(0.0291257,0.048034)
(0.050109,0.010687)
(0.0442091,0.00803078)
(-0.0706275,0.0301254)
(-0.00702475,0.0481954)
(0.554486,-0.134732)
(-0.0488153,0.0116883)
(0.00447545,0.020096)
(-0.0964759,-0.0943585)
(-0.113251,-0.0806505)
(-0.00537352,0.0174212)
(0.0193847,-0.0114961)
(-0.054602,-0.0363067)
(0.0340225,-0.0238648)
(0.0086371,0.0961036)
(0.0328249,-0.0213615)
(0.447926,-0.12493)
(0.0201619,0.102353)
(0.00766228,0.0321722)
(-0.0339851,0.0158656)
(0.0288678,0.00937653)
(0.0324407,0.0201785)
(-0.0293322,-0.0476024)
(0.0315482,-0.0230844)
(0.0630777,-0.0442149)
(-0.0358069,-0.110084)
(-0.00982679,0.0244677)
(-0.0462712,0.0181752)
(0.419568,-0.100749)
(-0.0593625,-0.0278721)
(0.00411785,0.0255703)
(0.0267704,0.0498994)
(-0.0589755,-0.0643018)
(-0.0594518,-0.0200836)
(0.0309312,-0.00023856)
(0.0613772,0.0482661)
(0.0780509,0.0377589)
(0.0611565,0.0303516)
(-0.0210786,-0.061928)
(0.0443847,0.0117188)
(-0.0716619,-0.0511448)
(-0.0252523,-0.0730035)
(-0.002649,0.000957781)
(-0.0253646,-0.0274907)
(0.0887249,-0.0166032)
(-0.00421183,0.0136917)
(-0.0262756,-0.0292903)
(-0.00570011,-0.0635225)
(-0.0512769,-0.0525952)
(0.0766764,-0.0398876)
(0.0312825,-0.00210257)
(0.203213,-0.128836)
(0.0575453,0.0319257)
(-0.0293764,0.0868154)
(0.0233366,0.0725952)
(0.0246501,0.0128022)
(-0.086425,0.0846181)
(0.0100303,-0.0186999)
(0.0117514,0.0453831)
(-0.0455675,-0.0203348)
(0.0217447,0.0354628)
(0.00669239,-0.0274878)
(0.0146495,0.0344096)
(-0.0535636,-0.0256632)
(0.0264934,0.00475519)
(0.0478239,0.0361148)
(-0.0495282,0.014183)
(-0.0561281,-0.017968)
(-0.0768058,-0.0434447)
(0.0394665,-0.00831167)
(0.419597,-0.113868)
(-0.105881,0.0045663)
(0.567465,-0.111706)
(0.0289204,0.0592379)
(-0.0656413,0.0809967)
(-0.0184507,0.0863027)
(-0.0035847,0.00473269)
(0.0678625,0.0565783)
(0.0352422,-0.0468629)
(0.00735526,-0.00509638)
(0.00237449,-0.0169437)
(-0.0427276,0.0690854)
(-0.00464292,-0.0204108)
(0.446074,-0.120244)
(-0.0182885,-0.0297994)
(-0.0256537,-0.0173997)
(0.0874288,0.0333402)
(0.0711189,-0.0261059)
(-0.0344188,-0.0399907)
(0.432575,-0.0572307)
(0.0407683,-0.0276001)
(0.0153348,-0.0515745)
(0.707628,-0.083122)
(0.0396592,-0.0502965)
(-0.0561926,0.0253213)
(-0.0269793,0.030224)
(0.0478655,-0.0165513)
(0.394379,-0.0592229)
(0.516952,-0.175958)
(0.52834,-0.0582623)
(0.45638,-0.0899386)
(-0.0439886,0.0130756)
(-0.0690857,0.0222709)
(-0.00118289,-0.00547628)
(0.00377712,-0.0644294)
(-0.0206797,0.0347662)
(-0.0640673,-0.00586128)
(-0.0747085,-0.0285506)
(0.0841853,0.0329668)
(-0.0172427,0.0235667)
(-0.0336709,0.0839997)
(0.00943782,-0.015137)
(0.0469238,0.0142789)
(0.0661468,0.024407)
(0.0598985,0.0309177)
(0.0772069,0.0474372)
(0.0420548,0.00783962)
(0.0931508,-0.0402708)
(-0.00879605,0.00596169)
(-0.0362081,0.106454)
(-0.00475663,0.0717622)
(-0.0126341,0.0111466)
(-0.0378398,0.0860259)
(-0.04607,0.0118605)
(0.00243676,0.0243066)
(0.0266157,0.0618576)
(0.0131532,-0.0230098)
(0.0283989,0.0280144)
(-0.0165308,-0.0393143)
(-0.0614207,-0.0396101)
(0.0670501,0.0603257)
(0.0483154,0.016259)
(0.0233144,0.0711413)
(0.0453393,-0.0149313)
(0.427943,0.00813859)
(0.0363252,-0.00214701)
(0.542188,-0.120488)
(-0.0334693,0.0732349)
(0.0312958,0.00647137)
(-0.048302,0.00779246)
(-0.100938,0.0649299)
(-0.00772216,0.0652964)
(-0.0474098,-0.0142532)
(0.0157848,0.0548476)
(0.0378003,-0.00822985)
(0.0334151,-0.00658577)
(0.0027838,-0.0062435)
(-0.00336542,-0.0630571)
(-0.0296393,0.0953204)
(0.0171707,-0.0482559)
(0.0333173,0.0541337)
(-0.0546548,-0.01078)
(-0.0435024,-0.0359445)
(0.0543778,-0.0463463)
(0.00600044,-0.0911571)
(-0.00879401,0.0717283)
(0.0380772,0.0354177)
(0.0563792,-0.0207194)
(0.186746,-0.0829454)
(0.0763798,0.0417158)
(-0.026228,-0.0411698)
(0.00831654,-0.035478)
(0.0767825,-0.0203013)
(0.410706,-0.104747)
(0.00686287,0.0727805)
(-0.0303296,0.084522)
(0.038009,-0.0642595)
(-0.0625763,0.0775132)
(0.0504909,0.0422317)
(0.119767,-0.0333642)
(0.252366,-0.110881)
(0.346433,-0.19277)
(-0.0275694,0.0589503)
(-0.0115943,0.0407599)
(-0.0899234,0.0231575)
(0.192818,-0.124016)
(0.535847,-0.0729485)
(0.0605416,0.000572963)
(-0.0622868,-0.0555724)
(-0.0229378,0.0288709)
(-0.0839624,-0.0249793)
(-0.0298884,0.0495475)
(-0.0382369,0.022427)
(-0.0177587,0.0338393)
(-0.00891364,-0.00482224)
(0.0348529,-0.00365474)
(0.0561722,0.0225014)
(0.497568,-0.108107)
(0.0384231,0.00836549)
(-0.0190676,-0.0300207)
(0.0428692,0.0256506)
(0.00797824,-0.0379781)
(-0.0204269,-0.0442103)
(0.041511,0.00312259)
(0.00822337,-0.014665)
(0.256752,-0.158402)
(0.0235446,0.0962589)
(-0.0180192,0.00855773)
(0.0375504,0.0988235)
(0.0270867,-0.0260345)
(-0.0358982,0.0316431)
(-0.0613289,-0.00293472)
(-0.0156895,0.0538637)
(0.268643,-0.0888152)
(0.673445,-0.0196102)
(-0.0721797,0.0560757)
(-0.0806401,-0.00275974)
(0.0160032,0.0267523)
(-0.0933198,0.0623934)
(-0.127234,-0.024934)
(-0.13512,-0.0131707)
(0.0235078,0.0593548)
(-0.0235065,-0.019846)
(0.0241843,0.012161)
(0.0610454,-0.0226892)
(0.0121591,-0.0147693)
(0.0326169,-0.00164645)
(-0.0929446,-0.0216286)
(-0.0352759,0.0434219)
(-0.00327809,0.0634047)
(-0.041608,0.0227997)
(-0.0304586,0.0482567)
(0.0329232,-0.00551631)
(0.0986783,-0.0625877)
(0.062245,0.0583934)
(0.0961339,0.0467028)
(-0.0642551,-0.0430815)
(-0.058067,-0.00622642)
(-0.045547,0.0138715)
(-0.0348371,0.0317965)
(0.000764658,0.0172409)
(0.0155411,-0.00090908)
(0.00397468,0.00585739)
(0.0627638,-0.0270041)
(-0.022189,-0.0522157)
(0.017661,-0.0341672)
(0.029165,0.0130407)
(-0.0264392,0.0698342)
(0.0283789,0.0787687)
(-0.0223786,0.0343013)
(0.0497689,-0.00616018)
(0.612776,-0.108646)
(0.0607644,0.0470472)
(-0.0353001,-0.0391239)
(0.00722737,-0.0258665)
(0.0590663,0.0959359)
(0.0302279,-0.0416551)
(0.0280701,-0.0324715)
(0.051527,0.0122117)
(0.0496912,-0.0562735)
(-0.000724017,-0.0726649)
(0.0354141,-0.022711)
(-0.0102055,-0.034506)
(0.0768403,-0.00554802)
(0.0787119,0.0351955)
(-0.0107103,-0.00289992)
(0.0419505,-0.0315247)
(0.0360616,-0.0361143)
(-0.00157267,-0.0375366)
(-0.0123273,-0.0350049)
(-0.0188123,-0.0290502)
(-0.0389839,0.0456842)
(0.00540162,0.00126399)
(-0.00854362,0.0175245)
(-0.0554901,-0.00265865)
(-0.023217,-0.0156512)
(-0.0115061,0.0217408)
(-0.0370317,-0.109335)
(0.0320242,-0.0932055)
(0.0076183,-0.0534265)
(0.0124458,-0.0386719)
(-0.0160725,-0.0140324)
(0.0619745,-0.0485839)
(-0.0502423,0.0129967)
(0.0245521,-0.0751866)
(0.0755793,-0.0409869)
(0.0733677,-0.0911288)
(0.0128057,-0.0960117)
(-0.0443103,-0.136778)
(-0.0447233,-0.00376899)
(0.0614762,-0.0450109)
(0.0911398,-0.02247)
(-0.0339423,0.0714574)
(-0.0629799,0.0332072)
(-0.0181183,0.0476137)
(-0.0122253,-0.0399943)
(0.00780588,0.00636401)
(-0.0207917,0.0770481)
(-0.0324666,0.0989523)
(0.0112644,0.0323874)
(-0.0846123,-0.0326079)
(0.0127701,-0.0214162)
(0.0467359,0.0221204)
(-0.0265829,-0.0886508)
(0.0154501,-0.0230764)
(0.469409,-0.0735137)
(0.0268883,-0.0619576)
(0.0492614,-0.000993903)
(0.00060566,0.0421276)
(-0.00484113,-0.0285632)
(0.0303343,0.0413028)
(0.0167875,0.0508407)
(0.0465116,0.0558153)
(0.0374653,0.0215372)
(0.0575079,-0.021154)
(0.0148651,0.00121967)
(0.0287644,-0.00452601)
(0.0375575,-0.0106851)
(0.0326186,0.0380087)
(-0.0483619,0.0801366)
(-0.0200433,0.0151107)
(0.0551035,0.0532009)
(0.0692258,0.0201215)
(-0.0206379,0.0431939)
(0.0309852,0.0281149)
(-0.0272463,-0.00107956)
(0.0060875,-0.0736426)
(-0.009057,-0.0498396)
(-0.0164431,-0.13205)
(0.0920719,0.000694597)
(0.546178,-0.116693)
(0.466508,-0.0783607)
(0.00643037,0.126177)
(0.452838,-0.0550568)
(0.0629936,-0.0699249)
(0.438383,-0.0591173)
(0.270709,-0.134565)
(-0.0070379,0.0417429)
(0.502765,-0.134651)
(0.557395,-0.107205)
(0.539223,-0.0955588)
(-0.016428,0.0553391)
(-0.0448308,0.0402361)
(-0.0421873,0.000556901)
(-0.0540375,0.0164189)
(0.0288466,0.0545059)
(-0.0231731,0.014038)
(-0.0336523,0.0352006)
(-0.0474364,0.02037)
(-0.0473692,0.00792797)
(0.00735798,-0.0614596)
(0.0323502,-0.000357889)
(0.0348371,-0.0397016)
(-0.0435624,0.0413476)
(-0.0370479,-0.00646171)
(0.0356412,0.0474572)
(-0.0251206,-0.0778075)
(-0.0493664,0.072518)
(-0.0336277,0.032257)
(0.0147986,0.0271523)
(0.0110699,-0.0258759)
(-0.0350008,-0.0852481)
(-0.00185212,0.0281686)
(-0.0365477,-0.0383833)
(0.0187206,-0.0157509)
(-0.00123361,0.0214657)
(0.0264138,-0.0078205)
(0.0449788,0.080945)
(-0.0261381,-0.00370828)
(0.00979288,0.0319907)
(-0.00926787,-0.0124101)
(0.0193965,0.035088)
(-0.00949278,-0.029216)
(-0.0143706,-0.0244241)
(-0.0376009,-0.0370274)
(-0.0269731,-0.0142017)
(-0.0265577,-0.0751959)
(0.00193892,0.0213353)
(0.546417,-0.259279)
(0.0309954,-0.0324657)
(0.00344068,0.0116013)
(0.00194962,0.00756451)
(0.0113449,-0.00630989)
(0.0139474,0.062011)
(-0.0177995,0.0497908)
(0.447992,-0.12986)
(0.636683,-0.182783)
(0.452923,-0.113357)
(-0.0236126,-0.00440741)
(0.410957,-0.078704)
(-0.00665915,0.0228042)
(0.0870423,-0.0257867)
(0.011767,0.0442148)
(0.0177859,0.0104341)
(0.187703,-0.0858156)
(0.00729373,0.0235511)
(-0.00547219,0.0469871)
(-0.0216465,0.028083)
(0.111446,-0.0579185)
(0.0262161,-0.00246363)
(-0.118014,-0.0271071)
(0.443044,-0.0664974)
(0.00695793,-0.00153393)
(-0.0405061,0.0155746)
(-0.00918716,0.0162966)
(0.0237148,0.0398226)
(0.0181485,-0.0102697)
(0.00118053,0.0564449)
(0.0646292,-0.0613981)
(0.00041104,0.0454019)
(0.0635574,0.022445)
(0.194073,-0.0432672)
(0.0671089,0.0289834)
(0.0253832,0.00802669)
(-0.0583025,0.0580499)
(-0.0889822,0.0232046)
(0.00868922,0.0642785)
(0.0194026,-0.00645926)
(0.00444315,-0.0495363)
(-0.0441389,0.0331226)
(-0.00975646,-0.0141496)
(0.00832833,-0.00935504)
(0.0132796,0.0124722)
(-0.0146744,0.0463162)
(0.05464,0.0488512)
(0.026176,0.0513289)
(0.0238282,0.0383523)
(0.0200267,-0.0104293)
(0.0428917,0.0112227)
(0.0182475,-0.109657)
(0.0269645,0.0340662)
(-0.0578157,-0.0224991)
(0.0369242,0.112172)
(-0.00162852,0.0420849)
(0.0292519,-0.126217)
(0.0811932,0.0701707)
(0.00905701,0.0457938)
(0.0604113,-0.0870859)
(0.00795071,0.048747)
(-0.04469,-0.0126597)
(-0.0255133,-0.0440639)
(-0.0167792,0.0563651)
(-0.0598263,-0.0304222)
(-0.0555135,-0.0185436)
(0.0580334,0.0508979)
(-0.029789,-0.0240947)
(-0.0973591,0.0758264)
(-0.00261697,0.00825052)
(0.00124403,0.0301089)
(-0.0279825,0.00974551)
(0.0460252,-0.00403895)
(-0.000496177,0.0369574)
(0.130617,-0.0847734)
(0.0846598,0.00195863)
(-0.0258303,-0.066547)
(-0.0341118,0.0527499)
(-0.0522538,-0.0979007)
(-0.00998581,0.0957105)
(-0.0387565,0.0171988)
(0.069836,0.076532)
(0.0711228,0.0831429)
(0.0101125,-0.0300141)
(0.0223208,0.0431411)
(-0.0497877,0.00819805)
(-0.0219507,0.0733933)
(0.0124439,0.0101975)
(-0.0514244,-0.0363832)
(0.01622,-0.0924069)
(0.0854284,-0.0228789)
(0.0403199,0.0531488)
(0.0259543,0.0561154)
(-0.046784,0.0433295)
(-0.0588722,-0.0239796)
(-0.00807951,-0.0334863)
(0.0495301,-0.0103705)
(0.0600495,-0.0397678)
(0.453764,-0.0955248)
(0.0177455,8.02189e-05)
(-0.0568504,-0.0485189)
(0.00813715,-0.0215501)
(-0.0363915,-0.0287105)
(0.00581511,-0.0565148)
(0.0482626,-0.0324904)
(-0.0358669,0.0184957)
(0.0243382,-0.0473884)
(0.546129,-0.133313)
(0.024753,-0.0999676)
(0.0508977,0.00486882)
(0.0577746,-0.0673258)
(0.52162,-0.125769)
(-0.0264036,-0.00316278)
(-0.0373817,-0.0107195)
(0.0400884,0.014397)
(-0.0194829,-0.00790008)
(-0.0349289,-0.0151879)
(0.0132159,-0.0214433)
(-0.051437,-0.0203902)
(0.306236,-0.0775782)
(0.165204,-0.0783574)
(0.0174964,-0.00534587)
(-0.0145618,0.0384669)
(-0.0480295,-0.0624377)
(0.0450169,0.069119)
(-0.0141583,-0.08128)
(0.400393,-0.0464731)
(-0.0483261,-0.0155031)
(-0.00753629,0.00750677)
(0.00517516,-0.00287998)
(0.032654,0.000828824)
(0.0703788,-0.0195324)
(0.0121512,0.00590828)
(0.494212,-0.105839)
(-0.0195973,-0.009254)
(0.498425,-0.0877167)
(-0.0661343,0.0669749)
(-0.0529773,-0.011862)
(-0.0120633,-0.0532648)
(0.0330979,0.037341)
(0.480757,-0.198122)
(0.104943,0.000767033)
(0.282972,-0.120401)
(0.0290524,-0.0119001)
(-0.0220177,0.00738039)
(-0.060849,-0.00475517)
(0.20627,-0.0404219)
(0.25913,-0.100926)
(-0.0030833,0.0163166)
(-0.0116511,0.00642813)
(0.305935,-0.128926)
(-0.0237368,0.0201984)
(-0.0715573,-0.02881)
(0.235013,-0.0962131)
(-0.0448042,0.0238785)
(-0.00752356,0.0205899)
(0.345437,-0.0763296)
(-0.0715262,-0.0652291)
(0.151516,0.00105626)
(0.205788,-0.0572238)
(0.0197411,0.0619269)
(0.229242,0.0136094)
(0.0684548,-0.059486)
(0.00759228,-0.0542299)
(-0.0152607,0.0502017)
(-0.0706718,0.036201)
(-0.0163224,0.000880175)
(0.0608927,-0.057648)
(0.028377,-0.0382222)
(0.0452733,0.0568091)
(-0.0360784,0.0686487)
(0.0594167,0.0527525)
(-0.0369839,0.010814)
(0.0826572,0.0673119)
(-0.0977659,0.0219412)
(-0.0274156,0.0346354)
(-0.0247096,0.0253652)
(-0.0270122,-0.0336733)
(-0.0377838,-0.00989054)
(0.308612,-0.0791051)
(0.014823,0.0761109)
(0.00955732,0.0502723)
(0.1145,-0.058842)
(-0.126681,0.0517387)
(-0.0744254,0.0364355)
(0.541227,-0.0799581)
(-0.00935421,0.0140607)
(0.556395,-0.128302)
(-0.0257412,-0.0245597)
(0.0130303,0.0213301)
(0.181549,-0.101708)
(-0.0376995,-0.00216204)
(0.0218732,0.0217891)
(0.455458,-0.116944)
(-0.0348461,-0.0227241)
(0.0627512,0.045132)
(0.0086887,0.00197012)
(0.0104211,0.0870058)
(0.132777,0.0332097)
(0.0339954,-0.0628451)
(0.101745,-0.044422)
(0.0459212,-0.0313867)
(-0.11557,-0.0465328)
(0.226402,-0.157377)
(0.0223781,0.0383175)
(0.293759,-0.150131)
(-0.0251986,-0.0663303)
(-0.0441734,-0.0189016)
(0.465788,-0.113791)
(-0.0686456,0.0969682)
(0.00332552,0.0515645)
(-0.0329381,-0.00811372)
(0.386157,-0.0802215)
(0.0102125,-0.0182944)
(-0.0457474,-0.0480202)
(0.0651078,0.0305975)
(0.00559806,0.0366124)
(0.0399245,0.0392045)
(0.0806578,0.0103015)
(-0.120501,0.0169993)
(0.0209081,-0.00228863)
(-0.0410688,0.0267494)
(0.0725002,-0.0499598)
(-0.0735829,0.0306727)
(0.00103085,0.0467255)
(0.077779,0.0299145)
(0.0686884,0.0422488)
(0.040682,-0.0688653)
(-0.0420341,-0.0549873)
(0.0132725,-0.089894)
(0.0114044,-0.00851163)
(0.00703858,-0.039381)
(-0.0112864,0.0181445)
(0.0542228,0.0169257)
(0.0647743,0.0136444)
(0.0402723,0.0777254)
(0.0139083,0.0189498)
(0.0118879,0.0355132)
(-0.018259,-0.0773675)
(-0.0615737,-0.110259)
(-0.0772059,-0.106554)
(-0.0477292,-0.0550916)
(0.0118551,-0.0100153)
(0.02038,-0.0240531)
(0.0145562,0.00654635)
(0.462622,-0.110553)
(-0.0645991,0.00267093)
(0.0312169,0.0152364)
(0.0028077,0.00570359)
(0.417516,-0.0671425)
(0.0369603,-0.00195581)
(0.0222098,-0.0258334)
(-0.0183239,-0.0287677)
(0.00879349,0.00110224)
(0.0168171,-0.0150319)
(-0.0158359,-0.0439362)
(0.0441794,-0.00727869)
(0.384953,-0.084859)
(0.0296009,-0.0171763)
(-0.100825,-0.0214533)
(0.627023,-0.146642)
(0.0142997,0.000832034)
(-0.00669273,0.00892388)
(0.0270912,-0.0481721)
(0.454492,-0.0793278)
(0.0488317,0.0274293)
(-0.0527822,-0.0454537)
(-0.0127624,-0.053718)
(-0.12066,-0.0082283)
(-0.000591666,-0.0175044)
(-0.0794861,-0.0742104)
(-0.00599109,-0.0563432)
(-0.0138015,0.0351096)
(0.00413289,-0.035907)
(0.000649384,-0.0584898)
(0.00697779,-0.0502659)
(0.431583,-0.0496955)
(0.0559854,0.00791579)
(-0.0497542,0.0448916)
(-0.038299,-0.0208668)
(0.00552505,0.000186477)
(0.00519007,-0.0638382)
(-0.0177726,0.0639758)
(-0.0176372,-0.0562234)
(-0.00693253,-0.00708446)
(0.00422679,-0.0776485)
(0.00641567,0.0414963)
(0.0116257,0.0703068)
(0.423192,-0.0922145)
(-0.00243172,0.00605423)
(0.00819957,0.00148779)
(-0.0175847,0.061017)
(0.0246393,-0.0263365)
(-0.0592741,0.0937684)
(-0.00602608,0.00429835)
(0.154247,-0.172845)
(0.207247,-0.105232)
(0.148673,-0.1508)
(0.0119018,0.00975165)
(-0.0120071,0.0264849)
(0.609297,-0.173578)
(0.34303,-0.131542)
(-0.018514,0.0147905)
(0.40149,-0.0751922)
(0.469239,-0.0423756)
(0.199435,-0.111194)
(0.051381,-0.0120061)
(0.0393353,-0.0195571)
(0.0434511,0.0414393)
(0.0924733,-0.00716599)
(0.000504977,0.03712)
(0.00992927,0.0528836)
(-0.0791457,0.00115803)
(0.078961,0.00249611)
(-0.0903995,0.0179632)
(-0.0277306,-0.0379112)
(0.0490558,-0.0127673)
(0.471653,-0.133926)
(-0.040181,0.0416476)
(0.00324574,-0.00503874)
(-0.0461754,0.0167394)
(0.538928,-0.0930716)
(-0.0405722,0.0825632)
(-0.0103923,0.00355225)
(0.531753,-0.161702)
(0.507682,-0.0800533)
(-0.0277998,0.0253974)
(0.339952,-0.0787049)
(-0.0030163,0.0511576)
(-0.0340826,0.0858985)
(0.474774,0.0160936)
(0.265601,-0.0839241)
(0.400301,-0.108045)
(0.474262,-0.0479887)
(0.0295304,-0.0131314)
(0.757466,-0.0277578)
(-0.0417286,0.011373)
(-0.0223791,0.0847081)
(0.0639407,0.000753281)
(0.17244,-0.0599297)
(-0.0382043,0.0549117)
(0.0994902,-0.0675515)
(0.0141266,-0.00468096)
(0.0229653,-0.00215369)
(0.0307917,-0.0122136)
(0.0190516,0.000713744)
(0.0567632,-0.00236026)
(-0.0135394,0.0464387)
(0.067062,0.046794)
(0.106801,-0.0455378)
(-0.0847659,0.00526412)
(0.0228502,-0.0568833)
(0.0327028,0.0509324)
(0.0256733,0.0443668)
(0.0161968,0.0153759)
(0.45868,-0.0692979)
(-0.0457851,0.109513)
(0.0259749,0.00443812)
(-0.0030336,-0.0173126)
(0.000944334,0.0298276)
(0.0515118,0.00812311)
(0.0198226,0.0349542)
(-0.0402318,-0.0904389)
(-0.0309214,-0.0207677)
(0.550154,-0.0831501)
(-0.0206805,0.0104554)
(0.333407,-0.0343398)
(-0.00204838,0.0168679)
(0.0461256,0.0325037)
(0.00389072,0.00541032)
(0.103881,-0.0342835)
(-0.0293944,-0.0382541)
(0.0269709,-0.100209)
(0.0297966,-0.0381631)
(0.013876,-0.0422644)
(0.0413936,0.0265603)
(0.0292033,-0.0345363)
(0.066842,0.00112911)
(0.0389398,0.0343229)
(0.469485,-0.127967)
(0.29037,-0.0566298)
(-0.0205335,-0.026817)
(0.0442785,-0.0382465)
(0.030277,-0.022925)
(0.0657738,-0.0478281)
(0.457472,-0.146265)
(0.0495536,0.0481622)
(0.0873424,0.0111599)
(0.0865888,0.0452736)
(0.0751816,0.00244626)
(0.31845,-0.157726)
(0.069278,0.0247023)
(-0.035966,5.11322e-05)
(-0.0204497,0.00224964)
(-0.0138417,0.0179754)
(0.498247,-0.0670053)
(0.0342087,-0.0259944)
(-0.0179973,-0.00256412)
(0.0483089,0.0672536)
(0.0309808,0.0136875)
(0.0397834,-0.00580012)
(0.477599,-0.0849742)
(0.406027,-0.141122)
(0.656277,-0.0754268)
(0.0382615,-0.059557)
(0.051186,-0.0129033)
(0.48659,-0.0590548)
(0.0402604,-0.0262096)
(0.0929967,-0.07345)
(0.279007,-0.199021)
(-0.0591754,-0.0541385)
(-0.0607573,0.00394968)
(-0.0550547,-0.023997)
(-0.0600105,0.0408383)
(-0.0241127,0.0258731)
(0.150154,-0.0617899)
(0.172111,-0.121897)
(0.282108,-0.144277)
(0.275846,-0.0505344)
(0.631159,-0.174064)
(-0.00440026,-0.0355035)
(-0.0714488,0.0135094)
(-0.028336,0.00583859)
(0.0981236,0.0889942)
(0.550296,-0.0707419)
(0.541127,-0.132713)
(0.00533945,-0.00443631)
(-0.0341815,-0.0511638)
(-0.00170619,-0.0399591)
(0.578692,-0.184611)
(0.000810947,0.0848311)
(0.0660564,0.0349458)
(-0.0514686,-0.00585001)
(0.600766,-0.0762517)
(0.0592521,0.0452845)
(-0.0462003,0.0631798)
(0.549724,-0.117392)
(0.515424,-0.119298)
(-0.0187437,0.0501969)
(-0.0136955,0.0228476)
(-0.0379698,-0.0424539)
(0.0037758,-0.0328726)
(0.0313708,-0.0461675)
(0.000587579,0.00649639)
(0.028079,-0.0276296)
(0.475259,-0.150481)
(0.680758,-0.0243654)
(0.603381,-0.124929)
(0.538389,-0.0567775)
(0.44822,-0.104756)
(0.178073,-0.10093)
(0.284742,-0.0307534)
(0.189319,-0.0653515)
(0.183952,-0.0909284)
(-0.023492,-0.0365314)
(0.0191365,-0.0573787)
(0.284527,-0.05251)
(0.540175,-0.15229)
(0.531884,-0.125124)
(0.434386,-0.0611587)
(0.522649,-0.140181)
(0.00823092,0.0493003)
(0.532351,-0.0721519)
(-0.0485861,0.0854323)
(0.015018,-0.0191591)
(-0.0166423,-0.0421504)
(-0.0184443,0.0680754)
(-0.0492799,-0.0234392)
(-0.00757917,-0.0680792)
(-0.022657,0.0138261)
(0.030401,-0.021662)
(0.0317348,0.0711561)
(0.403045,-0.0993959)
(-0.00560114,-0.0471052)
(0.489635,-0.20678)
(0.455843,-0.0170347)
(0.459831,-0.161107)
(-0.0311593,-0.00314717)
(0.0688335,0.0785356)
(-0.035402,0.00930278)
(0.552213,-0.0975063)
(-0.0295647,-0.0702122)
(0.0220338,-0.00599132)
(0.323467,-0.13263)
(0.253943,-0.137724)
(0.523692,-0.0897493)
(0.378266,-0.0515002)
(0.590535,-0.239573)
(0.48265,0.0490958)
(-0.0121019,-0.0692332)
(-0.0151748,-0.0679496)
(0.00969384,0.0243848)
(0.034209,0.0798583)
(0.0221963,0.084584)
(-0.0121258,-0.0232306)
(0.0286844,0.00612615)
(0.302731,-0.116257)
(0.190762,-0.0368994)
(-0.0306243,-0.0023581)
(0.194567,-0.0318118)
(-0.00473682,-0.0282199)
(0.495451,-0.121152)
(0.52753,-0.0161536)
(-0.0540476,0.0356956)
(0.0525807,0.0461488)
(0.0749762,0.0233349)
(0.0644629,-0.0491255)
(0.452663,-0.222602)
(0.00752104,-0.0647495)
(0.159381,-0.104799)
(-0.0512354,0.0843079)
(0.285452,-0.131085)
(0.00992012,0.060136)
(0.335363,-0.0640752)
(0.00239785,0.042414)
(0.0286365,0.0361896)
(0.0197561,-0.00668388)
(0.0135417,0.0160203)
(0.488543,-0.068021)
(-0.0126112,0.024167)
(0.494733,-0.123235)
(0.467743,-0.08042)
(-0.0293837,0.0179941)
(0.48031,-0.0430293)
(0.588778,-0.0139452)
(0.538111,0.0174621)
(0.021685,0.00810848)
(0.481643,-0.142722)
(-0.0642113,0.0549772)
(-0.0548677,0.0375761)
(-0.033174,0.0685142)
(-0.037454,0.00805412)
(-0.0315098,0.0716161)
(-0.0378294,-0.000607502)
(-0.0563092,0.0268398)
(0.723342,-0.0132612)
(-0.0495354,0.00992681)
(0.113783,-0.0267625)
(0.413686,-0.12566)
(0.450346,-0.10592)
(-2.10349e-05,0.010747)
(0.0544635,-0.0142476)
(-0.0176009,-0.00428759)
(0.399381,-0.15454)
(-0.0433251,0.00513604)
(0.480767,-0.226082)
(0.373141,-0.111544)
(-0.0629499,-0.0222183)
(-0.0165821,-0.0137284)
(0.526048,-0.0219945)
(-0.0671761,-0.0221358)
(-0.00924431,-0.0243396)
(-0.0305219,0.0541098)
(0.45247,-0.112659)
(0.457081,-0.0965195)
(0.212517,-0.132671)
(0.450289,-0.142137)
(0.488088,-0.0636275)
(0.0920042,-0.0127873)
(0.497921,-0.0979474)
(0.594764,-0.0257358)
(0.0354434,-0.103196)
(0.509995,-0.0300258)
(0.0548419,0.0727783)
(0.502585,-0.0732056)
(0.0857405,0.0049729)
(0.00282803,0.0460576)
(-0.0193088,-0.0158265)
(0.0557522,0.0379124)
(0.00494948,0.0875651)
(0.063405,0.0968103)
(0.0192327,0.0706765)
(0.0465547,0.0260246)
(0.13002,-0.0820706)
(0.026215,0.00765964)
(-0.0207717,-0.0141474)
(0.0278146,0.0383046)
(0.00743563,-0.00254712)
(0.00835835,0.0261288)
(0.0334721,0.00569604)
(0.0170945,0.0577836)
(0.126527,-0.0910865)
(-0.00710886,-0.00246884)
(0.0432265,-0.0241065)
(0.621695,-0.0725402)
(0.385139,-0.175776)
(-0.0219695,0.0214746)
(0.0861579,0.145276)
(0.00736719,0.118213)
(0.138589,0.0270683)
(-0.0415079,-0.0103626)
(0.102615,-0.0107583)
(0.221985,-0.0961841)
(0.632387,-0.148346)
(0.570043,-0.125106)
(0.0183534,0.0653691)
(0.0684896,-0.0473929)
(0.543472,-0.137039)
(0.0285665,0.0494034)
(0.0460431,0.0265661)
(0.08142,-0.0187954)
(0.504104,-0.0309783)
(0.0798477,-0.0635238)
(0.237946,-0.16185)
(0.00573026,-0.00426814)
(0.127082,-0.125442)
(0.185542,-0.0752119)
(0.279529,-0.0498752)
(0.33902,-0.0963576)
(0.0767511,0.0438725)
(-0.041546,0.0586885)
(0.382677,-0.128165)
(-0.04131,0.0883237)
(0.0179705,-0.00535546)
(0.031777,-0.0339579)
(0.474737,-0.163024)
(0.0116002,-0.0290036)
(0.419853,-0.108351)
(0.0341725,-0.0111439)
(-0.0039321,0.0325062)
(-0.0119199,-0.018017)
(-0.00687594,0.0492467)
(-0.0251574,0.0168167)
(0.000216723,0.0294889)
(0.0241853,0.0255143)
(-0.0249934,0.0172107)
(-0.0388109,0.0852126)
(0.527157,-0.118213)
(-0.0131926,-0.0112763)
(0.0463672,0.0318834)
(0.510447,-0.0535599)
(0.0867568,0.0183868)
(-0.0111731,0.0339044)
(-0.00661625,0.00979921)
(-0.00228682,0.023027)
(-0.0603372,0.0657217)
(0.117436,-0.087028)
(-0.00854574,0.0710979)
(-0.0464849,-0.0420843)
(-0.0459034,-0.0776348)
(0.0405674,-0.0227727)
(-0.0473744,-0.0381128)
(0.484139,0.00322888)
(-0.0468346,0.0722422)
(0.631132,-0.12542)
(0.364875,-0.145363)
(0.494462,0.0160718)
(-0.0426868,-0.00293857)
(0.383488,-0.0094296)
(0.39447,-0.147659)
(0.373453,-0.0549516)
(-0.0695728,0.0444681)
(0.0125559,0.0565976)
(-0.0760852,0.066012)
(-0.0138963,0.0191984)
(0.572354,-0.178304)
(0.572713,-0.111009)
(-0.0562095,0.00600228)
(-0.0325779,0.00282365)
(0.00571763,0.0111976)
(0.053536,0.00108502)
(0.329617,-0.0723863)
(0.0510587,-0.00486218)
(0.0420417,0.0311429)
(0.0223883,0.0312912)
(0.077959,0.000688593)
(0.377307,-0.0739966)
(-0.064905,-0.0890909)
(0.454005,-0.0343155)
(0.0165688,0.001326)
(0.0555886,0.0745569)
(0.0882255,0.0420113)
(0.651146,-0.158931)
(0.013014,0.00341303)
(0.292782,-0.109634)
(0.544573,-0.131128)
(-0.0473339,-0.0065044)
(0.00374298,0.0288635)
(0.107676,-0.0950542)
(-0.0130728,0.0725493)
(-0.0804824,0.0293358)
(0.0351242,-0.127556)
(0.378358,-0.168511)
(0.25764,-0.191893)
(0.0616961,-0.0466368)
(0.016807,0.000153882)
(0.0143156,-0.0193677)
(-0.116166,0.0694745)
(0.01996,0.00576443)
(0.00426831,-0.0339737)
(0.417938,-0.0870925)
(0.535325,-0.0910486)
(0.629933,-0.0647952)
(-0.0261368,-0.0402232)
(0.348402,-0.067588)
(-0.0462393,0.0217764)
(0.0480281,0.0113543)
(0.0437817,0.00173291)
(-0.00801513,0.136744)
(-0.0171072,0.0293214)
(0.0600909,-0.0617456)
(0.263356,-0.0731355)
(0.575751,-0.107963)
(0.545653,-0.12858)
(0.111009,-0.0914817)
(0.529371,-0.157101)
(0.0327796,-0.148)
(0.427074,-0.179421)
(0.468677,-0.0790921)
(-0.0163148,-0.0927667)
(0.471167,-0.120847)
(0.44374,-0.146936)
(0.539115,-0.143501)
(0.410608,-0.11558)
(0.523405,-0.0875804)
(0.12229,-0.0555132)
(0.26791,-0.130725)
(0.212983,-0.0416686)
(0.431138,-0.0700605)
(0.024447,-0.0483009)
(0.519177,-0.0523056)
(0.35489,-0.151178)
(0.0130223,0.00246225)
(-0.0661231,0.00921594)
(-0.084712,0.0755018)
(-0.0633409,-0.0679995)
(0.423698,-0.159474)
(-0.0263932,0.0158689)
(0.468799,-0.14545)
(-0.0101417,0.011708)
(0.254072,-0.0446968)
(-0.0131905,-0.0490365)
(-0.0265729,-0.0428705)
(0.438697,-0.116564)
(0.03666,0.0966771)
(0.0889313,-0.0630186)
(0.527477,-0.143882)
(0.0345601,-0.0378528)
(-0.0074737,-0.0481096)
(-0.0498671,0.0353659)
(-0.0627898,-0.024905)
(-0.0387431,0.0319406)
(-0.007719,0.00369357)
(0.563736,-0.143622)
(0.566902,-0.162066)
(0.442688,-0.100826)
(-0.0346154,-0.0839033)
(0.0133111,0.0559226)
(0.353498,-0.196249)
(-0.00772107,0.0306601)
(0.00734203,-0.0109211)
(0.0194281,-0.0449847)
(-0.0347355,-0.044344)
(0.560095,-0.12541)
(0.441668,-0.0512321)
(0.506328,-0.105377)
(0.417792,-0.0479443)
(0.400914,-0.0797655)
(-0.0902839,-0.0355695)
(0.414059,-0.0431338)
(0.303223,-0.113941)
(-0.0600311,-0.104362)
(0.370067,-0.0809318)
(0.496504,-0.104632)
(0.0128764,-0.0656209)
(0.000797517,0.0804132)
(0.546047,-0.124168)
(0.016817,0.00731713)
(0.052639,-0.0229006)
(0.422632,-0.134117)
(0.0479071,-0.00355432)
(-0.0254638,-0.0458127)
(0.0455839,0.0339174)
(0.0752047,-0.0314554)
(0.494917,-0.0638731)
(-0.0234713,0.0357807)
(-0.0746876,0.0945482)
(0.000434909,0.0283247)
(0.390885,-0.06824)
(-0.0287149,0.0476367)
(0.00845105,0.0233216)
(-0.0443721,0.0662607)
(0.0823238,-0.0426987)
(-0.0363168,-0.0801191)
(0.0292254,0.00993885)
(0.11192,0.0297427)
(0.107204,0.0164506)
(0.0124034,0.0631639)
(0.0695384,0.0696651)
(0.0967561,0.0699787)
(0.503964,-0.0850506)
(-0.0728863,0.0339811)
(0.53366,-0.00347915)
(-0.0165398,-0.000669329)
(-0.0410565,-0.0633276)
(0.185262,-0.108375)
(0.530615,-0.133818)
(0.326309,-0.107044)
(-0.0801026,0.0536421)
(-0.013392,-0.0315944)
(0.0553358,-0.0207785)
(0.0284136,-0.0404872)
(0.00366752,-0.000708536)
(-0.0239854,0.0180594)
(-0.0456431,-0.0312878)
(0.0195014,0.0216797)
(-0.0584215,-0.0212243)
(0.0140241,0.0555515)
(0.022171,-0.0296408)
(0.392115,0.0584338)
(-0.000855031,0.0579776)
(0.056539,0.00784016)
(0.021753,0.0176638)
(0.0308935,0.0270828)
(0.189598,-0.0520985)
(0.12366,-0.0712884)
(-0.00768454,0.0386428)
(0.111094,-0.104341)
(0.52989,-0.0598395)
(-0.0479899,-0.10753)
(0.4471,-0.074759)
(-0.00680057,-0.15838)
(-0.0106799,0.0345631)
(0.104898,-0.0248737)
(0.0538044,-0.0742518)
(0.0883618,-0.0316581)
(-0.0503854,-0.0103812)
(0.0223141,-0.0101286)
(-0.0493554,-0.0436412)
(-0.0364139,0.0521924)
(0.0063589,-0.00705969)
(0.341053,-0.148135)
(0.354943,-0.13441)
(0.0410779,0.00871189)
(0.166259,-0.038073)
(0.191298,-0.0379095)
(0.588615,-0.1013)
(0.0209234,0.0109214)
(0.123104,-0.0273484)
(0.498192,-0.151569)
(0.142518,-0.00515763)
(0.110351,-0.0960495)
(-0.035171,-0.0334113)
(-0.00683583,-0.0630417)
(0.0964911,-0.0485693)
(-0.0407631,-0.00969072)
(0.433106,-0.0547727)
(0.378921,-0.126915)
(0.0158099,0.00120706)
(0.0477159,0.0106742)
(0.168052,-0.0919329)
(0.0519811,-0.0478549)
(0.129468,-0.0534542)
(-0.00566127,0.0429855)
