1620
(-0.0215512,-0.134906)
(-0.0256787,0.0504217)
(0.0545716,0.0646617)
(0.0194739,-0.14967)
(0.00566731,-0.0231329)
(-0.0392477,0.0483702)
(0.0355032,0.0782967)
(-0.0125556,-0.00495505)
(-0.00803394,0.0249361)
(0.000700698,0.0402085)
(-0.0492853,0.0269401)
(0.00348218,0.0138717)
(0.0323888,-0.0329727)
(-0.0202493,0.00408204)
(-0.0241947,0.0563064)
(-0.0312228,0.0317088)
(-0.0184479,-0.0774124)
(0.000501979,0.0319779)
(0.0174315,0.0205723)
(-0.0243784,-0.00817747)
(-0.0209029,-0.0185266)
(0.00988449,0.0268671)
(-0.0658743,0.0176265)
(-0.0150484,-0.0609844)
(-0.00130128,0.0360122)
(0.0173662,0.0118715)
(-0.0352799,-0.00332052)
(0.0814602,-0.0583867)
(-0.0185224,-0.00780961)
(0.0556339,-0.00352773)
(0.027245,0.0793748)
(0.0473434,-0.0266278)
(0.00450676,0.0466217)
(-0.108454,0.0347688)
(0.0624472,0.0257772)
(0.0153134,0.0685386)
(0.0708297,-0.0217587)
(-0.00734415,0.0393694)
(-0.0386539,0.00772056)
(0.0355999,-0.000682802)
(0.0429927,-0.0845802)
(0.0711326,0.0105256)
(0.064233,0.0319738)
(0.12962,0.00977005)
(-0.0379491,0.066138)
(0.133508,-0.0192437)
(0.0878198,-0.0178202)
(-0.0186772,-0.00303366)
(0.0495348,-0.0587001)
(-0.0130274,-0.0240606)
(0.0468473,0.00478715)
(0.102876,-0.0203294)
(0.0166219,0.0151943)
(0.0221264,-0.00196934)
(0.00564277,0.0339947)
(-0.0140517,0.0274402)
(0.0470357,0.0387827)
(0.0498127,0.0814711)
(-0.0152966,-0.0490654)
(0.0611242,-0.0437037)
(-0.0380634,-0.0232261)
(0.166335,-0.0627996)
(-0.0205777,-0.00494962)
(0.389234,-0.094489)
(-0.027229,-0.00985687)
(-0.0215975,0.0259477)
(-0.00519791,-0.00727782)
(0.0261885,0.00997901)
(-0.00748265,0.148321)
(-0.0445905,-0.0663234)
(0.0132062,0.0453483)
(0.00593245,0.0416163)
(-0.0390998,0.0732356)
(-0.0503688,0.0364381)
(0.00719891,-0.0178353)
(-0.089547,0.0763322)
(0.0204561,-0.028229)
(0.00345,-0.0517931)
(-0.0184618,0.00454509)
(0.0874524,-0.0325745)
(-0.0226403,-0.0593914)
(0.0180364,0.0140004)
(0.0281603,-0.0663715)
(0.0196998,-0.0138588)
(0.0333355,0.0235845)
(0.0300136,0.0329431)
(-0.0313059,-0.0578973)
(-0.041511,0.0205189)
(0.0841854,0.0223367)
(0.0403296,-0.0138724)
(-0.118466,-0.0141455)
(-0.0194458,0.0252395)
(0.453977,-0.0580814)
(0.0077561,0.10089)
(-0.0252374,0.0592453)
(0.579096,-0.00150796)
(-0.0536022,0.0574615)
(0.443273,-0.144107)
(-0.00516555,-0.0988644)
(-0.0398564,-0.0875298)
(0.0515759,0.0234829)
(-0.0733444,-0.00471725)
(0.0509298,-0.068539)
(0.00541953,-0.0236732)
(-0.0243923,-0.114549)
(0.451423,-0.110482)
(0.0385469,0.0775723)
(-0.071831,-0.0121389)
(0.0123436,0.0180913)
(0.0412408,0.076265)
(0.00504661,0.027298)
(0.715712,-0.12745)
(0.36727,-0.0530583)
(-0.0103425,-0.0136593)
(0.49602,-0.0451542)
(0.00850809,0.111631)
(-0.00982224,0.0774822)
(0.64214,-0.0730462)
(0.00527223,0.0201445)
(0.491535,-0.070548)
(0.445227,-0.0665087)
(0.0239474,0.031337)
(0.391217,-0.0715546)
(0.285932,-0.114151)
(0.283588,-0.0768876)
(-0.00817395,-0.0216341)
(0.0467538,-0.0405469)
(-0.00163056,0.0347901)
(0.353259,-0.129655)
(0.088329,0.0801235)
(0.112206,0.104697)
(0.00856982,-0.00659215)
(-0.00614915,-0.0475282)
(0.00680148,0.0261483)
(0.0041798,0.0170755)
(0.0210848,0.0315664)
(-0.0567073,0.00409635)
(0.00484577,0.0297483)
(0.383764,-0.0925086)
(0.04319,-0.022018)
(0.0256456,0.0364078)
(-0.014732,0.060719)
(0.0187856,-0.0172322)
(0.0469346,-0.0774826)
(0.0911162,-0.0886228)
(0.0254305,-0.104045)
(0.016094,0.00389951)
(0.427073,-0.0813738)
(0.482355,-0.0965572)
(-0.0560349,0.00358237)
(0.481057,-0.151207)
(0.19211,-0.0667743)
(0.539318,-0.0237929)
(0.457147,-0.128867)
(0.477284,-0.0781518)
(-0.0465465,0.0244257)
(0.070189,0.0387469)
(0.416835,-0.166083)
(0.358677,-0.0218077)
(-0.0209691,0.0141655)
(-0.0289337,0.0473206)
(-0.00710129,0.0273094)
(0.00891727,0.0299501)
(-0.0367964,-0.0104972)
(-0.00635509,0.0167088)
(-0.0496381,-0.039773)
(0.0130993,-0.0464958)
(-0.0191503,-0.0507815)
(0.0423939,0.0275168)
(-0.0114985,0.0867246)
(0.0394991,-0.0180069)
(0.0532655,-0.00435845)
(0.420043,-0.178042)
(0.377664,-0.129855)
(0.572541,-0.11346)
(0.495928,-0.0573703)
(0.0701052,-0.090945)
(0.153509,-0.0124654)
(-0.0952013,-0.0677611)
(-0.124613,0.0613044)
(-0.0504666,-0.0652236)
(0.0398037,0.0708303)
(0.0247431,0.0314656)
(0.0105268,0.030052)
(0.0194569,0.0127314)
(-0.00644084,0.0479364)
(0.042959,0.0334722)
(0.0737724,-0.108061)
(0.0168153,-0.0253656)
(0.40829,-0.155602)
(0.471179,-0.0762628)
(0.371459,-0.087824)
(0.574494,-0.125438)
(-0.0568997,-0.0453789)
(-0.044631,-0.0514994)
(0.0536959,0.066672)
(0.0581336,0.0386785)
(-0.0303221,0.0459064)
(-0.0610575,-0.0487707)
(-0.00805472,0.0156545)
(0.0335414,-0.120114)
(0.0991228,-0.0853427)
(-0.036489,-0.0503011)
(-0.0741395,-0.0235541)
(-0.0247913,-0.023294)
(-0.0651433,0.0264151)
(0.462715,-0.0831393)
(0.467854,-0.0192488)
(-0.0982246,0.0258562)
(0.373071,-0.093787)
(-0.0380681,-0.0154538)
(0.419707,-0.0807637)
(0.421197,-0.0883832)
(-0.0997802,0.0261893)
(-0.0841417,0.0415958)
(0.0856266,0.0839838)
(0.0825177,0.00969095)
(0.443565,-0.114697)
(0.56309,-0.148816)
(-0.0271208,-0.0416583)
(-0.00336674,-0.00289715)
(-0.0439309,0.0141804)
(0.0447131,0.0784888)
(0.701925,-0.178313)
(-0.0589574,-0.0628258)
(-0.0816997,-0.08365)
(0.411082,-0.167147)
(-0.037894,0.0597913)
(-0.00826538,0.0339769)
(-0.0716324,-0.0384413)
(-0.0181083,0.0107211)
(0.484306,-0.122685)
(0.470925,-0.169366)
(0.528455,-0.053771)
(0.46853,-0.0579425)
(-0.0517575,0.0354417)
(-0.0030193,-0.041273)
(-0.00150327,-0.0163021)
(0.195785,-0.0682359)
(-0.000392098,0.028288)
(0.067,0.000504835)
(-0.0164106,-0.0378066)
(-0.0078764,0.0744142)
(-0.0143456,0.0752871)
(-0.0286427,-0.0546914)
(-0.0492048,0.0128391)
(0.0850353,0.00459618)
(-0.0092551,-0.0502847)
(0.033621,0.0057576)
(-0.049128,0.0389053)
(-0.0427106,-0.0425641)
(-0.0344226,0.0187701)
(-0.0550923,-0.03492)
(-0.0503792,-0.0535594)
(-0.039032,0.0247231)
(0.043794,-0.0464027)
(0.0667756,-0.0118222)
(0.0128091,-0.0136154)
(0.040416,0.0117315)
(-0.0215815,-0.0939272)
(0.0638668,-0.10648)
(-0.0231102,0.0137006)
(0.00836051,0.00293841)
(-0.0366304,-0.0276534)
(0.52443,-0.0600704)
(-0.0420314,-0.0687004)
(-0.0796742,-0.109511)
(-0.0143495,-0.0219298)
(0.0164842,-0.0113049)
(0.0455207,0.0338927)
(-0.0143997,0.0171044)
(0.0171392,-0.011555)
(-0.0760522,-0.0242376)
(-0.0549554,0.0543624)
(0.0132551,0.00704167)
(0.485212,0.00664592)
(-0.00614048,0.0666666)
(-0.0481048,-0.0189742)
(0.0549416,0.0736468)
(0.0207663,-0.0247657)
(0.0376856,0.0204814)
(0.0506531,0.05684)
(0.00978398,-0.0388843)
(-0.0111646,-0.0570893)
(0.119571,0.0612787)
(0.0420439,0.0209669)
(0.0177548,0.00526051)
(-0.0636485,-0.000353643)
(0.0400258,0.0168375)
(0.115296,0.0340085)
(-0.0136777,0.0546358)
(0.00821264,-0.039859)
(-0.0834718,0.0121449)
(-0.037309,-0.0317197)
(-0.0301793,0.00652254)
(-0.0553841,0.0324396)
(0.0573256,-0.0432022)
(-0.00575666,0.0194973)
(-0.058031,-0.0297495)
(-0.0629903,0.00405996)
(-0.00316429,0.0450873)
(-0.0974474,0.013387)
(-0.0402679,-0.022007)
(-0.041711,-0.00394679)
(-0.0462911,0.00114231)
(0.0159123,-0.0364312)
(0.0612837,0.0193974)
(0.376459,-0.142546)
(0.00508753,0.00662287)
(-0.00569814,0.0185937)
(-0.0328146,-0.0407672)
(-0.0659948,-0.0505016)
(-0.111121,-0.0815536)
(-0.0732542,-0.0336461)
(-0.0475935,-0.0527892)
(-0.0801148,-0.0213641)
(0.0324751,-0.0810685)
(-0.0459666,-0.0890947)
(-0.066231,-0.0269297)
(0.452299,-0.21872)
(-0.010514,-0.0223118)
(-0.0278928,0.0260666)
(0.0154531,-0.0208274)
(-0.00668502,-0.0321614)
(-0.0320462,-0.0242059)
(-0.00766886,0.021985)
(0.0855857,-0.0649532)
(0.000543258,-0.00568435)
(-0.000746249,0.0528556)
(-0.0269733,-0.0528736)
(0.0535165,-0.00552776)
(-0.0102521,-0.0168956)
(-0.0453249,-0.024919)
(0.0447281,-0.0420752)
(-0.00754464,-0.0792387)
(0.476528,0.0112135)
(0.0315742,-0.0282558)
(0.0650962,0.0636698)
(-0.0900712,-0.0787223)
(0.047463,-0.0347039)
(0.0197269,-0.0445263)
(-0.0559088,-0.0686358)
(0.0715756,0.0565841)
(-0.0182105,0.00287557)
(-0.0161789,-0.0120179)
(0.0457676,0.0528216)
(0.0357074,0.0418437)
(-2.28805e-05,0.110099)
(-0.0107157,-0.000988541)
(0.147675,-0.0268436)
(0.375749,-0.105144)
(0.438987,-0.11495)
(0.0984817,-0.0479061)
(-0.00165494,0.0189909)
(0.417702,-0.109748)
(-0.0947181,0.0974716)
(0.0650929,-0.0294013)
(-0.024151,0.0011241)
(-0.0555156,-0.000985043)
(-0.00455622,0.00177669)
(0.257792,-0.102994)
(0.1347,-0.0647042)
(0.018801,0.036077)
(-0.0305283,0.0115937)
(-0.0342392,0.012854)
(0.030155,0.023654)
(0.471354,-0.191182)
(-0.0447552,-0.0636331)
(-0.0425323,0.0173743)
(-0.00159018,0.0330582)
(-0.0197838,0.0615648)
(-0.00298122,-0.0511479)
(-0.0179315,-0.0303054)
(-0.0273412,0.0698477)
(0.472143,-0.126288)
(0.410531,-0.0835754)
(0.0239766,-0.0393749)
(0.0137582,-0.089623)
(0.0322877,0.0442419)
(0.0690688,0.03941)
(-0.0168248,0.0336841)
(0.147881,-0.0320395)
(0.365393,-0.0965368)
(-0.046012,-0.0183827)
(0.0388501,-0.0577277)
(-0.0196774,0.00658223)
(0.046709,0.0156657)
(0.0385836,0.111858)
(0.0186826,0.034797)
(0.0277467,-0.0409625)
(0.0028161,-0.0927506)
(0.0516537,0.0258078)
(0.0101622,-0.00813247)
(-0.0363184,-0.055087)
(0.0398843,0.0990902)
(0.0720818,0.0554727)
(-0.0790569,-0.0252427)
(-0.0140876,-0.0821921)
(0.0371065,0.0587963)
(0.0577569,0.00570472)
(0.0430216,0.00525941)
(-0.0747921,0.0324825)
(-0.00623272,0.0512733)
(0.55415,-0.133566)
(-0.046735,0.00896995)
(0.00399324,0.0221447)
(-0.0869389,-0.0961734)
(-0.105554,-0.0899781)
(-0.00342157,0.00938853)
(0.0226506,-0.0154277)
(-0.0509497,-0.0387786)
(0.0298141,-0.022124)
(0.00724072,0.0964238)
(0.037492,-0.0218305)
(0.443499,-0.12077)
(0.0209337,0.10035)
(0.0142551,0.0285795)
(-0.0356786,0.0110229)
(0.02365,0.0128524)
(0.0242208,0.0197391)
(-0.0210548,-0.0424637)
(0.0301256,-0.02028)
(0.0683085,-0.0422671)
(-0.029271,-0.117925)
(-0.0141449,0.018569)
(-0.0365664,0.0222877)
(0.414819,-0.098411)
(-0.0522871,-0.0281576)
(-0.00367193,0.0220448)
(0.0115467,0.0544077)
(-0.050904,-0.069892)
(-0.057477,-0.0272519)
(0.0484452,0.0117706)
(0.0529417,0.055379)
(0.0761406,0.0350503)
(0.0663349,0.0329924)
(-0.022348,-0.0698894)
(0.0484582,0.0149555)
(-0.0718264,-0.0569633)
(-0.0142534,-0.0689118)
(0.0033875,0.00402526)
(-0.0266003,-0.0343257)
(0.100737,-0.0119154)
(-0.0111446,0.0165987)
(-0.0169014,-0.0295324)
(-0.000421959,-0.0521928)
(-0.050693,-0.0540251)
(0.072336,-0.0367224)
(0.0268983,0.00818816)
(0.192031,-0.124952)
(0.0475516,0.042136)
(-0.0377277,0.0887036)
(0.0171178,0.0856151)
(0.0196116,0.0142204)
(-0.0913384,0.0809204)
(0.0189655,-0.0137503)
(0.0114613,0.046613)
(-0.0479941,-0.0234944)
(0.0192485,0.0373276)
(0.000868178,-0.0344301)
(0.0106295,0.0365054)
(-0.0470743,-0.0376383)
(0.0240814,-0.00205111)
(0.0470575,0.0323743)
(-0.0501598,-0.00329066)
(-0.0562653,-0.0177687)
(-0.0712516,-0.044547)
(0.034336,-0.0110681)
(0.429247,-0.111257)
(-0.114096,0.00745776)
(0.561965,-0.102937)
(0.0247293,0.0495413)
(-0.0693277,0.0692032)
(-0.0253469,0.0794959)
(-0.00437128,0.00469876)
(0.0722328,0.0641702)
(0.0438762,-0.0393713)
(0.00573007,-0.00865518)
(0.00410902,-0.0221235)
(-0.033021,0.0590771)
(-0.00700641,-0.0212662)
(0.454719,-0.117581)
(-0.0155887,-0.03244)
(-0.0317084,-0.0180772)
(0.0946572,0.0360322)
(0.0807921,-0.0229948)
(-0.0386123,-0.0440782)
(0.43868,-0.0573649)
(0.0321946,-0.0329895)
(0.00550338,-0.0507405)
(0.697021,-0.0827074)
(0.039306,-0.0603515)
(-0.058035,0.0306749)
(-0.0339116,0.0321817)
(0.0505008,-0.0204895)
(0.391743,-0.0574359)
(0.51747,-0.177088)
(0.52936,-0.0625332)
(0.463001,-0.0903073)
(-0.0477403,0.0140706)
(-0.0728894,0.0213665)
(-0.00248738,-0.00823424)
(0.00842458,-0.0687285)
(-0.023743,0.0363923)
(-0.0691489,-0.00728012)
(-0.0809524,-0.0311669)
(0.0861262,0.0309599)
(-0.0120179,0.0262362)
(-0.0354968,0.088644)
(0.0089024,-0.0254279)
(0.0418396,0.014872)
(0.0537939,0.0256313)
(0.052029,0.0342885)
(0.0767637,0.0499114)
(0.0475119,0.0115603)
(0.105449,-0.0413865)
(-0.00722457,0.00367366)
(-0.0390329,0.11217)
(-0.00400831,0.070124)
(-0.0153016,0.0117538)
(-0.0373533,0.0900846)
(-0.0544449,0.00616046)
(0.00126533,0.0254965)
(0.021095,0.0497196)
(0.0322569,-0.0191987)
(0.0178962,0.0250054)
(-0.00643571,-0.0359972)
(-0.0577842,-0.0400526)
(0.0616561,0.070885)
(0.0506811,0.01785)
(0.0163556,0.0793211)
(0.051523,-0.0076829)
(0.422196,0.00841087)
(0.039502,0.000696392)
(0.543219,-0.115737)
(-0.0338875,0.0608153)
(0.0290204,0.00768731)
(-0.0418845,0.00191375)
(-0.117999,0.047844)
(-0.00587823,0.0729534)
(-0.0467006,-0.0339398)
(0.0218319,0.0598217)
(0.0472353,-0.0068113)
(0.0376467,-0.00564831)
(-0.00184982,-0.0131371)
(0.00314208,-0.0714858)
(-0.0322965,0.101497)
(0.0219055,-0.0525098)
(0.034202,0.0715677)
(-0.0537187,-0.0164796)
(-0.0343526,-0.0228109)
(0.0535613,-0.0388947)
(0.0114654,-0.0905939)
(-0.00249148,0.0741112)
(0.0547505,0.0270845)
(0.063492,-0.0214207)
(0.185314,-0.0847113)
(0.0712472,0.060223)
(-0.0264741,-0.0445161)
(0.00832952,-0.0370261)
(0.0791123,-0.0017615)
(0.411716,-0.111672)
(0.010068,0.0597579)
(-0.0290443,0.0870358)
(0.0550714,-0.0626395)
(-0.0572921,0.0811356)
(0.0457638,0.0531559)
(0.121914,-0.0317723)
(0.252048,-0.116282)
(0.356355,-0.200972)
(-0.0295239,0.0571119)
(-0.0103367,0.0444242)
(-0.0933899,0.0173667)
(0.194061,-0.131559)
(0.545852,-0.0678842)
(0.0642634,0.0142895)
(-0.0657179,-0.05826)
(-0.0222077,0.0334194)
(-0.0890166,-0.023933)
(-0.0325535,0.0516416)
(-0.0376868,0.0214949)
(-0.0234138,0.0353134)
(-0.0135557,0.00830452)
(0.0234562,-0.0034577)
(0.0609028,0.0195502)
(0.503074,-0.103549)
(0.0422964,-0.0027179)
(-0.0297978,-0.0254741)
(0.0475655,0.0239413)
(0.0201065,-0.0436202)
(-0.0205381,-0.0585283)
(0.0486621,-0.00375)
(0.0125602,-0.017071)
(0.259117,-0.150845)
(0.00596007,0.0992946)
(-0.021787,0.0057745)
(0.0169859,0.104825)
(0.0262813,-0.0276471)
(-0.0381525,0.0294237)
(-0.064396,-0.00439058)
(-0.0191607,0.0539222)
(0.27003,-0.09019)
(0.681774,-0.00748142)
(-0.0830535,0.058059)
(-0.087822,-0.00398309)
(0.0184301,0.0257004)
(-0.107718,0.0597239)
(-0.132735,-0.0398053)
(-0.142415,-0.0226741)
(0.0150011,0.0666963)
(-0.0188931,-0.0203795)
(0.0214569,0.00587606)
(0.052703,-0.0152491)
(0.000205931,-0.00986861)
(0.0333241,0.000448866)
(-0.0894349,-0.0281016)
(-0.0365109,0.0459117)
(-0.00609073,0.0676525)
(-0.0418792,0.0214241)
(-0.0315596,0.0488289)
(0.035399,-0.00407156)
(0.10486,-0.0520286)
(0.0638256,0.0593451)
(0.098615,0.0562916)
(-0.072814,-0.0392133)
(-0.0593391,0.00320169)
(-0.0429338,0.0183898)
(-0.0442092,0.026985)
(-0.00311435,0.0198105)
(0.0136593,0.00136749)
(0.018965,0.0103444)
(0.0576279,-0.0363445)
(-0.0274741,-0.0543274)
(0.0115304,-0.0386065)
(0.0267052,0.0124288)
(-0.0288442,0.0750866)
(0.0256894,0.0796745)
(-0.0272854,0.0338816)
(0.0475926,-0.00570558)
(0.623328,-0.104671)
(0.0692841,0.0647101)
(-0.0369273,-0.0525701)
(0.0155107,-0.0302915)
(0.0513307,0.0986621)
(0.0380365,-0.0410944)
(0.0212381,-0.0391579)
(0.050086,0.00953995)
(0.0555268,-0.0582813)
(0.00136886,-0.0814192)
(0.0352951,-0.0305267)
(-0.0226555,-0.0368291)
(0.077553,-0.00581629)
(0.0842889,0.0378435)
(-0.00622634,-0.0123487)
(0.0463458,-0.0398408)
(0.0445979,-0.0365458)
(0.00538239,-0.0414376)
(-0.0113727,-0.0279566)
(-0.0131878,-0.0230167)
(-0.0494802,0.0420658)
(-0.000878107,0.00243994)
(-0.0071352,0.0138447)
(-0.0565045,-0.00541421)
(-0.0222733,-0.0159747)
(-0.0134701,0.0182404)
(-0.0360674,-0.119488)
(0.0331461,-0.0985367)
(0.0156649,-0.0590526)
(0.00984112,-0.0423914)
(-0.012668,-0.0283126)
(0.0589047,-0.0449665)
(-0.0558472,0.00423565)
(0.0326683,-0.0748435)
(0.0693026,-0.037664)
(0.0696488,-0.085938)
(0.0210345,-0.10365)
(-0.0381747,-0.148286)
(-0.0441675,-0.0062249)
(0.0672338,-0.046554)
(0.0924529,-0.0199672)
(-0.0333858,0.068718)
(-0.0622488,0.031399)
(-0.0251134,0.045604)
(-0.0111842,-0.053557)
(0.00667064,0.0105695)
(-0.0273896,0.0803068)
(-0.0397719,0.111066)
(0.00175906,0.0288654)
(-0.090047,-0.0324507)
(0.0164631,-0.0202382)
(0.041125,0.0265285)
(-0.0144905,-0.0975606)
(0.0188275,-0.0209577)
(0.474135,-0.0673956)
(0.0345348,-0.0580932)
(0.0607937,-0.00259317)
(0.0089991,0.0444446)
(0.00638458,-0.0311757)
(0.0290492,0.0481518)
(0.0118389,0.0554963)
(0.0414451,0.0623206)
(0.0331381,0.0246228)
(0.0620413,-0.0281179)
(0.0177038,0.00558094)
(0.0328533,-0.00304894)
(0.0416987,-0.0114582)
(0.0265014,0.0427426)
(-0.0470903,0.100738)
(-0.0252732,0.00981672)
(0.0601531,0.0626208)
(0.0627066,0.0151481)
(-0.0132452,0.0308437)
(0.028109,0.0326445)
(-0.0191194,-0.00995029)
(0.0147209,-0.0780623)
(-0.00359533,-0.0500785)
(-0.0102799,-0.139304)
(0.0952964,0.00152417)
(0.563392,-0.111608)
(0.459845,-0.0851265)
(-0.01176,0.125057)
(0.442869,-0.0609344)
(0.0653404,-0.0681537)
(0.432085,-0.0569988)
(0.283254,-0.13916)
(-0.000463192,0.0413257)
(0.505801,-0.128643)
(0.55595,-0.107783)
(0.536227,-0.0975683)
(-0.0144683,0.0490579)
(-0.0518032,0.0449639)
(-0.0455561,0.00599682)
(-0.0528869,0.0201116)
(0.0264776,0.0570716)
(-0.0223367,0.0149303)
(-0.0311196,0.0390195)
(-0.0548675,0.0223517)
(-0.0451125,0.00873704)
(0.0177922,-0.0650813)
(0.040529,0.0057405)
(0.0474864,-0.0426269)
(-0.0461628,0.0387534)
(-0.0354814,-0.0100954)
(0.0337575,0.0446656)
(-0.0249081,-0.0850057)
(-0.0452481,0.0704988)
(-0.037376,0.0306109)
(0.0197121,0.0202792)
(0.00842603,-0.025185)
(-0.0371107,-0.0918282)
(-0.00298117,0.0214678)
(-0.0369284,-0.0421984)
(0.0187924,-0.0164296)
(-0.00112942,0.0275237)
(0.0277627,-0.0117646)
(0.0301479,0.0897079)
(-0.034758,-0.00725458)
(0.0127256,0.0430548)
(-0.00730026,-0.000415739)
(0.0199004,0.0375352)
(-0.00497781,-0.0388427)
(-0.0158181,-0.0313553)
(-0.0414486,-0.038012)
(-0.0341083,-0.0163799)
(-0.032981,-0.0637916)
(0.0091648,0.0298069)
(0.55693,-0.256516)
(0.0441477,-0.0314651)
(0.00741366,0.00410745)
(0.00207938,0.000556134)
(0.0161942,-0.00220937)
(0.0161092,0.0629313)
(-0.0192179,0.0504318)
(0.442651,-0.133593)
(0.636193,-0.187772)
(0.454153,-0.104089)
(-0.0226605,-0.00365072)
(0.406476,-0.0727871)
(-0.00235187,0.0279614)
(0.090383,-0.0329313)
(0.00806153,0.0490052)
(0.0112573,0.0131399)
(0.183764,-0.0855544)
(-0.00249897,0.0221351)
(-0.0106497,0.0507893)
(-0.0301761,0.0267925)
(0.108837,-0.0597007)
(0.0299539,0.00184037)
(-0.123291,-0.0326589)
(0.445485,-0.0734405)
(0.00603938,0.000822308)
(-0.0517465,0.0138857)
(-0.0237112,0.0172339)
(0.0187076,0.0381895)
(0.00907426,-0.0101902)
(-0.000159973,0.0589772)
(0.06383,-0.0572757)
(0.00394783,0.0455966)
(0.0672851,0.0244532)
(0.197417,-0.0479568)
(0.0711208,0.021866)
(0.0173427,0.0134649)
(-0.0745105,0.0599552)
(-0.0968021,0.0164734)
(0.00349332,0.0783163)
(0.01164,-0.00707743)
(0.00764549,-0.0554952)
(-0.0424489,0.0309349)
(-0.0111282,-0.0156974)
(0.00594569,-0.00717862)
(0.0158888,0.00694104)
(-0.0125405,0.043988)
(0.0615169,0.0456513)
(0.0342485,0.0497878)
(0.0257394,0.0332648)
(0.0222751,-0.0127827)
(0.0530296,0.0160989)
(0.017842,-0.114881)
(0.0294103,0.0330795)
(-0.0596697,-0.0232826)
(0.021882,0.117195)
(-0.00509762,0.0344537)
(0.0358989,-0.126676)
(0.0847672,0.0758366)
(0.0133353,0.0460957)
(0.0639745,-0.08157)
(-0.00129772,0.0573282)
(-0.0465882,-0.00889417)
(-0.0214215,-0.0441723)
(-0.0143787,0.061274)
(-0.0613318,-0.0321056)
(-0.0474519,-0.0148587)
(0.0566214,0.0616678)
(-0.0312657,-0.0184005)
(-0.108809,0.078367)
(-0.00353769,0.00903842)
(0.00299669,0.0287662)
(-0.0315528,0.00856073)
(0.0477753,-0.00242811)
(0.00647468,0.0364758)
(0.140627,-0.08187)
(0.0888345,-0.00191785)
(-0.0240187,-0.0621087)
(-0.042989,0.0556143)
(-0.0517083,-0.0968205)
(-0.0180662,0.0998022)
(-0.0317618,0.0223865)
(0.0581963,0.0805313)
(0.0568126,0.0934558)
(0.0130488,-0.0266958)
(0.015593,0.0432041)
(-0.0516934,0.00824136)
(-0.0243027,0.0762385)
(0.0190357,0.0113657)
(-0.0631351,-0.0421573)
(0.0198934,-0.105843)
(0.0826374,-0.016849)
(0.0438111,0.0591472)
(0.0201675,0.0568024)
(-0.0465679,0.0393515)
(-0.0567159,-0.0193338)
(-0.0180919,-0.0312341)
(0.0591162,-0.012105)
(0.0550369,-0.0347103)
(0.454269,-0.0953237)
(0.0288821,-0.00441632)
(-0.0564444,-0.0494762)
(0.0166541,-0.0189813)
(-0.0314341,-0.0360047)
(0.00664031,-0.0606276)
(0.0501919,-0.0344422)
(-0.0270888,0.0155824)
(0.0239733,-0.0459323)
(0.552069,-0.130084)
(0.038388,-0.102534)
(0.0557928,0.00701725)
(0.0659711,-0.0592889)
(0.521969,-0.124483)
(-0.0223555,0.00541269)
(-0.0428783,-0.00037604)
(0.0427295,0.0139279)
(-0.0131141,-0.00679957)
(-0.0427074,-0.0119428)
(0.0148682,-0.0239987)
(-0.051499,-0.0217492)
(0.316095,-0.0826165)
(0.169275,-0.0876754)
(0.0181115,-0.00775414)
(-0.0126082,0.0370942)
(-0.04535,-0.0651898)
(0.0380589,0.0787791)
(-0.00872308,-0.083398)
(0.398809,-0.0499928)
(-0.0426786,-0.0190709)
(-0.00833482,0.0138541)
(0.00605106,-0.000602326)
(0.027987,0.00469742)
(0.0714212,-0.0138404)
(0.0168769,0.0106397)
(0.492363,-0.109379)
(-0.0274521,-0.000169915)
(0.493593,-0.0879338)
(-0.0868881,0.0600701)
(-0.0610477,-0.0307365)
(-0.00605712,-0.0577355)
(0.0325837,0.0322662)
(0.481565,-0.195816)
(0.10392,0.0142802)
(0.289563,-0.108657)
(0.0290719,-0.0204353)
(-0.0317619,0.00289276)
(-0.0598422,-0.00980228)
(0.208896,-0.0300664)
(0.275165,-0.106145)
(0.00146926,0.00863887)
(-0.00978552,0.0132029)
(0.30672,-0.129091)
(-0.0254715,0.0144844)
(-0.0779654,-0.0309475)
(0.241293,-0.0987771)
(-0.0470448,0.0184331)
(-0.0135266,0.0237898)
(0.352051,-0.0838387)
(-0.0723884,-0.0816271)
(0.15033,0.0011524)
(0.210545,-0.0559929)
(0.0234444,0.05651)
(0.220812,0.0158597)
(0.0772929,-0.0558201)
(0.0119721,-0.0504072)
(-0.026247,0.0512787)
(-0.0837282,0.0320327)
(-0.0128202,-0.00382583)
(0.0687227,-0.0645421)
(0.0321342,-0.0328596)
(0.0427375,0.0653092)
(-0.0530072,0.0664916)
(0.0633871,0.0625244)
(-0.0369558,0.0156856)
(0.0870935,0.0835735)
(-0.0961321,0.0152929)
(-0.0233321,0.0392352)
(-0.024791,0.0257119)
(-0.0248733,-0.0345386)
(-0.0314292,-0.0188467)
(0.307947,-0.082124)
(0.00995241,0.0840016)
(0.000607409,0.0454268)
(0.112146,-0.0671738)
(-0.143899,0.0501672)
(-0.0738848,0.0264731)
(0.5406,-0.0796163)
(-0.00671054,0.0116936)
(0.558463,-0.126383)
(-0.0409842,-0.0230792)
(0.0129221,0.00963903)
(0.19741,-0.101216)
(-0.0457128,-8.63832e-05)
(0.0178644,0.0148813)
(0.451332,-0.129586)
(-0.0390065,-0.0250226)
(0.0561093,0.0470019)
(0.00544584,0.003237)
(0.000691924,0.10239)
(0.14924,0.0519614)
(0.0309465,-0.0646287)
(0.126856,-0.0349903)
(0.0462827,-0.043872)
(-0.120448,-0.0503151)
(0.243449,-0.154649)
(0.021755,0.0364321)
(0.303781,-0.140606)
(-0.0160597,-0.0705263)
(-0.0389162,-0.0219193)
(0.47224,-0.120501)
(-0.0770296,0.109904)
(0.000515354,0.0534285)
(-0.0262837,-0.0149653)
(0.377522,-0.0832822)
(0.0110488,-0.0191305)
(-0.0440287,-0.0529349)
(0.0599808,0.0370199)
(0.00504865,0.0318713)
(0.036926,0.0343819)
(0.0918755,0.0190998)
(-0.128061,0.014163)
(0.0293711,-0.00458066)
(-0.0424316,0.027343)
(0.0911734,-0.0439494)
(-0.0799009,0.035937)
(0.00466179,0.0487561)
(0.078659,0.0258464)
(0.068828,0.043224)
(0.0600488,-0.0767077)
(-0.043062,-0.0766244)
(0.0231137,-0.0938896)
(0.0253598,-0.0169797)
(0.0108753,-0.0456558)
(-0.0115063,0.0133216)
(0.0475231,0.0174472)
(0.0574471,0.0172133)
(0.0311463,0.0779367)
(0.00878803,0.0127075)
(0.0226745,0.0261261)
(-0.0174154,-0.0810903)
(-0.0620036,-0.118357)
(-0.0761352,-0.122947)
(-0.0425057,-0.0651915)
(0.0148886,-0.0128689)
(0.0206973,-0.0175698)
(0.0195275,-0.00534609)
(0.452113,-0.114741)
(-0.0700139,0.00231726)
(0.0275879,0.00854918)
(5.09537e-05,0.00116124)
(0.409427,-0.0752308)
(0.0292253,-0.00833097)
(0.0233408,-0.0310504)
(-0.010468,-0.0221172)
(0.0118654,-0.000782056)
(0.0135611,-0.0176873)
(-0.0123761,-0.0434002)
(0.0520076,-0.010147)
(0.386058,-0.0890632)
(0.0299674,-0.0272538)
(-0.114325,-0.0420184)
(0.616373,-0.140174)
(0.0150738,0.0108446)
(-0.00157048,0.0161442)
(0.031888,-0.0603148)
(0.446438,-0.0826015)
(0.0583279,0.032251)
(-0.0625562,-0.061776)
(-0.00835829,-0.0655806)
(-0.120956,-0.0134561)
(-0.000166,-0.0210795)
(-0.0816456,-0.0858822)
(-0.00791054,-0.0512327)
(-0.0164336,0.039155)
(0.00531871,-0.0387895)
(0.00388328,-0.0623871)
(0.00839358,-0.0493947)
(0.439463,-0.0494713)
(0.0554887,0.0113997)
(-0.0417182,0.0469188)
(-0.0393406,-0.0158936)
(0.00450252,0.0012661)
(0.00506302,-0.0634517)
(-0.0263068,0.0607277)
(-0.0215697,-0.0644147)
(-0.00562011,0.00223498)
(0.00632874,-0.0781776)
(0.00284693,0.0385867)
(0.0161439,0.073351)
(0.413895,-0.0992772)
(-0.0127466,0.0162994)
(-0.00021857,0.00573268)
(-0.00885565,0.0807823)
(0.0203218,-0.0322775)
(-0.0626183,0.109099)
(-0.0161974,0.00455923)
(0.146265,-0.167023)
(0.206329,-0.10627)
(0.149913,-0.151507)
(0.0135346,0.00704527)
(-0.0121496,0.0228861)
(0.606435,-0.165487)
(0.345841,-0.131792)
(-0.0129334,0.0219373)
(0.406419,-0.0810787)
(0.48096,-0.0475725)
(0.199099,-0.106437)
(0.053323,-0.0147001)
(0.0429852,-0.0192078)
(0.0317716,0.0470177)
(0.0823891,-0.00392294)
(-0.0101156,0.0369834)
(0.008932,0.0597021)
(-0.0941326,-0.00284275)
(0.078248,0.00339643)
(-0.0935144,0.0228355)
(-0.022115,-0.0489352)
(0.0482367,-0.0236098)
(0.479368,-0.136031)
(-0.0461054,0.0425764)
(0.0062165,-0.0186194)
(-0.0493939,0.0161189)
(0.541262,-0.0916468)
(-0.041033,0.0850872)
(-0.00810996,0.00651404)
(0.544849,-0.169717)
(0.513595,-0.0817202)
(-0.0269176,0.0266092)
(0.34695,-0.0757439)
(-0.000200613,0.0629636)
(-0.0410966,0.0978633)
(0.46836,0.0204543)
(0.264731,-0.0830825)
(0.397607,-0.104171)
(0.478723,-0.0468545)
(0.0393851,-0.00498406)
(0.752646,-0.0287041)
(-0.0424462,0.0129473)
(-0.0200393,0.082947)
(0.0605417,0.00289365)
(0.161403,-0.0477411)
(-0.0435822,0.0579076)
(0.0970266,-0.0635778)
(0.0152171,-0.00535229)
(0.0272052,0.000929565)
(0.0322651,-0.010469)
(0.0170024,0.00627741)
(0.0606572,-0.00580877)
(-0.0162021,0.0406893)
(0.0709094,0.0482475)
(0.107775,-0.0475318)
(-0.0901512,0.00277156)
(0.028986,-0.0611192)
(0.0359081,0.0390507)
(0.0322542,0.041019)
(0.0124483,0.012303)
(0.46461,-0.0774168)
(-0.0559438,0.116196)
(0.0201968,0.00816496)
(-0.00424591,-0.0169838)
(0.00704783,0.0305649)
(0.0493363,0.0105128)
(0.0129016,0.0322134)
(-0.0350548,-0.0984367)
(-0.0315188,-0.0283821)
(0.552064,-0.0962602)
(-0.0266023,0.0111125)
(0.3334,-0.0401952)
(-0.000550905,0.0187443)
(0.0463373,0.0385281)
(0.00915532,0.0125311)
(0.116604,-0.0290153)
(-0.0204243,-0.0410814)
(0.0365027,-0.103401)
(0.0391546,-0.0311857)
(0.0263386,-0.0449641)
(0.0427411,0.0270587)
(0.0267974,-0.0311306)
(0.0610383,0.0100288)
(0.0305435,0.0438006)
(0.48357,-0.134321)
(0.27181,-0.0552354)
(-0.0115699,-0.0329921)
(0.0373097,-0.0389197)
(0.0372223,-0.0278874)
(0.0580449,-0.0473378)
(0.455247,-0.162089)
(0.0518608,0.051276)
(0.0908865,0.0300475)
(0.0801246,0.0642587)
(0.0740061,0.0177999)
(0.327727,-0.170347)
(0.0767678,0.0277327)
(-0.0398113,-0.000552077)
(-0.0243789,-0.00040012)
(-0.0157739,0.01791)
(0.505008,-0.0751855)
(0.0349589,-0.0232561)
(-0.0183848,-0.00747702)
(0.0477977,0.0796637)
(0.0269909,0.0143222)
(0.0440704,-0.00243734)
(0.473464,-0.0974696)
(0.395392,-0.13306)
(0.659622,-0.0863275)
(0.0328827,-0.0610253)
(0.0492295,-0.0191342)
(0.48469,-0.0577942)
(0.0456692,-0.0368937)
(0.0897613,-0.0875735)
(0.276047,-0.214767)
(-0.0622798,-0.0612144)
(-0.0577138,-0.00549167)
(-0.0502854,-0.0342217)
(-0.0712548,0.0397996)
(-0.0169719,0.019816)
(0.140591,-0.054117)
(0.158919,-0.115093)
(0.276787,-0.141264)
(0.26989,-0.0436907)
(0.62182,-0.170442)
(-0.00158112,-0.034164)
(-0.0833967,0.0142548)
(-0.0314854,0.0028325)
(0.0910223,0.0971611)
(0.546516,-0.0738999)
(0.539914,-0.1414)
(0.0113141,-0.0129872)
(-0.036866,-0.0555376)
(0.00602486,-0.0466752)
(0.570088,-0.178573)
(-0.0161211,0.0881031)
(0.0683582,0.0361734)
(-0.057492,-0.00575539)
(0.597292,-0.0816053)
(0.0655682,0.0485425)
(-0.0562837,0.0701746)
(0.541873,-0.110615)
(0.512494,-0.122688)
(-0.0196343,0.0661372)
(-0.00726534,0.0359714)
(-0.0446631,-0.0443225)
(0.0157889,-0.0243267)
(0.0176248,-0.0549349)
(-0.00344343,0.0150498)
(0.0236853,-0.0333647)
(0.482792,-0.145515)
(0.685278,-0.0252598)
(0.596511,-0.118388)
(0.53109,-0.0618732)
(0.450273,-0.101972)
(0.175966,-0.104778)
(0.291006,-0.0277517)
(0.184167,-0.0619891)
(0.189626,-0.0967637)
(-0.0215618,-0.0245917)
(0.017645,-0.0584682)
(0.280042,-0.0487377)
(0.532638,-0.145936)
(0.522206,-0.124128)
(0.429536,-0.0617229)
(0.521088,-0.134755)
(0.00794433,0.0568862)
(0.542241,-0.0706933)
(-0.0559988,0.0845892)
(0.0100568,-0.00857542)
(-0.00147765,-0.0433527)
(-0.0292623,0.0718675)
(-0.0390523,-0.0294264)
(0.000553362,-0.0554459)
(-0.0311836,0.0116697)
(0.0337685,-0.0170633)
(0.0239557,0.0830442)
(0.40204,-0.0974866)
(0.00216299,-0.0438125)
(0.501585,-0.205553)
(0.456988,-0.0222526)
(0.469985,-0.166734)
(-0.0293678,-0.0111122)
(0.069116,0.0929414)
(-0.0398743,-0.00667147)
(0.553485,-0.104722)
(-0.013387,-0.084835)
(0.0234936,-0.00690761)
(0.318139,-0.132255)
(0.258337,-0.131292)
(0.517024,-0.0950039)
(0.371875,-0.0510611)
(0.591469,-0.246654)
(0.476417,0.0551859)
(-0.0131437,-0.0731843)
(-0.0171968,-0.0710349)
(0.00156787,0.0195907)
(0.0339811,0.0820721)
(0.0257141,0.0919394)
(-0.0192911,-0.0255856)
(0.0294757,-0.00276701)
(0.315814,-0.11907)
(0.183544,-0.0343322)
(-0.0202859,0.00139366)
(0.194293,-0.0313428)
(0.00581683,-0.0318914)
(0.509251,-0.111925)
(0.517294,-0.0175233)
(-0.0521711,0.0341416)
(0.0688475,0.049937)
(0.0817246,0.0359253)
(0.0539152,-0.0555282)
(0.465591,-0.230897)
(-0.00575396,-0.0640465)
(0.168026,-0.111892)
(-0.0460636,0.0861691)
(0.290356,-0.116432)
(0.0136152,0.0566092)
(0.323234,-0.0473465)
(0.0075743,0.038581)
(0.0301064,0.0383014)
(0.0192645,-0.01479)
(0.00827286,0.00701319)
(0.480818,-0.0682902)
(-0.0168471,0.0136146)
(0.485799,-0.113607)
(0.463067,-0.0818181)
(-0.0338402,0.0197331)
(0.473909,-0.0421381)
(0.589374,-0.0100609)
(0.543787,0.0176156)
(0.023303,-0.00147628)
(0.495268,-0.140378)
(-0.0695961,0.0481138)
(-0.0569696,0.0389335)
(-0.0296706,0.0743167)
(-0.0438624,0.0076961)
(-0.0428557,0.0686313)
(-0.0419652,0.000868547)
(-0.051558,0.0250349)
(0.712545,-0.0119749)
(-0.0571219,0.00640874)
(0.115889,-0.0316786)
(0.424443,-0.130216)
(0.453943,-0.114919)
(0.000515273,0.0168162)
(0.0455124,-0.0171311)
(-0.0116906,0.00256853)
(0.39852,-0.153987)
(-0.0425661,0.00740457)
(0.48628,-0.225844)
(0.369799,-0.10467)
(-0.0703359,-0.0194518)
(-0.029222,-0.0200394)
(0.523563,-0.0218776)
(-0.0785597,-0.0206008)
(-0.00353495,-0.0126059)
(-0.0339317,0.059931)
(0.453921,-0.111822)
(0.453332,-0.099383)
(0.225194,-0.148213)
(0.447475,-0.143008)
(0.48321,-0.0655393)
(0.0942844,-0.00810484)
(0.505797,-0.100581)
(0.607181,-0.0117948)
(0.0389744,-0.105217)
(0.509875,-0.0318796)
(0.0360071,0.0825453)
(0.497474,-0.0772212)
(0.0827737,0.0235328)
(0.00810357,0.0458576)
(-0.0165199,-0.0120588)
(0.0559291,0.0322791)
(0.00876921,0.0876271)
(0.06735,0.102874)
(0.030166,0.0728232)
(0.0528614,0.0251338)
(0.128264,-0.0671165)
(0.0286342,0.0158016)
(-0.0343451,-0.0147202)
(0.0230854,0.0383516)
(0.00274871,0.00796226)
(0.00475088,0.0348079)
(0.0206047,0.00995948)
(0.0318777,0.0640382)
(0.128896,-0.104167)
(0.00514109,-0.0117901)
(0.0479745,-0.0323198)
(0.615303,-0.0681882)
(0.383757,-0.174882)
(-0.0197613,0.0233086)
(0.0850606,0.153371)
(0.0144324,0.128768)
(0.14309,0.0300961)
(-0.0368142,-0.019951)
(0.0983013,-0.00552601)
(0.223707,-0.0930584)
(0.643641,-0.140037)
(0.568407,-0.13008)
(0.021504,0.0639304)
(0.0784201,-0.0535093)
(0.542722,-0.137676)
(0.0441891,0.0651154)
(0.049766,0.0355702)
(0.0834501,-0.0101542)
(0.505967,-0.0260217)
(0.0813557,-0.0568967)
(0.235095,-0.157637)
(0.0101869,0.00450491)
(0.13282,-0.127244)
(0.178946,-0.0649031)
(0.281193,-0.0568698)
(0.335344,-0.102809)
(0.0649627,0.0469039)
(-0.0428021,0.0738947)
(0.375822,-0.125477)
(-0.0536282,0.0938155)
(0.0114457,-0.00188097)
(0.0356803,-0.0362617)
(0.486041,-0.176598)
(0.0104633,-0.0292201)
(0.420594,-0.121617)
(0.0250137,-0.0066836)
(-0.0156745,0.023005)
(-0.00620112,-0.0270646)
(-0.0102526,0.0429683)
(-0.0238353,0.00662229)
(0.00276482,0.0304743)
(0.0253046,0.0255395)
(-0.0226277,0.0168372)
(-0.0409809,0.0906066)
(0.529374,-0.115375)
(-0.0118705,-0.0102007)
(0.0545953,0.0346274)
(0.509641,-0.0548896)
(0.0970158,0.0233804)
(-0.00457008,0.0379891)
(-0.00493355,0.0124387)
(0.00301151,0.022207)
(-0.0637019,0.068131)
(0.112036,-0.0828325)
(-0.0147511,0.0745724)
(-0.045932,-0.0470674)
(-0.049956,-0.0878156)
(0.0467286,-0.0263465)
(-0.0485515,-0.0376761)
(0.478083,-0.000844643)
(-0.0427381,0.0707786)
(0.63282,-0.124925)
(0.365377,-0.144843)
(0.490234,0.00852638)
(-0.0428234,-0.00336323)
(0.379103,-0.0031071)
(0.389357,-0.156105)
(0.365233,-0.0579887)
(-0.064495,0.0489554)
(0.00711936,0.0587424)
(-0.0900208,0.0571503)
(-0.0154607,0.0173666)
(0.579291,-0.192435)
(0.568159,-0.1245)
(-0.0605598,0.00837656)
(-0.033513,-0.00469347)
(0.00926792,0.0106416)
(0.0463024,-0.00628891)
(0.332499,-0.0753737)
(0.0460546,-0.0100311)
(0.0304393,0.0322079)
(0.0153415,0.0243097)
(0.0690444,0.00323163)
(0.375604,-0.0752861)
(-0.0708995,-0.0982734)
(0.457261,-0.0329384)
(0.0262617,-0.00276739)
(0.061877,0.0843017)
(0.100307,0.0479891)
(0.655536,-0.156976)
(0.0134414,0.00620892)
(0.290193,-0.111125)
(0.539951,-0.124858)
(-0.0436994,-0.010295)
(0.000543337,0.0257998)
(0.133519,-0.0830593)
(-0.0219877,0.0823903)
(-0.0923751,0.0228172)
(0.0468965,-0.126933)
(0.377464,-0.167515)
(0.249841,-0.188467)
(0.0737316,-0.0466391)
(0.0155294,0.00921665)
(0.0213949,-0.0258084)
(-0.138447,0.0587019)
(0.0313602,0.0158248)
(0.00156117,-0.0289166)
(0.4213,-0.0878449)
(0.537111,-0.0867575)
(0.624325,-0.0603509)
(-0.0398474,-0.0368344)
(0.346582,-0.0648981)
(-0.0471264,0.0230429)
(0.0524211,0.0030987)
(0.0513958,-0.00560656)
(-0.0295188,0.134954)
(-0.0204785,0.026311)
(0.0627992,-0.0722396)
(0.256109,-0.0697741)
(0.572132,-0.103209)
(0.546581,-0.121532)
(0.133453,-0.0914766)
(0.530783,-0.149755)
(0.0460147,-0.164679)
(0.443014,-0.182469)
(0.48303,-0.0818828)
(-0.0191057,-0.0969917)
(0.467716,-0.12708)
(0.455658,-0.143862)
(0.540855,-0.1488)
(0.404691,-0.118422)
(0.524597,-0.0790903)
(0.141418,-0.0631209)
(0.286736,-0.135095)
(0.220115,-0.0532511)
(0.440728,-0.0690946)
(0.0235691,-0.0598731)
(0.524827,-0.0487981)
(0.344016,-0.157877)
(0.0237108,0.000522056)
(-0.0672673,0.00536527)
(-0.0940545,0.0759797)
(-0.0629598,-0.0790173)
(0.433171,-0.165564)
(-0.0227005,0.0331805)
(0.467328,-0.146293)
(-0.0210225,0.0255221)
(0.242773,-0.0445176)
(-0.0125387,-0.0480629)
(-0.0246088,-0.0460131)
(0.440446,-0.127259)
(0.028129,0.107819)
(0.083883,-0.0518522)
(0.531482,-0.145138)
(0.0324069,-0.0338531)
(-0.011135,-0.0446601)
(-0.0635617,0.04422)
(-0.071307,-0.0257816)
(-0.0553896,0.0425085)
(-0.00554101,0.00556665)
(0.573906,-0.14307)
(0.570947,-0.163031)
(0.453493,-0.0963326)
(-0.0316133,-0.0774623)
(0.0120049,0.0436102)
(0.355024,-0.202785)
(0.00401244,0.0278567)
(0.00651363,-0.0142796)
(0.0195375,-0.0511742)
(-0.0373837,-0.0553556)
(0.559969,-0.129717)
(0.441307,-0.036696)
(0.517279,-0.107705)
(0.426087,-0.0473342)
(0.394992,-0.0863416)
(-0.0910692,-0.0425328)
(0.413563,-0.0489011)
(0.303031,-0.115786)
(-0.0573577,-0.110018)
(0.376427,-0.0771511)
(0.505248,-0.103739)
(0.0101083,-0.0623867)
(0.00314252,0.0860191)
(0.540546,-0.118816)
(0.0286682,0.00301477)
(0.0699334,-0.0202393)
(0.421323,-0.131879)
(0.0558141,0.00320279)
(-0.0290037,-0.050301)
(0.0521721,0.0351083)
(0.0774721,-0.0356698)
(0.501027,-0.0716146)
(-0.0277571,0.049923)
(-0.0880017,0.101858)
(0.00627927,0.035566)
(0.381703,-0.0708862)
(-0.0302556,0.0522465)
(0.000178696,0.0138548)
(-0.0501091,0.0699452)
(0.082507,-0.0418075)
(-0.0336618,-0.0847825)
(0.0299944,0.0100188)
(0.113673,0.0363733)
(0.10101,0.0211391)
(0.00906662,0.0688917)
(0.0697982,0.0772338)
(0.0954434,0.0792263)
(0.51789,-0.078718)
(-0.0794868,0.0308942)
(0.537852,0.00508909)
(-0.0102048,0.000998819)
(-0.0471146,-0.0719466)
(0.192079,-0.12041)
(0.536255,-0.140949)
(0.332279,-0.112437)
(-0.0903405,0.0533358)
(-0.0112094,-0.0301981)
(0.0571464,-0.0197759)
(0.0260158,-0.0386835)
(0.0137373,-0.00105954)
(-0.0222369,0.0121666)
(-0.049174,-0.0292969)
(0.0186593,0.0166878)
(-0.0582144,-0.0205643)
(0.0182347,0.0503935)
(0.0258326,-0.0398739)
(0.385745,0.056578)
(-0.00154784,0.0546637)
(0.0534545,0.00546775)
(0.0223809,0.0232988)
(0.0245323,0.0263007)
(0.1868,-0.0560936)
(0.115683,-0.0709409)
(-0.00521741,0.0424028)
(0.105864,-0.103598)
(0.524705,-0.0563045)
(-0.0527728,-0.128163)
(0.445879,-0.0705285)
(0.00523685,-0.177151)
(-0.00848032,0.0338648)
(0.10335,-0.0332402)
(0.0511019,-0.0838881)
(0.0862773,-0.0391429)
(-0.0430929,-0.0237662)
(0.016756,-0.00857806)
(-0.03864,-0.0487087)
(-0.0435831,0.0410607)
(0.00543659,-0.00987011)
(0.34184,-0.151193)
(0.353303,-0.13343)
(0.0414553,0.00834835)
(0.149256,-0.0308707)
(0.169813,-0.0227449)
(0.590692,-0.0949308)
(0.0271537,0.0100384)
(0.132202,-0.0243134)
(0.504674,-0.150985)
(0.14767,0.00159227)
(0.114288,-0.104763)
(-0.0314973,-0.0215731)
(-0.00417186,-0.0542655)
(0.102315,-0.0518246)
(-0.0414778,-0.00343436)
(0.431097,-0.0595095)
(0.380271,-0.120727)
(0.0113767,0.00359034)
(0.0436356,0.0118493)
(0.169916,-0.0916637)
(0.0513602,-0.045259)
(0.132353,-0.0555582)
(-0.013971,0.0447313)
