1620
(-0.031612,-0.101479)
(-0.00957094,0.0221858)
(0.0634677,0.06329)
(-0.00678087,-0.129707)
(-0.0311328,-0.0323093)
(-0.0291865,0.0289346)
(0.0544766,0.0274016)
(-0.0173154,-0.0235583)
(0.00489872,0.00028699)
(-0.00773584,0.0269579)
(-0.0527213,0.0519298)
(-0.00768878,0.0224496)
(-0.00562499,-0.0446622)
(-0.0182466,5.57315e-05)
(0.0162368,0.0434028)
(-0.0362391,0.0165136)
(-0.0408073,-0.0888244)
(0.0187934,0.0189725)
(0.0199153,0.0145581)
(-2.27185e-05,0.0170048)
(-0.0153486,-0.0157585)
(-0.00364177,0.0183151)
(-0.0611897,0.00703252)
(-0.0397581,-0.0395406)
(-0.00671845,0.0287217)
(0.0303855,0.0169947)
(-0.0107074,0.0184148)
(0.0604881,-0.0954475)
(-0.0393391,-0.00261892)
(0.0652969,-0.0422512)
(0.0432228,0.0484995)
(0.0457105,-0.0199808)
(-0.014779,0.0519496)
(-0.0759644,0.0298503)
(0.0521772,0.0359307)
(0.00896914,0.0594581)
(0.0615611,0.0107017)
(-0.00843948,0.0194225)
(-0.0500218,-0.0060045)
(0.0494024,0.00912121)
(0.018606,-0.0762315)
(0.080773,0.00382185)
(0.0461224,0.0254388)
(0.128296,-0.00524081)
(-0.0486277,0.0629243)
(0.131732,-0.0289329)
(0.109038,-0.0382665)
(-0.0260019,0.00316606)
(0.0471576,-0.058828)
(-0.0232551,-0.0199755)
(0.0432479,0.00037179)
(0.0823385,-0.0258173)
(0.0174339,0.00513199)
(0.0271341,-0.0111285)
(-0.0186356,0.0149752)
(-0.0322702,0.0216781)
(0.0458894,0.0195661)
(0.0438001,0.0541874)
(-0.0190778,-0.035181)
(0.0471349,-0.0226122)
(-0.0392288,-0.00779852)
(0.170729,-0.0717258)
(0.000949451,0.000876905)
(0.391507,-0.0812769)
(-0.014522,-0.00222794)
(0.00133496,0.0439706)
(0.00746119,-0.0185514)
(0.023831,0.000396969)
(0.0402181,0.10648)
(-0.0345831,-0.0638915)
(0.0163666,0.0747176)
(0.0115868,0.057748)
(-0.0120065,0.0578935)
(-0.0422642,0.035233)
(-0.0110537,0.0186062)
(-0.0815964,0.0510595)
(0.0013648,-0.0404526)
(0.0132272,-0.0497838)
(-0.0227895,0.0125338)
(0.0733969,-0.0481763)
(0.000948996,-0.0678985)
(-0.0172817,0.0136484)
(0.022106,-0.0750121)
(0.0391828,-0.0301291)
(0.0432034,0.0231361)
(0.00333225,0.0118123)
(-0.0237485,-0.0119225)
(-0.0438498,0.00123956)
(0.0667768,0.0213283)
(0.0228919,-0.0108967)
(-0.10642,-0.0270711)
(-0.0364957,0.0146178)
(0.453295,-0.0769663)
(0.0269713,0.108737)
(-0.00639481,0.0781675)
(0.564051,-0.0220773)
(-0.0536076,0.0646882)
(0.423336,-0.151581)
(-0.0113004,-0.0950816)
(-0.0510702,-0.0849008)
(0.0677934,-0.00571106)
(-0.0701737,-0.015682)
(0.0399897,-0.0760933)
(-0.0090683,-0.0519622)
(-0.0263393,-0.099191)
(0.45448,-0.085467)
(0.00200436,0.0545)
(-0.0756356,-0.00938177)
(0.014647,0.0271611)
(0.0315635,0.032856)
(0.00308105,0.0382722)
(0.684833,-0.157921)
(0.375853,-0.0381653)
(-0.0133649,-0.0154095)
(0.463142,-0.0482452)
(0.0332886,0.10099)
(0.0282399,0.0787407)
(0.602014,-0.120041)
(0.00478934,-0.00513509)
(0.456914,-0.0972375)
(0.421265,-0.0714652)
(0.022384,0.0573027)
(0.399338,-0.0661535)
(0.280069,-0.118011)
(0.282925,-0.0755008)
(0.0223223,-0.0297258)
(0.0658161,-0.00499319)
(0.0119613,0.0631462)
(0.348215,-0.123208)
(0.0575823,0.0245176)
(0.103464,0.0405959)
(0.0146683,-0.018854)
(-0.00407137,-0.0481897)
(-0.0135156,0.0110609)
(-0.0172393,0.00789454)
(0.0134572,0.00504659)
(-0.0478337,0.0152516)
(0.00288019,0.0405893)
(0.391237,-0.0827131)
(0.00191136,-0.000143655)
(0.00454565,0.0631545)
(0.00772959,0.0566409)
(-5.91675e-05,-0.00661303)
(0.0403374,-0.0613161)
(0.0766599,-0.0723397)
(0.0176427,-0.0677723)
(0.0151971,-0.000504835)
(0.428582,-0.0966501)
(0.46845,-0.127515)
(-0.0645425,0.00774447)
(0.470086,-0.175306)
(0.208331,-0.071695)
(0.554228,-0.0574216)
(0.470538,-0.071721)
(0.491523,-0.0577416)
(-0.0302072,0.0108388)
(0.088909,0.0541116)
(0.400546,-0.12087)
(0.38614,0.00779025)
(-0.0156925,0.00245533)
(-0.0320134,0.0276371)
(0.0105413,0.0340022)
(0.0148038,0.0461609)
(-0.0446859,-0.016279)
(-0.0108687,0.0302007)
(-0.0410458,-0.0258625)
(0.0268952,-0.0389029)
(0.00406948,-0.0493734)
(0.0439744,0.0254722)
(-0.0137597,0.0729409)
(0.050571,-0.0110123)
(0.0672089,0.0097695)
(0.418737,-0.151056)
(0.410041,-0.101353)
(0.54431,-0.133703)
(0.487487,-0.0916354)
(0.055724,-0.0933266)
(0.133707,-0.0421668)
(-0.0733307,-0.0627526)
(-0.100356,0.0389638)
(-0.0530768,-0.0366706)
(0.0266305,0.0608018)
(0.0167539,0.0259377)
(0.00713228,0.0506206)
(0.0123113,0.0427295)
(0.00370369,0.0263306)
(0.0329484,0.0142075)
(0.0507145,-0.0877271)
(-0.011256,-0.0210497)
(0.425495,-0.152602)
(0.497218,-0.0887865)
(0.381916,-0.0795167)
(0.576584,-0.112944)
(-0.0357373,-0.0370293)
(-0.0373715,-0.022661)
(0.0317659,0.0477953)
(0.0220625,0.0297825)
(-0.0513691,0.0478038)
(-0.0466208,-0.0568076)
(-0.00899333,0.00299571)
(-0.00369324,-0.128152)
(0.0518402,-0.110048)
(-0.0450701,-0.0436097)
(-0.0651213,-0.0207123)
(-0.00704247,-0.000211028)
(-0.0423114,0.0248622)
(0.459031,-0.0957329)
(0.515896,-0.0380484)
(-0.079628,0.0160273)
(0.380771,-0.108853)
(-0.0310241,-0.000837988)
(0.407578,-0.0906491)
(0.40365,-0.092223)
(-0.0596744,-0.00273065)
(-0.0317387,0.0254627)
(0.0863536,0.0365959)
(0.0455954,-0.0127801)
(0.443373,-0.10872)
(0.554707,-0.133892)
(-0.0112027,-0.0491147)
(-0.00297164,-0.0208233)
(-0.0277446,0.015686)
(0.0187436,0.0632975)
(0.701764,-0.151369)
(-0.0464679,-0.0496597)
(-0.0701696,-0.0676563)
(0.409807,-0.149704)
(-0.0560298,0.0538915)
(-0.0250164,0.0435315)
(-0.0681653,-0.048341)
(-0.0419697,-0.00263633)
(0.470803,-0.147885)
(0.45142,-0.1925)
(0.569013,-0.0643066)
(0.534027,-0.0546604)
(-0.041523,0.0226764)
(-0.0500884,-0.0389098)
(-0.0299012,-0.027425)
(0.194663,-0.0506938)
(0.0131326,0.0225839)
(0.0516478,-0.0282231)
(-0.00537841,-0.0685563)
(-0.0143462,0.0743297)
(-0.0173234,0.0817162)
(0.0124994,-0.0651076)
(-0.0326302,0.0391493)
(0.0775885,-0.011944)
(0.0175936,-0.0250506)
(0.0229837,0.0140783)
(-0.0266315,0.0323745)
(-0.0427747,-0.00631854)
(-0.0313953,0.0273524)
(-0.0500649,0.000236217)
(-0.0509602,-0.0264687)
(-0.0442036,0.0108786)
(0.00884355,-0.0541582)
(0.0671748,0.000111672)
(0.0022638,0.000236626)
(0.0431516,-0.00295242)
(-0.00723898,-0.0812481)
(0.0604462,-0.104562)
(-0.0148145,0.0199455)
(0.00565426,0.0105089)
(-0.0533217,-0.0233203)
(0.525128,-0.110749)
(-0.0554866,-0.0448721)
(-0.0827568,-0.09594)
(-0.0292811,-0.0199046)
(0.0281956,-0.000789853)
(0.0620475,0.0248303)
(-0.00205064,0.0182509)
(0.027092,0.000740231)
(-0.0633448,-0.0088121)
(-0.0273336,0.0463799)
(0.0133394,-0.010486)
(0.514364,0.0143507)
(0.00907491,0.0373467)
(-0.0353739,-6.51705e-05)
(0.0594614,0.0319754)
(0.00178363,0.012532)
(0.0122721,0.0334309)
(0.0287577,0.050806)
(0.0100786,-0.0443956)
(-0.0122668,-0.0698871)
(0.0959812,0.0467983)
(0.0418854,0.0359246)
(0.0351883,0.0195367)
(-0.0772173,0.0134062)
(0.0601967,0.0224031)
(0.085293,0.0140995)
(-0.000938304,0.0611902)
(0.0136268,-0.0294337)
(-0.077234,0.0108456)
(-0.0587826,0.0180872)
(-0.0357936,0.0105962)
(-0.0349194,0.0329364)
(0.0478344,-0.0453783)
(0.0205205,0.03424)
(-0.0642082,-0.0310741)
(-0.0479228,0.00859718)
(0.010751,0.0325883)
(-0.0894227,0.0196977)
(-0.0376035,-0.0265024)
(-0.0186247,-0.00313863)
(-0.024061,0.0144707)
(0.0039473,-0.0438399)
(0.0616961,0.0397559)
(0.374679,-0.125101)
(0.00424599,0.0199213)
(-0.00491018,0.0280867)
(-0.0420093,0.00871286)
(-0.0637332,-0.0767973)
(-0.109793,-0.0634825)
(-0.0586833,-0.0208285)
(-0.019379,-0.0169756)
(-0.036395,-0.0171945)
(0.0217624,-0.080577)
(-0.0646795,-0.069793)
(-0.0383614,-0.05221)
(0.422124,-0.207189)
(-0.0146208,-0.0323419)
(-0.0314344,0.0043296)
(-0.0196297,-0.0213092)
(0.00587132,-0.0135679)
(-0.0136348,-0.00695411)
(0.0026817,0.00628038)
(0.0780276,-0.0656764)
(0.00920571,-0.00354992)
(0.026869,0.0581658)
(-0.020731,-0.0407659)
(0.0107926,0.00256253)
(-0.0424463,-0.0295438)
(-0.0554878,-0.00275296)
(0.0425603,-0.0326099)
(-0.0344207,-0.0557404)
(0.455044,-0.000657061)
(0.036884,-0.0356207)
(0.0682673,0.0449077)
(-0.087778,-0.0362361)
(0.0600033,-0.0312462)
(0.0454544,-0.0526908)
(-0.0528523,-0.0657086)
(0.0694094,0.0339349)
(-0.015867,0.00703262)
(-0.0204752,-0.00720175)
(0.0522811,0.0589388)
(0.0316066,0.0351878)
(0.0163819,0.0923983)
(-0.032148,0.00498268)
(0.161172,-0.0351977)
(0.402143,-0.0998405)
(0.468078,-0.0981627)
(0.0984152,-0.0538408)
(0.00852193,0.0191268)
(0.427883,-0.116943)
(-0.0609444,0.0940123)
(0.052937,-0.0402804)
(-0.0442313,0.0117792)
(-0.0385914,-0.0046329)
(-0.00339157,-0.0116791)
(0.263502,-0.109845)
(0.0936909,-0.0594741)
(0.0336413,0.0480813)
(-0.0300827,0.00902902)
(-0.0201576,0.0140125)
(0.0422941,0.024526)
(0.451109,-0.156762)
(-0.0524558,-0.0265808)
(-0.0327777,-0.00693794)
(-0.00617817,0.010365)
(0.00469253,0.0631746)
(-0.0111891,-0.0495836)
(-0.0180449,-0.0241643)
(0.0267261,0.0822127)
(0.454061,-0.0913724)
(0.418724,-0.0702474)
(0.025128,-0.0255025)
(0.0104702,-0.0710024)
(0.0248169,0.0240659)
(0.0668222,0.041923)
(-0.0129764,0.0405546)
(0.148561,-0.0156619)
(0.370894,-0.101696)
(-0.0251116,-0.0370606)
(0.0288461,-0.0610717)
(-0.0297002,0.0373074)
(0.0753203,0.00147501)
(0.0331366,0.080513)
(0.0103936,0.0243503)
(0.0338139,-0.0346955)
(0.00454334,-0.064864)
(0.0304749,0.0171328)
(0.00657371,-0.0306692)
(-0.039776,-0.0692738)
(0.0389308,0.0826036)
(0.0652077,0.0548838)
(-0.0688841,-0.0153646)
(-0.0179443,-0.08435)
(0.0203275,0.0338342)
(0.0420389,0.0175573)
(0.0509725,0.0139957)
(-0.052632,0.0356071)
(-0.0026554,0.0435625)
(0.56342,-0.118472)
(-0.044722,0.0192191)
(0.0136964,0.0149341)
(-0.0926071,-0.0869363)
(-0.111041,-0.0638133)
(0.0121333,0.0236263)
(0.0259963,-0.0061332)
(-0.0545927,-0.033111)
(0.0602562,-0.0175711)
(0.018955,0.0979654)
(0.0230384,-0.0259986)
(0.445679,-0.147195)
(0.0181198,0.101474)
(0.0096278,0.035113)
(-0.0110564,0.0165025)
(0.0387131,-0.0067308)
(0.0425203,0.0126855)
(-0.0366006,-0.0638766)
(0.0253343,-0.0274011)
(0.0504023,-0.0498401)
(-0.0427375,-0.0923439)
(0.0170131,0.0250568)
(-0.0525598,0.019955)
(0.411214,-0.0897052)
(-0.0678039,-0.0234449)
(0.0182295,0.032655)
(0.051706,0.0429411)
(-0.0616488,-0.0443382)
(-0.0438752,-0.0161363)
(-0.00620628,-0.00515693)
(0.0695885,0.0308977)
(0.0648403,0.0399561)
(0.0551119,0.028264)
(-0.016343,-0.0628024)
(0.047103,0.0134147)
(-0.075855,-0.0493645)
(-0.0481176,-0.0654068)
(-0.00923257,0.0030564)
(-0.0145861,-0.0157661)
(0.0677587,-0.0179319)
(0.00872714,-0.00883787)
(-0.0440672,-0.0269033)
(-0.0304734,-0.0762004)
(-0.0409852,-0.043233)
(0.0891466,-0.0401521)
(0.0165805,-0.0266571)
(0.208056,-0.140113)
(0.0565438,-0.0012353)
(-0.00483242,0.0685205)
(0.00970342,0.0378466)
(0.0285269,0.0217683)
(-0.0815845,0.0820506)
(-0.00836084,-0.0139252)
(0.0132443,0.0444774)
(-0.0408668,-0.012834)
(0.0318314,0.0417019)
(0.016039,-0.0204109)
(0.0200334,0.0243541)
(-0.0650905,-0.00472784)
(0.0258499,0.0177478)
(0.0396797,0.0464561)
(-0.0412343,0.0451043)
(-0.0542581,-0.0263922)
(-0.075627,-0.0457205)
(0.0331868,-0.00625411)
(0.411434,-0.110515)
(-0.10164,-0.00694703)
(0.578623,-0.145155)
(0.0252819,0.066036)
(-0.0396313,0.0898725)
(-0.00909038,0.0839749)
(-0.000926853,0.00656267)
(0.0638843,0.0463931)
(0.00685742,-0.0486845)
(0.0146163,0.00406037)
(-0.0011087,-0.00891069)
(-0.0382743,0.0720061)
(-0.0106081,-0.0237695)
(0.435754,-0.116172)
(-0.0165189,-0.0287595)
(0.0129125,-0.00732304)
(0.0591134,0.0243075)
(0.0399341,-0.0294805)
(-0.0251301,-0.000848249)
(0.426301,-0.0530213)
(0.0481531,-0.0155786)
(0.0247902,-0.0465449)
(0.711105,-0.0939)
(0.062576,-0.0240351)
(-0.0528068,0.0166964)
(-0.0152127,0.028409)
(0.0458942,-0.0175053)
(0.391012,-0.0711129)
(0.506044,-0.16869)
(0.545621,-0.0389203)
(0.437026,-0.0616162)
(-0.0341584,0.0114138)
(-0.058096,0.0213074)
(0.00661315,-0.000306252)
(-0.00259695,-0.0642155)
(-0.0209783,0.0241863)
(-0.0590938,0.00193063)
(-0.069387,-0.0222406)
(0.0693727,0.0307009)
(-0.0249235,0.0062116)
(-0.0354702,0.0840648)
(0.0142573,-0.0112466)
(0.0500823,0.0124969)
(0.0723412,0.0273429)
(0.0627718,0.0287074)
(0.0742904,0.0421615)
(0.0346519,0.00988883)
(0.076791,-0.0330782)
(-0.0126932,0.0113653)
(-0.040196,0.0946081)
(-0.00264575,0.0776393)
(-0.00779441,0.0147302)
(-0.037396,0.0837489)
(-0.0324632,0.0213674)
(-0.00332177,0.0260654)
(0.0301245,0.0682143)
(-0.00911293,-0.0102871)
(0.0445797,0.0208042)
(-0.0314957,-0.0258335)
(-0.0631613,-0.042889)
(0.06554,0.0422211)
(0.0402652,0.0164233)
(0.0288479,0.051621)
(0.0397925,-0.0151469)
(0.436984,-0.00224695)
(0.0319283,-0.00104126)
(0.543732,-0.138332)
(-0.0322954,0.0904568)
(0.0283093,-0.00144238)
(-0.0523408,0.00399003)
(-0.0761247,0.0650545)
(0.0112419,0.0608393)
(-0.0354089,-0.00111415)
(0.0193974,0.04543)
(0.00897176,-0.0082776)
(0.0229984,-0.0100098)
(0.00949244,0.000636198)
(-0.0053008,-0.0384138)
(-0.0250683,0.0902215)
(0.00967647,-0.0376695)
(-0.00118805,0.0315614)
(-0.0623975,-0.0147704)
(-0.0733624,-0.0370673)
(0.0582051,-0.0563347)
(-0.000842617,-0.0951973)
(-0.00928239,0.0758809)
(0.00889679,0.0640281)
(0.0434298,-0.0173445)
(0.188001,-0.0785339)
(0.0674045,0.00761337)
(-0.0330168,-0.0377423)
(0.00098269,-0.0322536)
(0.0492285,-0.0427536)
(0.413264,-0.0925101)
(0.00510016,0.0943191)
(-0.0184576,0.0712582)
(0.014667,-0.0587976)
(-0.0554431,0.0647579)
(0.0587686,0.0170574)
(0.115475,-0.0217375)
(0.256843,-0.108354)
(0.361551,-0.171625)
(-0.0273391,0.0619531)
(-0.0118133,0.0375567)
(-0.0764724,0.0316231)
(0.196157,-0.114837)
(0.525428,-0.0749069)
(0.0562847,-0.0246364)
(-0.0535336,-0.0298165)
(0.00318893,0.0199885)
(-0.046417,-0.0197638)
(-0.0249724,0.04889)
(-0.0344169,0.0227047)
(-0.0149205,0.0327779)
(-0.00250024,-0.0105247)
(0.0411447,-0.0200666)
(0.061564,0.0262355)
(0.502962,-0.114752)
(0.0434897,0.0173562)
(-0.00905778,-0.031382)
(0.0478011,0.033145)
(-0.00279762,-0.0409332)
(-0.0338574,-0.0462738)
(0.0356552,-0.00136804)
(0.00764754,-0.0189327)
(0.250507,-0.170492)
(0.0506742,0.0754971)
(-0.0109978,0.00799305)
(0.0678745,0.0781627)
(0.0266409,-0.0305827)
(-0.0260503,0.0339545)
(-0.0653805,0.00875304)
(0.00031944,0.0514478)
(0.270459,-0.088152)
(0.645313,-0.0344544)
(-0.0513294,0.0610608)
(-0.0699124,0.00464637)
(0.0159965,0.017156)
(-0.068552,0.0599011)
(-0.116485,-0.0110134)
(-0.125201,-0.0080511)
(0.0440347,0.048267)
(-0.0314377,-0.0184243)
(0.0345829,0.0193175)
(0.078612,-0.0331468)
(0.0321412,-0.0338671)
(0.0431961,-0.00725738)
(-0.0802619,0.00631355)
(-0.0212591,0.0375432)
(0.00577752,0.0610187)
(-0.035932,0.0277546)
(-0.0165033,0.0482977)
(0.0438579,-0.012412)
(0.0753372,-0.0595661)
(0.0608108,0.0556108)
(0.0822673,0.0293865)
(-0.055716,-0.0457875)
(-0.0639976,-0.0119961)
(-0.0496884,0.00839273)
(-0.0136814,0.0331408)
(0.00445609,0.0101195)
(0.0171251,0.0156447)
(-0.0100056,0.019501)
(0.0760305,-0.00739007)
(-0.0160928,-0.0426013)
(0.0224767,-0.0223373)
(0.0203235,0.0380625)
(-0.0202788,0.0491279)
(-0.000951402,0.0842816)
(-0.00696334,0.0258446)
(0.0552278,0.0122958)
(0.611135,-0.109521)
(0.0354103,0.018012)
(-0.0361137,-0.0230185)
(0.00141414,-0.0275225)
(0.0727,0.0718015)
(0.0118991,-0.0341225)
(0.042513,-0.021075)
(0.0499835,0.00203392)
(0.0442115,-0.0550983)
(-0.00406088,-0.0567277)
(0.041409,-0.00684492)
(0.00711991,-0.0380594)
(0.0719143,0.0163686)
(0.0467059,0.0413114)
(-0.00755046,0.0033801)
(0.0417536,-0.016657)
(0.0273331,-0.0267548)
(-0.00662758,-0.0275651)
(-0.0207948,-0.0598907)
(-0.0274911,-0.0415344)
(-0.0279049,0.0503213)
(0.00616707,0.00100442)
(-0.00983045,0.0259474)
(-0.0578429,0.00930325)
(-0.0260331,-0.00574454)
(-0.00132537,0.0319714)
(-0.0332404,-0.0758141)
(0.0240252,-0.0838315)
(0.0030516,-0.0491058)
(0.0246778,-0.0323451)
(-0.0136908,0.00831121)
(0.0668848,-0.0391567)
(-0.0528022,0.0323168)
(0.0241068,-0.0653082)
(0.0766235,-0.02862)
(0.0728401,-0.0754232)
(0.00533905,-0.0704881)
(-0.0384863,-0.0996601)
(-0.0504668,-0.00560462)
(0.0440585,-0.0450096)
(0.0708033,-0.0355255)
(-0.0406037,0.0662416)
(-0.0804441,0.0411435)
(-0.0130661,0.0543912)
(-0.0196659,-0.0105634)
(0.00758132,0.000546203)
(-0.0147187,0.0752093)
(-0.0253644,0.0834219)
(0.015562,0.0356841)
(-0.0875876,-0.0294333)
(0.0154323,-0.0245753)
(0.0536046,0.0128073)
(-0.0423763,-0.0774733)
(0.016907,-0.028732)
(0.451108,-0.0717745)
(0.0130247,-0.0700569)
(0.0292273,0.00915877)
(-0.010782,0.041054)
(-0.0327013,-0.0150335)
(0.0324176,0.0278438)
(0.0256091,0.0316542)
(0.0513849,0.049019)
(0.0390323,0.0109946)
(0.0532399,-0.00523096)
(0.0138175,0.00980166)
(0.0354736,0.0110963)
(0.0479659,-0.00759494)
(0.0363558,0.0190116)
(-0.0476095,0.0452276)
(-0.0079246,0.0243164)
(0.053955,0.0448512)
(0.0806163,0.018381)
(-0.0320822,0.0536248)
(0.0338138,0.0274973)
(-0.0378254,0.0233936)
(-0.00693589,-0.0682679)
(-0.0144522,-0.0474273)
(-0.0284987,-0.101615)
(0.088238,0.00672821)
(0.515589,-0.131683)
(0.478636,-0.086039)
(0.00935511,0.119736)
(0.465226,-0.0546097)
(0.0398115,-0.0676778)
(0.449467,-0.0714858)
(0.258618,-0.126049)
(-0.0232259,0.0288364)
(0.497057,-0.158572)
(0.582213,-0.0919981)
(0.566919,-0.0683066)
(-0.0206463,0.0723055)
(-0.0429877,0.0274432)
(-0.0359387,-0.00373094)
(-0.0515105,0.0123348)
(0.0281139,0.0504595)
(-0.0200635,0.00616245)
(-0.0191586,0.0199496)
(-0.0435285,0.0279053)
(-0.0366915,0.00503469)
(0.00512441,-0.0609924)
(0.029139,-0.00452302)
(0.0266612,-0.0360326)
(-0.0314573,0.0368021)
(-0.0370418,0.00191794)
(0.0371455,0.045087)
(-0.0351978,-0.0668964)
(-0.0574146,0.0798517)
(-0.0217482,0.0246597)
(0.00635623,0.0381562)
(0.0202043,-0.0286508)
(-0.0408545,-0.0687739)
(-0.00514198,0.0415031)
(-0.0343536,-0.0241091)
(0.0267113,-0.0191329)
(-0.000787199,0.0247179)
(0.034953,-0.00336311)
(0.0613892,0.0706153)
(-0.0157392,-0.014852)
(0.0104228,0.0236055)
(-0.0097156,-0.0272139)
(0.0141286,0.0369099)
(-0.0144397,-0.0162066)
(-0.0128125,-0.0193696)
(-0.030315,-0.0483267)
(-0.0149675,-0.0279269)
(-0.0213039,-0.079918)
(0.00153674,0.0160663)
(0.513369,-0.259918)
(0.0166849,-0.0278933)
(-0.00134335,0.0246804)
(0.0111623,0.0147454)
(0.00324379,-0.0177009)
(0.00316772,0.0557473)
(-0.00933776,0.0464015)
(0.453944,-0.153261)
(0.633689,-0.205973)
(0.414987,-0.139929)
(-0.0224513,-0.000548053)
(0.394096,-0.114307)
(-0.00223452,0.0220494)
(0.0790396,-0.016452)
(0.00786628,0.0247575)
(0.0243401,0.002986)
(0.210979,-0.0702558)
(0.0149611,0.0297705)
(-0.00128996,0.0490357)
(-0.015473,0.0351679)
(0.127526,-0.0437674)
(0.0239919,-0.00619303)
(-0.107104,-0.0163299)
(0.447579,-0.0624781)
(0.00129976,-0.00767725)
(-0.0333731,0.0177015)
(0.00326457,0.0347555)
(0.0319694,0.0345525)
(0.0270618,-0.0232832)
(0.00590602,0.0507197)
(0.0621386,-0.060043)
(-0.00178113,0.0435551)
(0.0573325,0.0254895)
(0.188685,-0.0422823)
(0.0730028,0.0288975)
(0.0342382,-0.000299352)
(-0.0402019,0.0458298)
(-0.0758741,0.0246204)
(0.00727517,0.0442036)
(0.0306365,-0.00649147)
(0.00365825,-0.0373661)
(-0.049272,0.0361134)
(-0.00141465,-0.014328)
(0.00603428,-0.00639097)
(0.00855991,0.0330893)
(-0.0138021,0.0549595)
(0.0539939,0.0514901)
(0.0177276,0.0568183)
(0.0131342,0.0545501)
(0.0241753,-0.00629553)
(0.0195265,0.00380388)
(0.0075184,-0.106084)
(0.0229027,0.032903)
(-0.05647,-0.0149037)
(0.0320649,0.0974468)
(0.00778807,0.0478445)
(0.0179355,-0.120659)
(0.0850023,0.0467507)
(-0.00432596,0.0450948)
(0.0553389,-0.0940142)
(0.0183109,0.0338833)
(-0.0431668,-0.0241292)
(-0.021051,-0.044374)
(-0.00314539,0.0228153)
(-0.0592858,-0.028499)
(-0.0653782,-0.0106264)
(0.0452152,0.0412472)
(-0.0236086,-0.0385519)
(-0.0839487,0.0690665)
(-0.00465053,0.00327063)
(0.00882668,0.0265284)
(-0.00559346,0.0202501)
(0.0314314,0.00490086)
(0.00317952,0.0348005)
(0.109646,-0.0811779)
(0.0748728,0.00263598)
(-0.0352853,-0.0724749)
(-0.0150993,0.0379133)
(-0.0521108,-0.0948323)
(0.00455179,0.0829867)
(-0.0334684,0.0226043)
(0.0730437,0.0675536)
(0.0670151,0.0651752)
(0.00278383,-0.0450912)
(0.024574,0.0539722)
(-0.0446852,0.0114775)
(-0.0246058,0.0744001)
(0.00379844,0.000160654)
(-0.0336479,-0.0322729)
(0.0138797,-0.0682495)
(0.0888354,-0.0299528)
(0.031436,0.0220169)
(0.0268343,0.0641277)
(-0.0558941,0.0525374)
(-0.056217,-0.0156406)
(0.00300885,-0.0374884)
(0.0248898,0.00777386)
(0.0619628,-0.0484731)
(0.419633,-0.0777807)
(0.00166484,0.00643038)
(-0.0534374,-0.0410236)
(-0.00375609,-0.0262718)
(-0.0345709,-0.0142928)
(-0.000552579,-0.0488115)
(0.0368527,-0.033819)
(-0.0485295,0.0110675)
(0.032181,-0.046042)
(0.524054,-0.148325)
(0.00872588,-0.0874102)
(0.0431314,0.00176816)
(0.0440246,-0.0647333)
(0.496232,-0.114906)
(-0.0254736,-0.0230916)
(-0.0124891,-0.026063)
(0.0380276,0.0132694)
(-0.0172283,-0.0106249)
(-0.00400208,0.000974443)
(0.0057645,-0.011313)
(-0.0451411,-0.0227165)
(0.320348,-0.0707136)
(0.184797,-0.0725482)
(0.0211813,0.011254)
(-0.014084,0.0300735)
(-0.0421625,-0.0549276)
(0.0427616,0.0527756)
(-0.00919254,-0.072953)
(0.412734,-0.0403356)
(-0.0547364,-0.0240584)
(-0.00930101,-0.0113364)
(0.0154979,0.00769511)
(0.0323554,-0.00300722)
(0.0632039,-0.0215321)
(-0.00290948,0.00370282)
(0.509109,-0.103622)
(0.00283061,-0.0282765)
(0.515,-0.115755)
(-0.0342774,0.0611067)
(-0.03197,0.0137082)
(-0.0119688,-0.0535906)
(0.038212,0.0408708)
(0.462128,-0.208306)
(0.102431,-0.0324019)
(0.257476,-0.140751)
(0.0444259,-0.00802619)
(-0.0158664,0.0259754)
(-0.0543545,0.00938676)
(0.206074,-0.0505757)
(0.235258,-0.0760573)
(-0.0095807,0.0228301)
(-0.00775217,-0.0135344)
(0.305151,-0.137933)
(-0.0189526,0.0222765)
(-0.06019,-0.0259599)
(0.224596,-0.0971206)
(-0.0386967,0.0255617)
(0.0141164,0.00601764)
(0.338004,-0.0461035)
(-0.0771632,-0.0152046)
(0.151821,-0.0109625)
(0.209739,-0.0673942)
(0.000272484,0.0795595)
(0.235037,0.000217708)
(0.0591573,-0.062624)
(0.00545396,-0.0565608)
(0.00130405,0.0655374)
(-0.0410357,0.062723)
(-0.0209366,0.01932)
(0.0545929,-0.0470125)
(0.0314406,-0.0402969)
(0.03537,0.0371044)
(-0.0131757,0.0489885)
(0.0480299,0.0424497)
(-0.0361218,-0.0106756)
(0.0663208,0.03417)
(-0.0969872,0.0274011)
(-0.0382526,0.0131743)
(-0.0416023,0.00867762)
(-0.0252777,-0.0350946)
(-0.0485409,0.0112056)
(0.324054,-0.0616256)
(0.017831,0.0725518)
(0.0341943,0.0542799)
(0.114845,-0.0517948)
(-0.102156,0.0377395)
(-0.0651395,0.0521837)
(0.560266,-0.0556389)
(-0.00486946,0.00983521)
(0.54863,-0.111859)
(0.0112515,-0.0215984)
(0.0154715,0.0347296)
(0.14711,-0.0838704)
(-0.00610016,-0.0123581)
(0.0266765,0.0253412)
(0.45833,-0.101146)
(-0.0155566,-0.0156783)
(0.0735892,0.0416645)
(0.0120614,0.0049199)
(0.0251959,0.0576827)
(0.111017,-0.00439528)
(0.0552212,-0.0422825)
(0.0604547,-0.065654)
(0.0606867,-0.0168342)
(-0.0999213,-0.0399668)
(0.227423,-0.143081)
(0.02535,0.0420887)
(0.288222,-0.140741)
(-0.0246236,-0.0606906)
(-0.0420106,-0.0201078)
(0.468577,-0.108403)
(-0.0540511,0.0859973)
(0.00979396,0.0504104)
(-0.0314742,-0.00699938)
(0.40227,-0.0770988)
(-0.00168245,-0.0195208)
(-0.0479959,-0.0444874)
(0.0581134,0.0253471)
(0.00446273,0.0377054)
(0.0414308,0.0324669)
(0.0669638,-0.00581553)
(-0.104,0.0288671)
(0.00714912,-0.000904411)
(-0.0313141,0.0403068)
(0.0333242,-0.0457136)
(-0.0605477,0.0385278)
(0.00112583,0.037065)
(0.074983,0.0236009)
(0.0627654,0.0317218)
(0.0118393,-0.0365731)
(-0.0299196,-0.0139343)
(-0.00458394,-0.0751587)
(-0.00929318,0.000803574)
(0.00287848,-0.0470112)
(-0.0158926,0.00407123)
(0.0502688,0.0228058)
(0.0717852,0.0120112)
(0.0449317,0.0738516)
(0.00714973,0.0137347)
(-0.00403701,0.0400428)
(-0.0191625,-0.073853)
(-0.0557935,-0.100688)
(-0.0657127,-0.0973615)
(-0.0572316,-0.0418873)
(0.00241489,-0.00139069)
(0.0168326,-0.0330802)
(0.0131956,0.0155582)
(0.465388,-0.0997443)
(-0.0585934,0.00441787)
(0.0373979,0.0113603)
(0.00853892,0.0088562)
(0.439098,-0.0556517)
(0.0410756,-0.00300783)
(0.0219003,-0.0185936)
(-0.0193198,-0.0321491)
(-0.0098189,0.0140107)
(0.0218111,-0.00848451)
(-0.00837645,-0.0376369)
(0.00514276,0.0106125)
(0.377656,-0.101904)
(0.0320301,-0.00717846)
(-0.0667894,0.0123108)
(0.641329,-0.141346)
(0.0089607,-0.0254356)
(-0.00454405,0.00655405)
(0.0199735,-0.0188312)
(0.480754,-0.0885454)
(0.0305016,0.0292004)
(-0.0345941,-0.0184659)
(-0.008661,-0.0411636)
(-0.125254,-0.00213902)
(-0.0127837,-0.0175552)
(-0.0687113,-0.0498654)
(0.00557288,-0.0643533)
(-0.00628253,0.0202332)
(-0.00656675,-0.0359053)
(-0.013702,-0.0575666)
(0.0164762,-0.0508851)
(0.413504,-0.0769875)
(0.0502759,0.00269758)
(-0.0344825,0.0234475)
(-0.0172776,-0.028291)
(0.00227518,0.00131422)
(0.00911644,-0.0622332)
(-0.00489826,0.0733083)
(-0.0219027,-0.0342895)
(-0.0121854,-0.00838921)
(0.00923448,-0.0689296)
(0.00589667,0.0429988)
(0.00617166,0.0740224)
(0.460857,-0.0885248)
(0.00838783,-0.00956723)
(0.017019,-0.0108024)
(-0.0240502,0.0413994)
(0.0292083,-0.0179371)
(-0.0477958,0.0755043)
(-0.000344899,0.00517349)
(0.145843,-0.16914)
(0.199672,-0.0991687)
(0.127522,-0.134484)
(0.00866144,0.00330318)
(-0.00653751,0.0207441)
(0.603292,-0.168371)
(0.344581,-0.114794)
(-0.0265291,0.00252372)
(0.388427,-0.0982565)
(0.448832,-0.0744543)
(0.195731,-0.110561)
(0.0535618,-0.0137812)
(0.0341881,-0.024042)
(0.057836,0.0426726)
(0.116827,-0.00266989)
(0.0186377,0.0470098)
(0.0103294,0.0474678)
(-0.0621182,0.000322184)
(0.0782854,-5.77727e-05)
(-0.0951388,0.00765321)
(-0.031526,-0.0254576)
(0.0557582,-0.00932365)
(0.466876,-0.114159)
(-0.0292785,0.0303293)
(-0.00071223,0.0161012)
(-0.0369384,0.0132822)
(0.559425,-0.10353)
(-0.0431958,0.0689084)
(-0.0152688,-0.00902688)
(0.514868,-0.142484)
(0.491147,-0.109978)
(-0.0357633,0.0212708)
(0.337853,-0.0852386)
(-0.00626811,0.0345028)
(-0.0254716,0.068329)
(0.468723,0.00591074)
(0.269149,-0.0822627)
(0.403405,-0.115915)
(0.466341,-0.0481539)
(0.0174432,-0.0103327)
(0.742722,-0.0242026)
(-0.0435179,-0.00316666)
(-0.0280207,0.0818975)
(0.0531423,-0.0116146)
(0.171375,-0.0847448)
(-0.0434048,0.037255)
(0.0946777,-0.0794942)
(0.00469131,-0.00161866)
(0.0182454,-0.00348973)
(0.0324314,-0.0120622)
(0.0139921,-0.00674035)
(0.059375,-0.00672533)
(-0.00841892,0.0395934)
(0.0705358,0.0281374)
(0.114543,-0.0473673)
(-0.0558712,0.00399554)
(0.00880902,-0.0485768)
(0.0133649,0.0601676)
(0.00777912,0.0419522)
(0.0275038,0.0151858)
(0.46044,-0.0573016)
(-0.0326289,0.0766574)
(0.0279991,-0.000551907)
(-0.00851071,-0.0140626)
(-0.0240955,0.0348062)
(0.0443526,0.00272918)
(0.0206921,0.0439626)
(-0.0486135,-0.0807594)
(-0.0270069,-0.0109981)
(0.551593,-0.0753088)
(-0.02301,0.00461236)
(0.351394,-0.0286052)
(0.00644619,0.0193502)
(0.0582252,0.032944)
(0.00341532,-0.000402684)
(0.0808563,-0.044156)
(-0.0329468,-0.0202525)
(0.0104691,-0.0942622)
(0.0145134,-0.0307951)
(-0.0120207,-0.029582)
(0.020167,0.00920157)
(0.0323294,-0.0327191)
(0.0684935,-0.00600888)
(0.038312,0.0217056)
(0.433568,-0.115883)
(0.307749,-0.066715)
(-0.0212595,-0.013096)
(0.0412827,-0.0384362)
(0.023434,-0.012349)
(0.0686009,-0.0397475)
(0.45453,-0.123741)
(0.0327967,0.0154882)
(0.0691818,-0.0172594)
(0.0860845,0.0110921)
(0.0709308,-0.0230089)
(0.302968,-0.130531)
(0.0339078,0.00168814)
(-0.0335228,0.00372634)
(-0.0243147,0.00765659)
(-0.0080601,0.0227018)
(0.476516,-0.0590556)
(0.0327832,-0.0214913)
(-0.0336527,-0.00652205)
(0.0218775,0.0514057)
(0.0279987,0.0107948)
(0.0140317,0.000723177)
(0.480097,-0.0714407)
(0.411454,-0.156911)
(0.66992,-0.052782)
(0.0294908,-0.0676234)
(0.0211086,-3.36012e-05)
(0.500068,-0.0612308)
(0.0444132,-0.0122183)
(0.105018,-0.0574378)
(0.311965,-0.178504)
(-0.0512252,-0.0201794)
(-0.0557887,0.0204329)
(-0.0508547,0.00464333)
(-0.0357948,0.0496654)
(-0.0237635,0.0474652)
(0.169305,-0.0708083)
(0.194017,-0.135156)
(0.284456,-0.154341)
(0.286812,-0.0571839)
(0.6522,-0.157018)
(-0.0203046,-0.0394053)
(-0.049117,0.000230517)
(-0.0324798,0.0139033)
(0.116283,0.0784888)
(0.548877,-0.0610636)
(0.556588,-0.112243)
(0.00698283,0.00807383)
(-0.0342609,-0.0498345)
(-0.014686,-0.021072)
(0.572302,-0.213215)
(0.0191037,0.0680159)
(0.0572494,0.0272787)
(-0.0460414,-0.0078895)
(0.635644,-0.072746)
(0.0494075,0.0377812)
(-0.0321337,0.0476847)
(0.551347,-0.139232)
(0.505842,-0.129417)
(-0.0214431,0.0177706)
(-0.0234752,0.0041632)
(-0.0249082,-0.0384549)
(-0.00431685,-0.0397782)
(0.0315628,-0.000923487)
(-0.00206279,-0.0130973)
(0.0185565,0.0187179)
(0.462347,-0.151619)
(0.696118,-0.0173754)
(0.611551,-0.136923)
(0.551979,-0.0662333)
(0.442858,-0.126304)
(0.180692,-0.104103)
(0.267343,-0.0371031)
(0.197177,-0.0777622)
(0.154428,-0.0889667)
(-0.0227644,-0.0406326)
(0.0186929,-0.0552426)
(0.296272,-0.0626538)
(0.54408,-0.15823)
(0.552084,-0.110324)
(0.450238,-0.0554554)
(0.525146,-0.145057)
(0.00140201,0.0301803)
(0.53388,-0.0666451)
(-0.0313136,0.0762896)
(0.0210109,-0.0425999)
(-0.0317457,-0.0460534)
(0.00375042,0.0599864)
(-0.0593229,-0.020806)
(-0.0143274,-0.0980389)
(-0.000839524,0.00909067)
(0.0267539,-0.0399472)
(0.0321882,0.0581027)
(0.4145,-0.0983263)
(-0.0189347,-0.055717)
(0.464001,-0.199754)
(0.46828,-0.00969178)
(0.447562,-0.144346)
(-0.0417343,-0.00480696)
(0.0631916,0.0514469)
(-0.00643921,0.0293814)
(0.545049,-0.120346)
(-0.0267441,-0.0328813)
(0.0169645,0.000337646)
(0.301166,-0.119754)
(0.238461,-0.140149)
(0.513989,-0.0734672)
(0.377614,-0.0588577)
(0.601377,-0.213807)
(0.485978,0.0305732)
(-0.0144221,-0.0554704)
(-0.0194692,-0.0709275)
(0.0144628,0.0127728)
(0.0214939,0.0689628)
(0.0135239,0.0789127)
(-0.0163233,-0.0295171)
(0.0111608,0.0026596)
(0.274743,-0.106279)
(0.206051,-0.0341377)
(-0.0350492,-0.00620226)
(0.19315,-0.0298952)
(-0.0078429,-0.0240443)
(0.442295,-0.135363)
(0.557499,-0.0389433)
(-0.0581549,0.0297829)
(0.0182417,0.0512315)
(0.054058,0.0111883)
(0.0861017,-0.0339307)
(0.426982,-0.188539)
(0.0292866,-0.0625155)
(0.127668,-0.073821)
(-0.045659,0.076376)
(0.275502,-0.148425)
(0.0128325,0.0644458)
(0.338648,-0.0825534)
(-0.000666641,0.0542582)
(0.0244844,0.0274985)
(0.0235012,0.00456224)
(0.0206663,0.0278787)
(0.502117,-0.0689907)
(-0.0128395,0.0363115)
(0.500871,-0.136396)
(0.466509,-0.0904786)
(0.00210436,-0.0013659)
(0.513243,-0.0427622)
(0.578787,-0.0196969)
(0.538738,0.0112175)
(0.0269938,0.02422)
(0.470298,-0.137957)
(-0.0566756,0.0587558)
(-0.0509446,0.0333623)
(-0.0460556,0.0593394)
(-0.0345545,-0.0111802)
(-0.0198872,0.0741412)
(-0.0289214,-0.0195118)
(-0.06515,0.03295)
(0.716722,-0.0175059)
(-0.0411283,0.0127443)
(0.0952972,-0.0264623)
(0.407358,-0.110332)
(0.45331,-0.0887486)
(-0.000140435,0.00341027)
(0.0612794,-0.0155238)
(-0.0244716,-0.00776999)
(0.409085,-0.160584)
(-0.0444361,0.0122328)
(0.47152,-0.210575)
(0.364436,-0.123174)
(-0.0538756,-0.0149412)
(-0.00285859,-0.00206126)
(0.54189,-0.0140509)
(-0.050472,-0.0153097)
(-0.0162054,-0.0306525)
(-0.0165635,0.0542983)
(0.449001,-0.103188)
(0.469565,-0.102186)
(0.202618,-0.105167)
(0.45038,-0.135438)
(0.506342,-0.0775374)
(0.0853198,-0.0356481)
(0.489123,-0.108134)
(0.560811,-0.0418507)
(0.0161375,-0.112197)
(0.505959,-0.0265379)
(0.0707569,0.0483414)
(0.501472,-0.0623095)
(0.0846963,-0.0229186)
(-0.0201053,0.0588555)
(-0.0325046,-0.0147198)
(0.0518964,0.0356214)
(0.000889688,0.089249)
(0.0503333,0.0897117)
(-0.00745323,0.0766707)
(0.0355925,0.0376796)
(0.120529,-0.0791271)
(0.0274377,0.00504155)
(-0.00798758,-0.0160738)
(0.0352625,0.0442326)
(0.0137187,-0.0109402)
(0.0165019,0.0160846)
(0.0453923,0.00305286)
(-0.0101325,0.0603183)
(0.12765,-0.0831773)
(-0.0284158,0.0369066)
(0.044184,-0.00177433)
(0.649876,-0.0627064)
(0.363464,-0.162424)
(-0.0285959,0.0173499)
(0.0840681,0.128933)
(-0.00425166,0.108527)
(0.127452,0.0194554)
(-0.0518117,-0.00450234)
(0.0944039,0.00598046)
(0.220446,-0.0804657)
(0.624644,-0.153227)
(0.591045,-0.127477)
(0.0128256,0.0737122)
(0.0495686,-0.0235381)
(0.550831,-0.138435)
(0.0013543,0.0273309)
(0.0368608,0.00726225)
(0.0763304,-0.0286868)
(0.504154,-0.0620618)
(0.0746161,-0.0690291)
(0.247108,-0.16461)
(-0.000797988,-0.0136363)
(0.117514,-0.117427)
(0.192479,-0.0887193)
(0.29451,-0.0572149)
(0.360052,-0.114764)
(0.0974573,0.0301957)
(-0.0383732,0.0372649)
(0.400295,-0.138431)
(-0.0208989,0.0696382)
(0.0328004,-0.00238384)
(0.0265592,-0.0245)
(0.473753,-0.154102)
(0.020634,-0.0254057)
(0.441693,-0.110333)
(0.042584,-0.0212461)
(0.0201132,0.0299492)
(-0.0335221,-0.010634)
(-0.0202118,0.0550938)
(-0.0149801,0.0242123)
(0.00456192,0.0346003)
(0.0305561,0.0242171)
(-0.0311875,0.0237491)
(-0.00818009,0.0503312)
(0.527849,-0.11565)
(-0.0100356,-0.00892306)
(0.050662,0.00670487)
(0.522744,-0.0539766)
(0.0851558,0.0025554)
(-0.0193004,0.0351033)
(-0.0123789,0.0145557)
(-0.00983593,0.0321436)
(-0.0483044,0.0374067)
(0.136783,-0.0945044)
(0.0136148,0.0688602)
(-0.0479505,-0.046091)
(-0.0534473,-0.0748436)
(0.0369517,-0.0130098)
(-0.0436467,-0.0376968)
(0.506467,-0.0015202)
(-0.0316543,0.0637526)
(0.651878,-0.13174)
(0.344554,-0.122)
(0.519619,0.0260981)
(-0.0291854,-0.00656052)
(0.381448,-0.0435897)
(0.42595,-0.143141)
(0.406833,-0.0659594)
(-0.0465085,0.0394112)
(0.0280804,0.0540217)
(-0.0525884,0.0685221)
(-0.00848879,0.0274944)
(0.550267,-0.155127)
(0.575391,-0.107949)
(-0.0236369,-0.0128811)
(-0.0305933,0.0115912)
(-0.00660667,0.0116634)
(0.0532409,0.0130314)
(0.350241,-0.0725624)
(0.0560541,-0.0050174)
(0.0514314,0.0225564)
(0.0281252,0.0322742)
(0.0847055,-0.00680397)
(0.390095,-0.0811926)
(-0.0502029,-0.079965)
(0.468143,-0.038918)
(0.0128691,0.0182358)
(0.0425709,0.060068)
(0.0788627,0.0317523)
(0.625879,-0.175747)
(0.0185718,0.0225249)
(0.299286,-0.117255)
(0.543327,-0.145046)
(-0.0382628,0.0067376)
(0.00355981,0.0368132)
(0.0586026,-0.0839338)
(-0.0250968,0.0694981)
(-0.0593708,0.0279303)
(0.0126162,-0.111783)
(0.371199,-0.162955)
(0.258898,-0.189945)
(0.0637934,-0.0357425)
(0.0107697,-0.0231399)
(0.0141275,-0.0157667)
(-0.103685,0.0624819)
(-0.00622281,-0.00846089)
(0.00695733,-0.0492265)
(0.418251,-0.0831825)
(0.514136,-0.0905873)
(0.622586,-0.0845402)
(-0.0107597,-0.0492756)
(0.363331,-0.0703178)
(-0.0307855,0.0236481)
(0.0458637,0.0302567)
(0.0357547,0.0204991)
(0.0270101,0.122908)
(-0.00316952,0.0284365)
(0.0685841,-0.0563576)
(0.267456,-0.0908439)
(0.57376,-0.122765)
(0.535102,-0.150433)
(0.0754869,-0.0643332)
(0.52043,-0.172027)
(0.0132061,-0.105367)
(0.41218,-0.162546)
(0.454693,-0.0671261)
(-0.00304641,-0.089849)
(0.479741,-0.111259)
(0.426604,-0.135747)
(0.516222,-0.134557)
(0.413767,-0.112111)
(0.515758,-0.0905485)
(0.103206,-0.0432583)
(0.253159,-0.128003)
(0.204789,-0.0326749)
(0.431161,-0.0782744)
(0.0256302,-0.0424626)
(0.524297,-0.0579114)
(0.396377,-0.14855)
(0.00413067,-0.00328268)
(-0.0590047,0.0082)
(-0.072127,0.0718306)
(-0.0630412,-0.0376168)
(0.406547,-0.158735)
(-0.0089679,0.0164941)
(0.468097,-0.141668)
(0.00848598,0.00808865)
(0.267766,-0.0581399)
(-0.00984936,-0.0532486)
(-0.026369,-0.0486955)
(0.449963,-0.115912)
(0.0523478,0.0758073)
(0.0865544,-0.0716041)
(0.493873,-0.161821)
(0.0547291,-0.0455876)
(-0.00356191,-0.0537612)
(-0.0526221,0.0272333)
(-0.0709497,-0.0284154)
(-0.0280391,0.0245069)
(-0.0138966,0.00641315)
(0.517927,-0.143309)
(0.534629,-0.195494)
(0.401169,-0.0896355)
(-0.0245504,-0.09897)
(0.0128395,0.0654624)
(0.352937,-0.181671)
(-0.0218537,0.0381604)
(0.0111935,-0.0063077)
(0.0239242,-0.0400018)
(-0.0317364,-0.0364502)
(0.533997,-0.0947046)
(0.428166,-0.058795)
(0.472239,-0.0915271)
(0.400148,-0.0354171)
(0.410056,-0.0755401)
(-0.0880722,-0.00595778)
(0.428977,-0.0259315)
(0.305548,-0.103058)
(-0.0631901,-0.0797151)
(0.330518,-0.0794259)
(0.455804,-0.130229)
(0.0347475,-0.0666982)
(0.00190382,0.0718011)
(0.53818,-0.117135)
(0.00574939,0.0187597)
(0.030476,-0.0257829)
(0.421604,-0.121546)
(0.0495383,-0.00269188)
(-0.0271535,-0.0436693)
(0.0458825,0.0412127)
(0.0685947,-0.0245208)
(0.505411,-0.0490137)
(-0.0242121,0.0307858)
(-0.0674941,0.085411)
(0.00110147,0.0307728)
(0.395953,-0.0546388)
(-0.0273499,0.0481802)
(0.0192162,0.0286992)
(-0.0308011,0.069328)
(0.0950213,-0.048901)
(-0.0611578,-0.0800158)
(0.040499,0.0060846)
(0.101811,0.0296244)
(0.112661,0.00181012)
(0.0108597,0.0452688)
(0.0757765,0.066211)
(0.0853753,0.056478)
(0.456248,-0.0996412)
(-0.0559261,0.0426347)
(0.507082,-0.0374481)
(-0.0240984,-0.000948625)
(-0.0084359,-0.0531421)
(0.196787,-0.0998836)
(0.533635,-0.137851)
(0.326233,-0.109269)
(-0.0318616,0.0494876)
(-0.0132067,-0.0296262)
(0.0437452,-0.0154137)
(0.0284168,-0.0350001)
(-0.00964609,0.00186862)
(-0.0309647,0.0316212)
(-0.0509322,-0.0206863)
(0.0193128,0.0257476)
(-0.0771593,0.00738094)
(-0.00339136,0.054263)
(-0.00452216,-0.0154613)
(0.426717,0.0377708)
(0.00574828,0.0556806)
(0.0693618,0.00144087)
(0.0209648,0.00263435)
(0.03744,0.0217921)
(0.18695,-0.048401)
(0.126251,-0.0678521)
(-0.0250914,0.0435701)
(0.111169,-0.116293)
(0.547132,-0.0869316)
(-0.0547276,-0.0705466)
(0.436512,-0.0873503)
(-0.0391406,-0.123672)
(-0.00708691,0.025394)
(0.0980874,-0.022387)
(0.0440787,-0.0547151)
(0.0870661,-0.0296113)
(-0.0479044,0.018433)
(0.029085,-0.0156048)
(-0.0554931,-0.0206908)
(-0.00991734,0.0617108)
(-0.00582327,-0.00436068)
(0.330302,-0.141078)
(0.34332,-0.135529)
(0.0225548,0.00580448)
(0.178736,-0.0434132)
(0.201405,-0.06274)
(0.59197,-0.101225)
(0.00916117,-0.00733143)
(0.0960385,-0.0319712)
(0.492977,-0.138134)
(0.126445,-0.0156618)
(0.121048,-0.0693982)
(-0.0446007,-0.0416508)
(-0.0124338,-0.0637712)
(0.102333,-0.0209182)
(-0.0382022,-0.0178687)
(0.451642,-0.047034)
(0.378122,-0.132512)
(0.0175658,0.00114063)
(0.0505364,0.00939523)
(0.16764,-0.0920833)
(0.0519489,-0.047335)
(0.12776,-0.0532941)
(-0.00412242,0.0431951)
