1620
(-0.0246682,-0.123462)
(-0.0196854,0.0364077)
(0.0568244,0.0589488)
(0.0146169,-0.145632)
(-0.0161434,-0.0284088)
(-0.0314422,0.0415915)
(0.0444928,0.0532294)
(-0.0167208,-0.0178364)
(0.00159028,0.0151365)
(-0.00489125,0.0338521)
(-0.05157,0.0421482)
(-0.0021801,0.019908)
(0.0118401,-0.0421285)
(-0.0165652,4.54172e-05)
(0.0028386,0.0516059)
(-0.036218,0.025449)
(-0.0268474,-0.086084)
(0.0166046,0.0306488)
(0.0193624,0.0186581)
(-0.00748562,0.0137227)
(-0.0211631,-0.018269)
(0.00246594,0.0192407)
(-0.0621699,0.0108435)
(-0.0324417,-0.046882)
(0.00515688,0.034559)
(0.033952,0.0156677)
(-0.0273216,0.0151076)
(0.0752181,-0.0813316)
(-0.0327763,-0.00685648)
(0.0655923,-0.02192)
(0.0439308,0.068685)
(0.041712,-0.016124)
(-0.00103214,0.0489249)
(-0.0897366,0.0366276)
(0.0554419,0.030096)
(0.0123733,0.0621027)
(0.0631177,-0.00580002)
(-0.0123111,0.0280037)
(-0.0481464,0.000533085)
(0.0441539,0.00972922)
(0.0313199,-0.0781269)
(0.082103,0.0132614)
(0.0532465,0.0224023)
(0.127914,0.00161381)
(-0.037925,0.0651624)
(0.12826,-0.0194861)
(0.0990686,-0.0287427)
(-0.0208613,-0.00181489)
(0.0538024,-0.0599401)
(-0.0149956,-0.0242605)
(0.0404497,0.00364915)
(0.0896567,-0.0276357)
(0.0135471,0.0108038)
(0.0205835,-0.00540268)
(-0.0116167,0.02292)
(-0.0283292,0.0253363)
(0.0497903,0.0272675)
(0.0468705,0.0602511)
(-0.0150465,-0.0440556)
(0.0495248,-0.0312297)
(-0.0365415,-0.0148697)
(0.172312,-0.0744244)
(-0.00993503,0.00237606)
(0.396058,-0.0825998)
(-0.0201151,-0.00173318)
(-0.00998059,0.0403542)
(0.000450097,-0.00813047)
(0.0264219,0.0128968)
(0.0285672,0.135174)
(-0.0380766,-0.0689536)
(0.00920135,0.0602452)
(0.00588836,0.0530523)
(-0.0225261,0.0696054)
(-0.0409314,0.0291183)
(-0.00366948,-0.00660097)
(-0.0900821,0.0595437)
(0.00664645,-0.0430846)
(0.00971434,-0.0508239)
(-0.0197043,0.0117315)
(0.0778158,-0.0436881)
(-0.0102505,-0.0677784)
(-0.00253763,0.00732394)
(0.0259308,-0.0696535)
(0.0334423,-0.0218925)
(0.0431908,0.0247068)
(0.0169741,0.0180976)
(-0.0335689,-0.0336073)
(-0.0382171,0.0104504)
(0.0785091,0.0238666)
(0.0270476,-0.0145668)
(-0.109633,-0.0197574)
(-0.0237275,0.0204104)
(0.458065,-0.0704922)
(0.0154868,0.10753)
(-0.0177386,0.0698833)
(0.571315,-0.0152797)
(-0.0584541,0.0633978)
(0.441226,-0.141057)
(-0.0101522,-0.0965068)
(-0.0479962,-0.0861534)
(0.0626742,0.00556051)
(-0.0753048,-0.0139421)
(0.0459478,-0.0825334)
(-0.00528221,-0.0464719)
(-0.0217654,-0.115154)
(0.441827,-0.0918899)
(0.0222862,0.0651809)
(-0.0736204,-0.00791133)
(0.0111905,0.0221928)
(0.0405493,0.0560064)
(0.00350235,0.0316516)
(0.700129,-0.14782)
(0.365919,-0.0348889)
(-0.0101209,-0.014209)
(0.470565,-0.0455089)
(0.0215906,0.101648)
(0.00559303,0.0811332)
(0.632949,-0.0999271)
(0.00651087,0.0114523)
(0.473068,-0.0651541)
(0.426657,-0.0634163)
(0.0238263,0.0500479)
(0.390936,-0.0726753)
(0.279344,-0.118118)
(0.280384,-0.0814796)
(0.0118806,-0.0268565)
(0.0529448,-0.0210419)
(0.00333297,0.0494036)
(0.357046,-0.127029)
(0.0771283,0.0424304)
(0.11668,0.0711753)
(0.0150587,-0.010699)
(-0.0049212,-0.048106)
(-0.00191065,0.0196742)
(-0.00278292,0.0144443)
(0.0201101,0.0177869)
(-0.0532553,0.00872357)
(0.00273637,0.0320504)
(0.384387,-0.0886441)
(0.0159146,-0.00676683)
(0.00754732,0.0553194)
(-0.0106223,0.0541901)
(0.0135294,-0.0157198)
(0.0474889,-0.0641029)
(0.0887001,-0.0850427)
(0.0242009,-0.091108)
(0.0134691,-0.00041046)
(0.432064,-0.087303)
(0.48535,-0.112889)
(-0.0633865,0.000923126)
(0.481824,-0.14471)
(0.20038,-0.067236)
(0.539506,-0.0364438)
(0.472851,-0.0973754)
(0.470013,-0.0801958)
(-0.042332,0.0163153)
(0.0783541,0.0492973)
(0.414191,-0.143891)
(0.37949,-0.00658254)
(-0.0147198,0.00312075)
(-0.029067,0.0298901)
(0.00379994,0.0379114)
(0.0121644,0.0439662)
(-0.0385499,-0.0198254)
(-0.0127554,0.0286892)
(-0.0462117,-0.0292265)
(0.0181687,-0.0413134)
(-0.00739724,-0.0497501)
(0.0376891,0.0289454)
(-0.0191067,0.0821889)
(0.0424777,-0.0136221)
(0.0581993,0.00350177)
(0.420132,-0.163744)
(0.3905,-0.116788)
(0.563362,-0.128162)
(0.495616,-0.0789018)
(0.0627607,-0.0943506)
(0.147324,-0.0278765)
(-0.0851392,-0.0652315)
(-0.111034,0.052137)
(-0.0585018,-0.0501928)
(0.0347107,0.0443063)
(0.00858709,0.0087159)
(0.0135028,0.0467548)
(0.0133201,0.0368059)
(0.00198671,0.0309485)
(0.0331068,0.0136472)
(0.0564179,-0.0979031)
(-0.00162842,-0.0278991)
(0.411606,-0.152145)
(0.480987,-0.0799248)
(0.376428,-0.0856898)
(0.584554,-0.114429)
(-0.0390006,-0.0441575)
(-0.0440304,-0.0344577)
(0.0464971,0.0513861)
(0.0408108,0.0339611)
(-0.040277,0.0492146)
(-0.0455695,-0.0588631)
(-0.00450359,0.00917254)
(0.0173214,-0.1224)
(0.0734802,-0.101458)
(-0.0447112,-0.0472576)
(-0.0602974,-0.0179764)
(-0.00982544,-0.00926636)
(-0.0431458,0.0266337)
(0.470281,-0.100002)
(0.492365,-0.0353324)
(-0.0881081,0.0196421)
(0.382026,-0.0992101)
(-0.0359154,-0.00901977)
(0.411232,-0.0885308)
(0.405686,-0.0916183)
(-0.0776938,0.0107377)
(-0.0520284,0.0345687)
(0.0945246,0.0673219)
(0.0750809,-0.000245694)
(0.452814,-0.112393)
(0.571586,-0.137419)
(-0.0117884,-0.0453072)
(0.000599296,-0.0153757)
(-0.0343652,0.0110199)
(0.0410759,0.0687194)
(0.713546,-0.166312)
(-0.0509586,-0.0512444)
(-0.0737519,-0.071882)
(0.417814,-0.160133)
(-0.0380065,0.0611249)
(-0.0197282,0.0351091)
(-0.0716997,-0.0367977)
(-0.0227425,0.00840336)
(0.484541,-0.132376)
(0.467447,-0.181999)
(0.554021,-0.0515893)
(0.499859,-0.055956)
(-0.0447231,0.0273425)
(-0.026205,-0.0487056)
(-0.0128716,-0.0278383)
(0.181557,-0.0625994)
(0.0054779,0.0245779)
(0.0692362,-0.0161186)
(-0.00420035,-0.0540599)
(-0.0116542,0.0681687)
(-0.018123,0.0720394)
(-0.00260582,-0.0588463)
(-0.0321319,0.0252713)
(0.0783466,-0.00223486)
(-0.00129504,-0.0343637)
(0.031669,0.00918706)
(-0.0375135,0.0277192)
(-0.0473524,-0.02425)
(-0.0272212,0.0205244)
(-0.055787,-0.0180231)
(-0.0516926,-0.0408091)
(-0.0390133,0.0192542)
(0.033238,-0.0558158)
(0.0514518,-0.0119275)
(0.00673667,-0.00397379)
(0.0403027,0.00015617)
(-0.0231483,-0.0919494)
(0.0608616,-0.109078)
(-0.0228543,0.0141496)
(0.0071994,0.0119678)
(-0.0501158,-0.0240958)
(0.522195,-0.0825653)
(-0.0547598,-0.0546146)
(-0.084477,-0.0973222)
(-0.0208073,-0.0243113)
(0.0233704,-0.00737126)
(0.0568359,0.0297597)
(-0.0119634,0.0186434)
(0.0227096,-0.00566883)
(-0.0652696,-0.0173983)
(-0.046209,0.0501293)
(0.0119578,0.00110611)
(0.504507,0.0083916)
(-0.000171529,0.0561514)
(-0.0369607,-0.0108569)
(0.0623851,0.0589082)
(0.0117867,0.000447486)
(0.0229775,0.0334063)
(0.03356,0.0576183)
(0.0147536,-0.0400182)
(-0.00788814,-0.066049)
(0.104619,0.0544651)
(0.0391665,0.0282653)
(0.024006,0.0124698)
(-0.0747597,0.00499908)
(0.061077,0.0190143)
(0.098885,0.023301)
(-0.00648294,0.0610334)
(0.0147967,-0.0328962)
(-0.078144,0.0136296)
(-0.0561345,-0.00729631)
(-0.034486,0.00764547)
(-0.0440987,0.0393959)
(0.0521998,-0.044585)
(0.00425403,0.0305105)
(-0.0575346,-0.0278366)
(-0.0489865,0.00411541)
(0.0121402,0.0360715)
(-0.0927273,0.0241609)
(-0.0360201,-0.0220412)
(-0.029083,-0.000776143)
(-0.0358303,0.00836758)
(0.00774103,-0.0452993)
(0.0653595,0.0331738)
(0.370132,-0.126325)
(0.00258098,0.015479)
(-0.00633528,0.0256499)
(-0.0413882,-0.0167626)
(-0.068028,-0.0638838)
(-0.116693,-0.0692996)
(-0.0602027,-0.0333912)
(-0.0394943,-0.0358871)
(-0.0582677,-0.0163522)
(0.0258634,-0.08513)
(-0.0611234,-0.0849089)
(-0.0523191,-0.0385941)
(0.434477,-0.207978)
(-0.00714044,-0.0286037)
(-0.0306459,0.0174468)
(0.0058175,-0.0224984)
(0.00321313,-0.0224776)
(-0.0209808,-0.0119145)
(-0.00058687,0.0172907)
(0.0828602,-0.0685566)
(0.0106788,-0.00175021)
(0.0149996,0.05972)
(-0.0297136,-0.0474367)
(0.0262611,-0.00456623)
(-0.0227609,-0.0198073)
(-0.0485668,-0.00935175)
(0.0420977,-0.037782)
(-0.0290362,-0.0737205)
(0.470074,0.0130462)
(0.0350425,-0.0338123)
(0.0690898,0.0552633)
(-0.0983378,-0.0584786)
(0.0542765,-0.0358017)
(0.0387673,-0.0452226)
(-0.0573351,-0.062518)
(0.0746652,0.0443667)
(-0.0175799,0.00594918)
(-0.018677,-0.00904477)
(0.0459173,0.0522112)
(0.0412325,0.0412764)
(0.0136449,0.104376)
(-0.0157928,0.0108972)
(0.154152,-0.0237245)
(0.397913,-0.1033)
(0.457186,-0.107039)
(0.0956916,-0.0458501)
(-0.000897921,0.0183685)
(0.413092,-0.125414)
(-0.0798412,0.103308)
(0.0566973,-0.0388961)
(-0.0335636,0.00275431)
(-0.0450843,-0.0118241)
(-0.00482038,-0.0064229)
(0.260999,-0.112904)
(0.109954,-0.0645011)
(0.030667,0.0461175)
(-0.0283407,0.00895077)
(-0.028548,0.0080548)
(0.0270831,0.0273103)
(0.451643,-0.174041)
(-0.0485651,-0.0522292)
(-0.0383749,-0.00787668)
(-0.00710614,0.0166825)
(-0.0027278,0.0698165)
(-0.00600585,-0.0517886)
(-0.0161025,-0.0262181)
(0.00369559,0.0814044)
(0.459767,-0.105415)
(0.410945,-0.0718539)
(0.0278545,-0.0282951)
(0.0127021,-0.0792251)
(0.0227814,0.0372693)
(0.0679145,0.0385136)
(-0.0104785,0.0377175)
(0.142699,-0.0275452)
(0.35765,-0.110007)
(-0.0392918,-0.0225939)
(0.0330912,-0.0584449)
(-0.0296434,0.0216261)
(0.0626588,0.0110011)
(0.0363025,0.0871588)
(0.0141785,0.0230625)
(0.0309918,-0.0377773)
(-0.00223453,-0.0776984)
(0.0388667,0.0163272)
(0.00938103,-0.0216044)
(-0.0387156,-0.0618405)
(0.0405707,0.0831788)
(0.0687265,0.0503142)
(-0.0728535,-0.0221671)
(-0.0151683,-0.0863539)
(0.0261155,0.0412079)
(0.0468288,0.0124851)
(0.0454286,0.00938539)
(-0.0684766,0.0312821)
(-0.00500247,0.0476632)
(0.556446,-0.131405)
(-0.0493231,0.0146529)
(0.00598549,0.0177729)
(-0.0990302,-0.0901735)
(-0.11601,-0.0734723)
(-0.00333473,0.0207259)
(0.020875,-0.00926954)
(-0.0555178,-0.0333447)
(0.0413735,-0.0198925)
(0.0113426,0.0965669)
(0.0304138,-0.0227903)
(0.450206,-0.12596)
(0.0200102,0.105141)
(0.00701949,0.035196)
(-0.0313261,0.0163812)
(0.031024,0.00575703)
(0.0360182,0.0188461)
(-0.0313241,-0.0531228)
(0.0318934,-0.026591)
(0.0569802,-0.0457677)
(-0.0393395,-0.106704)
(-0.00689876,0.027502)
(-0.0503559,0.0182616)
(0.419274,-0.104959)
(-0.0658109,-0.0262685)
(0.00911327,0.0291677)
(0.0364397,0.0489127)
(-0.0645728,-0.0574467)
(-0.0591981,-0.0206598)
(0.0178859,-0.00718092)
(0.0646711,0.0429751)
(0.0756508,0.0361599)
(0.0589291,0.0306635)
(-0.021861,-0.0590993)
(0.0457379,0.0124624)
(-0.074547,-0.0481072)
(-0.0340169,-0.0744998)
(-0.00468428,0.00023166)
(-0.0253547,-0.0238922)
(0.0809996,-0.0172709)
(0.000420677,0.0102207)
(-0.0305105,-0.0300892)
(-0.0105684,-0.0719453)
(-0.0501233,-0.0498383)
(0.0788693,-0.0424604)
(0.0296688,-0.00883745)
(0.20626,-0.131412)
(0.0600693,0.0241021)
(-0.0240836,0.0825384)
(0.0226369,0.0625913)
(0.0305542,0.0122671)
(-0.0870391,0.0867425)
(0.00522453,-0.0190595)
(0.0100017,0.0446374)
(-0.0456188,-0.0185081)
(0.0282837,0.0357025)
(0.0112521,-0.0233769)
(0.0169012,0.0313643)
(-0.0568826,-0.0192362)
(0.0276885,0.00984417)
(0.0468585,0.0406063)
(-0.048872,0.0248413)
(-0.0578787,-0.0202036)
(-0.0781676,-0.0450922)
(0.0417351,-0.00814638)
(0.415575,-0.114174)
(-0.104038,0.000998711)
(0.572604,-0.117854)
(0.0274416,0.0648757)
(-0.0603579,0.0844989)
(-0.0139445,0.0868734)
(-0.00451259,0.0048986)
(0.0629086,0.0518283)
(0.0283671,-0.051564)
(0.00841488,-0.00283909)
(0.000263823,-0.0133561)
(-0.0428784,0.0725181)
(-0.00532496,-0.021661)
(0.442295,-0.120525)
(-0.0183976,-0.0301914)
(-0.0164701,-0.011425)
(0.082764,0.0313357)
(0.0667012,-0.0272903)
(-0.0354088,-0.0298585)
(0.42963,-0.0555068)
(0.0452985,-0.0238416)
(0.0199976,-0.0516798)
(0.710253,-0.0827953)
(0.0437686,-0.043435)
(-0.0563593,0.0221839)
(-0.0249892,0.0301649)
(0.0452271,-0.0155006)
(0.394965,-0.0644002)
(0.513317,-0.175442)
(0.531947,-0.0546698)
(0.453772,-0.0837594)
(-0.0407812,0.0116676)
(-0.065944,0.0223669)
(0.00189972,-0.0052111)
(0.000573276,-0.0631711)
(-0.0187517,0.031613)
(-0.0610941,-0.00383247)
(-0.0721908,-0.0264228)
(0.0813966,0.0317928)
(-0.0223309,0.0199743)
(-0.0326765,0.0825434)
(0.0121714,-0.00970416)
(0.0488421,0.0123403)
(0.0719944,0.0232025)
(0.0629518,0.0278424)
(0.0778325,0.0445011)
(0.0388469,0.00768328)
(0.0870791,-0.0377691)
(-0.0106375,0.00798318)
(-0.0361308,0.102003)
(-0.00605411,0.0737851)
(-0.0117542,0.0110251)
(-0.0355016,0.0838516)
(-0.0421282,0.014378)
(0.0041552,0.0240552)
(0.027852,0.0681267)
(0.00451418,-0.0203374)
(0.0357007,0.0291546)
(-0.0212846,-0.0357359)
(-0.0624198,-0.0416903)
(0.0698326,0.0525918)
(0.0463432,0.0165052)
(0.0272311,0.0637028)
(0.0437392,-0.0161928)
(0.42948,0.00701508)
(0.0350492,-0.00196141)
(0.538476,-0.123567)
(-0.0334895,0.0825425)
(0.0332798,0.00411776)
(-0.0493896,0.00952836)
(-0.0909091,0.0724118)
(-0.00393309,0.0608567)
(-0.0474394,-0.00212129)
(0.0152354,0.0506674)
(0.0293682,-0.01334)
(0.0310044,-0.00720398)
(0.00543642,-0.00408081)
(-0.00645494,-0.0571239)
(-0.0280798,0.0914795)
(0.0152548,-0.0458075)
(0.0263166,0.0438567)
(-0.0581401,-0.0105716)
(-0.0529429,-0.0394166)
(0.0547276,-0.0512271)
(0.00221673,-0.0930942)
(-0.0112407,0.0717194)
(0.0282073,0.041371)
(0.0519994,-0.0198841)
(0.187237,-0.0817209)
(0.0780055,0.0304577)
(-0.0279682,-0.0402193)
(0.00695007,-0.0347434)
(0.0725763,-0.0301621)
(0.408318,-0.101459)
(0.00531528,0.0810221)
(-0.0299006,0.0819752)
(0.0282079,-0.0643355)
(-0.062728,0.0745989)
(0.0539536,0.034705)
(0.117973,-0.0316354)
(0.253022,-0.109768)
(0.342253,-0.187667)
(-0.0271327,0.058038)
(-0.00992582,0.0395046)
(-0.0879247,0.0229457)
(0.19308,-0.121287)
(0.530165,-0.0746481)
(0.0615387,-0.00943386)
(-0.0623651,-0.0494195)
(-0.0162783,0.0255915)
(-0.0748403,-0.0230475)
(-0.0285903,0.0480614)
(-0.0375645,0.0225648)
(-0.0145992,0.0336031)
(-0.0076694,-0.00810389)
(0.0406638,-0.00813468)
(0.057543,0.0268413)
(0.493564,-0.11044)
(0.0394543,0.0146097)
(-0.0150171,-0.029973)
(0.0420037,0.0298838)
(0.00250536,-0.0354115)
(-0.0219077,-0.0410449)
(0.0405306,0.00772535)
(0.00771887,-0.0123022)
(0.254721,-0.166418)
(0.0341821,0.0938524)
(-0.0166083,0.00927688)
(0.0498956,0.095346)
(0.0259881,-0.0258166)
(-0.0330101,0.0328463)
(-0.061137,0.000849064)
(-0.0103386,0.0539302)
(0.269158,-0.0885527)
(0.66857,-0.0252167)
(-0.0661597,0.0559846)
(-0.0776764,-0.00127536)
(0.0160716,0.0225728)
(-0.0852509,0.0614856)
(-0.125049,-0.0191294)
(-0.132234,-0.00988846)
(0.0300142,0.0558393)
(-0.0262055,-0.0198174)
(0.0261233,0.0177098)
(0.0679446,-0.0261274)
(0.0162584,-0.018914)
(0.0354589,-0.00381831)
(-0.0903555,-0.0131555)
(-0.0292231,0.0416893)
(-0.00203082,0.0606163)
(-0.0401657,0.0245605)
(-0.0278782,0.047896)
(0.0340685,-0.00774442)
(0.0934716,-0.0683791)
(0.0602533,0.0591759)
(0.0938017,0.0416872)
(-0.0607458,-0.0472154)
(-0.0591282,-0.0136107)
(-0.046248,0.010538)
(-0.0284084,0.032726)
(0.00317422,0.0140228)
(0.0191525,-0.00133812)
(-0.000704598,0.00258384)
(0.0656524,-0.0196178)
(-0.0193844,-0.0489014)
(0.0207365,-0.03004)
(0.0259373,0.0182499)
(-0.0252696,0.0648951)
(0.022807,0.0784687)
(-0.0196611,0.0340499)
(0.0507276,-0.0015721)
(0.606811,-0.109117)
(0.054545,0.0381322)
(-0.0353098,-0.0351391)
(0.0053499,-0.0243088)
(0.0661661,0.091446)
(0.0227874,-0.04022)
(0.0323569,-0.0272112)
(0.0518027,0.0125577)
(0.0481963,-0.0537251)
(-0.00333138,-0.0649576)
(0.0351089,-0.0166074)
(-0.00253831,-0.0338531)
(0.0747344,-0.00165132)
(0.0705853,0.0322155)
(-0.010978,0.00369651)
(0.0388193,-0.0281539)
(0.0316542,-0.0381569)
(-0.00536886,-0.0326544)
(-0.0143508,-0.0416718)
(-0.0206293,-0.033115)
(-0.0343584,0.0506233)
(0.00588404,0.00225669)
(-0.00959495,0.0213677)
(-0.0568266,0.00126264)
(-0.0241093,-0.0156321)
(-0.00911035,0.0251671)
(-0.0366767,-0.100461)
(0.0303353,-0.0929391)
(0.00546058,-0.0532852)
(0.0138807,-0.0360975)
(-0.0149834,-0.00578693)
(0.0643723,-0.0471634)
(-0.0494187,0.0211913)
(0.0244545,-0.0740981)
(0.0771404,-0.0387897)
(0.0753188,-0.0886281)
(0.00719616,-0.0905692)
(-0.0482029,-0.127565)
(-0.0437297,-0.00457671)
(0.0563916,-0.0456047)
(0.0878552,-0.0262384)
(-0.0314739,0.0687435)
(-0.0648832,0.0322718)
(-0.0163709,0.0471636)
(-0.0158123,-0.0301385)
(0.00863862,0.00394488)
(-0.0184428,0.0738405)
(-0.0289766,0.0911335)
(0.0139233,0.0367379)
(-0.0833688,-0.0328217)
(0.0125297,-0.0201582)
(0.0517736,0.0205273)
(-0.0339075,-0.0854204)
(0.0165265,-0.0253017)
(0.467265,-0.0748456)
(0.0221155,-0.0657156)
(0.0411919,0.000905898)
(-0.00535238,0.0405098)
(-0.0134412,-0.0275071)
(0.0295663,0.0359286)
(0.020987,0.0480805)
(0.0479489,0.0509899)
(0.0379092,0.0175658)
(0.0541134,-0.015104)
(0.014743,0.000779495)
(0.0280735,-0.00303737)
(0.0370515,-0.0099097)
(0.0369033,0.0346677)
(-0.050282,0.0665507)
(-0.0187223,0.0188508)
(0.0538626,0.0500291)
(0.0742324,0.022502)
(-0.0262337,0.047695)
(0.0317649,0.0269347)
(-0.0333055,0.00533834)
(0.00151405,-0.0728431)
(-0.0118817,-0.0503524)
(-0.0220949,-0.125044)
(0.0912191,0.00166675)
(0.536737,-0.120293)
(0.470581,-0.0730708)
(0.0121908,0.127379)
(0.457767,-0.0504938)
(0.0586664,-0.0711177)
(0.440469,-0.0616428)
(0.264561,-0.133144)
(-0.0131862,0.0373887)
(0.499772,-0.140197)
(0.561426,-0.110175)
(0.541327,-0.0978853)
(-0.0180033,0.0602421)
(-0.0423784,0.0368435)
(-0.0395351,-0.000823731)
(-0.0537758,0.0151245)
(0.032523,0.0523604)
(-0.021364,0.0116591)
(-0.0293165,0.0306372)
(-0.0445368,0.0212629)
(-0.0450804,0.00778511)
(0.00331271,-0.0605529)
(0.0297055,-0.00203703)
(0.0304905,-0.0387183)
(-0.0423174,0.0416257)
(-0.0380651,-0.00531843)
(0.035655,0.0493712)
(-0.0274012,-0.0750951)
(-0.0514547,0.0750554)
(-0.0342621,0.0299891)
(0.00989459,0.0318927)
(0.0137767,-0.0258333)
(-0.0358372,-0.0804649)
(-0.00316179,0.0336551)
(-0.0361954,-0.034588)
(0.019736,-0.0157738)
(-0.00104798,0.0202227)
(0.0263769,-0.00491362)
(0.0504519,0.0768908)
(-0.0232663,-0.00597803)
(0.0101143,0.0273321)
(-0.00726488,-0.0180984)
(0.0183209,0.0344787)
(-0.0110646,-0.0230639)
(-0.0143687,-0.0204505)
(-0.0350631,-0.0410316)
(-0.021339,-0.0185916)
(-0.0249106,-0.0784488)
(0.00191399,0.0183414)
(0.536993,-0.258253)
(0.0267004,-0.0344118)
(0.00229615,0.0162022)
(0.00328346,0.0110242)
(0.00985073,-0.0108746)
(0.0127909,0.0592613)
(-0.0156546,0.0476361)
(0.455696,-0.129034)
(0.642237,-0.18109)
(0.449265,-0.117697)
(-0.024196,-0.00464405)
(0.414464,-0.0843492)
(-0.00677146,0.0210036)
(0.0838225,-0.0216933)
(0.0140179,0.0395479)
(0.0204201,0.00961511)
(0.194716,-0.0827233)
(0.0110512,0.026516)
(-0.00271033,0.0465203)
(-0.0174855,0.0292813)
(0.115354,-0.0558849)
(0.0260806,-0.00326277)
(-0.116359,-0.026906)
(0.444186,-0.0635722)
(0.00760612,-0.00216936)
(-0.0350455,0.0159078)
(-0.00230623,0.0197246)
(0.0274807,0.0382015)
(0.023342,-0.0143242)
(0.00196006,0.0538026)
(0.0635734,-0.0620979)
(-0.00187689,0.0446976)
(0.0619175,0.0187237)
(0.193419,-0.0439204)
(0.0677889,0.0307488)
(0.0317298,0.00645146)
(-0.0494876,0.0554936)
(-0.0843291,0.0251383)
(0.0103699,0.0562606)
(0.0244437,-0.00396042)
(0.00448372,-0.0449947)
(-0.0470459,0.0333689)
(-0.00919779,-0.0135914)
(0.0074288,-0.00824959)
(0.0124549,0.0180152)
(-0.0147863,0.048427)
(0.0533533,0.0502172)
(0.0234237,0.0524865)
(0.0222524,0.0436674)
(0.0203468,-0.00860713)
(0.037218,0.00647431)
(0.0175233,-0.108715)
(0.0250396,0.0347464)
(-0.0594132,-0.0211853)
(0.0404176,0.109422)
(-0.000331585,0.0462712)
(0.0263653,-0.127178)
(0.0824963,0.0652885)
(0.00551243,0.0454353)
(0.0602608,-0.0914596)
(0.0132564,0.0438697)
(-0.0444573,-0.0151505)
(-0.0254955,-0.0437522)
(-0.0131057,0.0490534)
(-0.0598579,-0.0281045)
(-0.0627695,-0.0203099)
(0.0530426,0.0450444)
(-0.0290421,-0.0286945)
(-0.0919583,0.072928)
(-0.00342289,0.00640074)
(0.0028275,0.0297351)
(-0.023938,0.0142861)
(0.0426758,-0.00173732)
(-0.000340056,0.036936)
(0.122037,-0.0853369)
(0.0797769,4.21388e-05)
(-0.0277497,-0.0701395)
(-0.0293324,0.0509249)
(-0.0523109,-0.0978349)
(-0.0057449,0.0936735)
(-0.0417209,0.0162018)
(0.0789548,0.073738)
(0.0781732,0.078271)
(0.00957257,-0.0332624)
(0.0228608,0.0444641)
(-0.0485283,0.00900505)
(-0.0227292,0.0723621)
(0.0103074,0.00873944)
(-0.0462582,-0.031411)
(0.0153368,-0.0843369)
(0.0866801,-0.0244593)
(0.0386967,0.044373)
(0.0259692,0.0556519)
(-0.0487197,0.046845)
(-0.0610374,-0.0226255)
(-0.00305098,-0.0344659)
(0.0425051,-0.00298331)
(0.062415,-0.0410511)
(0.451479,-0.0915876)
(0.0090291,0.00214286)
(-0.05631,-0.0469454)
(0.00272795,-0.0254287)
(-0.0402022,-0.0241232)
(0.00431903,-0.0542963)
(0.0453673,-0.0318066)
(-0.0408647,0.015684)
(0.0240003,-0.04859)
(0.539857,-0.13484)
(0.0183317,-0.0980446)
(0.0471732,0.00220234)
(0.0562229,-0.0685933)
(0.518555,-0.125197)
(-0.0264788,-0.00929687)
(-0.0312806,-0.0151685)
(0.0387419,0.0142033)
(-0.0188804,-0.0084894)
(-0.0292148,-0.0106822)
(0.00778453,-0.0199249)
(-0.0497236,-0.020684)
(0.306299,-0.0737027)
(0.167727,-0.0735673)
(0.0196446,-0.00199817)
(-0.0146183,0.0368637)
(-0.0469884,-0.0604136)
(0.045094,0.0626057)
(-0.0135697,-0.0792523)
(0.403003,-0.045356)
(-0.0510082,-0.0171067)
(-0.0065064,0.000847158)
(0.00862439,-0.00227734)
(0.0363285,-0.00129663)
(0.0705974,-0.0212078)
(0.00851203,0.00347352)
(0.496506,-0.110629)
(-0.0132112,-0.014642)
(0.508589,-0.0950063)
(-0.0521454,0.0689472)
(-0.0451474,-0.0013566)
(-0.0152303,-0.0564946)
(0.0347238,0.0396076)
(0.48111,-0.203768)
(0.105808,-0.00941595)
(0.279082,-0.128251)
(0.0273802,-0.00639089)
(-0.0195739,0.0113623)
(-0.0595767,-0.000900697)
(0.206888,-0.0491844)
(0.250595,-0.0907149)
(-0.00767703,0.0205341)
(-0.00953091,0.000722432)
(0.307563,-0.130559)
(-0.0206148,0.0222439)
(-0.0679262,-0.0284958)
(0.231391,-0.0951392)
(-0.0430133,0.0247242)
(-0.000183951,0.0186202)
(0.343371,-0.0638851)
(-0.0736695,-0.051561)
(0.149632,0.00161435)
(0.203986,-0.058175)
(0.0141424,0.0646945)
(0.231128,0.0147804)
(0.0660949,-0.0630038)
(0.00632591,-0.0576414)
(-0.00978305,0.0543294)
(-0.0616729,0.0450038)
(-0.0184832,0.00522923)
(0.0559417,-0.0546866)
(0.0298293,-0.0417972)
(0.0441905,0.0497018)
(-0.0274167,0.0676211)
(0.055554,0.0466516)
(-0.0367858,0.00493827)
(0.0796158,0.0582493)
(-0.102096,0.0230386)
(-0.0297634,0.0287887)
(-0.0270287,0.0207862)
(-0.0287776,-0.0352819)
(-0.0450721,-0.00690552)
(0.311723,-0.0759846)
(0.0167445,0.0712633)
(0.0131668,0.0545902)
(0.115392,-0.0573987)
(-0.119582,0.051295)
(-0.0733263,0.0433899)
(0.546202,-0.0772966)
(-0.0105671,0.0110178)
(0.554414,-0.128068)
(-0.0154565,-0.0226995)
(0.0108154,0.0296386)
(0.171299,-0.09531)
(-0.0292676,-0.00279021)
(0.0221195,0.0273601)
(0.455676,-0.113164)
(-0.0305764,-0.0190607)
(0.0686416,0.0433313)
(0.0109967,0.00201256)
(0.0175468,0.0805803)
(0.12754,0.0237836)
(0.0384817,-0.0569936)
(0.088532,-0.0526825)
(0.0430602,-0.0219192)
(-0.114566,-0.0452702)
(0.219165,-0.157426)
(0.0220383,0.0398329)
(0.289416,-0.154245)
(-0.0262167,-0.0643897)
(-0.0451144,-0.0188371)
(0.463216,-0.115047)
(-0.0641452,0.0921613)
(0.00402572,0.050813)
(-0.0345336,-0.00721212)
(0.389957,-0.0802341)
(0.0083536,-0.020597)
(-0.0475545,-0.0498478)
(0.0671715,0.0252723)
(0.00473948,0.0364546)
(0.0433485,0.0378792)
(0.077496,0.00784605)
(-0.117105,0.0169849)
(0.0160172,-0.00207742)
(-0.0389028,0.029342)
(0.0604072,-0.0509655)
(-0.0699562,0.0296529)
(0.000580579,0.0436794)
(0.0787239,0.0292277)
(0.0685948,0.0386156)
(0.0304569,-0.0606999)
(-0.0386011,-0.0413065)
(0.00647364,-0.0869856)
(0.0032676,-0.00363022)
(0.00629982,-0.0416146)
(-0.0122789,0.0144807)
(0.054093,0.0181352)
(0.0678848,0.0133469)
(0.0428027,0.0768814)
(0.0119339,0.0195328)
(0.00528594,0.0365884)
(-0.0174616,-0.0771962)
(-0.0624104,-0.107487)
(-0.0787694,-0.100781)
(-0.0523976,-0.0499249)
(0.0122856,-0.00629795)
(0.0204395,-0.029218)
(0.0130582,0.0138771)
(0.464401,-0.109976)
(-0.0631293,0.00183797)
(0.0340762,0.0170867)
(0.00642214,0.00588428)
(0.42278,-0.0614455)
(0.0418799,-0.000133351)
(0.0215042,-0.0201796)
(-0.0233326,-0.0282033)
(0.00485533,0.00572991)
(0.0185744,-0.010704)
(-0.0169152,-0.0401707)
(0.0333073,-0.00587529)
(0.383761,-0.0804109)
(0.031589,-0.0114231)
(-0.0910181,-0.00891901)
(0.628267,-0.155336)
(0.0129589,-0.00785843)
(-0.00751978,0.0071844)
(0.025539,-0.0393018)
(0.462156,-0.0771101)
(0.0430492,0.027511)
(-0.0463372,-0.0365163)
(-0.0151843,-0.0485482)
(-0.122925,-0.0054772)
(-0.00303461,-0.0171871)
(-0.0788082,-0.0672341)
(-0.0045114,-0.0601152)
(-0.0125989,0.0318548)
(-0.000243195,-0.0386118)
(-0.00121205,-0.0590332)
(0.00814315,-0.0508341)
(0.426517,-0.0487195)
(0.0555617,0.00465557)
(-0.0473964,0.0406217)
(-0.033683,-0.0223922)
(0.00351552,-0.00192998)
(0.00618015,-0.062935)
(-0.0139527,0.0669415)
(-0.0191107,-0.0513902)
(-0.00921892,-0.0121253)
(0.00494176,-0.0751787)
(0.0068581,0.0434232)
(0.010704,0.0671406)
(0.431221,-0.0882097)
(0.00408684,0.00212212)
(0.0124982,0.000187173)
(-0.0173251,0.0479891)
(0.0261912,-0.0247475)
(-0.0533807,0.0847645)
(-0.00260516,0.00521914)
(0.160083,-0.174964)
(0.209066,-0.105433)
(0.148473,-0.150713)
(0.00956617,0.00598703)
(-0.0140532,0.023327)
(0.60549,-0.1802)
(0.344871,-0.127222)
(-0.020903,0.00983632)
(0.397806,-0.069379)
(0.461927,-0.0370542)
(0.197879,-0.113564)
(0.0487702,-0.0109085)
(0.0367306,-0.0223466)
(0.050929,0.0390585)
(0.101013,-0.0063578)
(0.00674602,0.0383478)
(0.0114902,0.0482734)
(-0.0734494,0.004172)
(0.0778941,0.00257759)
(-0.0909216,0.0144213)
(-0.0294555,-0.0304834)
(0.0525136,-0.00757579)
(0.47116,-0.132343)
(-0.0371289,0.0400614)
(0.000478315,0.00316652)
(-0.0435674,0.0168379)
(0.544363,-0.0947174)
(-0.0422398,0.0798075)
(-0.0106925,-0.00103913)
(0.526757,-0.158457)
(0.502078,-0.0785851)
(-0.0285987,0.0235613)
(0.337042,-0.0792212)
(-0.00383877,0.0437843)
(-0.0302938,0.0779175)
(0.476282,0.0165374)
(0.266334,-0.0848731)
(0.401627,-0.111511)
(0.471185,-0.045953)
(0.0221822,-0.015642)
(0.756669,-0.0228003)
(-0.0415767,0.00699913)
(-0.0232148,0.0839992)
(0.0603146,-0.00326582)
(0.176658,-0.0681884)
(-0.0389209,0.0498304)
(0.100169,-0.0709572)
(0.0126245,-0.00382234)
(0.0217763,-0.00394957)
(0.031612,-0.0129267)
(0.0191559,-0.0033625)
(0.0542835,-0.00155878)
(-0.0102722,0.0471989)
(0.0645961,0.0438537)
(0.106544,-0.0444486)
(-0.0803556,0.00631592)
(0.0216986,-0.0528973)
(0.0261056,0.0556412)
(0.0185394,0.0454515)
(0.0199409,0.0165483)
(0.456673,-0.0645816)
(-0.0406562,0.102741)
(0.0276464,0.00199976)
(-0.00414821,-0.0175139)
(-0.00640861,0.0314653)
(0.0510492,0.00515786)
(0.0237172,0.0395934)
(-0.0443834,-0.088088)
(-0.0312004,-0.0162131)
(0.551992,-0.0779252)
(-0.0212352,0.00944039)
(0.335843,-0.0306811)
(-0.00207395,0.0157884)
(0.0485894,0.028613)
(0.00249715,0.00259512)
(0.0966138,-0.0369432)
(-0.0331991,-0.0333636)
(0.020416,-0.0989584)
(0.0234295,-0.0401534)
(0.00582116,-0.0418323)
(0.038006,0.0204984)
(0.0300659,-0.0341652)
(0.067999,-0.00189388)
(0.0397895,0.0293353)
(0.45964,-0.123563)
(0.30136,-0.0613102)
(-0.024946,-0.0206601)
(0.0464502,-0.0390509)
(0.0261793,-0.0191347)
(0.0694687,-0.0477231)
(0.458395,-0.139016)
(0.0487338,0.0396001)
(0.0843264,0.000224287)
(0.0901424,0.0338081)
(0.0759288,-0.00702286)
(0.30888,-0.148495)
(0.0634358,0.0172995)
(-0.035854,-0.000115312)
(-0.0217026,0.00175543)
(-0.0126324,0.0188369)
(0.496375,-0.0621069)
(0.0354781,-0.0276787)
(-0.0219331,-0.00258576)
(0.0441018,0.0589368)
(0.0326562,0.0113642)
(0.0342184,-0.00703509)
(0.484079,-0.0799172)
(0.407646,-0.144929)
(0.659366,-0.0675801)
(0.037344,-0.0611655)
(0.0443685,-0.0124152)
(0.486579,-0.0582168)
(0.0388027,-0.0187913)
(0.0953677,-0.0651846)
(0.281931,-0.190839)
(-0.0575133,-0.0462375)
(-0.0620793,0.00827518)
(-0.0573386,-0.0170491)
(-0.0534919,0.0433006)
(-0.0278064,0.0302229)
(0.154404,-0.0640248)
(0.176846,-0.125136)
(0.284441,-0.14703)
(0.278505,-0.0524835)
(0.631129,-0.175043)
(-0.00806518,-0.0385698)
(-0.0649761,0.0108199)
(-0.0290455,0.0066405)
(0.0986958,0.0900231)
(0.552945,-0.0689356)
(0.54232,-0.127015)
(0.00458492,0.00248179)
(-0.0346787,-0.0499812)
(-0.00632762,-0.0334389)
(0.581715,-0.18542)
(0.00754708,0.0844984)
(0.0620259,0.0340276)
(-0.0504169,-0.00655549)
(0.608323,-0.0729216)
(0.05433,0.0421292)
(-0.0413809,0.0596396)
(0.552817,-0.118142)
(0.518421,-0.116482)
(-0.0193094,0.0413888)
(-0.0179686,0.0174397)
(-0.0337089,-0.0430137)
(0.000277936,-0.0361769)
(0.0310133,-0.0365344)
(0.00112359,-0.00158065)
(0.0229628,-0.0182673)
(0.469756,-0.149277)
(0.678363,-0.021365)
(0.60667,-0.125087)
(0.541368,-0.0540327)
(0.444838,-0.107154)
(0.179338,-0.102023)
(0.281917,-0.0328942)
(0.191825,-0.0693084)
(0.178878,-0.0916639)
(-0.0229306,-0.0398996)
(0.0198429,-0.0546439)
(0.287165,-0.0555692)
(0.54434,-0.156727)
(0.536185,-0.126274)
(0.43462,-0.0599296)
(0.520654,-0.142411)
(0.00785393,0.0421146)
(0.526072,-0.0701354)
(-0.041116,0.0838532)
(0.018046,-0.0258453)
(-0.0254268,-0.0458286)
(-0.011137,0.0663769)
(-0.0532364,-0.0198663)
(-0.0101928,-0.0795294)
(-0.0168873,0.0144176)
(0.0322699,-0.0259766)
(0.0342516,0.0641946)
(0.404378,-0.101594)
(-0.0077828,-0.0509117)
(0.48024,-0.204242)
(0.457163,-0.0140313)
(0.452279,-0.156872)
(-0.0326937,0.000287517)
(0.070329,0.0707284)
(-0.0294915,0.0180243)
(0.550129,-0.0914846)
(-0.0361229,-0.0579159)
(0.0187177,-0.00334304)
(0.32206,-0.133665)
(0.248882,-0.14223)
(0.524566,-0.0845159)
(0.379206,-0.0585123)
(0.588835,-0.229974)
(0.484632,0.0445444)
(-0.011055,-0.0659426)
(-0.0157741,-0.0693748)
(0.0142477,0.0222939)
(0.0304571,0.0774598)
(0.0200384,0.0802573)
(-0.0111699,-0.0271409)
(0.027057,0.00858908)
(0.289818,-0.110376)
(0.195825,-0.0333591)
(-0.0380109,-0.0016467)
(0.191935,-0.0278874)
(-0.00989457,-0.0245142)
(0.482529,-0.12439)
(0.534009,-0.0209272)
(-0.0533915,0.035391)
(0.0432409,0.0454797)
(0.0720503,0.0175786)
(0.0706421,-0.0439402)
(0.442984,-0.211253)
(0.0148511,-0.0638741)
(0.150911,-0.0972589)
(-0.049702,0.0822655)
(0.285849,-0.141508)
(0.0101025,0.0613185)
(0.341999,-0.0708708)
(0.000483399,0.0453582)
(0.0270906,0.0341559)
(0.0205877,-0.0016234)
(0.015435,0.0234583)
(0.494089,-0.0656384)
(-0.0131822,0.0313852)
(0.499153,-0.125673)
(0.470075,-0.0788951)
(-0.0197714,0.0161273)
(0.483294,-0.0382976)
(0.588452,-0.016132)
(0.537684,0.0217743)
(0.0203462,0.0152633)
(0.473054,-0.140452)
(-0.059783,0.0610634)
(-0.0539009,0.0387255)
(-0.0373059,0.0661453)
(-0.033622,0.00393746)
(-0.0227037,0.0743727)
(-0.0345845,-0.00485711)
(-0.0580798,0.0288446)
(0.728283,-0.014116)
(-0.0460445,0.0108366)
(0.114063,-0.0288822)
(0.407341,-0.121877)
(0.448954,-0.101487)
(1.10452e-05,0.0073416)
(0.056542,-0.0115897)
(-0.0216424,-0.00730709)
(0.398608,-0.157221)
(-0.0427911,0.00571624)
(0.476236,-0.22354)
(0.374361,-0.114788)
(-0.0580224,-0.0206176)
(-0.0120847,-0.00879548)
(0.534701,-0.0162823)
(-0.0602676,-0.0193884)
(-0.0137326,-0.0304836)
(-0.0244594,0.0517986)
(0.452909,-0.112727)
(0.46292,-0.0991084)
(0.20004,-0.119857)
(0.450464,-0.143178)
(0.49529,-0.0666299)
(0.0888945,-0.0170836)
(0.491475,-0.100858)
(0.586316,-0.0298041)
(0.0304585,-0.102545)
(0.510759,-0.0280326)
(0.062967,0.0687581)
(0.505497,-0.0695101)
(0.0889745,-0.00649627)
(-0.00393882,0.0464472)
(-0.0228561,-0.0181124)
(0.0550564,0.0373003)
(0.00196924,0.0866813)
(0.0590532,0.0929046)
(0.0105494,0.0730058)
(0.0439522,0.0304646)
(0.128996,-0.0898504)
(0.0225427,0.00615159)
(-0.0156665,-0.0140181)
(0.033083,0.0402284)
(0.0103608,-0.00741724)
(0.0118568,0.0218606)
(0.0399392,0.00528903)
(0.00626603,0.0559019)
(0.121134,-0.0862069)
(-0.0161154,0.00798931)
(0.0417511,-0.0155502)
(0.632984,-0.0721416)
(0.38476,-0.179231)
(-0.0238304,0.0181944)
(0.0864514,0.142704)
(0.00127358,0.114171)
(0.13625,0.0265917)
(-0.0469835,-0.00709863)
(0.102458,-0.0123623)
(0.219363,-0.0984311)
(0.623273,-0.148679)
(0.575642,-0.127735)
(0.0153269,0.0672177)
(0.0627849,-0.0447094)
(0.544063,-0.137625)
(0.0183555,0.0392853)
(0.0459397,0.0198102)
(0.0850487,-0.0214889)
(0.49569,-0.0370388)
(0.0809686,-0.0682633)
(0.242451,-0.163762)
(0.00565156,-0.0108934)
(0.124278,-0.125575)
(0.191762,-0.0824251)
(0.276982,-0.0494923)
(0.342178,-0.099625)
(0.0863382,0.0403968)
(-0.0373882,0.0482245)
(0.386217,-0.134146)
(-0.031376,0.0842987)
(0.0243945,-0.00588546)
(0.0314781,-0.0298269)
(0.47094,-0.158533)
(0.0152737,-0.02738)
(0.421424,-0.105643)
(0.0398857,-0.014413)
(0.00298934,0.0368344)
(-0.0177881,-0.0134248)
(-0.00790848,0.0528487)
(-0.0245261,0.0204808)
(-0.00133296,0.0320003)
(0.0244136,0.0259566)
(-0.0270148,0.0186911)
(-0.0305771,0.0772714)
(0.523619,-0.118672)
(-0.0112444,-0.00893722)
(0.0472883,0.025394)
(0.509452,-0.0521208)
(0.0859297,0.0149291)
(-0.0132543,0.0304509)
(-0.00630169,0.00916703)
(-0.00347472,0.0236275)
(-0.0566982,0.0580077)
(0.123264,-0.0893723)
(-0.00420126,0.0684209)
(-0.0455042,-0.0383832)
(-0.0457213,-0.0709538)
(0.0361708,-0.0212156)
(-0.0452896,-0.0355078)
(0.484788,0.00473759)
(-0.0432114,0.0704625)
(0.638561,-0.123251)
(0.363373,-0.147066)
(0.493173,0.0209428)
(-0.0378781,-0.00289421)
(0.3883,-0.014547)
(0.401026,-0.139538)
(0.380895,-0.05082)
(-0.0660975,0.0420392)
(0.0184988,0.0568006)
(-0.0676768,0.0727276)
(-0.0134168,0.0229844)
(0.567495,-0.166971)
(0.575883,-0.102977)
(-0.0466343,0.00269493)
(-0.0310921,0.00554183)
(-0.000542503,0.0109475)
(0.0563325,0.00575598)
(0.332983,-0.0717069)
(0.0509696,-0.00203648)
(0.0460881,0.0315338)
(0.0230133,0.0353745)
(0.0811247,0.000205517)
(0.379666,-0.0758501)
(-0.0613411,-0.0859035)
(0.45588,-0.0356402)
(0.0109866,0.00364878)
(0.0517841,0.0704489)
(0.0827267,0.0392529)
(0.647115,-0.161913)
(0.0132526,0.0041355)
(0.290212,-0.111632)
(0.543728,-0.136756)
(-0.0482581,-0.00113251)
(0.00232148,0.0331821)
(0.0915435,-0.100804)
(-0.0124259,0.0668783)
(-0.0750707,0.0311011)
(0.0272461,-0.127953)
(0.3804,-0.167803)
(0.264232,-0.192944)
(0.0572132,-0.0445974)
(0.01874,-0.0085389)
(0.00944339,-0.0139966)
(-0.106939,0.0712768)
(0.0113725,-0.00207275)
(0.00775878,-0.0402763)
(0.417629,-0.0856271)
(0.53371,-0.0947284)
(0.632635,-0.0701243)
(-0.0189844,-0.0425881)
(0.348133,-0.0680214)
(-0.044223,0.0240256)
(0.0450801,0.0175008)
(0.0382776,0.00741422)
(0.00641564,0.137596)
(-0.013636,0.0320395)
(0.0606923,-0.0571664)
(0.266217,-0.0766032)
(0.573706,-0.108763)
(0.544662,-0.132219)
(0.0989087,-0.0890352)
(0.526675,-0.161007)
(0.0262067,-0.136184)
(0.420656,-0.178567)
(0.463226,-0.0743854)
(-0.0132115,-0.0915418)
(0.472786,-0.115526)
(0.43652,-0.147473)
(0.535395,-0.138525)
(0.411811,-0.113358)
(0.523585,-0.0886292)
(0.112011,-0.0538697)
(0.260091,-0.132915)
(0.207056,-0.03694)
(0.431736,-0.0717852)
(0.0253221,-0.0436176)
(0.522202,-0.0506483)
(0.363025,-0.149734)
(0.00986015,0.00154957)
(-0.0641241,0.0109952)
(-0.0800273,0.0736262)
(-0.0629245,-0.0589591)
(0.418046,-0.15747)
(-0.0256151,0.00839716)
(0.468652,-0.145206)
(-0.00249094,0.00472039)
(0.260271,-0.0484856)
(-0.0124191,-0.0479135)
(-0.0260162,-0.0400888)
(0.439721,-0.11691)
(0.043439,0.0910462)
(0.0933856,-0.0677681)
(0.52474,-0.142978)
(0.041848,-0.0378321)
(-0.00537124,-0.0498918)
(-0.0453041,0.0291953)
(-0.0607066,-0.025547)
(-0.0299906,0.0252854)
(-0.00851515,0.00377946)
(0.555692,-0.141133)
(0.563172,-0.160614)
(0.434838,-0.0979972)
(-0.0301498,-0.0886974)
(0.0108217,0.0619842)
(0.350994,-0.193926)
(-0.0139759,0.0297367)
(0.00877697,-0.0068976)
(0.0185421,-0.0406045)
(-0.0340216,-0.0360615)
(0.561557,-0.117637)
(0.441654,-0.0550299)
(0.498194,-0.0991979)
(0.414325,-0.0439371)
(0.404814,-0.0823075)
(-0.0895106,-0.0287816)
(0.411144,-0.0398009)
(0.301724,-0.112872)
(-0.0620752,-0.100446)
(0.363831,-0.0793418)
(0.488437,-0.10303)
(0.0197711,-0.0647763)
(0.0011266,0.0754263)
(0.547469,-0.123189)
(0.0124525,0.0117006)
(0.0438207,-0.0261222)
(0.422914,-0.131951)
(0.0454986,-0.00282275)
(-0.024768,-0.0438941)
(0.0428141,0.0369423)
(0.0726901,-0.0268654)
(0.496405,-0.0516544)
(-0.0224754,0.0281821)
(-0.0693408,0.0890765)
(-0.001761,0.0259418)
(0.394462,-0.0653149)
(-0.0277904,0.0450073)
(0.0101578,0.0260958)
(-0.0412305,0.0640181)
(0.0837974,-0.0440149)
(-0.0414288,-0.0788285)
(0.029364,0.00822467)
(0.108944,0.0278514)
(0.110334,0.0128754)
(0.0146847,0.0593709)
(0.0710073,0.0692191)
(0.0948568,0.0649446)
(0.4938,-0.0885807)
(-0.0702511,0.0368182)
(0.532621,-0.00938387)
(-0.0198279,-0.00258916)
(-0.0331908,-0.0571098)
(0.18516,-0.101563)
(0.534304,-0.134524)
(0.323603,-0.103373)
(-0.0670567,0.0560005)
(-0.0140343,-0.0309782)
(0.0517532,-0.0204666)
(0.0286885,-0.0401082)
(-0.00302371,-0.00184394)
(-0.0264181,0.0227911)
(-0.0523249,-0.0319587)
(0.0182701,0.0255728)
(-0.0664414,-0.017519)
(0.00647484,0.0562913)
(0.0147294,-0.0268412)
(0.402077,0.0606259)
(1.21968e-05,0.0580163)
(0.0599175,0.0076203)
(0.021957,0.0143376)
(0.0326459,0.025097)
(0.188571,-0.0498819)
(0.126222,-0.0710648)
(-0.0128006,0.03667)
(0.111024,-0.106026)
(0.534858,-0.066127)
(-0.0490869,-0.0984701)
(0.447068,-0.0779641)
(-0.0165166,-0.15015)
(-0.0107849,0.0316122)
(0.105765,-0.0235757)
(0.0524983,-0.0701266)
(0.0906754,-0.0297734)
(-0.0546932,-0.000893463)
(0.025586,-0.0115676)
(-0.056061,-0.0376359)
(-0.0309282,0.0596593)
(0.00235264,-0.00524648)
(0.340867,-0.142848)
(0.35488,-0.129992)
(0.0363914,0.00788507)
(0.171576,-0.0421014)
(0.200751,-0.0488332)
(0.591091,-0.10554)
(0.0183478,0.00509599)
(0.114922,-0.0304697)
(0.496412,-0.152143)
(0.138594,-0.0115817)
(0.111063,-0.0895381)
(-0.039631,-0.0405971)
(-0.00839403,-0.0655831)
(0.0953481,-0.0432402)
(-0.0406232,-0.012229)
(0.437622,-0.0535127)
(0.379739,-0.133731)
(0.0182827,0.00130623)
(0.0515269,0.0101531)
(0.168058,-0.0920967)
(0.0521741,-0.0482001)
(0.129426,-0.0534618)
(-0.00272297,0.044184)
