1620
(-0.0231469,-0.131427)
(-0.0218733,0.0455296)
(0.0537121,0.0624696)
(0.0162374,-0.149092)
(-0.0016661,-0.0246059)
(-0.0351581,0.048011)
(0.0398472,0.0695827)
(-0.0164797,-0.0074002)
(-0.00181292,0.0244563)
(-0.00097761,0.0372646)
(-0.0507075,0.0300548)
(0.000605752,0.0137113)
(0.0270341,-0.0356696)
(-0.0201619,0.00168575)
(-0.0149863,0.0536207)
(-0.0302701,0.0296588)
(-0.0196424,-0.0809448)
(0.00573055,0.0324574)
(0.0165159,0.0209794)
(-0.0197391,-0.00144054)
(-0.0217424,-0.0172807)
(0.00842236,0.0239297)
(-0.0635837,0.0163782)
(-0.0216196,-0.0568736)
(0.0035806,0.0369759)
(0.0234319,0.012536)
(-0.0319523,0.00263742)
(0.0766487,-0.0646572)
(-0.0234434,-0.00812742)
(0.0565483,-0.0106148)
(0.0333042,0.076828)
(0.0440827,-0.0224071)
(0.0049231,0.0467686)
(-0.103152,0.0363259)
(0.0609861,0.0276484)
(0.0141684,0.0676079)
(0.06914,-0.0167927)
(-0.00766873,0.0361548)
(-0.0398451,0.00577275)
(0.0377573,-0.000937125)
(0.0405305,-0.081786)
(0.0744619,0.0119136)
(0.0638462,0.0276642)
(0.129512,0.00495521)
(-0.0357859,0.0660867)
(0.131773,-0.0192125)
(0.0917847,-0.0215244)
(-0.0198219,-0.00415232)
(0.0505626,-0.0576055)
(-0.013732,-0.0258529)
(0.0447755,0.00496712)
(0.0969439,-0.0233111)
(0.0148358,0.016449)
(0.0204464,-0.00166683)
(-1.64249e-05,0.0314927)
(-0.0180272,0.0280947)
(0.0484314,0.0326964)
(0.0486083,0.0731494)
(-0.0154111,-0.0488169)
(0.0555774,-0.0381773)
(-0.0384807,-0.0213172)
(0.168731,-0.0640609)
(-0.0184612,-0.000948662)
(0.39009,-0.0887694)
(-0.0252725,-0.00670359)
(-0.0165357,0.0300217)
(-0.00463905,-0.00645204)
(0.0247792,0.0134967)
(0.00292868,0.144135)
(-0.0428539,-0.0665421)
(0.0126547,0.0491289)
(0.00781977,0.0449927)
(-0.0329968,0.0723439)
(-0.045986,0.0325787)
(0.00750997,-0.0174323)
(-0.0877234,0.071741)
(0.0172926,-0.0320949)
(0.00504775,-0.0513154)
(-0.0194644,0.00602875)
(0.0820229,-0.0365914)
(-0.0185025,-0.0630768)
(0.0114648,0.0115231)
(0.0259116,-0.066454)
(0.0211561,-0.0164585)
(0.0350329,0.0214467)
(0.0261231,0.0291677)
(-0.0329595,-0.0508214)
(-0.0397873,0.0182483)
(0.0830135,0.0219665)
(0.0372611,-0.0137561)
(-0.115101,-0.0146703)
(-0.0195856,0.0252556)
(0.455706,-0.0630754)
(0.0104296,0.102224)
(-0.0223928,0.0626165)
(0.575675,-0.00682324)
(-0.0553429,0.0577425)
(0.441337,-0.142466)
(-0.00765343,-0.0996315)
(-0.0430679,-0.0878974)
(0.0545982,0.0177363)
(-0.072443,-0.0100423)
(0.0472588,-0.0746998)
(-0.000373349,-0.0314257)
(-0.0243102,-0.114142)
(0.445628,-0.10227)
(0.0336147,0.0739113)
(-0.0704288,-0.0102774)
(0.0125543,0.018879)
(0.0402102,0.0702187)
(0.00554541,0.0290431)
(0.710862,-0.132045)
(0.3666,-0.0451863)
(-0.00956656,-0.0130968)
(0.487167,-0.0468589)
(0.0127735,0.108324)
(-0.00428875,0.0778523)
(0.639391,-0.0810798)
(0.00372498,0.0190194)
(0.486453,-0.0694404)
(0.440311,-0.0661305)
(0.0225111,0.037769)
(0.389643,-0.0705512)
(0.282611,-0.116416)
(0.281572,-0.0765549)
(-0.00281638,-0.0251433)
(0.0481778,-0.0347972)
(0.000610552,0.0389414)
(0.353484,-0.12867)
(0.0846726,0.0687729)
(0.112948,0.0943281)
(0.009992,-0.00806454)
(-0.00539511,-0.0480113)
(0.00346475,0.0258997)
(0.00215764,0.0186133)
(0.0203126,0.0280643)
(-0.0546427,0.00644706)
(0.0052672,0.0294357)
(0.384236,-0.0915875)
(0.034122,-0.0179674)
(0.0193899,0.0407816)
(-0.0157401,0.0574662)
(0.0208384,-0.0163456)
(0.0467496,-0.0727236)
(0.090463,-0.0864849)
(0.0263452,-0.0996552)
(0.0140466,0.000251061)
(0.42663,-0.083527)
(0.482318,-0.101566)
(-0.0570368,0.00399483)
(0.482433,-0.150447)
(0.193213,-0.0672922)
(0.542907,-0.029337)
(0.463646,-0.119723)
(0.476992,-0.0780463)
(-0.0416514,0.0220171)
(0.0723536,0.0415361)
(0.416684,-0.160108)
(0.367137,-0.0187689)
(-0.0194344,0.0105081)
(-0.0299482,0.042034)
(-0.00214333,0.0301821)
(0.0109189,0.0347205)
(-0.0382866,-0.014543)
(-0.00858467,0.0229652)
(-0.0470482,-0.0365108)
(0.0148584,-0.0456016)
(-0.0154178,-0.0516997)
(0.0404226,0.0288038)
(-0.0156354,0.0863215)
(0.0405207,-0.0164965)
(0.0548369,-0.00154172)
(0.420041,-0.174212)
(0.380732,-0.126826)
(0.571421,-0.118379)
(0.498391,-0.064486)
(0.0670339,-0.0916134)
(0.150721,-0.0176415)
(-0.0927977,-0.0654059)
(-0.120701,0.0610531)
(-0.0521429,-0.0627873)
(0.0401773,0.0621333)
(0.0201528,0.0226214)
(0.0113737,0.0350095)
(0.016749,0.0190144)
(-0.00151302,0.0437864)
(0.042914,0.0258883)
(0.06741,-0.102679)
(0.00962729,-0.024162)
(0.409674,-0.153206)
(0.47499,-0.0768533)
(0.373073,-0.0877638)
(0.577793,-0.12161)
(-0.05074,-0.0472185)
(-0.0449401,-0.0455115)
(0.0522748,0.0598927)
(0.0530754,0.036551)
(-0.0316935,0.0467961)
(-0.0566836,-0.0543169)
(-0.00786449,0.0141152)
(0.0287828,-0.120599)
(0.090252,-0.0901095)
(-0.0421652,-0.0466317)
(-0.0697859,-0.0209104)
(-0.0178356,-0.019621)
(-0.0583915,0.0277803)
(0.46392,-0.0868465)
(0.472431,-0.0248356)
(-0.0966768,0.0222421)
(0.378213,-0.0952987)
(-0.0374587,-0.0137827)
(0.416995,-0.0834706)
(0.414009,-0.0885705)
(-0.0929497,0.0224569)
(-0.0745593,0.0390215)
(0.086778,0.0814421)
(0.0837482,0.0102817)
(0.449169,-0.113795)
(0.567789,-0.144025)
(-0.0221687,-0.0446229)
(-0.00346488,-0.00769612)
(-0.0404522,0.0123272)
(0.0446385,0.0769535)
(0.70233,-0.175998)
(-0.0562408,-0.0574125)
(-0.0785172,-0.0778406)
(0.411563,-0.162742)
(-0.0370434,0.062949)
(-0.011218,0.0347775)
(-0.0745839,-0.0362706)
(-0.0187151,0.0140819)
(0.48447,-0.125545)
(0.470879,-0.174118)
(0.534873,-0.0532527)
(0.476089,-0.0584852)
(-0.0496118,0.034047)
(-0.0104611,-0.0426806)
(-0.00630004,-0.0196262)
(0.190768,-0.066263)
(0.000511523,0.0276177)
(0.0686347,-0.00377922)
(-0.0135907,-0.0419567)
(-0.00942623,0.0732892)
(-0.0158165,0.0745867)
(-0.0215602,-0.0568286)
(-0.0416964,0.0146257)
(0.0805346,0.00142213)
(-0.00689342,-0.0461389)
(0.0331224,0.00707493)
(-0.0453269,0.0335927)
(-0.0428329,-0.0370556)
(-0.0313038,0.0178116)
(-0.054371,-0.0301547)
(-0.0498624,-0.0494159)
(-0.0383383,0.023135)
(0.0388475,-0.0494697)
(0.0604018,-0.0129419)
(0.0114825,-0.0106555)
(0.0387294,0.00624814)
(-0.0231173,-0.0954244)
(0.0646976,-0.107518)
(-0.0242536,0.0124269)
(0.00964219,0.00550681)
(-0.0396329,-0.0267982)
(0.524333,-0.0645747)
(-0.044739,-0.0656437)
(-0.0803551,-0.105015)
(-0.0161096,-0.0222688)
(0.0184759,-0.00991639)
(0.0498804,0.0313859)
(-0.0158098,0.0175547)
(0.0188796,-0.00899778)
(-0.07156,-0.0212392)
(-0.0519494,0.0530507)
(0.0115243,0.00642131)
(0.491282,0.00474401)
(-0.00508083,0.0638193)
(-0.0438589,-0.015843)
(0.0564226,0.069696)
(0.0185287,-0.0168649)
(0.0323919,0.0249905)
(0.0432815,0.0581679)
(0.0113265,-0.039041)
(-0.00886638,-0.0597892)
(0.115423,0.0575286)
(0.0428016,0.0226981)
(0.0205207,0.00522888)
(-0.065127,0.000584694)
(0.0475986,0.0172125)
(0.110893,0.0296829)
(-0.00900968,0.0567921)
(0.0105913,-0.0381312)
(-0.0795272,0.0137615)
(-0.0426977,-0.0237341)
(-0.0319082,0.00645669)
(-0.0537851,0.0330571)
(0.0539982,-0.0445878)
(-0.00340435,0.0206534)
(-0.057369,-0.028306)
(-0.057211,0.00403663)
(0.00347223,0.0418815)
(-0.0982064,0.0166458)
(-0.0389231,-0.0205438)
(-0.0396336,-0.00245114)
(-0.0442082,0.00271787)
(0.0131894,-0.0377885)
(0.0620117,0.0245699)
(0.375285,-0.137446)
(0.00306786,0.00879375)
(-0.00872972,0.0195285)
(-0.0354115,-0.0343906)
(-0.0696425,-0.0543456)
(-0.115046,-0.0781542)
(-0.067022,-0.0336387)
(-0.0433408,-0.0481758)
(-0.0722318,-0.0219451)
(0.032272,-0.0820487)
(-0.0499071,-0.0881059)
(-0.063356,-0.0318863)
(0.447621,-0.215661)
(-0.0100562,-0.0248659)
(-0.0269441,0.0246995)
(0.0165223,-0.0174857)
(-0.00371007,-0.0285987)
(-0.0282617,-0.0189219)
(-0.00381889,0.0222668)
(0.0842686,-0.0675469)
(0.00379304,-0.00421405)
(0.00281119,0.0563301)
(-0.0288192,-0.0523348)
(0.044785,-0.00726145)
(-0.0124985,-0.0169575)
(-0.045946,-0.0202589)
(0.0440293,-0.0418702)
(-0.013586,-0.0800407)
(0.472126,0.00935205)
(0.0338566,-0.031198)
(0.0665503,0.0610931)
(-0.0927435,-0.0749521)
(0.0503931,-0.0339486)
(0.022274,-0.0442253)
(-0.0558959,-0.0680057)
(0.0726183,0.0528407)
(-0.016987,0.00393812)
(-0.0163963,-0.0111044)
(0.0438161,0.0509422)
(0.0384307,0.0428755)
(0.00342838,0.109578)
(-0.0117968,0.00446396)
(0.146549,-0.0229466)
(0.382705,-0.101764)
(0.444644,-0.110325)
(0.0951227,-0.0474648)
(-0.00151881,0.0163005)
(0.416923,-0.113645)
(-0.0917556,0.0988856)
(0.0605927,-0.0342759)
(-0.0263778,0.00184697)
(-0.0509942,-0.005024)
(-0.00566215,-0.00185879)
(0.258978,-0.106517)
(0.12773,-0.0646161)
(0.0247469,0.0384551)
(-0.028582,0.0113207)
(-0.0324454,0.0110661)
(0.0263646,0.0250345)
(0.46292,-0.1841)
(-0.0409641,-0.0599667)
(-0.0403406,0.00757958)
(-0.00390317,0.0267341)
(-0.0119714,0.0661423)
(-0.00506761,-0.0506074)
(-0.019354,-0.0282131)
(-0.0180177,0.072476)
(0.465544,-0.11985)
(0.411945,-0.079879)
(0.025168,-0.0370114)
(0.0137142,-0.0867788)
(0.0259789,0.0436557)
(0.0704037,0.0368332)
(-0.0161494,0.03217)
(0.146005,-0.0296959)
(0.362331,-0.0983786)
(-0.0480209,-0.0189946)
(0.0351672,-0.0589051)
(-0.0216465,0.0114596)
(0.0510484,0.0117863)
(0.0378223,0.104114)
(0.0173966,0.028789)
(0.0278779,-0.0394393)
(0.00023962,-0.0894647)
(0.0469061,0.02075)
(0.00972767,-0.0142519)
(-0.0383044,-0.0580658)
(0.0409473,0.0944325)
(0.0726429,0.0541193)
(-0.0758496,-0.0237895)
(-0.0164156,-0.08402)
(0.032614,0.0532993)
(0.0531304,0.00823575)
(0.0431057,0.00693217)
(-0.0719723,0.0307767)
(-0.00641179,0.049598)
(0.555205,-0.133659)
(-0.0475837,0.0102376)
(0.00415414,0.0212311)
(-0.0921952,-0.0955031)
(-0.109891,-0.0852154)
(-0.00394403,0.01257)
(0.020355,-0.0136514)
(-0.0529546,-0.0377881)
(0.0323399,-0.0248988)
(0.008237,0.0958331)
(0.0350852,-0.0211465)
(0.44528,-0.122902)
(0.0203282,0.1006)
(0.0103293,0.0296843)
(-0.0350583,0.0133148)
(0.0263014,0.011404)
(0.0283451,0.0202439)
(-0.0266743,-0.0443542)
(0.0303715,-0.0213409)
(0.0659125,-0.0428832)
(-0.032025,-0.113414)
(-0.0117506,0.0208136)
(-0.0416646,0.0197591)
(0.418392,-0.097078)
(-0.0550669,-0.0281294)
(-8.84311e-05,0.0233119)
(0.0187098,0.0516006)
(-0.0545163,-0.0678956)
(-0.0586071,-0.0230966)
(0.0398922,0.00762914)
(0.0570768,0.0515763)
(0.0774835,0.0360768)
(0.0636548,0.0306892)
(-0.022367,-0.0649098)
(0.0458848,0.0121064)
(-0.0715242,-0.0523882)
(-0.0195206,-0.0703236)
(0.000455066,0.00225522)
(-0.0258841,-0.0310372)
(0.095379,-0.0145081)
(-0.00817071,0.0152963)
(-0.0219729,-0.0291009)
(-0.00360641,-0.0571725)
(-0.0508003,-0.0540618)
(0.0745046,-0.0371671)
(0.0297406,0.00356163)
(0.198317,-0.127115)
(0.0530766,0.0373822)
(-0.0337854,0.0877978)
(0.0206109,0.0799228)
(0.0215333,0.013452)
(-0.0877055,0.0843234)
(0.014298,-0.0171176)
(0.0124309,0.045925)
(-0.0462921,-0.0217012)
(0.0201157,0.0361148)
(0.00336736,-0.0312129)
(0.0123329,0.0355118)
(-0.0503655,-0.0314865)
(0.0248138,0.00119697)
(0.0468762,0.033899)
(-0.0497498,0.00542937)
(-0.0556789,-0.0168676)
(-0.0748766,-0.0429116)
(0.0364595,-0.00955104)
(0.42388,-0.112991)
(-0.109511,0.00700254)
(0.563568,-0.10663)
(0.0274421,0.0548216)
(-0.0682318,0.0752421)
(-0.0226766,0.0836165)
(-0.00396633,0.00486071)
(0.0707834,0.0601995)
(0.0393436,-0.0432447)
(0.00640535,-0.00697649)
(0.00344484,-0.0194897)
(-0.0385922,0.0640909)
(-0.00576651,-0.0205359)
(0.449684,-0.118867)
(-0.0171559,-0.0310458)
(-0.0278736,-0.0199666)
(0.0909238,0.0341977)
(0.0750785,-0.0248654)
(-0.0334482,-0.0418705)
(0.435499,-0.0578182)
(0.0366445,-0.0301387)
(0.0115129,-0.0507836)
(0.703057,-0.0838278)
(0.039106,-0.055949)
(-0.0570394,0.0285722)
(-0.0297442,0.0305859)
(0.0497709,-0.0186934)
(0.3924,-0.0566352)
(0.518105,-0.174012)
(0.528564,-0.0625428)
(0.460657,-0.0917588)
(-0.0458798,0.013734)
(-0.0709756,0.0219455)
(-0.00239665,-0.00686078)
(0.00587005,-0.0662797)
(-0.0232512,0.0365548)
(-0.0660483,-0.0059309)
(-0.0771228,-0.0291949)
(0.0850632,0.0325229)
(-0.0140968,0.0254593)
(-0.0342453,0.0866319)
(0.00793677,-0.0207009)
(0.0448206,0.0148617)
(0.0605741,0.0253974)
(0.0567479,0.0329863)
(0.0766026,0.0490349)
(0.0451906,0.00928419)
(0.099303,-0.0417659)
(-0.00741184,0.00472245)
(-0.0372331,0.109836)
(-0.00342001,0.0707379)
(-0.0137652,0.0116638)
(-0.0378765,0.0890362)
(-0.0500676,0.00944891)
(0.00136117,0.0255142)
(0.0240278,0.0558695)
(0.0223028,-0.0227682)
(0.0226812,0.026198)
(-0.0116638,-0.0393698)
(-0.0603231,-0.0386917)
(0.0639228,0.065708)
(0.0498566,0.0165208)
(0.0193188,0.0755044)
(0.0483397,-0.0121994)
(0.425844,0.00770507)
(0.0378289,-0.00131456)
(0.543541,-0.118529)
(-0.0324014,0.0663183)
(0.0287769,0.00757332)
(-0.0465441,0.00513037)
(-0.109991,0.0574814)
(-0.00705244,0.0686549)
(-0.0476404,-0.0250921)
(0.0183445,0.0568955)
(0.041533,-0.00558234)
(0.0353667,-0.00670731)
(0.000176488,-0.0099128)
(0.000493685,-0.0674724)
(-0.0298535,0.098949)
(0.0197449,-0.0502022)
(0.0348458,0.0637155)
(-0.0535962,-0.0124448)
(-0.0379018,-0.0294412)
(0.0540368,-0.0419717)
(0.00902287,-0.090255)
(-0.00471085,0.0724184)
(0.046812,0.0316587)
(0.0600742,-0.0215433)
(0.185617,-0.084196)
(0.074148,0.0510867)
(-0.026052,-0.042689)
(0.00841047,-0.0365677)
(0.078859,-0.0106913)
(0.411528,-0.107982)
(0.00903855,0.065589)
(-0.0294621,0.0858512)
(0.0463296,-0.0636211)
(-0.0601716,0.0792705)
(0.0483708,0.0474459)
(0.1212,-0.0332482)
(0.251676,-0.113421)
(0.351148,-0.198028)
(-0.0276877,0.0584123)
(-0.0107506,0.0431393)
(-0.0909014,0.0212216)
(0.193176,-0.127833)
(0.540168,-0.0702386)
(0.0617886,0.00702301)
(-0.0623467,-0.0567959)
(-0.0237116,0.0302693)
(-0.0866933,-0.0257669)
(-0.0307295,0.0510659)
(-0.0381842,0.022062)
(-0.0203588,0.0348431)
(-0.00957046,0.000230774)
(0.0281166,-0.00252692)
(0.05862,0.0199709)
(0.500414,-0.105875)
(0.0402249,0.00149729)
(-0.0227134,-0.0280374)
(0.0458448,0.0240095)
(0.0126855,-0.0420865)
(-0.0217743,-0.0497366)
(0.0446258,-0.00127504)
(0.0102338,-0.0165148)
(0.258625,-0.153607)
(0.0149141,0.0977134)
(-0.0199547,0.00695215)
(0.0270114,0.101433)
(0.0264789,-0.0266361)
(-0.037362,0.0299757)
(-0.0628272,-0.00442375)
(-0.0181767,0.0531521)
(0.268768,-0.0896187)
(0.677746,-0.0144966)
(-0.0762778,0.0564647)
(-0.0831332,-0.0031629)
(0.0170966,0.0273053)
(-0.100477,0.0619759)
(-0.129991,-0.0316471)
(-0.138564,-0.0178508)
(0.0189036,0.0618281)
(-0.0210996,-0.0202514)
(0.0233497,0.00741229)
(0.0561477,-0.019773)
(0.00774699,-0.0111115)
(0.0319518,-0.000340605)
(-0.0917006,-0.0259008)
(-0.0369524,0.0443599)
(-0.00370408,0.0658424)
(-0.0419104,0.0218855)
(-0.0309467,0.0484931)
(0.0332,-0.00449389)
(0.101291,-0.0566431)
(0.0634436,0.0584452)
(0.0975823,0.0513954)
(-0.0672395,-0.0402861)
(-0.0575591,-0.000416891)
(-0.0440681,0.0163367)
(-0.0396871,0.0302702)
(-0.000945427,0.0193547)
(0.0142234,0.000498407)
(0.0101786,0.00934702)
(0.0606784,-0.0322129)
(-0.024906,-0.0534623)
(0.0144082,-0.0364813)
(0.0302533,0.0134178)
(-0.0281877,0.0727927)
(0.0282846,0.0809643)
(-0.0250579,0.033372)
(0.0500474,-0.00641424)
(0.617407,-0.106757)
(0.0652338,0.0556209)
(-0.0367539,-0.0440495)
(0.0100251,-0.0281091)
(0.0536765,0.0966465)
(0.0346776,-0.0414677)
(0.0248283,-0.0365553)
(0.050225,0.0108881)
(0.0519405,-0.0576262)
(0.000538346,-0.0774181)
(0.0358029,-0.0274837)
(-0.0168013,-0.035986)
(0.0784133,-0.00541615)
(0.0816569,0.0381531)
(-0.00911157,-0.00858385)
(0.0441761,-0.0353396)
(0.0406712,-0.0359208)
(0.00210575,-0.0401426)
(-0.0114818,-0.0307302)
(-0.0163833,-0.0258533)
(-0.0425602,0.0435224)
(0.0033336,0.00180511)
(-0.00791404,0.0155919)
(-0.0558884,-0.00426695)
(-0.0229035,-0.0154338)
(-0.0125891,0.019102)
(-0.0361796,-0.114106)
(0.0323113,-0.0949562)
(0.0102179,-0.0556586)
(0.0115576,-0.0415391)
(-0.0153288,-0.0219828)
(0.060717,-0.0480016)
(-0.0511474,0.00869409)
(0.0275484,-0.0764348)
(0.0733103,-0.0399478)
(0.0721458,-0.0893781)
(0.0176739,-0.0998727)
(-0.0404783,-0.143041)
(-0.045362,-0.00510995)
(0.0645348,-0.045182)
(0.0915484,-0.020391)
(-0.0352055,0.0706159)
(-0.0634582,0.0330427)
(-0.0210163,0.0474553)
(-0.0109743,-0.0464572)
(0.0065512,0.00814666)
(-0.0237588,0.0790231)
(-0.0360566,0.104921)
(0.00809119,0.0300464)
(-0.0869131,-0.0321207)
(0.0146672,-0.0214789)
(0.0440766,0.0233078)
(-0.0208009,-0.0925187)
(0.0163661,-0.0218855)
(0.471608,-0.0705478)
(0.0305877,-0.0595716)
(0.0558298,-0.00128164)
(0.00511619,0.0439328)
(0.00071982,-0.0284581)
(0.0307094,0.0448853)
(0.0137118,0.0526161)
(0.0451949,0.0594028)
(0.0360319,0.0234104)
(0.0606484,-0.0256276)
(0.0157491,0.00279829)
(0.0303656,-0.00451868)
(0.0389924,-0.0114041)
(0.0293061,0.0404231)
(-0.0472408,0.0909282)
(-0.0221922,0.0129503)
(0.0580613,0.0567977)
(0.0663398,0.0174695)
(-0.0171151,0.0376146)
(0.0298437,0.0308929)
(-0.0224534,-0.00471359)
(0.0100969,-0.0750972)
(-0.00584244,-0.0493584)
(-0.0126255,-0.135588)
(0.093996,0.00112087)
(0.554767,-0.11484)
(0.462841,-0.0819071)
(-0.000936274,0.125789)
(0.448091,-0.0585983)
(0.0644877,-0.0682036)
(0.436079,-0.0578284)
(0.276326,-0.136552)
(-0.00459497,0.04206)
(0.505184,-0.131652)
(0.556391,-0.105976)
(0.538556,-0.0954504)
(-0.01445,0.0524112)
(-0.0480464,0.0427755)
(-0.0436856,0.00288155)
(-0.0532921,0.0180615)
(0.0273842,0.0568427)
(-0.0236056,0.0143188)
(-0.0337183,0.0363959)
(-0.0504229,0.0214616)
(-0.0468151,0.00773584)
(0.0123057,-0.0633828)
(0.0366578,0.00187981)
(0.0404171,-0.0414069)
(-0.0444696,0.0400334)
(-0.0363156,-0.00808045)
(0.0347736,0.0456005)
(-0.0244756,-0.0806501)
(-0.046284,0.072176)
(-0.034182,0.0321432)
(0.01865,0.0228881)
(0.00941711,-0.0259268)
(-0.0354068,-0.0875392)
(-0.00107797,0.0241394)
(-0.0362896,-0.0396733)
(0.0183828,-0.0161433)
(-0.000330895,0.024072)
(0.0270377,-0.0102925)
(0.0388033,0.0856496)
(-0.0297452,-0.00370165)
(0.0106131,0.0368172)
(-0.00939921,-0.00695052)
(0.0204655,0.0360181)
(-0.00792327,-0.0337354)
(-0.0150964,-0.0276689)
(-0.0399155,-0.0358146)
(-0.0312754,-0.013591)
(-0.0289817,-0.0694402)
(0.00454625,0.0249638)
(0.552391,-0.258425)
(0.0360214,-0.0323825)
(0.00492901,0.00831164)
(0.00197338,0.00440811)
(0.012682,-0.00390967)
(0.0150819,0.0625722)
(-0.0188187,0.0502373)
(0.442655,-0.132496)
(0.632871,-0.185683)
(0.452729,-0.108313)
(-0.0233571,-0.00433956)
(0.406558,-0.0759581)
(-0.00534478,0.0247009)
(0.0896844,-0.0291123)
(0.00887385,0.0460292)
(0.0146933,0.0106782)
(0.18509,-0.0857556)
(0.00323112,0.0216275)
(-0.00749361,0.0484279)
(-0.025607,0.0272742)
(0.109409,-0.0582404)
(0.0279029,-0.000966617)
(-0.119613,-0.0287571)
(0.443581,-0.0699893)
(0.00679574,-0.000314216)
(-0.0459617,0.0145911)
(-0.0156746,0.0156688)
(0.0202692,0.0387163)
(0.0123331,-0.0094039)
(0.000252535,0.0574747)
(0.064463,-0.0596279)
(0.00225528,0.0455542)
(0.0653931,0.0247208)
(0.194876,-0.0450201)
(0.0683781,0.0250756)
(0.0212932,0.00909691)
(-0.0671669,0.0595143)
(-0.0930047,0.0197131)
(0.0058942,0.0719598)
(0.0157901,-0.00820284)
(0.00618181,-0.0528966)
(-0.0431252,0.0327195)
(-0.0107332,-0.0153675)
(0.00783452,-0.00854739)
(0.0151007,0.00976516)
(-0.0139238,0.0447357)
(0.0576891,0.0466525)
(0.0303444,0.0502092)
(0.0255706,0.0361334)
(0.0207953,-0.0112741)
(0.0470193,0.015081)
(0.0180971,-0.111307)
(0.0284008,0.0340136)
(-0.0586641,-0.0226227)
(0.0310429,0.114561)
(-0.00252868,0.0388118)
(0.0325235,-0.125668)
(0.0824279,0.0729679)
(0.01144,0.0470399)
(0.0609623,-0.0850531)
(0.00322271,0.0526515)
(-0.0450066,-0.0104984)
(-0.0241968,-0.0429752)
(-0.0166771,0.0583459)
(-0.0595669,-0.0303598)
(-0.0507196,-0.0161491)
(0.0591013,0.0572558)
(-0.030353,-0.0211236)
(-0.102991,0.0769283)
(-0.00289437,0.00960817)
(0.00143814,0.0299336)
(-0.0289061,0.00848276)
(0.0463994,-0.00319162)
(0.00218567,0.0368813)
(0.136314,-0.0832828)
(0.0869847,0.00109679)
(-0.0251956,-0.0638662)
(-0.0382215,0.0548981)
(-0.0527698,-0.0971327)
(-0.0143378,0.0979904)
(-0.0347887,0.0194749)
(0.0631876,0.0789066)
(0.0641992,0.0878535)
(0.0107506,-0.0285467)
(0.0204833,0.0430427)
(-0.0514674,0.00863825)
(-0.0235671,0.0751441)
(0.0150517,0.0100072)
(-0.0559065,-0.0396983)
(0.0177529,-0.0994819)
(0.0840882,-0.0211771)
(0.0411934,0.0562723)
(0.0244097,0.0568406)
(-0.0467653,0.040867)
(-0.0570778,-0.0221367)
(-0.0129711,-0.0326735)
(0.0534341,-0.0123094)
(0.0581284,-0.0380713)
(0.454986,-0.0958614)
(0.0245099,-0.00159596)
(-0.0574593,-0.0485993)
(0.0125266,-0.0194742)
(-0.0337843,-0.0325243)
(0.00586432,-0.0590597)
(0.0490756,-0.0341351)
(-0.0324029,0.0174224)
(0.024899,-0.0470486)
(0.548779,-0.131893)
(0.030058,-0.101859)
(0.0541362,0.00630921)
(0.0607802,-0.0646619)
(0.522099,-0.125172)
(-0.0253418,0.000633941)
(-0.0401899,-0.00671217)
(0.0416855,0.0146885)
(-0.0183634,-0.00648603)
(-0.0372887,-0.0144463)
(0.014494,-0.0220559)
(-0.0523807,-0.0203475)
(0.309923,-0.0812088)
(0.166028,-0.0845348)
(0.0177404,-0.00706339)
(-0.0136021,0.0385432)
(-0.0478167,-0.0632655)
(0.0428952,0.0743129)
(-0.0126191,-0.0818966)
(0.399102,-0.0484818)
(-0.0459277,-0.0161588)
(-0.00882277,0.00995966)
(0.00551338,-0.00257648)
(0.0297971,0.0016644)
(0.0715375,-0.0168609)
(0.0150362,0.0095195)
(0.491854,-0.106117)
(-0.0236972,-0.00578921)
(0.492987,-0.087526)
(-0.0773174,0.0633034)
(-0.057775,-0.0218554)
(-0.00948807,-0.0549451)
(0.0326657,0.0338674)
(0.479246,-0.195996)
(0.103968,0.00683876)
(0.284895,-0.114737)
(0.0297138,-0.0170522)
(-0.0256443,0.00536702)
(-0.0607734,-0.00718518)
(0.20682,-0.0352398)
(0.266888,-0.103657)
(-0.00019089,0.0130389)
(-0.0120048,0.00952533)
(0.306453,-0.128548)
(-0.0250067,0.017179)
(-0.0742781,-0.0296621)
(0.238684,-0.096639)
(-0.0459498,0.0212558)
(-0.0112455,0.021419)
(0.349154,-0.0803919)
(-0.070895,-0.073058)
(0.151344,0.00121448)
(0.207485,-0.0572398)
(0.0225807,0.0593156)
(0.226079,0.0147619)
(0.0717696,-0.0578883)
(0.00955326,-0.0517342)
(-0.0194383,0.0492935)
(-0.0760382,0.0325084)
(-0.0139114,-0.000920022)
(0.0636375,-0.0611254)
(0.0296073,-0.0358784)
(0.0439842,0.0611104)
(-0.0435459,0.0676357)
(0.0610853,0.0570944)
(-0.0372519,0.0135942)
(0.0849321,0.0748437)
(-0.0969561,0.0210157)
(-0.0257097,0.0376651)
(-0.025123,0.0273098)
(-0.0268566,-0.0336049)
(-0.0343153,-0.011713)
(0.30875,-0.080826)
(0.0125199,0.0801553)
(0.00622822,0.0475371)
(0.113437,-0.0634394)
(-0.133561,0.0514642)
(-0.0744389,0.0312827)
(0.541209,-0.0799581)
(-0.00781327,0.0146644)
(0.557715,-0.127194)
(-0.0328073,-0.0252365)
(0.0147194,0.0147546)
(0.188482,-0.102079)
(-0.0418264,-0.00237296)
(0.0211083,0.0167922)
(0.452571,-0.12164)
(-0.0365485,-0.0245172)
(0.0590845,0.0455746)
(0.00718448,0.00217242)
(0.0055641,0.0931599)
(0.139259,0.0412794)
(0.0334018,-0.0645074)
(0.112359,-0.0389781)
(0.0474316,-0.0379916)
(-0.117378,-0.0469825)
(0.234953,-0.157505)
(0.0226991,0.0366141)
(0.298871,-0.146192)
(-0.0216078,-0.0691767)
(-0.0422754,-0.0200638)
(0.467304,-0.11575)
(-0.0713598,0.102417)
(0.00234978,0.0518409)
(-0.0304174,-0.0110408)
(0.382167,-0.080923)
(0.0102348,-0.0180349)
(-0.0448074,-0.0494936)
(0.0616326,0.0341075)
(0.00519202,0.0345868)
(0.0380379,0.0370327)
(0.0852787,0.0134632)
(-0.122895,0.0165459)
(0.0246453,-0.00322728)
(-0.040844,0.0265387)
(0.0817339,-0.0466538)
(-0.0753805,0.0333752)
(0.00219594,0.0482832)
(0.0775939,0.0284227)
(0.0685432,0.0436135)
(0.0503653,-0.0731099)
(-0.0427632,-0.0660781)
(0.0179126,-0.0909893)
(0.0176757,-0.0130206)
(0.00720268,-0.0416382)
(-0.0121954,0.0169144)
(0.0517501,0.0174803)
(0.0617878,0.0148032)
(0.0361564,0.0782698)
(0.0118436,0.016752)
(0.0167587,0.0318072)
(-0.0190892,-0.0786831)
(-0.0620932,-0.112997)
(-0.0764802,-0.11408)
(-0.0450715,-0.0590095)
(0.0135833,-0.0127658)
(0.0200597,-0.0202033)
(0.0165245,-0.000211948)
(0.458471,-0.111187)
(-0.0671813,0.00324473)
(0.0289744,0.0115356)
(0.000484254,0.00331276)
(0.413532,-0.071655)
(0.0323985,-0.00511452)
(0.022292,-0.0294476)
(-0.0144489,-0.0271636)
(0.0112202,-0.000210118)
(0.0149684,-0.0171838)
(-0.0144687,-0.0450261)
(0.0486699,-0.00672006)
(0.385165,-0.0868079)
(0.0294819,-0.0229474)
(-0.107042,-0.031479)
(0.622923,-0.140949)
(0.0142257,0.00557188)
(-0.00405862,0.0116572)
(0.0293378,-0.0548175)
(0.449607,-0.0807095)
(0.0538323,0.029547)
(-0.0578928,-0.0538278)
(-0.0107812,-0.0595889)
(-0.12011,-0.010615)
(-0.000515513,-0.0187432)
(-0.0802203,-0.078921)
(-0.00672285,-0.0536546)
(-0.0149423,0.0366313)
(0.00538578,-0.0364938)
(0.00179243,-0.0606319)
(0.00727588,-0.0492241)
(0.435682,-0.0491413)
(0.0552672,0.00942583)
(-0.0464884,0.0457631)
(-0.0386746,-0.0187545)
(0.00508517,0.00132262)
(0.00465493,-0.064041)
(-0.0220386,0.0629449)
(-0.0183145,-0.0594258)
(-0.00553277,-0.00185981)
(0.00465248,-0.0780478)
(0.00460011,0.0403067)
(0.013982,0.073215)
(0.418354,-0.0957996)
(-0.00775725,0.0100964)
(0.0040685,0.00242385)
(-0.0147087,0.0713538)
(0.0223561,-0.0282838)
(-0.0610559,0.101598)
(-0.0102702,0.0046426)
(0.149941,-0.169008)
(0.206665,-0.104974)
(0.149452,-0.14974)
(0.0133604,0.00960253)
(-0.0109358,0.0262901)
(0.609798,-0.16759)
(0.344163,-0.131837)
(-0.0155815,0.018616)
(0.404118,-0.0782462)
(0.475204,-0.0449734)
(0.199468,-0.108931)
(0.0524629,-0.014093)
(0.0407124,-0.0195776)
(0.0369021,0.0445465)
(0.0870736,-0.00589779)
(-0.00519681,0.037855)
(0.0088959,0.0564662)
(-0.0855096,-0.000943954)
(0.0787165,0.00226155)
(-0.0915843,0.0223631)
(-0.0253004,-0.0441291)
(0.0474709,-0.0185675)
(0.476742,-0.134135)
(-0.0431075,0.0428358)
(0.00518923,-0.0114052)
(-0.0483543,0.0169861)
(0.539502,-0.0927565)
(-0.0405725,0.0851168)
(-0.00984866,0.00523892)
(0.539739,-0.16462)
(0.51123,-0.0802693)
(-0.0276765,0.025607)
(0.343047,-0.0782597)
(-0.00170313,0.0570779)
(-0.0374911,0.0920893)
(0.472732,0.0179937)
(0.264925,-0.0835768)
(0.399442,-0.105083)
(0.476917,-0.0485487)
(0.0351813,-0.00961042)
(0.756648,-0.0294492)
(-0.0425328,0.0129418)
(-0.0220889,0.0839721)
(0.0638274,0.00317585)
(0.167107,-0.0536815)
(-0.0402668,0.0572164)
(0.0981581,-0.0659859)
(0.0146886,-0.00453442)
(0.0244087,-0.000433295)
(0.0308217,-0.0111352)
(0.0180497,0.00348139)
(0.0587825,-0.00420578)
(-0.0161302,0.0434073)
(0.0691951,0.047527)
(0.107298,-0.0468585)
(-0.0874964,0.00332614)
(0.025996,-0.0605579)
(0.0354399,0.0460462)
(0.0298373,0.0433406)
(0.0135494,0.0127222)
(0.461127,-0.073428)
(-0.0512643,0.112973)
(0.023693,0.00673195)
(-0.00291244,-0.01676)
(0.00499575,0.0305131)
(0.0508863,0.0100465)
(0.017283,0.0327393)
(-0.0382163,-0.0931042)
(-0.031155,-0.0244623)
(0.550187,-0.0895566)
(-0.0225906,0.0111686)
(0.332822,-0.0383041)
(-0.0012275,0.0178867)
(0.0458365,0.035334)
(0.00651421,0.00838794)
(0.109771,-0.0320865)
(-0.0250337,-0.0404238)
(0.0311436,-0.100997)
(0.0347026,-0.0348406)
(0.0197178,-0.0416404)
(0.0411849,0.0276025)
(0.0281911,-0.0332507)
(0.0645637,0.00459762)
(0.035888,0.038742)
(0.475567,-0.130987)
(0.280839,-0.0548261)
(-0.0161622,-0.0309377)
(0.0407929,-0.0384182)
(0.0338183,-0.0253676)
(0.0621978,-0.0476665)
(0.454837,-0.153007)
(0.0488486,0.0498442)
(0.0891008,0.0204596)
(0.0829845,0.0546039)
(0.074211,0.0102023)
(0.323823,-0.163042)
(0.0712685,0.0271883)
(-0.0372277,0.0006564)
(-0.0221482,0.00230767)
(-0.0142252,0.018252)
(0.500056,-0.0718406)
(0.0337762,-0.024884)
(-0.0181113,-0.00392633)
(0.048699,0.0742572)
(0.0291811,0.0149131)
(0.0428513,-0.00383024)
(0.474307,-0.0911392)
(0.401362,-0.137254)
(0.656904,-0.0805008)
(0.0357869,-0.0596043)
(0.0507566,-0.0145468)
(0.485471,-0.0590422)
(0.0426868,-0.0326431)
(0.0909563,-0.0811457)
(0.277417,-0.207667)
(-0.0600047,-0.0578517)
(-0.0591842,-0.00043369)
(-0.0521137,-0.0286233)
(-0.0647264,0.0402292)
(-0.0197179,0.0231097)
(0.146149,-0.0580307)
(0.167202,-0.117868)
(0.28004,-0.14242)
(0.273192,-0.0472587)
(0.629723,-0.170954)
(-0.0030936,-0.0334272)
(-0.0773451,0.0138916)
(-0.0291908,0.00573126)
(0.0966163,0.0907427)
(0.54755,-0.0723862)
(0.540248,-0.137726)
(0.00791498,-0.00979)
(-0.0354571,-0.0525801)
(0.00262325,-0.0441143)
(0.575399,-0.182907)
(-0.00630369,0.0853194)
(0.0676735,0.0357167)
(-0.0537488,-0.00512488)
(0.597275,-0.0815265)
(0.0626596,0.0472198)
(-0.0503318,0.0663216)
(0.54734,-0.115771)
(0.51431,-0.12109)
(-0.0186178,0.05791)
(-0.00979695,0.029019)
(-0.0420179,-0.0432152)
(0.00860656,-0.029985)
(0.0267891,-0.049963)
(-0.00134001,0.0121196)
(0.028476,-0.0292703)
(0.479755,-0.148838)
(0.682717,-0.025209)
(0.600983,-0.121938)
(0.535289,-0.0588773)
(0.450092,-0.10288)
(0.176873,-0.10292)
(0.287258,-0.0289037)
(0.186714,-0.063705)
(0.185838,-0.092095)
(-0.0225944,-0.0319338)
(0.0188039,-0.058588)
(0.282161,-0.0505251)
(0.536672,-0.148076)
(0.527627,-0.124225)
(0.432449,-0.0622127)
(0.521676,-0.138043)
(0.00811498,0.0538147)
(0.537169,-0.0717285)
(-0.0529182,0.085687)
(0.0116938,-0.0145672)
(-0.00954917,-0.0408779)
(-0.0234629,0.0689362)
(-0.0447443,-0.0268336)
(-0.00550511,-0.0607102)
(-0.0268817,0.0122142)
(0.03048,-0.0198871)
(0.0282851,0.0772093)
(0.402645,-0.0976026)
(-0.00301525,-0.045145)
(0.496292,-0.206856)
(0.455966,-0.0198141)
(0.46509,-0.164108)
(-0.0306307,-0.00720204)
(0.0681916,0.0853486)
(-0.0384593,0.00163427)
(0.552598,-0.100815)
(-0.0218792,-0.0784349)
(0.023775,-0.00650328)
(0.321658,-0.131263)
(0.256481,-0.134486)
(0.521137,-0.0929046)
(0.375233,-0.0489605)
(0.593022,-0.241847)
(0.480101,0.0512486)
(-0.012527,-0.0709496)
(-0.0166661,-0.0683809)
(0.00445986,0.0225104)
(0.0347835,0.0813083)
(0.0245012,0.0887093)
(-0.0163424,-0.0227083)
(0.0283873,0.00190101)
(0.310424,-0.117576)
(0.187657,-0.0365156)
(-0.0252848,-0.00192721)
(0.195388,-0.032498)
(-0.000281688,-0.0311793)
(0.502004,-0.116118)
(0.522798,-0.0172026)
(-0.0536354,0.0354061)
(0.0606539,0.0486318)
(0.0777039,0.0300037)
(0.0597534,-0.0528363)
(0.459114,-0.227789)
(0.00100109,-0.0651796)
(0.163859,-0.108133)
(-0.0496866,0.0854824)
(0.286556,-0.12492)
(0.0112164,0.058936)
(0.330497,-0.0574249)
(0.00429018,0.0407444)
(0.0295005,0.0376825)
(0.0196352,-0.0107889)
(0.0120895,0.0103527)
(0.484213,-0.0673191)
(-0.0131046,0.0185819)
(0.490761,-0.118111)
(0.464515,-0.080784)
(-0.0326834,0.0169002)
(0.479806,-0.0448223)
(0.588365,-0.0114497)
(0.54116,0.0145374)
(0.0233392,0.00257595)
(0.488636,-0.142409)
(-0.0680092,0.0520297)
(-0.0567038,0.0381412)
(-0.0314712,0.0718818)
(-0.0414965,0.00870858)
(-0.0374862,0.071483)
(-0.0404817,0.000202203)
(-0.053593,0.0265518)
(0.717501,-0.0124519)
(-0.0538817,0.0086319)
(0.1132,-0.0279545)
(0.418802,-0.128231)
(0.451566,-0.110224)
(-0.000115044,0.0134481)
(0.0507448,-0.0153193)
(-0.0145249,-0.000791278)
(0.398271,-0.153347)
(-0.0438329,0.00586279)
(0.48306,-0.226021)
(0.371411,-0.108096)
(-0.0671691,-0.0216642)
(-0.0220393,-0.0167768)
(0.525267,-0.0227765)
(-0.0729857,-0.0221824)
(-0.00585436,-0.0180459)
(-0.0320311,0.0572806)
(0.452345,-0.112537)
(0.453206,-0.0977507)
(0.220464,-0.140173)
(0.449155,-0.140979)
(0.483222,-0.0649893)
(0.0933827,-0.0106353)
(0.502197,-0.0984434)
(0.600658,-0.0184048)
(0.0369715,-0.104399)
(0.509424,-0.0308624)
(0.046558,0.0761129)
(0.499721,-0.0755259)
(0.0835828,0.0132175)
(0.00630167,0.0463036)
(-0.017707,-0.0135107)
(0.0555838,0.0355037)
(0.00729005,0.0878533)
(0.0660251,0.0998133)
(0.0257858,0.0719634)
(0.0507067,0.0253709)
(0.130716,-0.0739961)
(0.0290724,0.00995902)
(-0.025932,-0.0134233)
(0.0260505,0.0390251)
(0.0054431,0.002451)
(0.00641419,0.0295223)
(0.0277344,0.00771767)
(0.0253358,0.0607891)
(0.127656,-0.0958641)
(0.000193373,-0.00759542)
(0.0459664,-0.0293604)
(0.617002,-0.070949)
(0.383539,-0.172914)
(-0.0210253,0.0229254)
(0.0865776,0.147636)
(0.0122598,0.122894)
(0.140749,0.0271488)
(-0.0383087,-0.0140514)
(0.100778,-0.00759577)
(0.223161,-0.0940021)
(0.638313,-0.144773)
(0.567196,-0.127726)
(0.0201553,0.0647134)
(0.0737613,-0.0497111)
(0.543486,-0.137958)
(0.0363293,0.057625)
(0.046469,0.0311468)
(0.0808622,-0.0162492)
(0.506102,-0.0278854)
(0.0797297,-0.0604102)
(0.235619,-0.160456)
(0.00709158,0.0001593)
(0.129063,-0.126032)
(0.18152,-0.0710421)
(0.280069,-0.0527306)
(0.335687,-0.0982334)
(0.0703688,0.0438227)
(-0.0427218,0.0656787)
(0.379314,-0.125548)
(-0.0474428,0.0894462)
(0.0156133,-0.00341816)
(0.0342794,-0.0360394)
(0.481387,-0.169671)
(0.0115122,-0.0297065)
(0.420929,-0.115454)
(0.0291833,-0.00863036)
(-0.00914087,0.0277155)
(-0.00962381,-0.0226936)
(-0.00890836,0.0463848)
(-0.024875,0.0114961)
(0.00156707,0.0290351)
(0.024519,0.0251073)
(-0.0235271,0.016695)
(-0.0415792,0.0874262)
(0.528459,-0.117103)
(-0.0127827,-0.0120827)
(0.0480826,0.0325918)
(0.51047,-0.0548585)
(0.0899991,0.0189791)
(-0.00832093,0.0365096)
(-0.00646606,0.0112682)
(-0.000279044,0.0230861)
(-0.0628574,0.06787)
(0.113762,-0.0859019)
(-0.0114208,0.0717782)
(-0.0465416,-0.04526)
(-0.048678,-0.0825671)
(0.0430255,-0.0247952)
(-0.0480003,-0.0388927)
(0.481574,-0.000151267)
(-0.0460049,0.070764)
(0.630133,-0.126441)
(0.365921,-0.142857)
(0.493605,0.0105818)
(-0.0430058,-0.00413701)
(0.379579,-0.00767218)
(0.39216,-0.152996)
(0.369895,-0.0585576)
(-0.0671822,0.045302)
(0.00986184,0.0558069)
(-0.0815246,0.0600779)
(-0.0130839,0.0178313)
(0.575635,-0.185827)
(0.56932,-0.118283)
(-0.0596333,0.00574007)
(-0.0339086,-0.000971646)
(0.00804497,0.0120955)
(0.0496178,-0.00252031)
(0.329328,-0.074417)
(0.0492624,-0.00693683)
(0.0372082,0.031136)
(0.0198224,0.0281856)
(0.0743494,0.00157928)
(0.375673,-0.074258)
(-0.0682299,-0.0929578)
(0.454372,-0.0334473)
(0.0218315,-0.000239987)
(0.0587606,0.0790334)
(0.0940626,0.044192)
(0.653052,-0.157806)
(0.0132622,0.00450724)
(0.291306,-0.109317)
(0.541958,-0.127781)
(-0.0452477,-0.00914837)
(0.0036817,0.0276161)
(0.119961,-0.0887104)
(-0.0169818,0.0785834)
(-0.085918,0.0262647)
(0.0402611,-0.126846)
(0.377285,-0.167784)
(0.253139,-0.190062)
(0.0680997,-0.0480036)
(0.0146936,0.00579722)
(0.0180302,-0.0246311)
(-0.126756,0.0668005)
(0.0255729,0.0127122)
(0.00161543,-0.030587)
(0.418937,-0.0872292)
(0.536389,-0.0878008)
(0.626524,-0.0624968)
(-0.0332787,-0.0387831)
(0.34782,-0.0662748)
(-0.0466471,0.0212973)
(0.0503665,0.00711405)
(0.0479513,-0.00241664)
(-0.0182203,0.134684)
(-0.0187387,0.0274755)
(0.0609445,-0.0679183)
(0.260094,-0.0715757)
(0.574741,-0.105373)
(0.545945,-0.124681)
(0.122025,-0.0915215)
(0.529472,-0.1537)
(0.0389259,-0.156357)
(0.435606,-0.180621)
(0.476228,-0.0817281)
(-0.0184017,-0.0945583)
(0.469671,-0.125001)
(0.450888,-0.145104)
(0.540627,-0.145521)
(0.408676,-0.117335)
(0.524332,-0.0839535)
(0.13062,-0.0579847)
(0.275188,-0.132422)
(0.216444,-0.0463176)
(0.433581,-0.0696878)
(0.0241059,-0.0528874)
(0.520583,-0.0520294)
(0.349506,-0.154219)
(0.0171559,0.00196822)
(-0.0670603,0.00671371)
(-0.0893992,0.0756432)
(-0.0632449,-0.0731788)
(0.428764,-0.162588)
(-0.0231987,0.0238563)
(0.468122,-0.145876)
(-0.0141734,0.0192634)
(0.248535,-0.0439952)
(-0.0129996,-0.0490274)
(-0.025877,-0.0450763)
(0.439467,-0.120996)
(0.0320188,0.101044)
(0.0857508,-0.0572108)
(0.529801,-0.14381)
(0.0327327,-0.0375699)
(-0.00942102,-0.0459062)
(-0.0562467,0.0411508)
(-0.0672836,-0.0245145)
(-0.0462937,0.0386719)
(-0.00731669,0.00462178)
(0.569381,-0.142479)
(0.569854,-0.162469)
(0.449156,-0.0987894)
(-0.0345338,-0.081581)
(0.0134577,0.0509016)
(0.353849,-0.199928)
(-0.0023006,0.0307323)
(0.00728456,-0.0132875)
(0.0193156,-0.0485574)
(-0.0368783,-0.0501366)
(0.560658,-0.128886)
(0.442694,-0.0450527)
(0.512108,-0.106705)
(0.422146,-0.0480792)
(0.397515,-0.0823055)
(-0.0907368,-0.0386541)
(0.415346,-0.047284)
(0.303715,-0.115687)
(-0.0591264,-0.106594)
(0.374368,-0.078977)
(0.501946,-0.103854)
(0.0111601,-0.0654072)
(0.00218371,0.0836505)
(0.544286,-0.121566)
(0.0224861,0.00414192)
(0.0608684,-0.0220186)
(0.4221,-0.133145)
(0.0525292,-0.00116861)
(-0.027143,-0.0474935)
(0.0495539,0.0337207)
(0.0773216,-0.0344515)
(0.497233,-0.0704842)
(-0.0237311,0.0436876)
(-0.0796485,0.0999221)
(0.00447516,0.0313826)
(0.387902,-0.0693109)
(-0.0286523,0.0504264)
(0.00505973,0.0198933)
(-0.0461653,0.0677673)
(0.081645,-0.0429553)
(-0.0355075,-0.0822423)
(0.0292637,0.00952799)
(0.113518,0.0324388)
(0.103274,0.0179282)
(0.0109372,0.066031)
(0.0699716,0.070922)
(0.0964228,0.0741622)
(0.509447,-0.0820433)
(-0.0751707,0.0326463)
(0.533484,-0.000804771)
(-0.0134216,0.000936264)
(-0.0444709,-0.0681421)
(0.188084,-0.115987)
(0.529834,-0.136676)
(0.329616,-0.110785)
(-0.085592,0.0520076)
(-0.0118018,-0.0311561)
(0.0569078,-0.0201073)
(0.0282147,-0.0395038)
(0.00934564,-0.000531857)
(-0.0218945,0.0152982)
(-0.0454058,-0.029779)
(0.0200306,0.0180024)
(-0.0569757,-0.0205018)
(0.0162725,0.0540354)
(0.0241797,-0.0335386)
(0.388049,0.0551466)
(-0.00153361,0.0561588)
(0.0540705,0.0058308)
(0.0215692,0.0196754)
(0.02815,0.0278168)
(0.188822,-0.0535825)
(0.120345,-0.0711536)
(-0.00615342,0.0408823)
(0.108888,-0.103862)
(0.526645,-0.0577663)
(-0.0504046,-0.115361)
(0.445849,-0.072108)
(-0.00177075,-0.165405)
(-0.010225,0.0352788)
(0.103713,-0.0281249)
(0.0530596,-0.0779829)
(0.0864654,-0.0349483)
(-0.0461546,-0.017002)
(0.0187767,-0.00986798)
(-0.0434277,-0.0463434)
(-0.0395719,0.0464354)
(0.00688605,-0.00824916)
(0.341325,-0.149452)
(0.354531,-0.133998)
(0.0420828,0.0091963)
(0.158944,-0.032982)
(0.180889,-0.0290302)
(0.590521,-0.0984162)
(0.0226603,0.011112)
(0.127735,-0.0251506)
(0.502736,-0.151159)
(0.144699,-0.00114661)
(0.11211,-0.100971)
(-0.0325578,-0.0263512)
(-0.00517816,-0.0586436)
(0.0996802,-0.0510059)
(-0.0406442,-0.00651901)
(0.431255,-0.0579871)
(0.378939,-0.124147)
(0.0133804,0.00192726)
(0.0448622,0.011012)
(0.168268,-0.0921124)
(0.0514628,-0.0469074)
(0.12992,-0.0546003)
(-0.00926922,0.0434439)
