1620
(-0.0230336,-0.132012)
(-0.0220282,0.0463358)
(0.0536963,0.0627358)
(0.0167189,-0.149355)
(-0.000736039,-0.0242706)
(-0.0354801,0.0482768)
(0.0396325,0.0707326)
(-0.0161371,-0.00698504)
(-0.00234493,0.0246807)
(-0.000509213,0.0375279)
(-0.0505317,0.0297677)
(0.00109971,0.0138822)
(0.0277583,-0.0351112)
(-0.020454,0.00178718)
(-0.0162793,0.0538622)
(-0.0301433,0.0300696)
(-0.0193906,-0.0803831)
(0.00501294,0.032247)
(0.0166055,0.0208913)
(-0.020488,-0.00269724)
(-0.0218393,-0.0174558)
(0.0088128,0.0244987)
(-0.0638278,0.0167474)
(-0.0205817,-0.0574022)
(0.0029978,0.0368928)
(0.0224625,0.0124472)
(-0.0321496,0.00190041)
(0.076966,-0.0639179)
(-0.0225983,-0.00800908)
(0.0562604,-0.00993254)
(0.0324249,0.0771603)
(0.0445553,-0.0231564)
(0.00501615,0.0469133)
(-0.104051,0.0360893)
(0.061316,0.0273906)
(0.014466,0.0678526)
(0.0693263,-0.0175665)
(-0.00761804,0.0367478)
(-0.0395946,0.00617288)
(0.037595,-0.00115446)
(0.0409466,-0.0822337)
(0.0739132,0.0116556)
(0.0642564,0.0283037)
(0.12978,0.00561583)
(-0.035984,0.0663337)
(0.132259,-0.0193781)
(0.0913823,-0.0209475)
(-0.0196659,-0.00410526)
(0.0503356,-0.0576545)
(-0.0135976,-0.0256955)
(0.0452446,0.00481272)
(0.0976389,-0.0229272)
(0.0149633,0.0163801)
(0.0206153,-0.00163353)
(0.000791851,0.0321572)
(-0.0174253,0.0282823)
(0.0482892,0.0335558)
(0.0487465,0.0742281)
(-0.0154494,-0.0489307)
(0.0562653,-0.0389944)
(-0.0384498,-0.0217668)
(0.168159,-0.0635802)
(-0.0187518,-0.00146193)
(0.389517,-0.0893618)
(-0.0254601,-0.00713626)
(-0.0171137,0.0293564)
(-0.00486953,-0.00655277)
(0.0248041,0.0130749)
(0.00136717,0.144623)
(-0.0431967,-0.0663658)
(0.0127571,0.0488384)
(0.00758208,0.044644)
(-0.0339159,0.0723041)
(-0.0465741,0.0330751)
(0.0077698,-0.0174222)
(-0.0877301,0.0726521)
(0.0178212,-0.0313495)
(0.00479042,-0.0513337)
(-0.0193575,0.00571838)
(0.0826276,-0.0361106)
(-0.018989,-0.0625498)
(0.0121267,0.0117558)
(0.0261498,-0.066613)
(0.0205439,-0.0162096)
(0.0346112,0.0215288)
(0.0265474,0.0295986)
(-0.032763,-0.0518916)
(-0.0401888,0.0185691)
(0.0833851,0.0219133)
(0.0377582,-0.0136624)
(-0.115556,-0.0143769)
(-0.019678,0.0252672)
(0.45552,-0.0624182)
(0.0101206,0.101849)
(-0.022782,0.0620301)
(0.576223,-0.00628722)
(-0.0550033,0.0574888)
(0.441896,-0.142794)
(-0.00730137,-0.099629)
(-0.0425881,-0.0879197)
(0.054178,0.01866)
(-0.0723005,-0.00939197)
(0.0475227,-0.0738335)
(0.000280933,-0.0301537)
(-0.0245698,-0.114061)
(0.446283,-0.103605)
(0.0346172,0.0744297)
(-0.0702157,-0.0104189)
(0.0126622,0.0188052)
(0.0404886,0.0711402)
(0.0055218,0.0289067)
(0.711088,-0.131184)
(0.36673,-0.0462078)
(-0.00967891,-0.013024)
(0.488584,-0.0469235)
(0.011966,0.108772)
(-0.00508311,0.0778817)
(0.639568,-0.0797841)
(0.00377636,0.0191118)
(0.488009,-0.0697651)
(0.441225,-0.0662379)
(0.0226529,0.0367759)
(0.389465,-0.0705151)
(0.283087,-0.116323)
(0.28142,-0.0764685)
(-0.00380386,-0.0248767)
(0.0480525,-0.0354722)
(0.000489128,0.0384864)
(0.353121,-0.128729)
(0.0851558,0.0703864)
(0.112778,0.0956639)
(0.00981258,-0.00807187)
(-0.00575203,-0.0476689)
(0.00386375,0.0258986)
(0.00234925,0.0183423)
(0.0204076,0.0283861)
(-0.0548775,0.00643214)
(0.00531865,0.0294085)
(0.384276,-0.0916878)
(0.0355939,-0.0186329)
(0.0204139,0.0399748)
(-0.0156934,0.0577631)
(0.0207565,-0.0163172)
(0.0466569,-0.0733576)
(0.0902641,-0.0867101)
(0.0261034,-0.100146)
(0.0144141,0.000406103)
(0.426484,-0.0837048)
(0.48209,-0.100974)
(-0.0569255,0.0042397)
(0.482775,-0.15072)
(0.193003,-0.0673304)
(0.543108,-0.0280685)
(0.463004,-0.121188)
(0.477052,-0.077477)
(-0.0419197,0.0227052)
(0.0718471,0.0407895)
(0.416911,-0.160899)
(0.366125,-0.0196408)
(-0.0197622,0.0110258)
(-0.0299715,0.0428662)
(-0.0027361,0.029676)
(0.0106384,0.0341222)
(-0.0382816,-0.0141866)
(-0.00825433,0.0221621)
(-0.0471844,-0.0369533)
(0.0146352,-0.0457208)
(-0.0159739,-0.0516112)
(0.0407504,0.0287431)
(-0.0150321,0.0864718)
(0.0404138,-0.0166278)
(0.054631,-0.00182784)
(0.419995,-0.174738)
(0.38011,-0.127383)
(0.57168,-0.117272)
(0.498148,-0.0629778)
(0.0674253,-0.0916496)
(0.151116,-0.0171252)
(-0.0933057,-0.0657259)
(-0.121514,0.0612599)
(-0.0516601,-0.0631401)
(0.0401885,0.0633292)
(0.0208815,0.0239989)
(0.0112685,0.0339746)
(0.0171664,0.017792)
(-0.00213994,0.0445748)
(0.0432079,0.0272128)
(0.0680957,-0.10308)
(0.0104578,-0.0239403)
(0.409267,-0.153415)
(0.474452,-0.0766802)
(0.372834,-0.0878584)
(0.577188,-0.122377)
(-0.0515711,-0.047233)
(-0.0449205,-0.0463148)
(0.0525048,0.0608045)
(0.0538258,0.0367814)
(-0.0310287,0.0466204)
(-0.0573465,-0.0538735)
(-0.00793732,0.0143102)
(0.0296097,-0.120442)
(0.0915235,-0.0893902)
(-0.0416688,-0.0469845)
(-0.0703569,-0.0212695)
(-0.0186241,-0.0202527)
(-0.0593819,0.0276031)
(0.463144,-0.086419)
(0.471152,-0.0243359)
(-0.0969162,0.0226079)
(0.377875,-0.094847)
(-0.0374645,-0.0140465)
(0.41746,-0.0830737)
(0.414888,-0.0884917)
(-0.093978,0.0231297)
(-0.0759973,0.039346)
(0.0863269,0.0817539)
(0.0835357,0.010488)
(0.448491,-0.113956)
(0.567016,-0.144847)
(-0.0227426,-0.0444637)
(-0.0036748,-0.00712408)
(-0.0410523,0.0124974)
(0.0444782,0.0771659)
(0.701476,-0.177188)
(-0.0566384,-0.0581997)
(-0.0789929,-0.0786348)
(0.410683,-0.163804)
(-0.0373274,0.0626874)
(-0.01091,0.0349452)
(-0.0743946,-0.0367219)
(-0.01882,0.0138465)
(0.484359,-0.124991)
(0.47099,-0.173227)
(0.533407,-0.0534375)
(0.4745,-0.058629)
(-0.0496847,0.0344624)
(-0.00955837,-0.0422203)
(-0.00583059,-0.0191044)
(0.191251,-0.0663775)
(0.000279735,0.0277731)
(0.0682234,-0.00313734)
(-0.0142604,-0.041263)
(-0.00925957,0.0734512)
(-0.015588,0.0745496)
(-0.0228402,-0.0566683)
(-0.0427638,0.0140433)
(0.0810857,0.00169124)
(-0.00732825,-0.0468751)
(0.0330663,0.00692459)
(-0.045996,0.0341593)
(-0.0427071,-0.0377277)
(-0.0318575,0.0177749)
(-0.0543498,-0.0308121)
(-0.0498051,-0.049988)
(-0.038381,0.0232658)
(0.0395307,-0.0492387)
(0.0612111,-0.0126689)
(0.0117755,-0.011114)
(0.0388563,0.00682008)
(-0.0227359,-0.09527)
(0.06465,-0.107227)
(-0.0240093,0.0126014)
(0.00966503,0.00522202)
(-0.0390145,-0.0268431)
(0.524053,-0.0633754)
(-0.044043,-0.0660311)
(-0.080128,-0.105734)
(-0.015972,-0.0223318)
(0.0181523,-0.0100594)
(0.0493692,0.0316916)
(-0.0157487,0.0174334)
(0.0185717,-0.00931883)
(-0.0722221,-0.0216557)
(-0.0522449,0.0532724)
(0.0118095,0.0063647)
(0.4903,0.00426937)
(-0.0051789,0.0641328)
(-0.0445233,-0.0163025)
(0.0561176,0.0701529)
(0.0188335,-0.0180518)
(0.0331065,0.0243397)
(0.0441314,0.0580264)
(0.0111569,-0.0391228)
(-0.00909261,-0.059436)
(0.116061,0.0580085)
(0.0429385,0.022431)
(0.0202232,0.00502812)
(-0.0646568,0.000337661)
(0.0464066,0.0172754)
(0.111568,0.0302363)
(-0.00956215,0.0565718)
(0.0103103,-0.0384766)
(-0.0800063,0.0136385)
(-0.0418182,-0.0247167)
(-0.0316649,0.00652078)
(-0.0540658,0.0327779)
(0.0544909,-0.0445132)
(-0.00365094,0.0204322)
(-0.0574131,-0.0284695)
(-0.0580286,0.0040415)
(0.00252834,0.0424066)
(-0.0982513,0.0160715)
(-0.0391624,-0.0206481)
(-0.0400831,-0.00264196)
(-0.0445362,0.00245381)
(0.0135636,-0.0373673)
(0.0618351,0.0238536)
(0.375502,-0.138241)
(0.00333909,0.00848759)
(-0.00839164,0.0193086)
(-0.0349695,-0.0355466)
(-0.0693392,-0.0538063)
(-0.114604,-0.0787361)
(-0.0680115,-0.0337015)
(-0.0435819,-0.048728)
(-0.0730115,-0.0219972)
(0.0322602,-0.0817407)
(-0.0494128,-0.0880652)
(-0.0637247,-0.0313007)
(0.448407,-0.216103)
(-0.0102346,-0.0245297)
(-0.027061,0.0249808)
(0.0164007,-0.0175279)
(-0.00430533,-0.0290062)
(-0.0289463,-0.0195945)
(-0.00445773,0.0222819)
(0.0844308,-0.0671981)
(0.00336354,-0.00444101)
(0.00208063,0.0557697)
(-0.0284937,-0.052446)
(0.0462889,-0.00717306)
(-0.0120836,-0.0169437)
(-0.04574,-0.0209994)
(0.044173,-0.0418732)
(-0.0125944,-0.0800043)
(0.473023,0.0095258)
(0.0336226,-0.030716)
(0.0663042,0.0614763)
(-0.0922505,-0.0756968)
(0.0499894,-0.0338396)
(0.0213938,-0.0443476)
(-0.0558249,-0.0682894)
(0.0723937,0.0533367)
(-0.0172466,0.00386784)
(-0.0164145,-0.0111848)
(0.0439844,0.0510103)
(0.0379242,0.0427131)
(0.00274759,0.109533)
(-0.0118972,0.00374032)
(0.146122,-0.0233775)
(0.381204,-0.101824)
(0.443438,-0.110663)
(0.0956524,-0.0477383)
(-0.00147625,0.0165034)
(0.416886,-0.112739)
(-0.0922733,0.0983351)
(0.0612225,-0.0337565)
(-0.0261888,0.00165051)
(-0.05177,-0.00440973)
(-0.00559717,-0.00147503)
(0.258852,-0.105927)
(0.12875,-0.0645168)
(0.0241609,0.0379476)
(-0.0285983,0.011549)
(-0.0328198,0.0113107)
(0.0266469,0.0248734)
(0.46382,-0.185132)
(-0.0411189,-0.06013)
(-0.0407538,0.00907728)
(-0.0036349,0.0277261)
(-0.0129163,0.0656276)
(-0.00492358,-0.0508042)
(-0.0194534,-0.0285565)
(-0.0192765,0.072078)
(0.466302,-0.120952)
(0.411743,-0.0803518)
(0.0249731,-0.0373844)
(0.013722,-0.0871853)
(0.0265756,0.0436904)
(0.070348,0.0371756)
(-0.0163176,0.0321969)
(0.145947,-0.0301745)
(0.362264,-0.0979314)
(-0.0479426,-0.0191846)
(0.0355476,-0.0589384)
(-0.0211597,0.0106706)
(0.0505104,0.0121384)
(0.0378018,0.105292)
(0.0176332,0.0295256)
(0.0277644,-0.0395518)
(0.000602757,-0.0898697)
(0.0476061,0.0213231)
(0.00984237,-0.013609)
(-0.0379834,-0.0577849)
(0.0406758,0.0951944)
(0.0725482,0.0544413)
(-0.0764057,-0.0239719)
(-0.0162811,-0.0838789)
(0.0332138,0.0541304)
(0.0537373,0.00782769)
(0.043065,0.00674096)
(-0.0721821,0.0310773)
(-0.0062658,0.0497617)
(0.555737,-0.133333)
(-0.047448,0.00994958)
(0.00405607,0.021478)
(-0.0913055,-0.0956978)
(-0.10913,-0.0858655)
(-0.00395551,0.0120248)
(0.020589,-0.014017)
(-0.052473,-0.0378939)
(0.0321788,-0.0247711)
(0.00817281,0.0957392)
(0.0354869,-0.0213231)
(0.445215,-0.122378)
(0.0202822,0.100261)
(0.0109683,0.0293663)
(-0.035296,0.0129706)
(0.0259258,0.0116778)
(0.0277418,0.0202295)
(-0.0259532,-0.0440383)
(0.0302482,-0.0211578)
(0.0663121,-0.042683)
(-0.0316546,-0.113876)
(-0.0121087,0.0205676)
(-0.0407746,0.0200802)
(0.417904,-0.096876)
(-0.0545192,-0.0280229)
(-0.000558078,0.0230947)
(0.0177053,0.0520164)
(-0.0538381,-0.0681134)
(-0.0587338,-0.0236461)
(0.0412643,0.00839902)
(0.0567118,0.0522498)
(0.0773745,0.0359682)
(0.0640209,0.0309597)
(-0.0223324,-0.0653328)
(0.0461913,0.0121731)
(-0.0713583,-0.0527149)
(-0.0187227,-0.0698571)
(0.000951372,0.00261085)
(-0.0260095,-0.0313607)
(0.0962102,-0.0142093)
(-0.00852836,0.0156352)
(-0.0213053,-0.0291559)
(-0.00335821,-0.0561701)
(-0.0506573,-0.0542622)
(0.0742111,-0.0368471)
(0.0293818,0.00435984)
(0.19751,-0.126691)
(0.0524289,0.0382813)
(-0.0341848,0.0881571)
(0.0200961,0.080844)
(0.0212104,0.0134809)
(-0.0878448,0.083853)
(0.014985,-0.0168405)
(0.0121947,0.0461087)
(-0.0464815,-0.021816)
(0.0200602,0.0361716)
(0.00288632,-0.0318362)
(0.0120374,0.0356887)
(-0.0498116,-0.0323576)
(0.0246159,0.000634348)
(0.0466994,0.0334875)
(-0.0496809,0.004225)
(-0.0556294,-0.016745)
(-0.074435,-0.0429418)
(0.0359707,-0.0098295)
(0.424589,-0.112915)
(-0.110172,0.00721828)
(0.563244,-0.105707)
(0.0273312,0.0540547)
(-0.0684832,0.0745158)
(-0.0233689,0.0831205)
(-0.00399967,0.00494459)
(0.0709111,0.0609024)
(0.0399658,-0.0427816)
(0.00618061,-0.00710234)
(0.00369606,-0.0198296)
(-0.037757,0.0633391)
(-0.00580998,-0.0206659)
(0.450227,-0.118694)
(-0.0169825,-0.0311634)
(-0.0280878,-0.0199772)
(0.0916176,0.034257)
(0.0760352,-0.0248395)
(-0.0337061,-0.0419777)
(0.435943,-0.0579874)
(0.0359414,-0.0305292)
(0.0106214,-0.0506982)
(0.702477,-0.0835495)
(0.0391574,-0.0564064)
(-0.0571973,0.0290241)
(-0.0303179,0.0308068)
(0.0498886,-0.0189605)
(0.392252,-0.0566401)
(0.51853,-0.173931)
(0.52806,-0.0634876)
(0.4609,-0.0921627)
(-0.0462342,0.0138955)
(-0.0713358,0.0218702)
(-0.0026151,-0.00699239)
(0.00622844,-0.0665923)
(-0.0234572,0.0364658)
(-0.0663531,-0.00602398)
(-0.0775199,-0.0293457)
(0.0851652,0.0324452)
(-0.0137229,0.0256427)
(-0.0344648,0.0870849)
(0.00798032,-0.021664)
(0.0443249,0.0149153)
(0.0594918,0.0255725)
(0.0559913,0.0332861)
(0.0764393,0.0491597)
(0.0456705,0.00968717)
(0.100169,-0.0417339)
(-0.00743137,0.00463748)
(-0.0375927,0.110418)
(-0.00359177,0.0706869)
(-0.0138913,0.0117945)
(-0.037748,0.089278)
(-0.0506688,0.00899486)
(0.00122879,0.0255637)
(0.0238029,0.0550047)
(0.0238746,-0.022673)
(0.0220589,0.0259715)
(-0.0107043,-0.0392198)
(-0.060058,-0.0386901)
(0.0634454,0.0663831)
(0.0501157,0.016643)
(0.0187835,0.0759988)
(0.0488637,-0.0116922)
(0.425335,0.00786388)
(0.0381747,-0.00112076)
(0.543718,-0.117774)
(-0.0324204,0.0652036)
(0.028556,0.00745416)
(-0.0458908,0.00450867)
(-0.111202,0.056125)
(-0.0070969,0.0692533)
(-0.0473542,-0.0264349)
(0.018691,0.0573805)
(0.0421034,-0.00562204)
(0.0356758,-0.0065918)
(-0.000226355,-0.0104711)
(0.000979722,-0.0680741)
(-0.0301299,0.0994716)
(0.0201196,-0.0506295)
(0.0348316,0.0650872)
(-0.0534887,-0.0128269)
(-0.0371682,-0.0283117)
(0.054036,-0.0413487)
(0.00950513,-0.0901968)
(-0.00427355,0.0726831)
(0.0478768,0.0307929)
(0.0605552,-0.0216048)
(0.185591,-0.0842401)
(0.0736573,0.0524202)
(-0.0261843,-0.0429187)
(0.00835344,-0.0366348)
(0.0788163,-0.00933958)
(0.411485,-0.108394)
(0.00916818,0.0644194)
(-0.0292517,0.0861236)
(0.0476791,-0.0634613)
(-0.0596812,0.0796073)
(0.0480501,0.048242)
(0.121391,-0.0330026)
(0.251685,-0.11381)
(0.351766,-0.198477)
(-0.0280229,0.0581138)
(-0.0106803,0.0433098)
(-0.0914745,0.0206557)
(0.193242,-0.128262)
(0.540775,-0.0698031)
(0.062,0.00795002)
(-0.0624927,-0.0569385)
(-0.0236097,0.0305127)
(-0.0868609,-0.0257561)
(-0.0310716,0.0511955)
(-0.0381793,0.0219645)
(-0.0209059,0.0348122)
(-0.00998447,0.00138377)
(0.0272596,-0.00269228)
(0.0591256,0.0197403)
(0.500778,-0.105215)
(0.0405411,0.000513519)
(-0.0236252,-0.0276663)
(0.0463516,0.0239506)
(0.0137074,-0.0424398)
(-0.021671,-0.0509239)
(0.045191,-0.00180731)
(0.0105824,-0.0166363)
(0.258806,-0.153097)
(0.0135909,0.0978491)
(-0.0202864,0.00688166)
(0.0255684,0.101899)
(0.0264818,-0.0266624)
(-0.0375226,0.0299242)
(-0.0629695,-0.00445349)
(-0.0183665,0.0532067)
(0.268978,-0.0896668)
(0.67823,-0.0137806)
(-0.0771139,0.0566226)
(-0.0836466,-0.00319933)
(0.0171941,0.0271767)
(-0.101721,0.0617453)
(-0.130437,-0.0328597)
(-0.139154,-0.0186836)
(0.0182104,0.0622901)
(-0.0208171,-0.0202001)
(0.0232474,0.00709374)
(0.0554618,-0.0193604)
(0.00708502,-0.0107456)
(0.0320788,-0.000128987)
(-0.0913979,-0.0264034)
(-0.0371177,0.0443609)
(-0.00408501,0.0662402)
(-0.0419497,0.0218066)
(-0.0310878,0.0485994)
(0.0334554,-0.00426659)
(0.101521,-0.0558167)
(0.0635482,0.0586009)
(0.097696,0.0520245)
(-0.0680802,-0.0401102)
(-0.0577802,0.000107632)
(-0.0437984,0.016619)
(-0.0405153,0.0298939)
(-0.00134561,0.0196056)
(0.014219,0.000664013)
(0.0114033,0.00962358)
(0.0602851,-0.0327492)
(-0.0252912,-0.0536289)
(0.013936,-0.0368173)
(0.0299972,0.0134877)
(-0.0281559,0.0730419)
(0.0279133,0.08104)
(-0.0252045,0.0334184)
(0.0498978,-0.00633325)
(0.618042,-0.106178)
(0.0658177,0.0569687)
(-0.0370567,-0.0451862)
(0.0105827,-0.028592)
(0.0531826,0.0968716)
(0.0352379,-0.0412856)
(0.0243701,-0.0369509)
(0.0502427,0.0107592)
(0.0525367,-0.0577927)
(0.000964257,-0.0779829)
(0.0357758,-0.0278922)
(-0.0176555,-0.0362293)
(0.0784227,-0.0054374)
(0.0818952,0.0382073)
(-0.00861075,-0.00922615)
(0.044534,-0.0362137)
(0.0413486,-0.0362282)
(0.00272485,-0.0403161)
(-0.0114593,-0.0302655)
(-0.0160025,-0.0255027)
(-0.0432174,0.0431158)
(0.00285648,0.0019788)
(-0.00775319,0.0153566)
(-0.0558622,-0.00436618)
(-0.0230081,-0.0155787)
(-0.0127077,0.0189314)
(-0.0361635,-0.114892)
(0.0322533,-0.0952559)
(0.0107609,-0.0560039)
(0.0113999,-0.0416168)
(-0.0150969,-0.0232026)
(0.0604064,-0.0476621)
(-0.0515489,0.00791054)
(0.028064,-0.0763425)
(0.0727002,-0.0396739)
(0.0717044,-0.0889879)
(0.0183092,-0.100356)
(-0.0399469,-0.143718)
(-0.0454482,-0.00570022)
(0.0649747,-0.0453502)
(0.0915945,-0.0202731)
(-0.0354716,0.070209)
(-0.0636879,0.0326246)
(-0.0217366,0.0473178)
(-0.0110593,-0.0473995)
(0.00654203,0.00848638)
(-0.0244458,0.0792468)
(-0.0367486,0.105822)
(0.00749562,0.029754)
(-0.087207,-0.0319995)
(0.0149786,-0.021297)
(0.0436931,0.0233595)
(-0.0198079,-0.0932187)
(0.0165991,-0.0219246)
(0.472043,-0.0702802)
(0.0312433,-0.0592736)
(0.0565734,-0.001327)
(0.00563613,0.044117)
(0.00130043,-0.0286925)
(0.0304471,0.0454442)
(0.0133628,0.0528602)
(0.0446044,0.0599648)
(0.0355574,0.0236299)
(0.0609703,-0.0259587)
(0.0157748,0.00332517)
(0.030493,-0.00405481)
(0.0393446,-0.0111381)
(0.0287548,0.040616)
(-0.0470666,0.0925603)
(-0.0224097,0.012755)
(0.0584362,0.0575652)
(0.0658844,0.0170623)
(-0.0165831,0.0368475)
(0.0297501,0.0313176)
(-0.0220517,-0.00526132)
(0.0106592,-0.0753364)
(-0.00553458,-0.0493283)
(-0.0122258,-0.136051)
(0.0942585,0.00116101)
(0.556,-0.114695)
(0.462665,-0.0822796)
(-0.00227949,0.125546)
(0.447611,-0.0589055)
(0.0645139,-0.0680845)
(0.435577,-0.0575073)
(0.27723,-0.137224)
(-0.00395682,0.0421107)
(0.505484,-0.131176)
(0.555959,-0.105858)
(0.538069,-0.0951761)
(-0.0143792,0.0520074)
(-0.0485888,0.0431888)
(-0.0439067,0.00331348)
(-0.0531914,0.0183881)
(0.027118,0.056859)
(-0.0235684,0.0143053)
(-0.0335035,0.0364276)
(-0.051049,0.0215675)
(-0.0465837,0.00755022)
(0.0131281,-0.0637453)
(0.0372748,0.00231825)
(0.0414067,-0.0417185)
(-0.0444945,0.0400937)
(-0.0362967,-0.00841203)
(0.0346823,0.0453676)
(-0.0244321,-0.081236)
(-0.0461174,0.0720449)
(-0.0343737,0.0323288)
(0.0190421,0.0226015)
(0.00924216,-0.0259457)
(-0.0356447,-0.0882478)
(-0.00112756,0.0236901)
(-0.0363833,-0.0401016)
(0.0184523,-0.0161618)
(-0.000404189,0.0244716)
(0.0272323,-0.0103696)
(0.037437,0.0865635)
(-0.0303605,-0.00390748)
(0.0108705,0.0376074)
(-0.00922141,-0.00607785)
(0.020464,0.0361582)
(-0.00751041,-0.0344235)
(-0.0151298,-0.0281947)
(-0.0401829,-0.0358551)
(-0.0317693,-0.0137928)
(-0.0293755,-0.0686281)
(0.00505251,0.0255207)
(0.553232,-0.258026)
(0.0368629,-0.0322255)
(0.00519605,0.0078193)
(0.00205554,0.00389392)
(0.0130234,-0.00356607)
(0.0151721,0.0624204)
(-0.0190274,0.050125)
(0.442884,-0.132943)
(0.6336,-0.18632)
(0.453224,-0.107554)
(-0.0231272,-0.00428696)
(0.406693,-0.0755793)
(-0.00490863,0.0250682)
(0.0898399,-0.0296376)
(0.00860829,0.0462558)
(0.0143452,0.010906)
(0.184952,-0.0858229)
(0.00254473,0.0214335)
(-0.00794173,0.0487406)
(-0.0263192,0.0271787)
(0.109227,-0.0585234)
(0.0281354,-0.000825666)
(-0.120348,-0.0292006)
(0.443759,-0.0704033)
(0.00661744,-0.000293149)
(-0.0469017,0.014456)
(-0.0169648,0.0154502)
(0.0198941,0.0384055)
(0.0116839,-0.00956708)
(9.69905e-05,0.0575654)
(0.0644852,-0.059309)
(0.00244551,0.045539)
(0.0654294,0.0248607)
(0.194999,-0.045333)
(0.068768,0.0244717)
(0.0206826,0.00928313)
(-0.0683386,0.0597427)
(-0.0936005,0.0191481)
(0.00557826,0.0730437)
(0.0153202,-0.00828407)
(0.00635269,-0.0533248)
(-0.0430702,0.0327218)
(-0.0107081,-0.0153485)
(0.00770496,-0.00839988)
(0.0150575,0.00929262)
(-0.0137738,0.0446119)
(0.0582621,0.0463661)
(0.0309312,0.0500036)
(0.0255339,0.0355518)
(0.0209831,-0.0114101)
(0.0476913,0.0151446)
(0.0179853,-0.1118)
(0.0285948,0.0338803)
(-0.0586873,-0.0225201)
(0.0298901,0.114806)
(-0.00276581,0.038252)
(0.0329025,-0.125713)
(0.0825921,0.0732439)
(0.0117062,0.0468096)
(0.0612198,-0.0845738)
(0.00257353,0.0532084)
(-0.0450803,-0.0102471)
(-0.0237251,-0.0429777)
(-0.0163597,0.0588408)
(-0.0595602,-0.0305434)
(-0.0501803,-0.0156329)
(0.0589163,0.0580631)
(-0.0303837,-0.0206564)
(-0.103996,0.0770233)
(-0.00302765,0.00961704)
(0.00147146,0.0297363)
(-0.0292186,0.00849297)
(0.0463898,-0.00316296)
(0.00259173,0.0366989)
(0.136933,-0.0829669)
(0.0873983,0.000849258)
(-0.0252138,-0.0637537)
(-0.0385972,0.0552339)
(-0.0529238,-0.0971125)
(-0.0146706,0.0984619)
(-0.0340457,0.0195414)
(0.0623446,0.0788646)
(0.0631001,0.0883305)
(0.011088,-0.0284038)
(0.019867,0.0432075)
(-0.051644,0.00867218)
(-0.0238176,0.0753797)
(0.0156436,0.010158)
(-0.0567469,-0.0402168)
(0.0178825,-0.100478)
(0.0839332,-0.020487)
(0.041494,0.0568226)
(0.0238004,0.0570154)
(-0.0468087,0.0408099)
(-0.0566612,-0.0218292)
(-0.0137106,-0.0325458)
(0.0543304,-0.012092)
(0.0577903,-0.037557)
(0.455263,-0.0961136)
(0.0252364,-0.00167989)
(-0.0575421,-0.0486863)
(0.0129626,-0.019079)
(-0.0332612,-0.032859)
(0.00602415,-0.0591937)
(0.0492721,-0.0341949)
(-0.0317534,0.0173153)
(0.0247948,-0.0467314)
(0.549909,-0.13172)
(0.0312128,-0.101954)
(0.0543296,0.00647724)
(0.0614523,-0.0640274)
(0.522423,-0.125275)
(-0.0250836,0.00132129)
(-0.0406068,-0.00592218)
(0.0418304,0.0146234)
(-0.0177019,-0.00649257)
(-0.0379066,-0.0141627)
(0.0146509,-0.0220027)
(-0.0522968,-0.0204179)
(0.310705,-0.0818559)
(0.166332,-0.0852738)
(0.0175682,-0.00719144)
(-0.0135789,0.0383204)
(-0.0476516,-0.0634948)
(0.0422496,0.0751047)
(-0.0122799,-0.0821524)
(0.398983,-0.0486647)
(-0.0454961,-0.0164994)
(-0.00878337,0.0104979)
(0.00536468,-0.00230227)
(0.0294366,0.00196211)
(0.0715501,-0.016426)
(0.015313,0.0098342)
(0.491228,-0.106322)
(-0.0242441,-0.0050759)
(0.492831,-0.087792)
(-0.0788563,0.0628113)
(-0.0583852,-0.0232871)
(-0.00936021,-0.0551685)
(0.0326189,0.0333068)
(0.479403,-0.195698)
(0.104113,0.00793881)
(0.28556,-0.1136)
(0.0296436,-0.0173752)
(-0.0264524,0.00513278)
(-0.0609211,-0.00755821)
(0.207023,-0.0344734)
(0.268258,-0.104189)
(0.000118275,0.0125818)
(-0.0118698,0.0100714)
(0.306487,-0.12899)
(-0.0250972,0.016614)
(-0.0748348,-0.0299238)
(0.239209,-0.0973075)
(-0.0461849,0.0207124)
(-0.0116297,0.0217152)
(0.349802,-0.0812166)
(-0.0709644,-0.0743329)
(0.151569,0.00118157)
(0.208095,-0.0573613)
(0.0226952,0.0589001)
(0.225689,0.01496)
(0.0723884,-0.0575514)
(0.00983545,-0.0513812)
(-0.0202332,0.0495012)
(-0.0769222,0.0322222)
(-0.0138846,-0.00131159)
(0.0642277,-0.0615016)
(0.0297947,-0.0353947)
(0.0437511,0.0617977)
(-0.0447386,0.067418)
(0.06136,0.0578848)
(-0.0371355,0.0138474)
(0.0851495,0.0760521)
(-0.0966375,0.0205144)
(-0.025358,0.0378048)
(-0.0252198,0.0269786)
(-0.0265816,-0.0335662)
(-0.0338192,-0.0123952)
(0.308566,-0.0810934)
(0.0118938,0.0806872)
(0.00545195,0.0474346)
(0.113291,-0.0638966)
(-0.134834,0.0513192)
(-0.0743752,0.0308083)
(0.540833,-0.0802142)
(-0.00779305,0.0144635)
(0.557795,-0.127225)
(-0.0338281,-0.0250152)
(0.0147175,0.0141187)
(0.189864,-0.101756)
(-0.0423193,-0.00206945)
(0.0209035,0.0165588)
(0.452225,-0.122586)
(-0.0368611,-0.0245779)
(0.0583738,0.0456895)
(0.0068265,0.00226211)
(0.00498068,0.0944458)
(0.140727,0.0427359)
(0.0332669,-0.0645958)
(0.114418,-0.0383543)
(0.0473409,-0.0386143)
(-0.117701,-0.0471427)
(0.236067,-0.157241)
(0.0225899,0.0363446)
(0.299527,-0.145608)
(-0.0209254,-0.0694839)
(-0.0418065,-0.0203795)
(0.467555,-0.116207)
(-0.0721075,0.103422)
(0.00207134,0.0519264)
(-0.0298751,-0.0116095)
(0.381377,-0.0809921)
(0.0101561,-0.0180512)
(-0.0449781,-0.0498197)
(0.0612342,0.0347175)
(0.00499363,0.0341742)
(0.0378268,0.0365245)
(0.0861817,0.0141272)
(-0.123794,0.0162366)
(0.0252432,-0.00332519)
(-0.0411751,0.026647)
(0.0831127,-0.0461129)
(-0.0760845,0.0336626)
(0.00252216,0.0482861)
(0.0775475,0.0279372)
(0.0684413,0.0435257)
(0.051878,-0.0736632)
(-0.042821,-0.0676641)
(0.0186161,-0.0911934)
(0.01874,-0.0135145)
(0.00744247,-0.0421827)
(-0.0123163,0.0166018)
(0.0510552,0.0175411)
(0.0612206,0.0151768)
(0.0353522,0.078336)
(0.0114648,0.016526)
(0.0175046,0.0311443)
(-0.0190435,-0.0790208)
(-0.0621918,-0.113524)
(-0.0763631,-0.11545)
(-0.0447031,-0.0596373)
(0.0139358,-0.0129288)
(0.0200819,-0.0197363)
(0.0169898,-0.00103348)
(0.457533,-0.11154)
(-0.0675583,0.00328384)
(0.0286683,0.0110043)
(0.000153379,0.00306386)
(0.413099,-0.0721333)
(0.031857,-0.00568885)
(0.0224675,-0.0296899)
(-0.0136819,-0.0265921)
(0.0114348,-0.000282333)
(0.014791,-0.0172461)
(-0.0140503,-0.0448623)
(0.049026,-0.00702587)
(0.385535,-0.0870354)
(0.0295288,-0.0237553)
(-0.10798,-0.0328916)
(0.621442,-0.14009)
(0.0142571,0.00639495)
(-0.00357418,0.0119215)
(0.0296284,-0.0557787)
(0.449175,-0.0808514)
(0.0546406,0.0299872)
(-0.0586935,-0.0551757)
(-0.0104079,-0.0605991)
(-0.120061,-0.0110884)
(-0.000585097,-0.0190001)
(-0.080347,-0.0796774)
(-0.00683716,-0.053122)
(-0.014911,0.0371013)
(0.00535785,-0.0366168)
(0.00199006,-0.0611508)
(0.00743843,-0.049059)
(0.436719,-0.0489633)
(0.0552016,0.00981979)
(-0.0457487,0.0460365)
(-0.0387076,-0.0182968)
(0.00469685,0.00142577)
(0.00457654,-0.0639281)
(-0.022673,0.062654)
(-0.0187971,-0.0599845)
(-0.00556494,-0.00125274)
(0.00470241,-0.0780354)
(0.00432405,0.0400632)
(0.0141279,0.0733365)
(0.417723,-0.0961784)
(-0.00847879,0.0109341)
(0.00356313,0.00288297)
(-0.0141189,0.0725618)
(0.0220126,-0.0287191)
(-0.0612428,0.102538)
(-0.0110731,0.00475232)
(0.149049,-0.168764)
(0.206265,-0.105108)
(0.1491,-0.149978)
(0.0133628,0.00949637)
(-0.0110463,0.0262202)
(0.609101,-0.166749)
(0.3446,-0.132002)
(-0.015171,0.0192573)
(0.404876,-0.0786669)
(0.476666,-0.0453224)
(0.199446,-0.108494)
(0.0525407,-0.0140489)
(0.0408666,-0.019404)
(0.036134,0.0450474)
(0.0865178,-0.00555577)
(-0.00595349,0.0378185)
(0.00869271,0.0567836)
(-0.0866284,-0.00118175)
(0.0786618,0.00254178)
(-0.0918253,0.0226496)
(-0.0247039,-0.0449932)
(0.0474371,-0.0195628)
(0.477035,-0.134617)
(-0.0433422,0.0430021)
(0.00523478,-0.0123358)
(-0.0484747,0.0170169)
(0.539837,-0.0928814)
(-0.0404563,0.085055)
(-0.00969764,0.00539765)
(0.540316,-0.165583)
(0.51204,-0.0800889)
(-0.0277463,0.0257432)
(0.343754,-0.0781837)
(-0.00153079,0.0580276)
(-0.0381479,0.0930166)
(0.472273,0.0183776)
(0.264898,-0.0834417)
(0.399366,-0.104628)
(0.477326,-0.0485072)
(0.0359507,-0.0087869)
(0.75627,-0.0294419)
(-0.0424701,0.013121)
(-0.0217775,0.0838209)
(0.0636415,0.00313398)
(0.166155,-0.0526554)
(-0.0405284,0.0575724)
(0.0978508,-0.0655879)
(0.0147399,-0.00464682)
(0.0246882,-0.000133106)
(0.0309585,-0.0109474)
(0.0177445,0.00391391)
(0.0591368,-0.00432168)
(-0.0162706,0.0429391)
(0.0695833,0.0477819)
(0.107418,-0.0468229)
(-0.0876966,0.0032721)
(0.0265875,-0.0609368)
(0.0356797,0.0452443)
(0.0303528,0.0432762)
(0.0131885,0.0125695)
(0.461414,-0.0739339)
(-0.0519587,0.113339)
(0.0232361,0.0069946)
(-0.00312378,-0.0167146)
(0.00533263,0.0306353)
(0.0505882,0.0101619)
(0.0167167,0.0323855)
(-0.0378622,-0.093769)
(-0.0312036,-0.0249504)
(0.55013,-0.0903857)
(-0.0230476,0.011334)
(0.332895,-0.0386231)
(-0.00103168,0.0182175)
(0.0459307,0.0358554)
(0.00689855,0.00868336)
(0.11061,-0.0315977)
(-0.0243046,-0.0405266)
(0.0317664,-0.101141)
(0.0353598,-0.0341716)
(0.0203942,-0.0420608)
(0.0412451,0.027582)
(0.0279377,-0.032867)
(0.0641028,0.00552442)
(0.0352034,0.0396492)
(0.476748,-0.131287)
(0.279264,-0.0547178)
(-0.0153515,-0.0312466)
(0.0401767,-0.0384652)
(0.0344054,-0.0256867)
(0.0616931,-0.0475931)
(0.454854,-0.154249)
(0.0490504,0.0499135)
(0.0893658,0.0218996)
(0.0825547,0.0560527)
(0.0742042,0.0113944)
(0.324324,-0.163699)
(0.071732,0.0271911)
(-0.0375301,0.000611281)
(-0.0225561,0.00212847)
(-0.0143275,0.0182602)
(0.500761,-0.0723712)
(0.0337301,-0.0246016)
(-0.0183451,-0.00420465)
(0.0485955,0.0752257)
(0.0287867,0.014993)
(0.0432027,-0.00341879)
(0.47392,-0.0921377)
(0.400688,-0.136468)
(0.657401,-0.0815973)
(0.0351892,-0.0596223)
(0.0504896,-0.0149566)
(0.485323,-0.058786)
(0.043069,-0.0335159)
(0.0906281,-0.0824063)
(0.27698,-0.208815)
(-0.0602723,-0.058302)
(-0.058975,-0.0011822)
(-0.0517997,-0.0294249)
(-0.0655068,0.0401652)
(-0.0192051,0.0226419)
(0.145562,-0.057428)
(0.166352,-0.117404)
(0.279634,-0.142377)
(0.272807,-0.0468007)
(0.62878,-0.170093)
(-0.00289029,-0.0332555)
(-0.0783595,0.0138523)
(-0.0294493,0.00559046)
(0.0965023,0.0912882)
(0.547256,-0.0728379)
(0.540212,-0.13826)
(0.00855461,-0.010433)
(-0.0356072,-0.0529398)
(0.00338423,-0.0444947)
(0.575244,-0.182136)
(-0.00756746,0.0853487)
(0.0680344,0.0358927)
(-0.0541573,-0.00517613)
(0.596912,-0.0825582)
(0.0633451,0.0474208)
(-0.0510234,0.0666644)
(0.547242,-0.114892)
(0.51415,-0.121546)
(-0.0186786,0.0591309)
(-0.00914184,0.0300679)
(-0.0426274,-0.043421)
(0.00951275,-0.0293306)
(0.0257483,-0.0505012)
(-0.00178786,0.0126294)
(0.0280178,-0.0296833)
(0.480364,-0.148272)
(0.68301,-0.0250902)
(0.600531,-0.121164)
(0.534905,-0.059053)
(0.450447,-0.102349)
(0.176721,-0.103143)
(0.287657,-0.0287354)
(0.186393,-0.0634748)
(0.186278,-0.0926757)
(-0.0224886,-0.0309884)
(0.0186388,-0.0587067)
(0.281876,-0.0503581)
(0.536412,-0.147459)
(0.527028,-0.123844)
(0.432297,-0.061916)
(0.521846,-0.137484)
(0.00791741,0.054142)
(0.537907,-0.0714604)
(-0.053576,0.0854908)
(0.0115337,-0.0137565)
(-0.00833123,-0.04101)
(-0.0243034,0.0692867)
(-0.0437983,-0.027305)
(-0.00467791,-0.0598635)
(-0.0275107,0.0122039)
(0.0307358,-0.0197063)
(0.0274762,0.0781602)
(0.402527,-0.0973024)
(-0.0025676,-0.0449973)
(0.497183,-0.206623)
(0.456027,-0.0201029)
(0.465751,-0.164469)
(-0.0305766,-0.00776926)
(0.0682484,0.0863922)
(-0.0388366,0.000357639)
(0.553098,-0.101147)
(-0.0205895,-0.0795133)
(0.0238539,-0.00652823)
(0.321294,-0.131376)
(0.256668,-0.133909)
(0.520615,-0.0933949)
(0.374453,-0.0491136)
(0.59401,-0.242007)
(0.479534,0.0517261)
(-0.0126572,-0.0711785)
(-0.0168725,-0.0686548)
(0.00373838,0.0220658)
(0.0347875,0.0817093)
(0.0248784,0.0892619)
(-0.0170738,-0.0229471)
(0.0282725,0.00114571)
(0.311413,-0.117494)
(0.187391,-0.0360914)
(-0.0243233,-0.00147205)
(0.195451,-0.0321281)
(0.000653068,-0.0312667)
(0.503305,-0.115213)
(0.522009,-0.0174432)
(-0.0536777,0.0352397)
(0.0618578,0.0487386)
(0.0781338,0.0308127)
(0.0589765,-0.0531517)
(0.460223,-0.228207)
(2.88622e-05,-0.0650499)
(0.164314,-0.108498)
(-0.0492647,0.0855738)
(0.286783,-0.124147)
(0.0114472,0.058657)
(0.329587,-0.0562071)
(0.00454918,0.0404046)
(0.0296353,0.0377281)
(0.0194891,-0.0113913)
(0.0118702,0.00983835)
(0.483704,-0.0674286)
(-0.0132749,0.0179171)
(0.49013,-0.117229)
(0.464126,-0.0809082)
(-0.0327773,0.0169478)
(0.479737,-0.0441265)
(0.588276,-0.0114105)
(0.542005,0.0149348)
(0.0235619,0.00213358)
(0.489718,-0.142097)
(-0.0683123,0.0513986)
(-0.056859,0.0382172)
(-0.0313329,0.0723261)
(-0.0418973,0.00838266)
(-0.0383253,0.0710802)
(-0.0406251,0.000192065)
(-0.0534498,0.0263324)
(0.716681,-0.0125725)
(-0.0544643,0.00845508)
(0.112898,-0.0283338)
(0.419514,-0.128536)
(0.451612,-0.110826)
(-3.99409e-05,0.0139274)
(0.0501958,-0.0154199)
(-0.0140067,-0.000223515)
(0.39805,-0.153288)
(-0.0438716,0.00589213)
(0.48345,-0.225939)
(0.371148,-0.10765)
(-0.0677098,-0.02161)
(-0.0228773,-0.0172993)
(0.524932,-0.0235217)
(-0.0737466,-0.0221703)
(-0.00542005,-0.0171366)
(-0.0321551,0.0576489)
(0.452389,-0.112795)
(0.452831,-0.0981685)
(0.221245,-0.140978)
(0.44893,-0.140924)
(0.482873,-0.0655418)
(0.0936431,-0.0101488)
(0.502669,-0.0984444)
(0.601722,-0.0175147)
(0.0374012,-0.104413)
(0.509332,-0.0313541)
(0.0450122,0.0765526)
(0.499295,-0.0761776)
(0.0831712,0.0142529)
(0.00644233,0.0461554)
(-0.0176841,-0.0134096)
(0.0555681,0.0350623)
(0.0076385,0.0878182)
(0.0663988,0.100175)
(0.0265024,0.0722935)
(0.0511658,0.025403)
(0.130573,-0.0729876)
(0.029298,0.0108557)
(-0.0270457,-0.0135189)
(0.0256295,0.0389561)
(0.00505706,0.00314513)
(0.00607507,0.0301417)
(0.0268372,0.0078446)
(0.0264633,0.0612839)
(0.127576,-0.0965548)
(0.00113688,-0.00831453)
(0.0464625,-0.0300238)
(0.616086,-0.0711618)
(0.382912,-0.173295)
(-0.0210497,0.02296)
(0.0866417,0.148307)
(0.0128694,0.123779)
(0.14123,0.0273309)
(-0.037868,-0.0146861)
(0.100279,-0.00757877)
(0.222874,-0.0938886)
(0.639366,-0.143901)
(0.566797,-0.128275)
(0.0204903,0.0646648)
(0.0741546,-0.0503542)
(0.543385,-0.138121)
(0.0375803,0.0588176)
(0.0468311,0.0315895)
(0.0811345,-0.0157025)
(0.506271,-0.0269867)
(0.0798913,-0.0598681)
(0.235423,-0.160324)
(0.00740144,0.000897822)
(0.129494,-0.126076)
(0.181092,-0.0702579)
(0.280035,-0.0530544)
(0.335113,-0.0986495)
(0.0694286,0.0439231)
(-0.0429291,0.0668503)
(0.378215,-0.125406)
(-0.0484689,0.089745)
(0.0150169,-0.00325334)
(0.0346275,-0.036237)
(0.482034,-0.170905)
(0.0113858,-0.0298701)
(0.420896,-0.11657)
(0.0285962,-0.00838998)
(-0.00986778,0.0270152)
(-0.00894836,-0.0234248)
(-0.00899936,0.0456621)
(-0.0247427,0.0107739)
(0.00187144,0.0291543)
(0.02467,0.0251222)
(-0.0232797,0.0167129)
(-0.0416868,0.0876387)
(0.52874,-0.116815)
(-0.0125736,-0.0120948)
(0.0487332,0.0326416)
(0.510618,-0.0547822)
(0.0908449,0.0192728)
(-0.00795788,0.0369303)
(-0.00634619,0.0114722)
(3.52103e-05,0.0230915)
(-0.0632201,0.0679874)
(0.113403,-0.0858055)
(-0.0118666,0.0718598)
(-0.0465251,-0.0455156)
(-0.0487479,-0.0832975)
(0.0434583,-0.0249157)
(-0.0480021,-0.0388172)
(0.481403,-0.000141905)
(-0.0458338,0.0706166)
(0.63084,-0.126481)
(0.365562,-0.143059)
(0.493558,0.0105759)
(-0.0431141,-0.00450815)
(0.379786,-0.00708006)
(0.39252,-0.153475)
(0.369925,-0.0584702)
(-0.0669297,0.0455687)
(0.0092379,0.0559565)
(-0.0826411,0.0592325)
(-0.0133655,0.0176387)
(0.576116,-0.186752)
(0.568802,-0.11928)
(-0.0597527,0.0058236)
(-0.0340895,-0.00162504)
(0.00844566,0.0120425)
(0.0490375,-0.00343286)
(0.329652,-0.0749306)
(0.0487701,-0.00721394)
(0.0362498,0.0311381)
(0.0191814,0.0277275)
(0.0736145,0.00177018)
(0.375608,-0.0745565)
(-0.068786,-0.0936189)
(0.454725,-0.0337185)
(0.022468,-0.000446851)
(0.0593459,0.0798919)
(0.0950662,0.0446992)
(0.653224,-0.157617)
(0.0130116,0.0046915)
(0.290886,-0.109171)
(0.54165,-0.127128)
(-0.0449138,-0.00942209)
(0.00348724,0.0272802)
(0.121785,-0.0880318)
(-0.0176015,0.0790405)
(-0.0869236,0.025585)
(0.0410832,-0.126965)
(0.377045,-0.16773)
(0.252406,-0.189937)
(0.0689015,-0.0479605)
(0.0145329,0.00642693)
(0.0187363,-0.024859)
(-0.12838,0.0658989)
(0.0263778,0.0134773)
(0.00121944,-0.0301932)
(0.418984,-0.0871715)
(0.536088,-0.0876878)
(0.625745,-0.0621888)
(-0.0343177,-0.0385954)
(0.347781,-0.0660011)
(-0.0466122,0.0214109)
(0.0505806,0.00659236)
(0.0483614,-0.0028363)
(-0.0197012,0.134618)
(-0.0189989,0.027149)
(0.0611225,-0.068615)
(0.259517,-0.0712385)
(0.574824,-0.104744)
(0.546548,-0.124022)
(0.12356,-0.091625)
(0.53008,-0.153085)
(0.0397709,-0.157584)
(0.436479,-0.180912)
(0.477307,-0.0818045)
(-0.0185389,-0.0950054)
(0.469416,-0.125783)
(0.451538,-0.144778)
(0.54061,-0.146251)
(0.408246,-0.11769)
(0.524699,-0.0832878)
(0.132104,-0.0586229)
(0.276533,-0.132972)
(0.217168,-0.0471656)
(0.434541,-0.0697039)
(0.0240309,-0.0539144)
(0.521513,-0.0518073)
(0.348408,-0.154671)
(0.0180733,0.00170378)
(-0.0672486,0.00628738)
(-0.0902893,0.0755603)
(-0.0632652,-0.0739492)
(0.429403,-0.163054)
(-0.0230794,0.025245)
(0.468069,-0.145825)
(-0.0151618,0.0202154)
(0.247618,-0.0439385)
(-0.0130233,-0.0487744)
(-0.0257651,-0.0451718)
(0.43941,-0.121706)
(0.0313413,0.101875)
(0.0851953,-0.0565444)
(0.53015,-0.144262)
(0.0326963,-0.0373534)
(-0.00967778,-0.0456668)
(-0.0572224,0.0416351)
(-0.067748,-0.0246599)
(-0.0476042,0.0393043)
(-0.00705681,0.00477693)
(0.570054,-0.142819)
(0.570578,-0.16289)
(0.44998,-0.0987433)
(-0.0343424,-0.0811322)
(0.0131957,0.0501673)
(0.353984,-0.200267)
(-0.00160108,0.0307885)
(0.00724258,-0.0135052)
(0.0194009,-0.0489169)
(-0.0369065,-0.0509348)
(0.560464,-0.129651)
(0.442844,-0.0437738)
(0.513056,-0.106699)
(0.423001,-0.0480091)
(0.396378,-0.0832998)
(-0.0909471,-0.0391364)
(0.415406,-0.0471959)
(0.303772,-0.115592)
(-0.0590512,-0.107096)
(0.375144,-0.0789439)
(0.503223,-0.10414)
(0.0110449,-0.0651816)
(0.00224576,0.0840895)
(0.543993,-0.121184)
(0.0234739,0.00364487)
(0.0621799,-0.0217292)
(0.422046,-0.133005)
(0.0532761,-0.000562013)
(-0.0273926,-0.0477457)
(0.0502366,0.0338955)
(0.0774329,-0.0347192)
(0.498354,-0.0710739)
(-0.024106,0.0447465)
(-0.0807013,0.100463)
(0.00483978,0.0319837)
(0.387101,-0.0697439)
(-0.0286696,0.0507026)
(0.00454877,0.0191361)
(-0.0465656,0.0679327)
(0.0817929,-0.0430963)
(-0.035036,-0.0825757)
(0.0294605,0.00932144)
(0.113692,0.0329185)
(0.102944,0.0183174)
(0.0107708,0.0662338)
(0.0700616,0.0716057)
(0.0964263,0.0748193)
(0.510847,-0.081385)
(-0.0756042,0.0324988)
(0.534412,5.52256e-05)
(-0.0129645,0.00106869)
(-0.0447424,-0.0689342)
(0.188556,-0.116851)
(0.530499,-0.137364)
(0.33007,-0.111164)
(-0.0861806,0.0518411)
(-0.0116094,-0.0309958)
(0.0569702,-0.0199362)
(0.0279421,-0.0392981)
(0.00998491,-0.000353797)
(-0.0217306,0.0148448)
(-0.0456766,-0.0293076)
(0.0200525,0.0178271)
(-0.0570735,-0.0203082)
(0.016802,0.0536624)
(0.0242343,-0.0342441)
(0.388095,0.0546763)
(-0.00151426,0.0559376)
(0.0539043,0.00569353)
(0.0218593,0.0202829)
(0.0277194,0.0276901)
(0.188852,-0.0538081)
(0.119892,-0.0710546)
(-0.00620806,0.0410346)
(0.108395,-0.103633)
(0.526457,-0.0577289)
(-0.0508991,-0.116984)
(0.446034,-0.0719536)
(-0.000870794,-0.166977)
(-0.00997975,0.0350672)
(0.103354,-0.0289197)
(0.0525957,-0.0787258)
(0.0861525,-0.0356705)
(-0.0455793,-0.0179269)
(0.018412,-0.0097293)
(-0.0425967,-0.0466244)
(-0.0400856,0.0455253)
(0.00691572,-0.0084036)
(0.341797,-0.149747)
(0.35484,-0.133823)
(0.0420999,0.00917226)
(0.157293,-0.0321369)
(0.179024,-0.0277637)
(0.590104,-0.0982632)
(0.0230081,0.0109872)
(0.128333,-0.0249078)
(0.502819,-0.151329)
(0.144971,-0.000669065)
(0.112386,-0.10134)
(-0.0324457,-0.0253961)
(-0.00500646,-0.0579052)
(0.100105,-0.0510238)
(-0.0405487,-0.00597159)
(0.431165,-0.05828)
(0.379014,-0.123657)
(0.0132091,0.00197214)
(0.0447291,0.0108992)
(0.168599,-0.0921031)
(0.0515614,-0.046752)
(0.130268,-0.0548173)
(-0.00978274,0.043439)
