1620
(-0.0236781,-0.12284)
(-0.0193653,0.0360962)
(0.055761,0.0593965)
(0.0155668,-0.146208)
(-0.0172215,-0.0282843)
(-0.03101,0.0418289)
(0.0448284,0.0513104)
(-0.0165581,-0.0202)
(0.00178622,0.0154931)
(-0.00388816,0.0335181)
(-0.0507087,0.0435207)
(-0.00251949,0.0211128)
(0.0108052,-0.0419276)
(-0.0172221,0.000177192)
(0.006059,0.0520648)
(-0.0353666,0.0257193)
(-0.0276415,-0.0851504)
(0.0176242,0.0290305)
(0.0192385,0.015983)
(-0.00593882,0.0140177)
(-0.0232644,-0.0172801)
(0.00303899,0.0197898)
(-0.0615721,0.0110772)
(-0.0325282,-0.0449372)
(0.00520039,0.0326061)
(0.0353118,0.0150421)
(-0.0256906,0.0162232)
(0.0739109,-0.0836114)
(-0.0329898,-0.00650201)
(0.0655862,-0.0235055)
(0.0442836,0.0659407)
(0.0441063,-0.0155881)
(-0.00121099,0.0502186)
(-0.0896038,0.0367484)
(0.0545179,0.0298091)
(0.012678,0.0611198)
(0.061032,-0.00703535)
(-0.0142654,0.0288911)
(-0.0499561,0.00178043)
(0.0452197,0.0115651)
(0.030009,-0.0781747)
(0.0821514,0.0112791)
(0.0526238,0.0247835)
(0.12917,0.00363164)
(-0.0378078,0.0653541)
(0.130017,-0.0191715)
(0.0996981,-0.0285737)
(-0.0202196,-0.00134509)
(0.0537082,-0.0610087)
(-0.0143807,-0.0235791)
(0.0411987,0.00386379)
(0.0898017,-0.0280473)
(0.0112541,0.00974402)
(0.0191033,-0.00614723)
(-0.0129949,0.022113)
(-0.0297159,0.0249784)
(0.04921,0.0272982)
(0.0468942,0.0593658)
(-0.0162533,-0.0438207)
(0.0487458,-0.0313553)
(-0.0376437,-0.0150469)
(0.169896,-0.0742679)
(-0.00975725,0.00125681)
(0.396002,-0.0823993)
(-0.0202008,-0.00282156)
(-0.0084627,0.0429575)
(0.000879484,-0.00777801)
(0.0266659,0.0133386)
(0.0301442,0.133926)
(-0.0388811,-0.0681791)
(0.00771139,0.0609584)
(0.00586844,0.053158)
(-0.0216866,0.0683767)
(-0.0416401,0.0296119)
(-0.00468033,-0.00282687)
(-0.090616,0.059661)
(0.00557786,-0.0440015)
(0.00726032,-0.0504134)
(-0.0190077,0.0107353)
(0.0752554,-0.0426472)
(-0.00921094,-0.068065)
(-0.00509379,0.0070879)
(0.0254761,-0.0710854)
(0.0347483,-0.0243951)
(0.0455644,0.0243239)
(0.0142771,0.0178607)
(-0.0335657,-0.030784)
(-0.0388829,0.0101815)
(0.0783461,0.0238402)
(0.0260467,-0.0152708)
(-0.109027,-0.0201382)
(-0.0249354,0.0199527)
(0.457528,-0.0703272)
(0.0133794,0.10638)
(-0.0194694,0.0698561)
(0.571657,-0.0158067)
(-0.0583421,0.0631727)
(0.44553,-0.140125)
(-0.0107451,-0.0949799)
(-0.0482811,-0.0849593)
(0.0645544,0.00542403)
(-0.0751428,-0.0127465)
(0.0447183,-0.0830272)
(-0.00663498,-0.0479973)
(-0.0239345,-0.114384)
(0.440234,-0.0934896)
(0.0228625,0.0646496)
(-0.0746813,-0.00705356)
(0.0113751,0.022495)
(0.0423698,0.0557147)
(0.00312883,0.0316468)
(0.695958,-0.145609)
(0.365099,-0.0354298)
(-0.0113279,-0.0141517)
(0.472897,-0.0451833)
(0.0217426,0.101778)
(0.00529691,0.0828108)
(0.630338,-0.0977935)
(0.00630007,0.00987997)
(0.476159,-0.0589912)
(0.428155,-0.0618521)
(0.0237999,0.0498195)
(0.386592,-0.0751144)
(0.281395,-0.119099)
(0.276024,-0.0834718)
(0.0132807,-0.0266906)
(0.05405,-0.0193977)
(0.00399069,0.0503124)
(0.356874,-0.130902)
(0.0765464,0.0405413)
(0.11747,0.0692903)
(0.0160666,-0.0114254)
(-0.00470099,-0.0469606)
(-0.00266928,0.0189328)
(-0.00338212,0.013175)
(0.0193194,0.0168047)
(-0.0521485,0.0103736)
(0.00308095,0.0328167)
(0.384027,-0.0896209)
(0.0156175,-0.00647134)
(0.0065894,0.0554652)
(-0.0100536,0.0537575)
(0.0129404,-0.0144148)
(0.0468309,-0.0645672)
(0.0862501,-0.0849357)
(0.0218693,-0.089993)
(0.0139216,-0.000546034)
(0.43208,-0.0910981)
(0.483574,-0.11368)
(-0.0633525,0.00231155)
(0.48484,-0.141822)
(0.199663,-0.0664775)
(0.544521,-0.0314853)
(0.476747,-0.0969344)
(0.466579,-0.0760829)
(-0.0422396,0.0178054)
(0.0783219,0.0489611)
(0.418216,-0.144018)
(0.38216,-0.00787503)
(-0.0137313,0.0017907)
(-0.0292145,0.0283302)
(0.00551242,0.0396456)
(0.0136943,0.0452436)
(-0.0390305,-0.0215473)
(-0.0128689,0.0298569)
(-0.0467558,-0.0282252)
(0.0183301,-0.0403082)
(-0.00659299,-0.0486066)
(0.0368803,0.0280122)
(-0.0189808,0.0800137)
(0.0421002,-0.0135392)
(0.0581555,0.00359799)
(0.420828,-0.164329)
(0.392947,-0.119017)
(0.562636,-0.127937)
(0.496897,-0.0778972)
(0.0630996,-0.0950566)
(0.148161,-0.0289574)
(-0.0845944,-0.0660723)
(-0.11127,0.0504193)
(-0.0586482,-0.046539)
(0.0334227,0.0420234)
(0.00644419,0.00834605)
(0.0147353,0.0460806)
(0.0137348,0.0370634)
(0.00199551,0.0296117)
(0.0322269,0.0138157)
(0.0549866,-0.0965293)
(-0.00355235,-0.0275688)
(0.410575,-0.151518)
(0.479741,-0.0797464)
(0.37922,-0.0855666)
(0.588184,-0.114421)
(-0.0376066,-0.0451704)
(-0.0416834,-0.0344637)
(0.0452533,0.0513215)
(0.0392111,0.0335956)
(-0.0407745,0.0501685)
(-0.0449518,-0.0612925)
(-0.00553576,0.00703822)
(0.0178774,-0.120651)
(0.0730009,-0.100833)
(-0.0466157,-0.0471965)
(-0.0578469,-0.0184617)
(-0.00860648,-0.00875482)
(-0.0408202,0.0244608)
(0.471945,-0.10559)
(0.496504,-0.04098)
(-0.0850319,0.019901)
(0.382123,-0.0992675)
(-0.0366422,-0.00884437)
(0.411543,-0.0889469)
(0.404475,-0.0915111)
(-0.0767709,0.0105723)
(-0.0504758,0.0342064)
(0.0946272,0.0640715)
(0.0726995,-0.0012102)
(0.454424,-0.112604)
(0.573013,-0.137679)
(-0.0108756,-0.0467623)
(0.0012458,-0.016069)
(-0.0336596,0.0103678)
(0.0402594,0.0683918)
(0.717279,-0.171199)
(-0.0495843,-0.0513036)
(-0.0734427,-0.0721618)
(0.418831,-0.16467)
(-0.0394708,0.0619098)
(-0.0219164,0.0350167)
(-0.0713469,-0.0387208)
(-0.0248612,0.00761026)
(0.485624,-0.134022)
(0.468758,-0.181823)
(0.557776,-0.0544153)
(0.504691,-0.0597156)
(-0.0435637,0.0268848)
(-0.0286621,-0.0486108)
(-0.0140614,-0.0288385)
(0.178166,-0.0626818)
(0.00582967,0.0242149)
(0.0680208,-0.0171995)
(-0.00386903,-0.0545164)
(-0.0137182,0.0665436)
(-0.0206819,0.0708299)
(-0.00166652,-0.0589163)
(-0.0327973,0.0260669)
(0.0786496,-0.00267228)
(-0.00171979,-0.0340233)
(0.0307981,0.00760694)
(-0.036556,0.0263516)
(-0.0473585,-0.0227956)
(-0.0288069,0.0217193)
(-0.0560491,-0.0169647)
(-0.0523019,-0.0405322)
(-0.0403118,0.0194483)
(0.0340554,-0.0578499)
(0.0496094,-0.0118863)
(0.0069786,-0.00361241)
(0.0410117,-0.000668939)
(-0.0207702,-0.0909462)
(0.0606398,-0.107761)
(-0.0212358,0.0148278)
(0.00719774,0.012313)
(-0.0510782,-0.0220717)
(0.518339,-0.0797522)
(-0.0549402,-0.0510618)
(-0.0840103,-0.0972179)
(-0.0222815,-0.0248963)
(0.0245515,-0.00733547)
(0.0590142,0.0292391)
(-0.0133273,0.0180283)
(0.0238365,-0.00574831)
(-0.0662616,-0.017834)
(-0.0458127,0.049728)
(0.0119037,0.000172456)
(0.506166,0.00378128)
(9.79434e-05,0.0550342)
(-0.0385274,-0.0116022)
(0.062097,0.057419)
(0.0115411,0.000403394)
(0.0223916,0.0328951)
(0.0320275,0.0565432)
(0.0158706,-0.040449)
(-0.00741975,-0.0658612)
(0.104698,0.0554264)
(0.0388289,0.0295318)
(0.0249962,0.0141939)
(-0.0741663,0.00722364)
(0.0625736,0.0186167)
(0.0987482,0.0236404)
(-0.00486599,0.061272)
(0.0158756,-0.0333087)
(-0.0768754,0.0139452)
(-0.0579909,-0.00549389)
(-0.034358,0.00799924)
(-0.0442989,0.0406514)
(0.0539055,-0.043344)
(0.00408232,0.0316817)
(-0.0568639,-0.0274309)
(-0.0487185,0.00407408)
(0.0123168,0.0357429)
(-0.092962,0.0252171)
(-0.036483,-0.0217397)
(-0.0296512,-0.000494201)
(-0.036109,0.0090894)
(0.00636816,-0.0447131)
(0.065252,0.0332842)
(0.369478,-0.121314)
(0.00325029,0.0158452)
(-0.00418453,0.0254602)
(-0.0417314,-0.0152934)
(-0.0686363,-0.0643924)
(-0.116425,-0.0687419)
(-0.0603169,-0.0332207)
(-0.038015,-0.035651)
(-0.0563304,-0.0161012)
(0.0247089,-0.0843192)
(-0.0625947,-0.083659)
(-0.0514636,-0.0390336)
(0.433383,-0.205035)
(-0.00802651,-0.0283514)
(-0.0321777,0.0175648)
(0.0030691,-0.0219877)
(0.00436631,-0.0227007)
(-0.0194336,-0.0123882)
(-0.00117386,0.0168537)
(0.082811,-0.0685563)
(0.0105267,-0.000977468)
(0.0159358,0.0595385)
(-0.0281631,-0.0468295)
(0.0267542,-0.00566778)
(-0.0241943,-0.0209726)
(-0.0491221,-0.00932392)
(0.0416442,-0.0367917)
(-0.0308157,-0.0715498)
(0.471297,0.0133744)
(0.0341818,-0.0332529)
(0.0690861,0.0553188)
(-0.0985277,-0.055909)
(0.0537691,-0.0353789)
(0.0398367,-0.048562)
(-0.0574103,-0.0619065)
(0.0746168,0.0439137)
(-0.018526,0.00670901)
(-0.0197945,-0.00876783)
(0.0452197,0.0523892)
(0.0411793,0.0411143)
(0.0141784,0.102833)
(-0.0168935,0.00983851)
(0.153707,-0.025946)
(0.396313,-0.103183)
(0.456149,-0.106883)
(0.0973611,-0.0462276)
(0.000782045,0.0197317)
(0.409638,-0.124436)
(-0.0781119,0.102448)
(0.0580312,-0.0382625)
(-0.0353186,0.00234961)
(-0.0454342,-0.0117386)
(-0.00354088,-0.00665177)
(0.260394,-0.113474)
(0.109116,-0.0631888)
(0.0315186,0.0472463)
(-0.0284401,0.00932693)
(-0.0289334,0.00773466)
(0.0267668,0.026457)
(0.449743,-0.173633)
(-0.0491351,-0.0490766)
(-0.0387389,-0.00722153)
(-0.00760443,0.0167082)
(-0.00145115,0.0710896)
(-0.00696218,-0.0528905)
(-0.0166015,-0.027353)
(0.00539218,0.0818605)
(0.459365,-0.105225)
(0.411143,-0.0660105)
(0.0293562,-0.0265003)
(0.0129751,-0.0760999)
(0.0218008,0.0355218)
(0.0682294,0.0390986)
(-0.00828912,0.0380675)
(0.140258,-0.0280566)
(0.352073,-0.110514)
(-0.0374331,-0.0254578)
(0.0338642,-0.0603281)
(-0.0302127,0.0235838)
(0.0638834,0.0105633)
(0.035239,0.0874476)
(0.0136663,0.0239583)
(0.0308336,-0.037768)
(-0.00278934,-0.0752355)
(0.0382864,0.0169056)
(0.00942264,-0.0223822)
(-0.0388259,-0.063051)
(0.0391944,0.0842013)
(0.0671847,0.052005)
(-0.0718476,-0.0224064)
(-0.0160159,-0.0879244)
(0.0255017,0.0413344)
(0.0462935,0.0126923)
(0.0462015,0.0100879)
(-0.0675426,0.031535)
(-0.0063671,0.0455275)
(0.551319,-0.131658)
(-0.0484283,0.0153738)
(0.00546911,0.0179449)
(-0.0977136,-0.0903301)
(-0.113663,-0.0738907)
(-0.00324619,0.0214491)
(0.0220938,-0.00973547)
(-0.0546296,-0.0348087)
(0.0437103,-0.020453)
(0.00910207,0.09491)
(0.0294213,-0.023118)
(0.451663,-0.124297)
(0.0197247,0.103582)
(0.00767828,0.0339619)
(-0.0319621,0.0181181)
(0.0323805,0.00536058)
(0.0371537,0.0185629)
(-0.0303322,-0.0541005)
(0.0322821,-0.0277315)
(0.0558863,-0.0453867)
(-0.0388181,-0.105727)
(-0.00778739,0.0300332)
(-0.0498913,0.0175594)
(0.413441,-0.108821)
(-0.0672782,-0.0240397)
(0.0106586,0.0299869)
(0.0387998,0.0492111)
(-0.0656409,-0.0540098)
(-0.0598554,-0.0195614)
(0.0141347,-0.00844188)
(0.0661203,0.0434099)
(0.075177,0.0351389)
(0.0595374,0.0314341)
(-0.021802,-0.0569467)
(0.0453674,0.0128439)
(-0.075411,-0.0477229)
(-0.0343051,-0.0731554)
(-0.0042641,0.000635313)
(-0.0266421,-0.0204804)
(0.080847,-0.0171658)
(0.00199658,0.0123195)
(-0.0316682,-0.0309937)
(-0.0115852,-0.0719973)
(-0.0494392,-0.0480207)
(0.0798579,-0.0415931)
(0.0292545,-0.00969494)
(0.207295,-0.130548)
(0.0609096,0.0227116)
(-0.021268,0.0816316)
(0.0223105,0.0604627)
(0.0297208,0.0101041)
(-0.0852564,0.0862547)
(0.00622457,-0.0195163)
(0.00883926,0.0452748)
(-0.0467755,-0.0168515)
(0.0287809,0.0337714)
(0.0117567,-0.0229577)
(0.0171728,0.0312313)
(-0.0585102,-0.0192667)
(0.0272916,0.00969699)
(0.0458338,0.0394246)
(-0.0498734,0.0259967)
(-0.0572767,-0.0197847)
(-0.07849,-0.0449894)
(0.0399198,-0.0092968)
(0.417124,-0.115856)
(-0.103603,0.000824797)
(0.572705,-0.11574)
(0.028098,0.0659191)
(-0.0577144,0.0858069)
(-0.0115179,0.0863324)
(-0.00560512,0.0047602)
(0.0615035,0.0521973)
(0.028373,-0.052877)
(0.00825828,-0.00305177)
(-0.000233244,-0.0141074)
(-0.0426961,0.0718932)
(-0.0060755,-0.0231482)
(0.443492,-0.123262)
(-0.0175321,-0.0295206)
(-0.0135329,-0.0110096)
(0.0821435,0.0297325)
(0.0663584,-0.0290209)
(-0.0343393,-0.0265102)
(0.43069,-0.0565114)
(0.0450268,-0.023251)
(0.0196326,-0.0510429)
(0.707806,-0.0837479)
(0.0450292,-0.041581)
(-0.0566635,0.0208947)
(-0.0250745,0.0292929)
(0.0443417,-0.0167447)
(0.393431,-0.0657167)
(0.510628,-0.175223)
(0.534525,-0.057395)
(0.456884,-0.0853122)
(-0.0417268,0.0115028)
(-0.0659841,0.0224429)
(0.00154802,-0.00632056)
(-0.000350988,-0.0627559)
(-0.0180745,0.030144)
(-0.0601767,-0.0039063)
(-0.0719006,-0.0262833)
(0.0810589,0.0316465)
(-0.0241331,0.0203998)
(-0.0327371,0.0830279)
(0.0129681,-0.0104881)
(0.0486844,0.0121044)
(0.0724494,0.022503)
(0.0621038,0.0271862)
(0.0768616,0.0449571)
(0.0391157,0.00848721)
(0.0862283,-0.0365983)
(-0.0125785,0.00846305)
(-0.0372419,0.101972)
(-0.00752968,0.0745514)
(-0.0109219,0.0113766)
(-0.0343349,0.082291)
(-0.0407301,0.0140593)
(0.00421875,0.0224198)
(0.0291464,0.0690464)
(0.00636403,-0.0212263)
(0.0377643,0.028945)
(-0.0188011,-0.0356875)
(-0.0627182,-0.0415442)
(0.0697668,0.0512519)
(0.0464179,0.0167576)
(0.0273858,0.0623312)
(0.0446898,-0.0155402)
(0.430556,0.0115578)
(0.0360488,-0.00131848)
(0.535743,-0.122557)
(-0.0331682,0.0841505)
(0.0332486,0.0027065)
(-0.0484224,0.00903715)
(-0.0882399,0.0729291)
(-0.00467974,0.0600239)
(-0.0451365,0.00056382)
(0.0141836,0.049985)
(0.027817,-0.0148638)
(0.0318124,-0.00717538)
(0.00603742,-0.00456674)
(-0.0076028,-0.0551826)
(-0.0293702,0.0900788)
(0.014218,-0.0453376)
(0.0245061,0.0426153)
(-0.0572739,-0.00989087)
(-0.0539745,-0.038827)
(0.0560087,-0.0508766)
(0.00277457,-0.0929435)
(-0.0130528,0.0709752)
(0.0273889,0.0408284)
(0.0524666,-0.0200868)
(0.18599,-0.0801814)
(0.0778683,0.0283326)
(-0.0273021,-0.0402463)
(0.00739176,-0.0343752)
(0.0706899,-0.0314848)
(0.407939,-0.0980377)
(0.00528605,0.0818084)
(-0.0303121,0.0804786)
(0.026662,-0.0634317)
(-0.0622471,0.0728343)
(0.0532123,0.0345907)
(0.11676,-0.0304631)
(0.25179,-0.108655)
(0.341899,-0.186406)
(-0.0273838,0.0572552)
(-0.0112813,0.0376807)
(-0.0878573,0.0227715)
(0.192481,-0.119515)
(0.529798,-0.0780054)
(0.0614283,-0.0100404)
(-0.0613446,-0.0472643)
(-0.0151419,0.0246074)
(-0.072113,-0.0228507)
(-0.0313053,0.0463772)
(-0.0393811,0.0220018)
(-0.0153465,0.0313708)
(-0.00803029,-0.00848895)
(0.0407702,-0.00892832)
(0.0582881,0.0272492)
(0.49117,-0.111233)
(0.0397439,0.0152579)
(-0.014506,-0.0310614)
(0.042662,0.0309858)
(0.00265902,-0.0330305)
(-0.0204963,-0.0394032)
(0.0404172,0.00834934)
(0.00788569,-0.0114886)
(0.25159,-0.165258)
(0.0361902,0.0925904)
(-0.0163293,0.0103797)
(0.052026,0.0943632)
(0.026284,-0.0249829)
(-0.0320091,0.0336386)
(-0.0604805,0.00184978)
(-0.00859856,0.0540951)
(0.269784,-0.0883778)
(0.669485,-0.0247556)
(-0.0662933,0.0569038)
(-0.0780526,-0.00036093)
(0.0142006,0.0210317)
(-0.0846605,0.0609535)
(-0.124629,-0.0191916)
(-0.131557,-0.0104511)
(0.0311294,0.0554354)
(-0.0271782,-0.0198694)
(0.0263559,0.0198899)
(0.0698108,-0.0273289)
(0.0170874,-0.0172244)
(0.0368165,-0.00600553)
(-0.0893927,-0.0119345)
(-0.0277379,0.0407334)
(-0.00484423,0.0600671)
(-0.0407774,0.0249524)
(-0.028593,0.0481212)
(0.0341248,-0.00864578)
(0.0908131,-0.0686686)
(0.0602459,0.0602308)
(0.0936914,0.0414138)
(-0.0612173,-0.0474626)
(-0.0600175,-0.0144466)
(-0.0459237,0.0104941)
(-0.0277935,0.0329019)
(0.00334981,0.0136194)
(0.0181573,-0.0034253)
(-0.0017366,0.0013543)
(0.0664994,-0.0178218)
(-0.0199264,-0.0482535)
(0.0203264,-0.0295851)
(0.0263346,0.0203136)
(-0.0233164,0.0639698)
(0.02184,0.0800982)
(-0.0183424,0.0351671)
(0.0521765,-0.00120149)
(0.605436,-0.11215)
(0.0545197,0.0376611)
(-0.0369752,-0.034164)
(0.00467401,-0.0238506)
(0.0681952,0.0905291)
(0.0222564,-0.0390659)
(0.0336532,-0.0258866)
(0.052941,0.0130062)
(0.0493598,-0.0521314)
(-0.00233189,-0.0615306)
(0.0358435,-0.0145386)
(-0.00114567,-0.0338764)
(0.0758491,-0.00217402)
(0.0698627,0.0310425)
(-0.00954944,0.00453561)
(0.0361768,-0.0273402)
(0.0284462,-0.0378597)
(-0.00479556,-0.0311007)
(-0.0139512,-0.0431896)
(-0.0201371,-0.0342637)
(-0.0327035,0.0501146)
(0.0073819,0.00265012)
(-0.0102252,0.0218713)
(-0.0577037,0.00206229)
(-0.0239914,-0.0153079)
(-0.00885955,0.0262196)
(-0.0359543,-0.0993517)
(0.0283205,-0.0904168)
(0.00344263,-0.0521476)
(0.0153266,-0.0342572)
(-0.014995,-0.00701218)
(0.0634248,-0.0465643)
(-0.0491591,0.0219207)
(0.0233674,-0.0727945)
(0.0759917,-0.0385594)
(0.0737537,-0.0883339)
(0.00576404,-0.0885801)
(-0.0484,-0.124779)
(-0.043566,-0.00634622)
(0.0545272,-0.0453436)
(0.085847,-0.026589)
(-0.0317287,0.0663398)
(-0.065356,0.0310807)
(-0.0176841,0.048292)
(-0.0171962,-0.0284669)
(0.00924587,0.00336887)
(-0.0193499,0.0745752)
(-0.0292123,0.0904633)
(0.0150708,0.0364391)
(-0.0839087,-0.0330356)
(0.0125236,-0.0190428)
(0.0509006,0.0188979)
(-0.03448,-0.0848091)
(0.0157854,-0.0267826)
(0.468374,-0.0751776)
(0.0223321,-0.0658747)
(0.0392757,0.00106062)
(-0.00729395,0.0396329)
(-0.01574,-0.0264739)
(0.0276283,0.0361843)
(0.0219296,0.047338)
(0.0455043,0.0504844)
(0.0370631,0.0174704)
(0.0528442,-0.0132272)
(0.0140351,0.00244949)
(0.0273969,-0.00102215)
(0.036899,-0.00888919)
(0.0376926,0.0336584)
(-0.0505476,0.0662548)
(-0.0171139,0.0201396)
(0.0528698,0.0510149)
(0.0750495,0.0212423)
(-0.0267157,0.049176)
(0.0325918,0.0268507)
(-0.034243,0.00741953)
(0.00130943,-0.0737678)
(-0.0124138,-0.0502398)
(-0.0237018,-0.122607)
(0.0909645,0.000902264)
(0.535449,-0.120065)
(0.470847,-0.071464)
(0.0144608,0.127398)
(0.457312,-0.0501082)
(0.0564834,-0.0705896)
(0.440136,-0.0589316)
(0.261784,-0.132617)
(-0.0139449,0.0375577)
(0.498503,-0.13834)
(0.55519,-0.11112)
(0.53628,-0.094442)
(-0.0186781,0.0602576)
(-0.0424047,0.0366791)
(-0.0381505,-0.000160971)
(-0.0531079,0.0148873)
(0.0314767,0.0497424)
(-0.0231935,0.0106456)
(-0.0305657,0.0285132)
(-0.0456016,0.0213993)
(-0.0450282,0.00671706)
(0.00336084,-0.0603826)
(0.0293973,-0.0012004)
(0.030167,-0.0385289)
(-0.0417956,0.0421078)
(-0.0384501,-0.00457525)
(0.0346032,0.0485026)
(-0.0279177,-0.0757171)
(-0.0522278,0.0749351)
(-0.0345591,0.0311556)
(0.00934335,0.0339068)
(0.011877,-0.0253013)
(-0.0362538,-0.0805919)
(-0.00293935,0.0347808)
(-0.0363358,-0.0347147)
(0.018372,-0.0154991)
(-0.000779099,0.0200353)
(0.0256814,-0.00386927)
(0.05066,0.0769188)
(-0.022494,-0.00523736)
(0.0098888,0.0252741)
(-0.00552284,-0.0198222)
(0.0181555,0.034275)
(-0.0101201,-0.0209382)
(-0.0136309,-0.0183523)
(-0.0348921,-0.0412487)
(-0.0211497,-0.020089)
(-0.0243887,-0.0779429)
(0.00218225,0.0162147)
(0.537266,-0.255275)
(0.0256008,-0.0340314)
(0.00322662,0.017379)
(0.00348409,0.0111744)
(0.00963033,-0.0117149)
(0.0125664,0.0577062)
(-0.0154559,0.0472634)
(0.460647,-0.128714)
(0.648269,-0.178871)
(0.451134,-0.120247)
(-0.0256566,-0.00552979)
(0.417846,-0.0861445)
(-0.00829643,0.0195866)
(0.0832838,-0.0201957)
(0.0135622,0.0391221)
(0.0217674,0.00985854)
(0.194593,-0.0828066)
(0.012009,0.0266893)
(-0.00401606,0.0468581)
(-0.0190141,0.0289627)
(0.114014,-0.0554788)
(0.0257343,-0.0027631)
(-0.115345,-0.0273744)
(0.444696,-0.0626618)
(0.00776261,-0.00162893)
(-0.0361535,0.0152809)
(-0.00271111,0.0192873)
(0.0277576,0.0374648)
(0.0236608,-0.0153789)
(0.00152597,0.0527991)
(0.0645226,-0.0621391)
(-0.00339105,0.0443006)
(0.0601488,0.0175646)
(0.193263,-0.0448934)
(0.069611,0.0309671)
(0.0303519,0.00587525)
(-0.048217,0.0549971)
(-0.0835232,0.0250945)
(0.0109156,0.055362)
(0.0233208,-0.00355421)
(0.00389173,-0.0444227)
(-0.0471649,0.0323126)
(-0.00903967,-0.012433)
(0.00868529,-0.0078258)
(0.0110712,0.017616)
(-0.014829,0.0473883)
(0.0538684,0.0503803)
(0.0229207,0.0521774)
(0.0214979,0.0420465)
(0.0211091,-0.0081595)
(0.0369594,0.0039609)
(0.0178413,-0.109305)
(0.0236562,0.0350728)
(-0.0609501,-0.020617)
(0.0419552,0.108658)
(0.000476592,0.0476069)
(0.026947,-0.126847)
(0.0809696,0.0637661)
(0.00555621,0.0434206)
(0.059582,-0.0919654)
(0.0145934,0.0423197)
(-0.0443695,-0.0152729)
(-0.022998,-0.0442599)
(-0.0122212,0.0480665)
(-0.0586671,-0.0280932)
(-0.0632983,-0.0192908)
(0.0502537,0.0455726)
(-0.028316,-0.0289517)
(-0.0916702,0.0722954)
(-0.00488922,0.00626672)
(0.00132477,0.0286753)
(-0.0225545,0.0153022)
(0.0409755,-0.00273929)
(-0.00111915,0.0352009)
(0.121533,-0.0834679)
(0.0774363,0.000795153)
(-0.0291102,-0.0711958)
(-0.0276272,0.0529826)
(-0.0523224,-0.0980964)
(-0.00358406,0.095686)
(-0.0412123,0.0160059)
(0.0792608,0.0696032)
(0.0788269,0.0757151)
(0.010684,-0.0337274)
(0.0220421,0.045677)
(-0.0479303,0.00954407)
(-0.0223713,0.0731648)
(0.0107222,0.00842037)
(-0.044813,-0.0302505)
(0.0147615,-0.0835625)
(0.0878065,-0.0230353)
(0.0389518,0.0430554)
(0.0245043,0.057154)
(-0.0480994,0.0474728)
(-0.05915,-0.021418)
(-0.00110831,-0.0350246)
(0.0416999,-0.000200394)
(0.0621774,-0.0406407)
(0.455893,-0.0910171)
(0.00566972,0.00435843)
(-0.0560286,-0.0469427)
(-0.000636787,-0.0259147)
(-0.0400516,-0.0227996)
(0.0055014,-0.0542965)
(0.0454358,-0.0317414)
(-0.0418177,0.0160881)
(0.0246639,-0.0467194)
(0.543647,-0.130521)
(0.0175239,-0.097923)
(0.0455126,0.00369498)
(0.0565111,-0.069588)
(0.522712,-0.124146)
(-0.0264471,-0.0103182)
(-0.029848,-0.0160097)
(0.0378878,0.0149382)
(-0.0164883,-0.00987864)
(-0.0274458,-0.0095224)
(0.00794301,-0.0177761)
(-0.0492706,-0.0211254)
(0.307788,-0.0747659)
(0.168541,-0.0734637)
(0.0182884,-0.001864)
(-0.0151391,0.0356918)
(-0.0465452,-0.0607734)
(0.0436327,0.0622006)
(-0.0131959,-0.0799258)
(0.402446,-0.0452858)
(-0.0505002,-0.0173592)
(-0.00667508,0.000243051)
(0.00777693,-0.00167642)
(0.0358751,-0.00223527)
(0.071808,-0.0219015)
(0.00896359,0.00269352)
(0.490691,-0.111263)
(-0.0117414,-0.0154384)
(0.511918,-0.0994171)
(-0.051122,0.0679974)
(-0.0451256,-0.00217438)
(-0.0159756,-0.0562947)
(0.0350434,0.03961)
(0.483208,-0.205862)
(0.105096,-0.0114081)
(0.27833,-0.129121)
(0.0263183,-0.0040361)
(-0.0200088,0.0123513)
(-0.0597338,0.00076815)
(0.205022,-0.0490457)
(0.252727,-0.0905728)
(-0.00807083,0.0211938)
(-0.0091292,-0.000344267)
(0.30796,-0.133239)
(-0.0213492,0.0219208)
(-0.0682079,-0.0283011)
(0.232526,-0.0970764)
(-0.0434133,0.0244559)
(0.00157787,0.018017)
(0.347301,-0.065701)
(-0.0744422,-0.049282)
(0.151077,0.00269839)
(0.206377,-0.0583832)
(0.0124353,0.0638299)
(0.231774,0.0159127)
(0.0665884,-0.0637709)
(0.00575244,-0.0573905)
(-0.0082148,0.055126)
(-0.0589126,0.0464355)
(-0.0199125,0.00548819)
(0.0552602,-0.053092)
(0.0297236,-0.0418191)
(0.0427816,0.047825)
(-0.0255502,0.0662655)
(0.0541769,0.0458769)
(-0.0366994,0.00399923)
(0.0791821,0.057778)
(-0.101839,0.0238757)
(-0.030942,0.0279664)
(-0.0281048,0.019099)
(-0.0291525,-0.0345372)
(-0.0456852,-0.00683563)
(0.31269,-0.0782779)
(0.0164522,0.071148)
(0.0130956,0.056166)
(0.115443,-0.057005)
(-0.118131,0.0516698)
(-0.0721609,0.0448859)
(0.548208,-0.0820344)
(-0.0132146,0.0114223)
(0.556652,-0.12986)
(-0.0135376,-0.0213504)
(0.0108969,0.0339362)
(0.170878,-0.0928782)
(-0.0280378,-0.00203461)
(0.0235296,0.0306595)
(0.452888,-0.110159)
(-0.0303175,-0.0179839)
(0.0680926,0.042104)
(0.0112353,0.00179745)
(0.0192716,0.079972)
(0.128257,0.0232148)
(0.0403357,-0.0579354)
(0.0872,-0.0530024)
(0.0424266,-0.0197037)
(-0.115027,-0.0447973)
(0.218574,-0.157626)
(0.0219884,0.0396734)
(0.290385,-0.156364)
(-0.026793,-0.0628756)
(-0.0450962,-0.0185149)
(0.458479,-0.11348)
(-0.0635847,0.0923815)
(0.00386852,0.0500235)
(-0.034732,-0.00629808)
(0.389132,-0.0785113)
(0.00851125,-0.0221467)
(-0.0472834,-0.0505263)
(0.0676902,0.0232596)
(0.00406587,0.0361273)
(0.0416671,0.0369313)
(0.077419,0.0077876)
(-0.116355,0.0164228)
(0.0153627,-0.00228198)
(-0.0397151,0.0303563)
(0.0591248,-0.0511545)
(-0.0692322,0.0288315)
(0.000671323,0.0419543)
(0.0780948,0.0272074)
(0.0677665,0.0366659)
(0.0294405,-0.0614891)
(-0.0393396,-0.0416734)
(0.00503649,-0.0866256)
(0.00264002,-0.00275844)
(0.00508893,-0.0437778)
(-0.0142147,0.0128376)
(0.0537099,0.0176754)
(0.0677798,0.0132486)
(0.0436941,0.0759248)
(0.00920619,0.0201532)
(0.00470128,0.0373918)
(-0.0191983,-0.0782558)
(-0.0631421,-0.106926)
(-0.0783575,-0.101769)
(-0.0535627,-0.0506875)
(0.0127803,-0.00727819)
(0.0205537,-0.0301264)
(0.013829,0.0143926)
(0.462657,-0.108208)
(-0.0625068,0.00207048)
(0.0344819,0.0157996)
(0.0058246,0.00464607)
(0.422686,-0.0610087)
(0.041859,0.000240689)
(0.0228191,-0.0182904)
(-0.0227531,-0.0274486)
(0.00512551,0.00572578)
(0.0203022,-0.00961011)
(-0.0153917,-0.0389093)
(0.0307004,-0.00469575)
(0.383978,-0.0784214)
(0.0315441,-0.0106665)
(-0.0913159,-0.00834706)
(0.621248,-0.156725)
(0.0131366,-0.0090721)
(-0.00723771,0.0068903)
(0.0253521,-0.0391821)
(0.462854,-0.0756425)
(0.043347,0.0277476)
(-0.0459096,-0.0371291)
(-0.0151037,-0.049315)
(-0.122143,-0.00440316)
(-0.00288225,-0.01842)
(-0.0796507,-0.0666)
(-0.00296975,-0.0596843)
(-0.0124727,0.0313665)
(-0.00210071,-0.037522)
(-0.00202401,-0.0594802)
(0.0101645,-0.0505955)
(0.424574,-0.04534)
(0.0557549,0.00387969)
(-0.046871,0.0398529)
(-0.0330867,-0.0225442)
(0.00258635,-0.00211667)
(0.00698602,-0.0624606)
(-0.0148762,0.0665445)
(-0.0208355,-0.0508526)
(-0.0105936,-0.012328)
(0.00602703,-0.0748366)
(0.0062715,0.0423936)
(0.00871045,0.0651097)
(0.431504,-0.0864479)
(0.00693893,0.00187811)
(0.0148081,0.00112147)
(-0.0184031,0.0476292)
(0.0254331,-0.0250044)
(-0.0538799,0.0840841)
(-0.00316453,0.00459035)
(0.162077,-0.178913)
(0.207383,-0.108553)
(0.147529,-0.15453)
(0.00739462,0.00619046)
(-0.0159118,0.0243689)
(0.600736,-0.180141)
(0.345509,-0.127972)
(-0.0210277,0.00934511)
(0.398244,-0.0660662)
(0.461771,-0.0318599)
(0.197818,-0.113385)
(0.0481128,-0.00993343)
(0.0362023,-0.0224016)
(0.0516991,0.0381894)
(0.102255,-0.00648261)
(0.00629533,0.038255)
(0.0122772,0.0470743)
(-0.0728234,0.00297736)
(0.0781614,0.00258721)
(-0.0896917,0.0139102)
(-0.0287006,-0.0304573)
(0.0529466,-0.008596)
(0.466147,-0.134681)
(-0.0360503,0.0410206)
(0.000678588,0.00387716)
(-0.0426318,0.0173895)
(0.542634,-0.0931899)
(-0.0407651,0.078115)
(-0.0115029,-0.00260412)
(0.522065,-0.160842)
(0.499038,-0.07506)
(-0.0287951,0.0230293)
(0.339302,-0.0795146)
(-0.00416354,0.0432663)
(-0.030352,0.0769793)
(0.476221,0.0177836)
(0.266124,-0.0848299)
(0.398456,-0.11074)
(0.472661,-0.0455518)
(0.0212896,-0.0148654)
(0.757952,-0.020814)
(-0.0417014,0.00571164)
(-0.0225128,0.0833883)
(0.0603106,-0.00349694)
(0.175911,-0.0684315)
(-0.0388298,0.0492402)
(0.0983204,-0.0700516)
(0.0133532,-0.00470074)
(0.0221612,-0.003829)
(0.0332958,-0.0140681)
(0.0177987,-0.00290888)
(0.0532157,-0.00105468)
(-0.00914127,0.0459949)
(0.0630703,0.0437655)
(0.108879,-0.0445523)
(-0.0777334,0.0062202)
(0.0215538,-0.0529393)
(0.0256772,0.0561257)
(0.0175351,0.0454246)
(0.0198432,0.0163513)
(0.457305,-0.0646783)
(-0.0390637,0.100225)
(0.0277405,0.00252084)
(-0.00477221,-0.0174634)
(-0.00766122,0.0321948)
(0.0501813,0.00453459)
(0.0240623,0.0382534)
(-0.0454992,-0.0872718)
(-0.0322179,-0.0161981)
(0.552812,-0.0771115)
(-0.0202017,0.0100232)
(0.338349,-0.030758)
(-0.00131136,0.0150161)
(0.048045,0.0283186)
(0.00224926,0.00232014)
(0.0951416,-0.0362732)
(-0.0331745,-0.0319657)
(0.0188965,-0.0983446)
(0.022076,-0.039485)
(0.00381038,-0.0427671)
(0.0365494,0.0195019)
(0.031317,-0.0335366)
(0.0687689,-0.000792815)
(0.0399183,0.0298194)
(0.460307,-0.123043)
(0.303169,-0.0621218)
(-0.024262,-0.0188385)
(0.0449014,-0.0395597)
(0.02595,-0.0189356)
(0.0683097,-0.0485332)
(0.459078,-0.13739)
(0.0476227,0.0373156)
(0.0837688,-0.00117626)
(0.0911719,0.0322556)
(0.0770339,-0.00781701)
(0.309965,-0.147353)
(0.0609954,0.0155225)
(-0.0369965,5.50907e-05)
(-0.0231503,0.0011442)
(-0.0127281,0.0187104)
(0.49809,-0.061593)
(0.0339919,-0.0278305)
(-0.0229448,-0.0034012)
(0.0426703,0.0575338)
(0.0326472,0.0108504)
(0.0332147,-0.00730049)
(0.48611,-0.0798974)
(0.409962,-0.14392)
(0.658159,-0.0729323)
(0.0362656,-0.0612084)
(0.0420312,-0.0109267)
(0.489711,-0.0570339)
(0.0388958,-0.0181326)
(0.0964892,-0.0646438)
(0.282537,-0.188652)
(-0.0585603,-0.0448568)
(-0.0618153,0.00909033)
(-0.0566115,-0.0165117)
(-0.0539474,0.0433775)
(-0.0272352,0.0297921)
(0.154744,-0.0633523)
(0.177021,-0.123966)
(0.283979,-0.147756)
(0.278246,-0.0527372)
(0.626839,-0.175737)
(-0.00804737,-0.038157)
(-0.0651935,0.0103508)
(-0.0292446,0.00658378)
(0.0998757,0.0905232)
(0.552105,-0.0728181)
(0.541601,-0.12755)
(0.00533443,0.00211392)
(-0.0353016,-0.0481205)
(-0.00624718,-0.0330555)
(0.585981,-0.182498)
(0.00907941,0.085934)
(0.0620797,0.0352984)
(-0.0515739,-0.00533611)
(0.610621,-0.073909)
(0.0547062,0.0427158)
(-0.0417714,0.0608303)
(0.558956,-0.114583)
(0.522547,-0.115694)
(-0.0181149,0.0411219)
(-0.0163354,0.0174018)
(-0.0352858,-0.042998)
(-0.00116118,-0.0350987)
(0.0307224,-0.0326246)
(0.000710236,-0.00254444)
(0.0224078,-0.0150696)
(0.470163,-0.147675)
(0.680103,-0.0200481)
(0.607791,-0.124175)
(0.540896,-0.0540162)
(0.441678,-0.104956)
(0.178991,-0.101508)
(0.280544,-0.0314252)
(0.191551,-0.0697543)
(0.17958,-0.0900918)
(-0.0239603,-0.0401856)
(0.0207577,-0.0557331)
(0.28655,-0.0563831)
(0.541608,-0.155237)
(0.534255,-0.122929)
(0.434828,-0.0564466)
(0.522075,-0.140572)
(0.0075178,0.0412892)
(0.52686,-0.0699638)
(-0.0397361,0.0825276)
(0.0197331,-0.0264024)
(-0.0262369,-0.0461511)
(-0.0102036,0.067913)
(-0.0526588,-0.0199964)
(-0.00964447,-0.0809872)
(-0.0161798,0.0175493)
(0.0317398,-0.0277352)
(0.0333598,0.0639982)
(0.401107,-0.10205)
(-0.00932919,-0.0515805)
(0.480559,-0.201217)
(0.457327,-0.0132023)
(0.452034,-0.154376)
(-0.0322855,-0.00056971)
(0.0723749,0.0696225)
(-0.0286064,0.0197481)
(0.549223,-0.0884263)
(-0.0372273,-0.0545128)
(0.0195196,-0.0018491)
(0.324742,-0.133156)
(0.247562,-0.141299)
(0.526941,-0.0834867)
(0.37633,-0.0617405)
(0.586081,-0.227744)
(0.486731,0.0484605)
(-0.0120865,-0.0648903)
(-0.0170133,-0.06904)
(0.0142888,0.0198708)
(0.0289488,0.0785002)
(0.0203542,0.0802191)
(-0.0128583,-0.0288653)
(0.0253754,0.0077089)
(0.28846,-0.110154)
(0.197727,-0.0337713)
(-0.0376213,-0.000868244)
(0.192601,-0.0279125)
(-0.00997059,-0.0228705)
(0.48125,-0.126068)
(0.535565,-0.0152489)
(-0.0536466,0.0349105)
(0.0435048,0.0441564)
(0.0735829,0.0152706)
(0.071378,-0.0425902)
(0.440027,-0.208455)
(0.0157296,-0.0629407)
(0.147794,-0.0948779)
(-0.0481936,0.080523)
(0.28481,-0.140355)
(0.0106869,0.0604316)
(0.344117,-0.0701262)
(0.000947521,0.0449649)
(0.025896,0.0338882)
(0.0216818,-0.00131777)
(0.0153377,0.0243286)
(0.495564,-0.0696939)
(-0.0123576,0.032017)
(0.501198,-0.126444)
(0.471935,-0.0818166)
(-0.0176258,0.0146145)
(0.483928,-0.0370405)
(0.587249,-0.0211287)
(0.538483,0.0225406)
(0.0197972,0.0167544)
(0.472929,-0.140217)
(-0.0565591,0.0607452)
(-0.0523283,0.0391996)
(-0.0376708,0.0663285)
(-0.0331611,0.00229607)
(-0.0199357,0.0716891)
(-0.0334326,-0.0057829)
(-0.059079,0.0286358)
(0.725811,-0.0197751)
(-0.0452155,0.0112877)
(0.112112,-0.0305827)
(0.407322,-0.121918)
(0.449045,-0.10214)
(7.45814e-05,0.0069285)
(0.0550396,-0.0104501)
(-0.0221799,-0.00762202)
(0.398975,-0.157848)
(-0.0420326,0.00457065)
(0.475387,-0.223195)
(0.373402,-0.114778)
(-0.0561669,-0.0213335)
(-0.0104812,-0.00710965)
(0.537345,-0.022391)
(-0.0575173,-0.0185938)
(-0.0145519,-0.0311621)
(-0.0240354,0.0503888)
(0.454181,-0.11605)
(0.461471,-0.100818)
(0.198972,-0.117882)
(0.44801,-0.143993)
(0.495753,-0.068088)
(0.0875694,-0.0154436)
(0.490115,-0.0977982)
(0.587088,-0.0281025)
(0.0308234,-0.0995865)
(0.511515,-0.0309867)
(0.064733,0.0692762)
(0.507688,-0.0714931)
(0.088542,-0.00576198)
(-0.00610463,0.0457315)
(-0.0244812,-0.0187506)
(0.0536093,0.0372004)
(0.00246162,0.0857895)
(0.0588868,0.0915118)
(0.00934165,0.0739046)
(0.0437671,0.0304802)
(0.130441,-0.0917965)
(0.0221708,0.00703274)
(-0.014832,-0.0151418)
(0.0340393,0.0381913)
(0.0105949,-0.00771087)
(0.0119823,0.0216204)
(0.0412387,0.00546032)
(0.00425027,0.0567117)
(0.12206,-0.0834441)
(-0.0177955,0.0104883)
(0.0424876,-0.0139218)
(0.636459,-0.0784189)
(0.384456,-0.184878)
(-0.0240362,0.0181278)
(0.0866696,0.143063)
(0.000163613,0.114654)
(0.1369,0.0267904)
(-0.0463856,-0.00628563)
(0.101628,-0.0149975)
(0.215209,-0.100106)
(0.623046,-0.149019)
(0.572451,-0.129456)
(0.0152837,0.0676204)
(0.0610183,-0.0460947)
(0.54364,-0.138107)
(0.0168342,0.0392485)
(0.0473669,0.017783)
(0.0868904,-0.0225221)
(0.494301,-0.032915)
(0.0802993,-0.0695946)
(0.24538,-0.16554)
(0.00460536,-0.0121555)
(0.123061,-0.125589)
(0.191913,-0.0848037)
(0.275375,-0.0488545)
(0.341967,-0.101173)
(0.0874019,0.0385011)
(-0.0375198,0.0458937)
(0.381701,-0.134121)
(-0.0298391,0.0827024)
(0.0247605,-0.00772964)
(0.0315431,-0.0298344)
(0.467292,-0.15787)
(0.0155637,-0.0284392)
(0.420028,-0.101308)
(0.0412842,-0.0151184)
(0.00491273,0.0364529)
(-0.0165284,-0.0135204)
(-0.0064382,0.05166)
(-0.0242945,0.0214002)
(-0.000586869,0.0332997)
(0.0252842,0.0263763)
(-0.0277435,0.0190043)
(-0.0273632,0.0743197)
(0.52481,-0.118479)
(-0.00991672,-0.00943854)
(0.0490368,0.0222245)
(0.509085,-0.0517135)
(0.0882647,0.0124611)
(-0.0139545,0.0298524)
(-0.00562467,0.0084189)
(-0.00323851,0.0235497)
(-0.0566265,0.0555756)
(0.125688,-0.0904557)
(-0.00395054,0.0682488)
(-0.04406,-0.0383795)
(-0.0431883,-0.0686062)
(0.034552,-0.0192283)
(-0.0432792,-0.0354476)
(0.484173,0.00666804)
(-0.0429775,0.0688692)
(0.638101,-0.121296)
(0.359213,-0.151896)
(0.493109,0.0256108)
(-0.0373362,-0.00483418)
(0.390554,-0.0155686)
(0.403174,-0.137643)
(0.383581,-0.0496588)
(-0.0661395,0.040868)
(0.0183552,0.0570003)
(-0.0657675,0.0738493)
(-0.0140253,0.024169)
(0.568191,-0.167487)
(0.578551,-0.105218)
(-0.0444562,0.00125478)
(-0.0308858,0.00523898)
(-0.00145841,0.0120304)
(0.0574734,0.00456046)
(0.333263,-0.0728737)
(0.0525517,-0.000835761)
(0.0478042,0.0319057)
(0.0246588,0.0362998)
(0.082817,0.000737786)
(0.378513,-0.076648)
(-0.0614255,-0.0854984)
(0.455709,-0.0374243)
(0.0095142,0.00414881)
(0.0518309,0.0705631)
(0.0822558,0.0395193)
(0.646417,-0.164016)
(0.0115568,0.00442701)
(0.290959,-0.109951)
(0.542306,-0.137079)
(-0.0468067,0.000179497)
(0.00213639,0.0346455)
(0.0887042,-0.101533)
(-0.0116003,0.0642641)
(-0.0749687,0.0300405)
(0.0261405,-0.128219)
(0.382109,-0.171224)
(0.266912,-0.19604)
(0.0561811,-0.0444748)
(0.0174093,-0.011935)
(0.0100483,-0.0114953)
(-0.105141,0.0709378)
(0.00741592,-0.00353687)
(0.00641047,-0.0432509)
(0.416128,-0.0889281)
(0.532717,-0.0989705)
(0.633379,-0.0736949)
(-0.018264,-0.0425718)
(0.351074,-0.0670173)
(-0.0426147,0.0245723)
(0.0450105,0.0187528)
(0.0375705,0.00924184)
(0.00770763,0.137554)
(-0.0120829,0.0322159)
(0.0601083,-0.0558503)
(0.266235,-0.0764571)
(0.572943,-0.108885)
(0.543393,-0.129682)
(0.0960634,-0.0889865)
(0.528229,-0.158601)
(0.0246262,-0.134629)
(0.418942,-0.178722)
(0.462225,-0.0741586)
(-0.0119415,-0.0920681)
(0.473663,-0.115358)
(0.434274,-0.147624)
(0.53578,-0.138643)
(0.412505,-0.113318)
(0.526801,-0.0894321)
(0.11074,-0.0536205)
(0.258131,-0.132206)
(0.20619,-0.0371645)
(0.433281,-0.073)
(0.025982,-0.0432069)
(0.525833,-0.0518416)
(0.362369,-0.148034)
(0.0100517,0.0019368)
(-0.0642281,0.0114889)
(-0.080196,0.0738364)
(-0.0625026,-0.0574594)
(0.416162,-0.15729)
(-0.0269848,0.00765885)
(0.467785,-0.145852)
(-0.00257023,0.00218944)
(0.260662,-0.0485341)
(-0.0120381,-0.0469204)
(-0.0252226,-0.0394407)
(0.438566,-0.115585)
(0.0451598,0.09093)
(0.0955776,-0.0705614)
(0.527567,-0.142622)
(0.0432914,-0.0394267)
(-0.00517774,-0.0505464)
(-0.0438843,0.0265847)
(-0.0585475,-0.0264691)
(-0.0288036,0.022139)
(-0.00793126,0.00337476)
(0.557079,-0.141488)
(0.567504,-0.15794)
(0.437408,-0.0983507)
(-0.0305136,-0.0898249)
(0.012051,0.0633728)
(0.349766,-0.193505)
(-0.0153159,0.0302514)
(0.00840991,-0.00604056)
(0.0187435,-0.0388758)
(-0.0318343,-0.0337798)
(0.565709,-0.119491)
(0.442464,-0.0549914)
(0.497467,-0.0997567)
(0.413358,-0.0457234)
(0.404694,-0.0863587)
(-0.0895894,-0.0273967)
(0.410429,-0.036197)
(0.301126,-0.112149)
(-0.0626986,-0.100035)
(0.367572,-0.0780754)
(0.493221,-0.098749)
(0.0210442,-0.06599)
(0.000314544,0.0738562)
(0.550625,-0.12371)
(0.0128535,0.0103387)
(0.0429428,-0.0264452)
(0.424708,-0.132092)
(0.0448636,-0.000727624)
(-0.0251038,-0.043896)
(0.0429101,0.0385793)
(0.0732301,-0.0266359)
(0.498492,-0.0506465)
(-0.0229877,0.0262369)
(-0.0696915,0.0873092)
(-0.00319928,0.0250491)
(0.395175,-0.0653956)
(-0.027435,0.0442991)
(0.0107853,0.0280302)
(-0.0414738,0.0636454)
(0.0854671,-0.0443491)
(-0.0395701,-0.0784993)
(0.0301723,0.00815042)
(0.107716,0.0278378)
(0.110148,0.0134225)
(0.015201,0.0590911)
(0.0732453,0.0687555)
(0.0942208,0.0645793)
(0.493075,-0.0894905)
(-0.0707958,0.0366144)
(0.533702,-0.0103897)
(-0.0207069,-0.00327264)
(-0.0302564,-0.0566833)
(0.18543,-0.100829)
(0.536429,-0.136178)
(0.324304,-0.102781)
(-0.0623978,0.0557334)
(-0.0135971,-0.0300767)
(0.0513093,-0.0197847)
(0.0284818,-0.0392343)
(-0.00551154,-0.00145517)
(-0.0264748,0.0233487)
(-0.0531643,-0.0288603)
(0.0189498,0.0275464)
(-0.0673262,-0.0145777)
(0.00588697,0.0572217)
(0.0120201,-0.025676)
(0.405258,0.0581381)
(0.000590556,0.0581191)
(0.0603557,0.00799207)
(0.0214288,0.0138309)
(0.0326383,0.0256563)
(0.188172,-0.0501957)
(0.125758,-0.0712988)
(-0.0143577,0.0363195)
(0.112263,-0.105234)
(0.53685,-0.0625073)
(-0.0510536,-0.0972923)
(0.450035,-0.0764153)
(-0.0188746,-0.149295)
(-0.0108461,0.0307607)
(0.104176,-0.0248587)
(0.0502379,-0.0698486)
(0.0897421,-0.0307383)
(-0.054791,0.00113811)
(0.0266796,-0.01203)
(-0.055644,-0.0355908)
(-0.029024,0.0604505)
(0.00121678,-0.00683059)
(0.34373,-0.143458)
(0.357552,-0.131417)
(0.0357289,0.00660337)
(0.173836,-0.0427184)
(0.202228,-0.0501371)
(0.58916,-0.107641)
(0.0168574,0.00369154)
(0.113751,-0.030141)
(0.495489,-0.15306)
(0.137047,-0.0110138)
(0.111163,-0.0873192)
(-0.040326,-0.0413171)
(-0.00840158,-0.066407)
(0.0945584,-0.0419135)
(-0.0396434,-0.0115671)
(0.437341,-0.0542632)
(0.377564,-0.13403)
(0.0197912,-1.15693e-05)
(0.0527854,0.00752565)
(0.169358,-0.0926718)
(0.0533126,-0.0487948)
(0.130433,-0.0548924)
(-0.000861647,0.0435962)
