1620
(-0.0233532,-0.130178)
(-0.0208033,0.0432785)
(0.0541399,0.0612181)
(0.0158776,-0.149327)
(-0.00600625,-0.025431)
(-0.0327093,0.0467764)
(0.0413677,0.0654066)
(-0.0170344,-0.0104743)
(0.00104675,0.0220045)
(-0.00247119,0.035406)
(-0.0511518,0.0337508)
(-0.000170578,0.0158446)
(0.0232329,-0.0375355)
(-0.0197891,0.00101887)
(-0.00971314,0.0521379)
(-0.0315405,0.0281157)
(-0.0212311,-0.0833788)
(0.0099551,0.0325459)
(0.0161063,0.0212408)
(-0.0158536,0.0036672)
(-0.0216652,-0.0179988)
(0.00687458,0.0216801)
(-0.0623528,0.0146277)
(-0.0247864,-0.0535219)
(0.00555671,0.0365218)
(0.0273262,0.0127791)
(-0.0301248,0.00703113)
(0.0757412,-0.0679484)
(-0.0259452,-0.00776793)
(0.0586742,-0.0131744)
(0.0367465,0.0752745)
(0.0422398,-0.0192894)
(0.00557537,0.0474035)
(-0.099062,0.0369999)
(0.0594671,0.0280177)
(0.0137077,0.0660373)
(0.0662263,-0.0142261)
(-0.0093909,0.0338941)
(-0.0420972,0.00409102)
(0.0388371,0.00189556)
(0.0387067,-0.0805719)
(0.0761936,0.0133264)
(0.0621805,0.0246154)
(0.129633,0.00377749)
(-0.03455,0.0666941)
(0.131346,-0.0192285)
(0.0946238,-0.0237764)
(-0.0201744,-0.00411654)
(0.0522408,-0.0576295)
(-0.0138418,-0.0260165)
(0.0437644,0.00486068)
(0.0936913,-0.0242459)
(0.0141348,0.0155035)
(0.0202237,-0.00218508)
(-0.00344784,0.0298354)
(-0.0207877,0.0280502)
(0.0486287,0.0301019)
(0.0474403,0.0685161)
(-0.0149984,-0.0482004)
(0.0530906,-0.0349372)
(-0.0383056,-0.0197385)
(0.170316,-0.0667194)
(-0.0161006,0.00126418)
(0.391154,-0.0853874)
(-0.0234257,-0.00427053)
(-0.0146287,0.0323149)
(-0.00363805,-0.00535991)
(0.024887,0.0154391)
(0.0109378,0.14296)
(-0.0411884,-0.0675383)
(0.0108052,0.0521707)
(0.00730053,0.0473399)
(-0.0296418,0.072265)
(-0.0437477,0.0299206)
(0.0059811,-0.0163823)
(-0.0879172,0.0674625)
(0.0140496,-0.0356726)
(0.00707954,-0.0513849)
(-0.0200997,0.00755946)
(0.0803454,-0.0393291)
(-0.015737,-0.0655629)
(0.00680798,0.0102505)
(0.0254513,-0.067059)
(0.0239531,-0.0174272)
(0.0366865,0.0223408)
(0.0231233,0.0259901)
(-0.0344627,-0.0459877)
(-0.0381308,0.015906)
(0.0822698,0.0226608)
(0.0339816,-0.0137813)
(-0.112668,-0.016192)
(-0.0196846,0.0237045)
(0.457414,-0.0664174)
(0.0120906,0.104424)
(-0.0204487,0.0652067)
(0.57474,-0.0111376)
(-0.0574787,0.0586282)
(0.44321,-0.142365)
(-0.00952319,-0.0987547)
(-0.0451462,-0.0875841)
(0.0573874,0.0134387)
(-0.073395,-0.0132077)
(0.0458462,-0.0777747)
(-0.00310879,-0.0358945)
(-0.0236099,-0.115184)
(0.443831,-0.0968963)
(0.0304801,0.0701657)
(-0.0702768,-0.0103202)
(0.0120243,0.0194774)
(0.0408358,0.0655319)
(0.00536944,0.0296406)
(0.70766,-0.13634)
(0.366922,-0.0403678)
(-0.00913122,-0.0126829)
(0.481059,-0.0482263)
(0.0150819,0.10587)
(-0.00164332,0.0790931)
(0.639178,-0.0872227)
(0.00422457,0.0184723)
(0.485941,-0.0695775)
(0.436071,-0.0656815)
(0.0224749,0.0421319)
(0.38871,-0.0701601)
(0.281044,-0.117668)
(0.279315,-0.0770547)
(0.00168329,-0.0262441)
(0.0486401,-0.02978)
(0.000986821,0.0420243)
(0.353296,-0.128131)
(0.0831316,0.059923)
(0.114645,0.0878108)
(0.0111735,-0.00931575)
(-0.00538341,-0.0480697)
(0.00207687,0.0243221)
(0.00144086,0.0174807)
(0.0201465,0.0248794)
(-0.0529974,0.00719223)
(0.00438808,0.0289193)
(0.383629,-0.0908636)
(0.0281378,-0.0131957)
(0.0146069,0.0459488)
(-0.0163972,0.0554404)
(0.0205885,-0.0170024)
(0.0465621,-0.0688189)
(0.0905523,-0.0862101)
(0.0263676,-0.0975593)
(0.0129689,-0.00113561)
(0.426912,-0.0854229)
(0.483601,-0.105141)
(-0.0582624,0.00298866)
(0.483876,-0.149337)
(0.195636,-0.0665608)
(0.543063,-0.0326635)
(0.468361,-0.114158)
(0.47448,-0.0772041)
(-0.0406824,0.0207027)
(0.0730528,0.0446251)
(0.416733,-0.156524)
(0.371569,-0.0172573)
(-0.0178775,0.00793559)
(-0.0300701,0.0382089)
(0.000142087,0.0323949)
(0.0114252,0.0378049)
(-0.0387993,-0.0165673)
(-0.00956361,0.0257108)
(-0.0462162,-0.0346363)
(0.0161349,-0.0442494)
(-0.0123777,-0.051273)
(0.0388135,0.0297049)
(-0.0182864,0.0859894)
(0.0408961,-0.0152467)
(0.055541,0.000288198)
(0.418902,-0.170928)
(0.3807,-0.123533)
(0.570103,-0.122396)
(0.498493,-0.0702754)
(0.0660739,-0.0922011)
(0.149898,-0.0201864)
(-0.0901401,-0.0650074)
(-0.11744,0.0594236)
(-0.0538652,-0.0594284)
(0.0395677,0.0546337)
(0.0154641,0.0170389)
(0.0128884,0.038778)
(0.0152138,0.0250155)
(0.000108019,0.0389411)
(0.0398079,0.021334)
(0.0642557,-0.100322)
(0.00608966,-0.0244929)
(0.411332,-0.151341)
(0.478294,-0.0763051)
(0.37411,-0.0888026)
(0.580345,-0.121281)
(-0.0468787,-0.0473654)
(-0.0445782,-0.04201)
(0.0503071,0.0561839)
(0.0488933,0.0359871)
(-0.0338603,0.0463072)
(-0.0537236,-0.0566204)
(-0.00743795,0.0119211)
(0.0259091,-0.120354)
(0.0843835,-0.0926619)
(-0.043839,-0.0457772)
(-0.0658101,-0.0201081)
(-0.0141841,-0.0171451)
(-0.05322,0.0269012)
(0.465054,-0.0921043)
(0.475253,-0.0286877)
(-0.0948968,0.0203334)
(0.381334,-0.0961052)
(-0.0367873,-0.0120895)
(0.414217,-0.0853643)
(0.41017,-0.0888859)
(-0.0882031,0.0192853)
(-0.0675996,0.0379525)
(0.0901613,0.0798158)
(0.0844833,0.00844958)
(0.451461,-0.114616)
(0.570483,-0.143424)
(-0.0194238,-0.0456509)
(-0.00248907,-0.0105117)
(-0.0390829,0.0104473)
(0.0454613,0.0746376)
(0.702261,-0.175)
(-0.0538429,-0.054776)
(-0.0758403,-0.0754777)
(0.412015,-0.161864)
(-0.0352005,0.063172)
(-0.0142966,0.0345597)
(-0.0745748,-0.0349404)
(-0.0178437,0.0137388)
(0.484877,-0.127419)
(0.470476,-0.17719)
(0.538633,-0.0512526)
(0.479494,-0.0568828)
(-0.0475924,0.0327807)
(-0.0150484,-0.0441944)
(-0.00853656,-0.022049)
(0.186715,-0.0639318)
(0.00132607,0.0271853)
(0.069783,-0.00793982)
(-0.0102053,-0.0442796)
(-0.0103756,0.0711644)
(-0.0165532,0.0737029)
(-0.0157556,-0.0568072)
(-0.0383791,0.0165191)
(0.078719,-2.33493e-05)
(-0.00672505,-0.0423028)
(0.0323173,0.00748122)
(-0.0440196,0.0291727)
(-0.0445429,-0.0329752)
(-0.0299979,0.0177322)
(-0.0549109,-0.0264266)
(-0.0501608,-0.0466497)
(-0.0383474,0.0218964)
(0.0371395,-0.0520259)
(0.0556403,-0.0120456)
(0.0103685,-0.00939888)
(0.0378996,0.00296271)
(-0.025025,-0.0959534)
(0.063692,-0.10865)
(-0.0250873,0.012272)
(0.00930783,0.00739608)
(-0.0424765,-0.0260888)
(0.524919,-0.0678863)
(-0.0472578,-0.062543)
(-0.0816182,-0.102059)
(-0.0178141,-0.023347)
(0.0201304,-0.00932254)
(0.051464,0.0297578)
(-0.0150522,0.0184378)
(0.0203771,-0.00789399)
(-0.0683988,-0.0201743)
(-0.0507263,0.0521264)
(0.011502,0.00541811)
(0.493773,0.00294328)
(-0.00353654,0.0622201)
(-0.0407507,-0.0142625)
(0.0591512,0.0672611)
(0.0173044,-0.0110363)
(0.0294771,0.0288361)
(0.0389761,0.0594225)
(0.0138685,-0.0391473)
(-0.00663937,-0.0624426)
(0.111664,0.0556708)
(0.042399,0.0238123)
(0.0217867,0.00612771)
(-0.067363,0.000345571)
(0.0525426,0.0171929)
(0.106738,0.0265431)
(-0.00775663,0.0575115)
(0.0130133,-0.0366366)
(-0.0780388,0.0134185)
(-0.0469667,-0.0184702)
(-0.0334233,0.00693798)
(-0.0510213,0.0358385)
(0.0531197,-0.0446504)
(-0.00190344,0.0236345)
(-0.0565619,-0.0276218)
(-0.053487,0.00337417)
(0.00733334,0.0394353)
(-0.096737,0.020156)
(-0.0370209,-0.020378)
(-0.0360865,-0.000827171)
(-0.0416064,0.00509674)
(0.0124746,-0.0394991)
(0.063036,0.0278553)
(0.374026,-0.133718)
(0.00249982,0.0107018)
(-0.00865245,0.0213881)
(-0.0376726,-0.0302325)
(-0.07087,-0.0558718)
(-0.117065,-0.0748857)
(-0.0647543,-0.0355137)
(-0.0421096,-0.0458949)
(-0.0688416,-0.0212618)
(0.0305464,-0.083379)
(-0.0541467,-0.0876637)
(-0.0616374,-0.0332551)
(0.443687,-0.213157)
(-0.0089284,-0.0254554)
(-0.0274546,0.0228286)
(0.0165805,-0.0187859)
(-0.00160741,-0.0261126)
(-0.0254591,-0.0161428)
(-0.00194053,0.0213225)
(0.0829013,-0.0681706)
(0.00641306,-0.00304284)
(0.00638904,0.0576936)
(-0.0295812,-0.0514563)
(0.0383421,-0.00791073)
(-0.0153025,-0.0169903)
(-0.0467003,-0.0160703)
(0.0430429,-0.0405561)
(-0.0188952,-0.0794368)
(0.471223,0.0113906)
(0.0343895,-0.03282)
(0.0677303,0.0594502)
(-0.0951233,-0.070957)
(0.0523756,-0.0347606)
(0.0262962,-0.043115)
(-0.0568446,-0.0664822)
(0.0734763,0.0500264)
(-0.0172245,0.00496486)
(-0.0173588,-0.0103334)
(0.0433118,0.0507085)
(0.0403917,0.0424545)
(0.00711375,0.108434)
(-0.0121953,0.00788179)
(0.147253,-0.0212977)
(0.38779,-0.100974)
(0.449055,-0.108367)
(0.0946356,-0.0465297)
(-0.00164694,0.015314)
(0.414376,-0.11598)
(-0.0881508,0.100767)
(0.058299,-0.0365309)
(-0.0290247,0.00140945)
(-0.049773,-0.00892189)
(-0.00593463,-0.0041859)
(0.259095,-0.108098)
(0.122527,-0.0651176)
(0.0277769,0.0395805)
(-0.0272816,0.0110276)
(-0.0320539,0.00888521)
(0.0244368,0.0271289)
(0.456548,-0.180123)
(-0.0412334,-0.0599464)
(-0.0412021,0.000924903)
(-0.00630881,0.0235292)
(-0.00781544,0.067514)
(-0.00618177,-0.0509335)
(-0.0196567,-0.0269258)
(-0.0107646,0.0754937)
(0.46116,-0.115161)
(0.41258,-0.077404)
(0.0263748,-0.0347394)
(0.0139355,-0.0847399)
(0.0232319,0.0431761)
(0.0693424,0.0366977)
(-0.0147065,0.033513)
(0.143401,-0.0281265)
(0.358398,-0.100186)
(-0.0470585,-0.0189812)
(0.0335928,-0.0583679)
(-0.0241676,0.0129698)
(0.0536369,0.0112101)
(0.0377582,0.0984401)
(0.0157786,0.0255057)
(0.0287774,-0.038362)
(-0.000641837,-0.0857062)
(0.0433143,0.0183318)
(0.00940953,-0.0172941)
(-0.0392956,-0.0600705)
(0.0414093,0.0905133)
(0.0718629,0.0524533)
(-0.0751845,-0.0240942)
(-0.0166616,-0.0845244)
(0.0304908,0.0493383)
(0.0506586,0.0100923)
(0.0438612,0.00774678)
(-0.071327,0.0300863)
(-0.0066807,0.048762)
(0.556466,-0.133106)
(-0.0485439,0.0108355)
(0.00404671,0.0206757)
(-0.095425,-0.0947171)
(-0.112633,-0.082027)
(-0.00578908,0.0157979)
(0.0194573,-0.0124026)
(-0.0547297,-0.036483)
(0.0332743,-0.0246023)
(0.00894632,0.0962816)
(0.0338873,-0.0213998)
(0.448371,-0.123488)
(0.0197976,0.101354)
(0.00812143,0.0318376)
(-0.0346131,0.0149553)
(0.0280413,0.00973657)
(0.0312384,0.0202587)
(-0.0285088,-0.0466185)
(0.0309822,-0.0226663)
(0.0639887,-0.0433731)
(-0.03527,-0.110951)
(-0.0108103,0.0237519)
(-0.0450094,0.0188411)
(0.42038,-0.0982804)
(-0.0580928,-0.0278897)
(0.00287911,0.0251084)
(0.0245866,0.0504285)
(-0.0575592,-0.0651672)
(-0.0597348,-0.021364)
(0.0342734,0.0017879)
(0.0605158,0.0495201)
(0.0777559,0.0378609)
(0.061723,0.0304427)
(-0.0208114,-0.0620274)
(0.0448916,0.0113496)
(-0.0708493,-0.0507698)
(-0.0235192,-0.0720425)
(-0.00201715,0.00123627)
(-0.0251977,-0.0283045)
(0.0902966,-0.0165165)
(-0.00453233,0.0143241)
(-0.0249781,-0.02913)
(-0.0048745,-0.0610592)
(-0.0507845,-0.0536745)
(0.0764709,-0.0393032)
(0.0310919,-0.000208745)
(0.20184,-0.128191)
(0.056241,0.0341937)
(-0.0308628,0.087838)
(0.0229893,0.0749556)
(0.0237869,0.013192)
(-0.0861091,0.0841394)
(0.0111877,-0.0188886)
(0.0115061,0.0455377)
(-0.0455244,-0.0204689)
(0.0214007,0.0357416)
(0.00586467,-0.0285173)
(0.0139611,0.034874)
(-0.0525135,-0.0268987)
(0.0259473,0.00379906)
(0.0473904,0.0353185)
(-0.0494141,0.0120456)
(-0.0560225,-0.0175601)
(-0.0763823,-0.0430553)
(0.0385768,-0.00823076)
(0.420379,-0.114317)
(-0.106908,0.005588)
(0.567823,-0.108767)
(0.0291847,0.0580604)
(-0.0669651,0.0792496)
(-0.0202268,0.0855102)
(-0.00354341,0.00495646)
(0.0682735,0.0578089)
(0.0361784,-0.046355)
(0.00686157,-0.00552838)
(0.0027387,-0.0172845)
(-0.0417984,0.0673181)
(-0.00455186,-0.0202722)
(0.446437,-0.11988)
(-0.0183596,-0.0300062)
(-0.0265925,-0.0187415)
(0.0889552,0.0336845)
(0.0727624,-0.0254225)
(-0.0335147,-0.0414316)
(0.432847,-0.0581627)
(0.039527,-0.0279638)
(0.0144308,-0.0509674)
(0.706013,-0.0816868)
(0.0391049,-0.0521862)
(-0.0564468,0.0266012)
(-0.027978,0.0306881)
(0.0481779,-0.0167741)
(0.39453,-0.0572851)
(0.518801,-0.173868)
(0.525465,-0.0609747)
(0.455981,-0.092265)
(-0.0445526,0.0133707)
(-0.0697799,0.0220621)
(-0.00196197,-0.0057473)
(0.00454629,-0.0643983)
(-0.0212404,0.0349714)
(-0.0645767,-0.00583409)
(-0.075256,-0.0284295)
(0.0843714,0.0329618)
(-0.0162732,0.024239)
(-0.0337013,0.0845815)
(0.00886507,-0.0163842)
(0.0465423,0.0142781)
(0.0647884,0.0245235)
(0.0591529,0.031508)
(0.0774662,0.0477671)
(0.0428971,0.00824417)
(0.0942528,-0.0406967)
(-0.00882731,0.00556947)
(-0.0363162,0.107618)
(-0.00488245,0.0712272)
(-0.0128822,0.011429)
(-0.0375038,0.0872525)
(-0.0472596,0.0113012)
(0.00220185,0.0249302)
(0.026223,0.0603268)
(0.0156687,-0.0239732)
(0.0267201,0.0274959)
(-0.0150558,-0.0401533)
(-0.0610336,-0.0390392)
(0.066077,0.0616008)
(0.0489362,0.0162029)
(0.0222344,0.0722772)
(0.0461683,-0.0143994)
(0.428165,0.00717754)
(0.0368395,-0.00201563)
(0.542906,-0.118259)
(-0.033396,0.0706525)
(0.0307048,0.00674387)
(-0.0475533,0.00692493)
(-0.10306,0.0628522)
(-0.0083235,0.0654938)
(-0.0474168,-0.016722)
(0.0157946,0.0553624)
(0.039039,-0.00688219)
(0.0338248,-0.00671465)
(0.00172175,-0.00749191)
(-0.00221408,-0.0648095)
(-0.0298026,0.0960173)
(0.0181903,-0.0492414)
(0.0342572,0.0568232)
(-0.0543534,-0.0114493)
(-0.0415926,-0.0341371)
(0.054542,-0.0453529)
(0.00699605,-0.0910707)
(-0.00808028,0.0717805)
(0.0401765,0.0335554)
(0.0571178,-0.0212689)
(0.186529,-0.0833717)
(0.0760286,0.0444612)
(-0.0267682,-0.041899)
(0.00784627,-0.0359949)
(0.0777433,-0.0175667)
(0.41117,-0.10591)
(0.00701692,0.0701294)
(-0.0304282,0.0854626)
(0.0401458,-0.0640408)
(-0.0624347,0.0784121)
(0.0498441,0.0439928)
(0.120191,-0.0336265)
(0.252311,-0.111602)
(0.346222,-0.194451)
(-0.0274284,0.0578151)
(-0.0109825,0.041431)
(-0.0903786,0.0214916)
(0.192789,-0.125052)
(0.536164,-0.0714256)
(0.0605664,0.00230808)
(-0.0618014,-0.0565108)
(-0.0236998,0.0286969)
(-0.0849226,-0.0259417)
(-0.0302551,0.0504501)
(-0.0382384,0.0226792)
(-0.0186042,0.0340632)
(-0.00960177,-0.0030513)
(0.0331181,-0.00286888)
(0.0571297,0.0220047)
(0.498487,-0.105988)
(0.0386317,0.00612308)
(-0.0205086,-0.029451)
(0.0439745,0.0251646)
(0.00943232,-0.0383726)
(-0.0196653,-0.0454769)
(0.0427003,0.00245375)
(0.00893952,-0.0148992)
(0.2585,-0.156662)
(0.0213997,0.0966886)
(-0.0188963,0.00863465)
(0.0348113,0.0996712)
(0.0269449,-0.0255442)
(-0.0366042,0.0314633)
(-0.0615249,-0.00349808)
(-0.0165976,0.0538728)
(0.268797,-0.0888706)
(0.675521,-0.0192726)
(-0.0733369,0.0556942)
(-0.0811328,-0.00291254)
(0.0161944,0.0271777)
(-0.0953524,0.0624671)
(-0.128165,-0.0265854)
(-0.136143,-0.0144133)
(0.0220128,0.0597588)
(-0.0232892,-0.0199317)
(0.0238791,0.0107812)
(0.0596259,-0.0221823)
(0.0114529,-0.0139672)
(0.0318307,-0.000993076)
(-0.0926184,-0.0230757)
(-0.0359881,0.0433091)
(-0.00354203,0.0647042)
(-0.041652,0.022797)
(-0.030799,0.0487417)
(0.0326978,-0.00483576)
(0.0996055,-0.0611923)
(0.0625057,0.0585108)
(0.0962675,0.0476143)
(-0.0650165,-0.0421548)
(-0.0571964,-0.00497928)
(-0.044149,0.0141074)
(-0.0363285,0.0313452)
(0.000200101,0.0178126)
(0.0153873,-0.000359564)
(0.00615753,0.00689711)
(0.0623366,-0.0285068)
(-0.0230952,-0.0522653)
(0.0166494,-0.0345415)
(0.0300879,0.0124832)
(-0.0266129,0.070623)
(0.0293237,0.0791641)
(-0.0229899,0.0341977)
(0.0499821,-0.00677334)
(0.613275,-0.106633)
(0.0623636,0.0496379)
(-0.0357056,-0.0406183)
(0.00761058,-0.0266044)
(0.0573942,0.0970052)
(0.0317377,-0.0415552)
(0.0273158,-0.0336198)
(0.0513359,0.0125687)
(0.0506411,-0.0562573)
(0.000166293,-0.0735258)
(0.0356054,-0.0240867)
(-0.0118096,-0.0348344)
(0.0775916,-0.00592329)
(0.079966,0.036095)
(-0.0103399,-0.00479006)
(0.0429372,-0.0322346)
(0.0383721,-0.0358646)
(-0.000196882,-0.0383945)
(-0.0120467,-0.0339391)
(-0.0181556,-0.0284195)
(-0.0400474,0.0443763)
(0.00461855,0.00156185)
(-0.00829131,0.0171086)
(-0.0552897,-0.00296936)
(-0.0230178,-0.0157445)
(-0.0117557,0.0211404)
(-0.036771,-0.111133)
(0.032316,-0.0936512)
(0.00803014,-0.0538153)
(0.0121753,-0.0394544)
(-0.0162706,-0.0162248)
(0.0612782,-0.0486336)
(-0.0500928,0.011202)
(0.0248591,-0.0756584)
(0.0748136,-0.0410186)
(0.0728737,-0.0911695)
(0.0142999,-0.0973916)
(-0.0433219,-0.138762)
(-0.0449084,-0.00462744)
(0.0627728,-0.0451014)
(0.0917566,-0.0217878)
(-0.0348553,0.0706566)
(-0.06306,0.0324798)
(-0.0188068,0.0473441)
(-0.0119188,-0.0415286)
(0.00750129,0.00716769)
(-0.0214832,0.0773259)
(-0.0332024,0.100589)
(0.0103133,0.0320721)
(-0.0843299,-0.0319595)
(0.0134172,-0.0212182)
(0.0458736,0.0225459)
(-0.0251802,-0.0896436)
(0.0154883,-0.0229055)
(0.471008,-0.0731701)
(0.0279298,-0.0613548)
(0.0511749,-0.00139901)
(0.00189445,0.0426025)
(-0.00302764,-0.0285876)
(0.0303772,0.0424732)
(0.0160433,0.0513465)
(0.0461105,0.0571805)
(0.0372005,0.0219376)
(0.0582192,-0.0225564)
(0.0147975,0.00160003)
(0.0287754,-0.00453974)
(0.0376769,-0.0105007)
(0.0319156,0.0386198)
(-0.0478396,0.0831994)
(-0.0202665,0.0145048)
(0.0560228,0.0539232)
(0.06804,0.019222)
(-0.0195774,0.0419725)
(0.0310002,0.0286397)
(-0.0258208,-0.0022797)
(0.00683943,-0.0737449)
(-0.00808875,-0.0498058)
(-0.0152316,-0.13339)
(0.0924646,0.000316131)
(0.549042,-0.116579)
(0.466506,-0.0782916)
(0.0051572,0.125614)
(0.451758,-0.0551626)
(0.063778,-0.0695707)
(0.438728,-0.0588048)
(0.272335,-0.135032)
(-0.00620033,0.0426516)
(0.504642,-0.133715)
(0.557707,-0.105663)
(0.539759,-0.0944854)
(-0.0159354,0.0545047)
(-0.0458198,0.0412349)
(-0.0428053,0.000893238)
(-0.0542002,0.016867)
(0.0284905,0.0553255)
(-0.0233877,0.0143605)
(-0.0339021,0.0353188)
(-0.0478044,0.0206179)
(-0.0472227,0.00737705)
(0.00856679,-0.0620883)
(0.0335365,-1.53836e-05)
(0.0360778,-0.0402288)
(-0.0441448,0.0411286)
(-0.036606,-0.00681305)
(0.0350834,0.0474168)
(-0.0246915,-0.0785476)
(-0.0483982,0.0723281)
(-0.033865,0.0323672)
(0.0157566,0.0258805)
(0.0109638,-0.0257474)
(-0.0346661,-0.0866503)
(-0.00166531,0.0267897)
(-0.0361904,-0.039562)
(0.0188306,-0.0155745)
(-0.00100272,0.0214503)
(0.0265932,-0.0081372)
(0.0426501,0.0824205)
(-0.0268265,-0.00351026)
(0.00979745,0.0334476)
(-0.00965613,-0.0106983)
(0.01984,0.0348049)
(-0.0089996,-0.0302546)
(-0.0145428,-0.0253128)
(-0.0380922,-0.0361944)
(-0.028011,-0.0133298)
(-0.0266052,-0.0736772)
(0.00224807,0.0223526)
(0.548116,-0.25909)
(0.0321386,-0.0322921)
(0.00380793,0.0109429)
(0.00195038,0.00674795)
(0.011419,-0.00546102)
(0.0145274,0.0615781)
(-0.0182081,0.0493726)
(0.447134,-0.130392)
(0.636983,-0.184013)
(0.453211,-0.110662)
(-0.0231593,-0.00412931)
(0.410148,-0.0770622)
(-0.00615408,0.023644)
(0.0878051,-0.0272485)
(0.0111159,0.0449374)
(0.0168927,0.0109498)
(0.187266,-0.0853227)
(0.00607223,0.0230155)
(-0.00578704,0.0473147)
(-0.0226058,0.0279337)
(0.110976,-0.0577342)
(0.0269686,-0.0023172)
(-0.119179,-0.0286281)
(0.44303,-0.0674946)
(0.00738495,-0.00138807)
(-0.0421788,0.0155068)
(-0.011134,0.0156145)
(0.0226779,0.0395463)
(0.0165568,-0.00982291)
(0.000795044,0.0567445)
(0.0650476,-0.0608026)
(0.000823185,0.0453825)
(0.0638774,0.0230633)
(0.193444,-0.0435228)
(0.0670931,0.0278325)
(0.0241999,0.00844039)
(-0.0604998,0.0592067)
(-0.0903618,0.021966)
(0.0083631,0.0665438)
(0.0186379,-0.00657903)
(0.00465206,-0.0507136)
(-0.0444803,0.0331748)
(-0.010078,-0.0141975)
(0.00873245,-0.00923931)
(0.0133595,0.0114391)
(-0.0149957,0.0455873)
(0.0553081,0.0480056)
(0.0275036,0.0506967)
(0.0238205,0.0372965)
(0.0201519,-0.0105553)
(0.0440299,0.0121109)
(0.0181406,-0.110103)
(0.0275372,0.0340712)
(-0.0576259,-0.0221973)
(0.0356532,0.112469)
(-0.00155684,0.0409814)
(0.0296471,-0.126205)
(0.0816054,0.0710016)
(0.00964934,0.0457896)
(0.0599497,-0.0860941)
(0.0063711,0.0496019)
(-0.0445923,-0.0120042)
(-0.0247681,-0.0435464)
(-0.0172665,0.0569663)
(-0.0591681,-0.0305556)
(-0.0540879,-0.01796)
(0.0591942,0.0527)
(-0.0299565,-0.0231108)
(-0.0988458,0.0760657)
(-0.00225215,0.00870983)
(0.00140035,0.0301866)
(-0.0284671,0.00904878)
(0.0460252,-0.00390881)
(1.10806e-05,0.0367904)
(0.132584,-0.0845186)
(0.0855158,0.00187073)
(-0.0256269,-0.0660321)
(-0.0347868,0.053403)
(-0.0525082,-0.097891)
(-0.0108383,0.0963981)
(-0.0370621,0.0172692)
(0.0678833,0.0775822)
(0.0693067,0.0844955)
(0.0110869,-0.0292953)
(0.0218394,0.0428983)
(-0.0503074,0.00826938)
(-0.0224581,0.073764)
(0.0132735,0.0105865)
(-0.0527307,-0.0376712)
(0.016016,-0.0946131)
(0.085149,-0.0220941)
(0.0402018,0.0541335)
(0.0256725,0.0560546)
(-0.0469075,0.0431029)
(-0.0579876,-0.0242076)
(-0.00937608,-0.0333399)
(0.0514479,-0.0100869)
(0.0591087,-0.0390413)
(0.45569,-0.0973834)
(0.0200052,-0.000356431)
(-0.0571633,-0.0487005)
(0.00935424,-0.0207016)
(-0.03543,-0.0294268)
(0.00488463,-0.0570373)
(0.0476683,-0.0327062)
(-0.0350557,0.0187093)
(0.0243238,-0.0473266)
(0.549788,-0.134032)
(0.0264533,-0.0998381)
(0.0518124,0.00514451)
(0.0585852,-0.0666003)
(0.523755,-0.127111)
(-0.0264733,-0.00196829)
(-0.0385837,-0.0095828)
(0.0405523,0.0144486)
(-0.0190292,-0.0071583)
(-0.0357492,-0.0153725)
(0.0135051,-0.0216141)
(-0.051701,-0.0202112)
(0.306616,-0.0792031)
(0.164753,-0.0801211)
(0.0172038,-0.00579792)
(-0.0144417,0.0381157)
(-0.0481203,-0.0628121)
(0.0445344,0.0705767)
(-0.013955,-0.081746)
(0.399747,-0.0470835)
(-0.0476643,-0.0160617)
(-0.00843834,0.00873157)
(0.00497711,-0.00299755)
(0.0311358,0.00147933)
(0.0706427,-0.0194642)
(0.0132418,0.00645187)
(0.493009,-0.10441)
(-0.0211512,-0.00812118)
(0.495951,-0.0875007)
(-0.0694073,0.066842)
(-0.0546895,-0.0142067)
(-0.0124668,-0.0536561)
(0.0328631,0.0361936)
(0.479432,-0.196821)
(0.104116,0.00323716)
(0.282855,-0.117745)
(0.0286383,-0.0127773)
(-0.0229133,0.00663697)
(-0.0611698,-0.00610007)
(0.206651,-0.039043)
(0.262023,-0.102186)
(-0.00203285,0.0155122)
(-0.0121609,0.00743304)
(0.30615,-0.129482)
(-0.0243563,0.0193731)
(-0.0726679,-0.0288359)
(0.236757,-0.0972641)
(-0.0456076,0.0232085)
(-0.00897462,0.0208083)
(0.346798,-0.0782356)
(-0.0707799,-0.067929)
(0.152192,0.00115654)
(0.206563,-0.0576751)
(0.0202523,0.0613106)
(0.22914,0.013976)
(0.0687875,-0.0588358)
(0.00843861,-0.0532684)
(-0.0166317,0.0494998)
(-0.0723673,0.0344828)
(-0.01583,1.3126e-05)
(0.0613911,-0.0581208)
(0.0285396,-0.037484)
(0.0446258,0.0585204)
(-0.0381403,0.0683473)
(0.0595376,0.0540689)
(-0.0369519,0.0117852)
(0.083181,0.0699849)
(-0.0967079,0.022114)
(-0.0267014,0.0356119)
(-0.0243678,0.0258662)
(-0.0269519,-0.0330325)
(-0.0360163,-0.0100463)
(0.307437,-0.0798214)
(0.0138277,0.077081)
(0.00813261,0.0497736)
(0.113834,-0.0595108)
(-0.128186,0.0513696)
(-0.0749495,0.0348579)
(0.539296,-0.0806644)
(-0.00871831,0.0139519)
(0.556562,-0.12893)
(-0.0281081,-0.0245344)
(0.0135246,0.0191823)
(0.184052,-0.101219)
(-0.0393544,-0.00204025)
(0.0214814,0.0206024)
(0.455549,-0.11746)
(-0.0355527,-0.0231156)
(0.0613632,0.0449389)
(0.00800734,0.00156608)
(0.00905692,0.0889861)
(0.134417,0.0357554)
(0.0340674,-0.0637913)
(0.105137,-0.0428239)
(0.0458848,-0.0329078)
(-0.115965,-0.0465609)
(0.227211,-0.158025)
(0.0223933,0.037669)
(0.29427,-0.149957)
(-0.0245925,-0.067158)
(-0.0436796,-0.0191789)
(0.465963,-0.11313)
(-0.0695485,0.0974911)
(0.00291599,0.0516877)
(-0.0322721,-0.0089477)
(0.385561,-0.0802584)
(0.00941415,-0.0179134)
(-0.046482,-0.04865)
(0.0635708,0.0321811)
(0.00488987,0.0361516)
(0.0391051,0.0386394)
(0.0815887,0.0113145)
(-0.121513,0.0154601)
(0.0216934,-0.00247085)
(-0.0412046,0.0260738)
(0.0754399,-0.0490883)
(-0.0742593,0.0300691)
(0.00134726,0.0473262)
(0.0775114,0.0295966)
(0.0685428,0.0426365)
(0.0435606,-0.0704776)
(-0.0424683,-0.0580035)
(0.014659,-0.0901051)
(0.0128821,-0.00986537)
(0.00684319,-0.0393632)
(-0.0115641,0.0186377)
(0.0533843,0.0170439)
(0.0635925,0.0140142)
(0.0388043,0.0779499)
(0.0138828,0.0192273)
(0.013472,0.0346159)
(-0.018525,-0.0773558)
(-0.0620315,-0.110812)
(-0.0769606,-0.10857)
(-0.0470483,-0.0556691)
(0.0119935,-0.0106597)
(0.020105,-0.0228515)
(0.0147213,0.00440213)
(0.462645,-0.110948)
(-0.0652053,0.00306065)
(0.0300446,0.0141886)
(0.00152953,0.00536124)
(0.416333,-0.0678935)
(0.0358565,-0.00238426)
(0.0220518,-0.0268623)
(-0.0175824,-0.0284246)
(0.00935392,0.000475801)
(0.0162345,-0.0157606)
(-0.0155978,-0.044422)
(0.0460301,-0.00706013)
(0.386274,-0.0846563)
(0.029452,-0.0187732)
(-0.102614,-0.0240788)
(0.625817,-0.144014)
(0.013997,0.00236637)
(-0.00566265,0.00917081)
(0.0276002,-0.0506164)
(0.454206,-0.0787865)
(0.0504815,0.0277631)
(-0.0541938,-0.0482553)
(-0.0120769,-0.0557083)
(-0.1203,-0.00938805)
(-0.0013044,-0.0175679)
(-0.0795723,-0.0754858)
(-0.0063429,-0.0554709)
(-0.0144076,0.0359487)
(0.00488292,-0.0356396)
(0.00129849,-0.0589678)
(0.00700935,-0.0497899)
(0.434445,-0.0485478)
(0.0552988,0.00871632)
(-0.0491673,0.0449816)
(-0.0384712,-0.0202763)
(0.00457414,0.000752776)
(0.00495079,-0.0638753)
(-0.0188613,0.064145)
(-0.0179762,-0.0572658)
(-0.00637058,-0.00577824)
(0.00409697,-0.0778825)
(0.00567221,0.0416185)
(0.0124677,0.0709924)
(0.4222,-0.0927488)
(-0.00431622,0.0074217)
(0.00688132,0.00223212)
(-0.0161455,0.0632895)
(0.0241985,-0.0265953)
(-0.0590543,0.0954111)
(-0.00696608,0.00484105)
(0.152546,-0.172208)
(0.205998,-0.104984)
(0.147829,-0.150847)
(0.0124439,0.0100427)
(-0.0116137,0.0264493)
(0.609952,-0.172287)
(0.344027,-0.131303)
(-0.0176005,0.0159979)
(0.403826,-0.0758034)
(0.473239,-0.0428867)
(0.199954,-0.110325)
(0.0510677,-0.0120925)
(0.0389987,-0.0191895)
(0.0416475,0.0428175)
(0.0911091,-0.00622538)
(-0.000930612,0.0377435)
(0.00931367,0.0533821)
(-0.0807191,0.00106779)
(0.0784493,0.00285689)
(-0.0903936,0.0192456)
(-0.0272843,-0.0392793)
(0.0483353,-0.0140688)
(0.473907,-0.134356)
(-0.0406278,0.0422288)
(0.00377744,-0.00707929)
(-0.0466482,0.0169771)
(0.540246,-0.0935085)
(-0.0402105,0.0829966)
(-0.0105484,0.00419534)
(0.534296,-0.163439)
(0.510457,-0.0784254)
(-0.0282664,0.0256327)
(0.34075,-0.0793689)
(-0.00239831,0.0528546)
(-0.0348118,0.087726)
(0.474453,0.0164013)
(0.265651,-0.0836507)
(0.401458,-0.105911)
(0.474488,-0.0489764)
(0.0309625,-0.0121573)
(0.7567,-0.0289343)
(-0.0419155,0.0123213)
(-0.0218674,0.0839332)
(0.065086,0.00120116)
(0.171133,-0.0579667)
(-0.0382773,0.0562723)
(0.0993174,-0.0667721)
(0.0141952,-0.00480901)
(0.0232097,-0.00161695)
(0.0303949,-0.0118477)
(0.0188698,0.00170357)
(0.0572439,-0.00267104)
(-0.014577,0.0453696)
(0.0674933,0.0474806)
(0.105842,-0.0461447)
(-0.0857057,0.00518726)
(0.0238182,-0.0578377)
(0.0340584,0.049868)
(0.027282,0.0447857)
(0.0148143,0.0146147)
(0.458768,-0.0704848)
(-0.0470834,0.110912)
(0.0253944,0.00474022)
(-0.0032483,-0.0173374)
(0.00226293,0.0298545)
(0.0512334,0.00846407)
(0.0184369,0.0339318)
(-0.0392353,-0.090782)
(-0.0310854,-0.0215962)
(0.549591,-0.0849844)
(-0.0213714,0.0106687)
(0.331724,-0.03599)
(-0.00251097,0.0171576)
(0.0458977,0.0332462)
(0.00485901,0.00594211)
(0.104953,-0.0332637)
(-0.0282114,-0.0389453)
(0.0278508,-0.100145)
(0.0311864,-0.0373721)
(0.0154991,-0.0422861)
(0.0413848,0.0273728)
(0.0286633,-0.034086)
(0.0660786,0.00242172)
(0.0379671,0.0357441)
(0.471453,-0.128855)
(0.28763,-0.0561287)
(-0.0194216,-0.0278255)
(0.0432497,-0.0379861)
(0.0312335,-0.0236017)
(0.065012,-0.047561)
(0.457369,-0.1478)
(0.049242,0.0492515)
(0.0879293,0.013859)
(0.0857006,0.0479231)
(0.0749901,0.00453399)
(0.319828,-0.15951)
(0.0700192,0.0259689)
(-0.036014,0.000364901)
(-0.0209403,0.00254986)
(-0.0137297,0.0180695)
(0.498813,-0.068507)
(0.0339473,-0.0250386)
(-0.0184708,-0.00251486)
(0.0486832,0.0691499)
(0.0303215,0.0139063)
(0.0404828,-0.00520487)
(0.476315,-0.0870574)
(0.404529,-0.139683)
(0.656775,-0.0759707)
(0.0372189,-0.0591818)
(0.0513684,-0.0127725)
(0.484903,-0.0593434)
(0.0401931,-0.0282001)
(0.0916796,-0.0762028)
(0.277266,-0.202126)
(-0.0591853,-0.0552299)
(-0.0600509,0.00285032)
(-0.0541917,-0.0255516)
(-0.0612042,0.0409982)
(-0.0231462,0.0248489)
(0.149286,-0.0607954)
(0.170979,-0.121141)
(0.281582,-0.144008)
(0.275429,-0.0495655)
(0.630725,-0.172257)
(-0.00394393,-0.0344716)
(-0.0732683,0.0138197)
(-0.028797,0.00587818)
(0.0980987,0.0896358)
(0.548484,-0.070862)
(0.539853,-0.133741)
(0.00566316,-0.00549576)
(-0.0342897,-0.0514092)
(-0.000861223,-0.0407757)
(0.578913,-0.184017)
(-0.00108984,0.0841764)
(0.0669826,0.0352986)
(-0.0516257,-0.00564665)
(0.598059,-0.0783733)
(0.0604566,0.0456528)
(-0.0467638,0.0635213)
(0.549615,-0.11775)
(0.515658,-0.12094)
(-0.0182797,0.0523011)
(-0.012097,0.024043)
(-0.0394497,-0.0426025)
(0.00503611,-0.0318208)
(0.0304851,-0.046913)
(4.57063e-05,0.00811692)
(0.028805,-0.0282968)
(0.476184,-0.149897)
(0.679994,-0.0248193)
(0.602767,-0.123643)
(0.537806,-0.0566062)
(0.450068,-0.102633)
(0.177646,-0.101064)
(0.286103,-0.0304846)
(0.18881,-0.0645405)
(0.185847,-0.091555)
(-0.0235884,-0.0349413)
(0.0186052,-0.0577031)
(0.284212,-0.0518064)
(0.540791,-0.149749)
(0.531662,-0.123719)
(0.43411,-0.0607476)
(0.522473,-0.139433)
(0.00810709,0.0504752)
(0.532905,-0.0718159)
(-0.0499071,0.0850472)
(0.0142178,-0.0170608)
(-0.0142748,-0.0417666)
(-0.0198226,0.0679391)
(-0.0479865,-0.0241245)
(-0.00652741,-0.0654109)
(-0.0234415,0.0132756)
(0.0302732,-0.0209659)
(0.0304745,0.0729633)
(0.403848,-0.0976996)
(-0.00491044,-0.0464456)
(0.491253,-0.206945)
(0.455417,-0.01801)
(0.461038,-0.162154)
(-0.0312292,-0.00424412)
(0.0686899,0.0801599)
(-0.0365661,0.00690555)
(0.55403,-0.0969385)
(-0.0277616,-0.072723)
(0.0229915,-0.00636191)
(0.324178,-0.133273)
(0.25512,-0.136667)
(0.522966,-0.0913698)
(0.377665,-0.0497032)
(0.593269,-0.238763)
(0.482841,0.0483238)
(-0.0121764,-0.0697311)
(-0.0155434,-0.0676553)
(0.00754331,0.0239947)
(0.0347803,0.080738)
(0.0228368,0.085384)
(-0.013635,-0.0226088)
(0.0286308,0.0056156)
(0.304659,-0.116079)
(0.189882,-0.0358356)
(-0.0296677,-0.00230295)
(0.194369,-0.0312576)
(-0.00403178,-0.0289173)
(0.497524,-0.118721)
(0.527541,-0.0183901)
(-0.0543514,0.0357409)
(0.0548955,0.0462414)
(0.0756573,0.0247192)
(0.0632715,-0.0501856)
(0.454604,-0.223542)
(0.00581707,-0.0648592)
(0.160853,-0.105863)
(-0.0512259,0.0847713)
(0.285959,-0.130029)
(0.0100854,0.0598848)
(0.334025,-0.0631531)
(0.0027115,0.0419145)
(0.0291553,0.0365262)
(0.0196583,-0.00826277)
(0.0132121,0.0149083)
(0.487615,-0.0668778)
(-0.0127601,0.0229257)
(0.493877,-0.121228)
(0.466392,-0.0797012)
(-0.0308266,0.0176256)
(0.479998,-0.0429551)
(0.587728,-0.0127094)
(0.538567,0.0166947)
(0.0221129,0.00687294)
(0.482963,-0.142371)
(-0.0650589,0.0540432)
(-0.0551829,0.0377718)
(-0.0324985,0.0695642)
(-0.0382137,0.00838096)
(-0.0331972,0.0713856)
(-0.038415,-0.000172172)
(-0.0558133,0.0266485)
(0.720641,-0.0119663)
(-0.0505809,0.00996271)
(0.112888,-0.0275328)
(0.414538,-0.126373)
(0.450129,-0.107077)
(-0.000153023,0.0116994)
(0.0541581,-0.0142659)
(-0.016564,-0.00286707)
(0.398257,-0.154833)
(-0.0438292,0.00520573)
(0.480997,-0.226144)
(0.372972,-0.110423)
(-0.0643819,-0.0224076)
(-0.0177134,-0.0152083)
(0.525767,-0.0237731)
(-0.0688131,-0.0227469)
(-0.00829797,-0.0222426)
(-0.0305551,0.054866)
(0.451549,-0.113061)
(0.455749,-0.0958969)
(0.214374,-0.134599)
(0.450426,-0.140727)
(0.48647,-0.0632844)
(0.0924007,-0.0118937)
(0.499229,-0.0976207)
(0.597302,-0.0238831)
(0.0360193,-0.103457)
(0.509136,-0.0307324)
(0.0525391,0.072666)
(0.501255,-0.0745321)
(0.0855083,0.00634152)
(0.00350831,0.0459438)
(-0.0189787,-0.0154199)
(0.0554474,0.0373683)
(0.0055067,0.087736)
(0.0640257,0.0977112)
(0.021231,0.0709782)
(0.0476778,0.0256583)
(0.130594,-0.0811895)
(0.026566,0.00882235)
(-0.0224974,-0.0143475)
(0.0271137,0.0382447)
(0.00655059,-0.00151249)
(0.00726825,0.0267661)
(0.0318512,0.00559763)
(0.0198916,0.0584318)
(0.126489,-0.0922003)
(-0.00452918,-0.00431438)
(0.043926,-0.0256502)
(0.617553,-0.0729929)
(0.384086,-0.175454)
(-0.0218499,0.0217853)
(0.0863162,0.146047)
(0.009078,0.119425)
(0.139037,0.0272683)
(-0.0405328,-0.0114196)
(0.102253,-0.0106456)
(0.221818,-0.0955321)
(0.633468,-0.146488)
(0.568241,-0.124761)
(0.0191627,0.0648513)
(0.0691959,-0.0485826)
(0.542664,-0.137365)
(0.0312015,0.0516307)
(0.0462676,0.0277614)
(0.0812775,-0.0182082)
(0.504601,-0.0290244)
(0.0798087,-0.0626284)
(0.237374,-0.162106)
(0.0062755,-0.0029511)
(0.127578,-0.125433)
(0.183972,-0.0741873)
(0.278861,-0.0499277)
(0.336731,-0.0969267)
(0.0742582,0.0433986)
(-0.04184,0.0603881)
(0.381402,-0.12708)
(-0.043526,0.0879721)
(0.0169749,-0.00519574)
(0.0324429,-0.0347514)
(0.476897,-0.165911)
(0.0112919,-0.0296006)
(0.420844,-0.111818)
(0.0326667,-0.01055)
(-0.00539115,0.0312005)
(-0.0110053,-0.0187097)
(-0.00687558,0.048677)
(-0.0249877,0.0157295)
(0.000501149,0.0288626)
(0.0241229,0.0251106)
(-0.0241998,0.0170158)
(-0.0404053,0.0858879)
(0.527143,-0.118169)
(-0.013256,-0.0122582)
(0.0460272,0.0323288)
(0.510315,-0.0538584)
(0.086747,0.0185608)
(-0.0101786,0.0349037)
(-0.00625064,0.0104107)
(-0.0015741,0.0233086)
(-0.0612906,0.0668137)
(0.116597,-0.0871732)
(-0.00952667,0.0708356)
(-0.0466989,-0.0430446)
(-0.0463484,-0.0790901)
(0.0411643,-0.0230307)
(-0.0477166,-0.038908)
(0.483788,0.00279141)
(-0.0473956,0.071713)
(0.632199,-0.125794)
(0.365737,-0.144389)
(0.494621,0.0153893)
(-0.0432577,-0.00391142)
(0.382719,-0.00793329)
(0.394552,-0.148592)
(0.3727,-0.0551197)
(-0.0696745,0.0443247)
(0.0108143,0.0555476)
(-0.0781589,0.0634853)
(-0.0137089,0.0178436)
(0.572367,-0.180094)
(0.57023,-0.112362)
(-0.0576277,0.00572815)
(-0.0331621,0.00193569)
(0.0073963,0.0118062)
(0.0524195,-0.000518879)
(0.329197,-0.0733195)
(0.0503791,-0.00552765)
(0.040565,0.0306906)
(0.0214866,0.0304015)
(0.0768522,0.000535715)
(0.377185,-0.0740661)
(-0.0663247,-0.0900799)
(0.454307,-0.0344572)
(0.0180263,0.0007244)
(0.0566065,0.0757815)
(0.0898888,0.0423226)
(0.650898,-0.158548)
(0.0128895,0.00328058)
(0.291915,-0.109551)
(0.543929,-0.130153)
(-0.0468468,-0.00759003)
(0.00439771,0.0279632)
(0.111599,-0.0941212)
(-0.013309,0.0741456)
(-0.0822966,0.0286677)
(0.036953,-0.127758)
(0.377308,-0.168223)
(0.25605,-0.19173)
(0.0623792,-0.0474664)
(0.016578,0.00250605)
(0.0151504,-0.0199206)
(-0.118082,0.0685518)
(0.0223507,0.00809238)
(0.00337863,-0.0324475)
(0.417384,-0.086213)
(0.534783,-0.0907345)
(0.62736,-0.0642697)
(-0.0279202,-0.0397237)
(0.347996,-0.0682605)
(-0.0465156,0.02139)
(0.0486979,0.0101314)
(0.044956,0.000517053)
(-0.0110175,0.136582)
(-0.0175091,0.0285872)
(0.0602813,-0.0631419)
(0.262613,-0.0725138)
(0.575851,-0.106079)
(0.547357,-0.126531)
(0.114075,-0.0922282)
(0.530587,-0.156138)
(0.0342919,-0.150227)
(0.429047,-0.180935)
(0.470181,-0.0805515)
(-0.0169482,-0.0931948)
(0.470269,-0.122742)
(0.445553,-0.147418)
(0.539652,-0.144963)
(0.40995,-0.116557)
(0.523379,-0.086718)
(0.124951,-0.0558495)
(0.26996,-0.131033)
(0.214509,-0.0423713)
(0.431266,-0.069944)
(0.0244217,-0.0502516)
(0.519207,-0.0521228)
(0.353036,-0.152233)
(0.0145804,0.00188446)
(-0.0666719,0.00822025)
(-0.086033,0.0752489)
(-0.063173,-0.0693912)
(0.42501,-0.160697)
(-0.0257931,0.0178044)
(0.468401,-0.14563)
(-0.0114727,0.0134076)
(0.252568,-0.0441824)
(-0.0133646,-0.0487514)
(-0.0264575,-0.0432643)
(0.438519,-0.117371)
(0.0351745,0.0975607)
(0.0878425,-0.0618645)
(0.529063,-0.144803)
(0.0337458,-0.0379129)
(-0.00802841,-0.0476821)
(-0.0511276,0.0370056)
(-0.0637224,-0.024576)
(-0.0407087,0.033613)
(-0.00725543,0.00431892)
(0.565646,-0.144383)
(0.569887,-0.163373)
(0.444543,-0.101664)
(-0.034909,-0.0832785)
(0.0131549,0.0549665)
(0.353287,-0.197046)
(-0.00598157,0.0313742)
(0.00726126,-0.0118548)
(0.0195225,-0.0460334)
(-0.0350212,-0.046128)
(0.559433,-0.128387)
(0.442063,-0.0499299)
(0.50792,-0.105549)
(0.419245,-0.0477791)
(0.398277,-0.0808914)
(-0.0900538,-0.0367179)
(0.414504,-0.0436846)
(0.303154,-0.114208)
(-0.0593504,-0.105297)
(0.372966,-0.0818905)
(0.501409,-0.106152)
(0.0122599,-0.0658124)
(0.000906162,0.0810316)
(0.54568,-0.123742)
(0.0182393,0.00592433)
(0.0545178,-0.0224578)
(0.422463,-0.134134)
(0.0497567,-0.00291436)
(-0.0259883,-0.0455438)
(0.0471832,0.0336463)
(0.0754178,-0.0325432)
(0.495836,-0.065162)
(-0.0233852,0.0370532)
(-0.0756495,0.0954314)
(0.00101211,0.0286876)
(0.390827,-0.0696903)
(-0.028777,0.0480398)
(0.00807353,0.0218489)
(-0.0450443,0.0661506)
(0.0823777,-0.0430866)
(-0.035852,-0.0801861)
(0.0293855,0.00956182)
(0.112396,0.0303072)
(0.105994,0.017264)
(0.0122666,0.0639452)
(0.0689831,0.0696638)
(0.0966953,0.0712946)
(0.505956,-0.0834804)
(-0.0736334,0.0339857)
(0.534087,-0.00164427)
(-0.0155836,-0.000329529)
(-0.0423452,-0.064726)
(0.185572,-0.110541)
(0.529933,-0.134479)
(0.32709,-0.108276)
(-0.0823214,0.0527225)
(-0.0122969,-0.0315371)
(0.05599,-0.0204454)
(0.0287775,-0.0400078)
(0.00516963,-0.000691525)
(-0.0231629,0.0168848)
(-0.0450171,-0.0306135)
(0.0195138,0.0208338)
(-0.0573656,-0.0213351)
(0.0155319,0.0557328)
(0.0226794,-0.0302648)
(0.390895,0.0576496)
(-0.00108904,0.0578354)
(0.055582,0.00766158)
(0.0214086,0.0189062)
(0.0304422,0.026992)
(0.190078,-0.0520014)
(0.123201,-0.0709742)
(-0.00746337,0.0390279)
(0.109866,-0.104157)
(0.53052,-0.0604912)
(-0.0482538,-0.109802)
(0.448171,-0.0746838)
(-0.00465594,-0.160466)
(-0.0104373,0.034838)
(0.104414,-0.0258404)
(0.0536186,-0.0755038)
(0.0877296,-0.0325243)
(-0.0491248,-0.0123773)
(0.0212203,-0.00983815)
(-0.0477096,-0.0446481)
(-0.0371598,0.0503556)
(0.00669595,-0.00679982)
(0.341951,-0.147897)
(0.355196,-0.133034)
(0.0415977,0.00901727)
(0.16378,-0.0368628)
(0.188361,-0.0354401)
(0.588864,-0.102017)
(0.021031,0.0112358)
(0.124737,-0.026882)
(0.499374,-0.153141)
(0.143603,-0.00419238)
(0.110496,-0.0977846)
(-0.0345068,-0.0317227)
(-0.00641941,-0.0621132)
(0.0972147,-0.0497895)
(-0.0403664,-0.00913521)
(0.431674,-0.055893)
(0.378912,-0.126052)
(0.015335,0.00147882)
(0.0467417,0.0110452)
(0.168132,-0.0917282)
(0.0520591,-0.0474589)
(0.129101,-0.0534782)
(-0.00613355,0.0429439)
