1620
(-0.0228175,-0.130507)
(-0.0214613,0.0438767)
(0.0540615,0.0613314)
(0.0162069,-0.149113)
(-0.00498859,-0.0252257)
(-0.0331625,0.04736)
(0.0405894,0.0665568)
(-0.017014,-0.00976563)
(0.000712283,0.022809)
(-0.00204976,0.0359164)
(-0.0514252,0.0329414)
(-0.000579617,0.0156607)
(0.0242723,-0.0371534)
(-0.0200078,0.00100413)
(-0.0108983,0.052206)
(-0.0310851,0.0282294)
(-0.0208984,-0.082602)
(0.00874869,0.0324402)
(0.0160022,0.0210095)
(-0.0167193,0.00239627)
(-0.0217225,-0.0179889)
(0.00737646,0.0223614)
(-0.0626559,0.01528)
(-0.0240859,-0.053822)
(0.00521571,0.0367579)
(0.0265476,0.0125866)
(-0.0305267,0.00589717)
(0.0755128,-0.0670803)
(-0.025309,-0.0075591)
(0.0578156,-0.0126738)
(0.0355962,0.0755785)
(0.0426596,-0.0200946)
(0.00581788,0.0475785)
(-0.0999844,0.0367582)
(0.059721,0.0280583)
(0.0137359,0.0667626)
(0.066673,-0.0153612)
(-0.0092934,0.0344932)
(-0.0417549,0.00461442)
(0.0386777,0.00103948)
(0.0393534,-0.0808202)
(0.0754575,0.0128243)
(0.0626525,0.025599)
(0.129451,0.00426492)
(-0.0346719,0.0667603)
(0.131536,-0.0189877)
(0.0938009,-0.023084)
(-0.0198535,-0.0040636)
(0.0516163,-0.0577425)
(-0.0136812,-0.025984)
(0.0440107,0.00495152)
(0.0940681,-0.0242507)
(0.0141795,0.0156716)
(0.0200396,-0.00205763)
(-0.00282843,0.0303406)
(-0.0202353,0.0280433)
(0.0485122,0.0306656)
(0.0474932,0.0693268)
(-0.0152472,-0.0484216)
(0.0535521,-0.0356314)
(-0.0385149,-0.0202276)
(0.170119,-0.0660072)
(-0.0169271,0.000795773)
(0.390767,-0.0863353)
(-0.0240791,-0.00477482)
(-0.0147739,0.031574)
(-0.00409144,-0.00553165)
(0.0245986,0.0153768)
(0.00882206,0.143483)
(-0.0415962,-0.067329)
(0.0109948,0.0511845)
(0.0073354,0.0465545)
(-0.0303404,0.0722514)
(-0.0439216,0.0307565)
(0.00672493,-0.016415)
(-0.0879274,0.0685745)
(0.0148713,-0.0345549)
(0.00624138,-0.0509926)
(-0.0200847,0.00690552)
(0.0806402,-0.0382584)
(-0.0163701,-0.0646411)
(0.00816509,0.0104098)
(0.0255835,-0.0667286)
(0.0229013,-0.0176179)
(0.0360301,0.0215357)
(0.0242179,0.0268961)
(-0.0340119,-0.0475026)
(-0.0386221,0.016602)
(0.0826336,0.0225943)
(0.0347819,-0.0137512)
(-0.113579,-0.0154945)
(-0.0195974,0.0242054)
(0.457128,-0.0650633)
(0.0115381,0.103969)
(-0.0209789,0.0647712)
(0.575362,-0.00955736)
(-0.05673,0.0583522)
(0.4431,-0.14165)
(-0.00942331,-0.0989067)
(-0.0448106,-0.0874906)
(0.056969,0.0145018)
(-0.0731234,-0.0121803)
(0.0459939,-0.0772127)
(-0.00276281,-0.0348719)
(-0.0238522,-0.115016)
(0.444156,-0.0979236)
(0.0315805,0.0714106)
(-0.0702885,-0.00975782)
(0.0123044,0.0193978)
(0.0410489,0.0669499)
(0.00540498,0.0294514)
(0.708485,-0.135157)
(0.366729,-0.041197)
(-0.00948418,-0.0124802)
(0.482936,-0.047883)
(0.014529,0.106239)
(-0.00250544,0.0786452)
(0.639449,-0.0849515)
(0.00406295,0.0183741)
(0.487249,-0.0677543)
(0.437298,-0.0657143)
(0.0225897,0.0409984)
(0.388252,-0.0705079)
(0.281954,-0.11763)
(0.27928,-0.0773941)
(0.000613947,-0.0261198)
(0.0482323,-0.0310611)
(0.000821635,0.0412486)
(0.35289,-0.128589)
(0.0837157,0.0621158)
(0.114196,0.089546)
(0.0110566,-0.00904324)
(-0.00577264,-0.0481333)
(0.00264187,0.0250403)
(0.00192674,0.0179808)
(0.0203867,0.0258685)
(-0.0531285,0.00699223)
(0.00495327,0.0292204)
(0.383507,-0.0912949)
(0.0294887,-0.0143154)
(0.0155993,0.0445054)
(-0.0162052,0.0557005)
(0.0210281,-0.0162638)
(0.0461615,-0.0697558)
(0.0904784,-0.0864001)
(0.0263323,-0.0981987)
(0.0134418,-0.00086315)
(0.427258,-0.0851058)
(0.483486,-0.103916)
(-0.0576596,0.00311965)
(0.484115,-0.148568)
(0.194678,-0.0669035)
(0.543139,-0.0317832)
(0.46803,-0.115475)
(0.474639,-0.0773766)
(-0.0411492,0.0210636)
(0.0729205,0.0431833)
(0.417092,-0.15734)
(0.371472,-0.0178134)
(-0.0178634,0.00837799)
(-0.0297,0.0389038)
(-0.000383178,0.0320005)
(0.0113987,0.0371305)
(-0.0387172,-0.0162318)
(-0.00924252,0.0252755)
(-0.046546,-0.0347852)
(0.0157658,-0.0447283)
(-0.0132377,-0.0515065)
(0.0391405,0.0293571)
(-0.0177273,0.0860134)
(0.0407566,-0.0157186)
(0.0553261,-0.000333594)
(0.418893,-0.171971)
(0.380413,-0.125199)
(0.570233,-0.12146)
(0.498546,-0.0691131)
(0.0663311,-0.0919609)
(0.150012,-0.0194352)
(-0.0905677,-0.0649268)
(-0.117984,0.0599817)
(-0.0536248,-0.0600823)
(0.0402415,0.0564143)
(0.0166143,0.0182341)
(0.012751,0.0378416)
(0.0155371,0.0233907)
(5.56964e-05,0.0398493)
(0.0406382,0.0220821)
(0.0647546,-0.100756)
(0.00684973,-0.0242947)
(0.410545,-0.152091)
(0.477129,-0.0766386)
(0.374221,-0.0888344)
(0.580697,-0.121338)
(-0.0478627,-0.0475036)
(-0.0444418,-0.0432407)
(0.0507217,0.0570148)
(0.0495138,0.0362158)
(-0.033035,0.0469027)
(-0.0545604,-0.0562789)
(-0.00750318,0.0127459)
(0.0265093,-0.120091)
(0.0857498,-0.0918515)
(-0.0433657,-0.0457509)
(-0.0666977,-0.0200858)
(-0.0149553,-0.0177769)
(-0.054288,0.0272193)
(0.464935,-0.0921056)
(0.474292,-0.0294665)
(-0.0952276,0.0208044)
(0.38045,-0.0956576)
(-0.0370129,-0.0125473)
(0.414595,-0.0852877)
(0.410471,-0.0889609)
(-0.0893989,0.0201316)
(-0.0691312,0.0382655)
(0.088811,0.0806195)
(0.0843018,0.00975989)
(0.451474,-0.114763)
(0.570743,-0.143653)
(-0.0201188,-0.0455347)
(-0.00263688,-0.00994319)
(-0.0391536,0.0104883)
(0.0454509,0.0754208)
(0.702934,-0.176679)
(-0.0544774,-0.0551584)
(-0.0766458,-0.0757861)
(0.412276,-0.16319)
(-0.0354149,0.063482)
(-0.0138363,0.0344355)
(-0.0748001,-0.0351916)
(-0.0180201,0.0143543)
(0.484517,-0.127168)
(0.470379,-0.176359)
(0.537379,-0.052853)
(0.478295,-0.0588017)
(-0.0479964,0.0336347)
(-0.0137993,-0.0437076)
(-0.00788973,-0.0214932)
(0.187049,-0.0646586)
(0.000961501,0.0272764)
(0.0695806,-0.00681261)
(-0.0111031,-0.0434937)
(-0.00999598,0.0716954)
(-0.0162669,0.0740382)
(-0.0172433,-0.0569354)
(-0.038884,0.0159701)
(0.0792766,0.000597275)
(-0.00696429,-0.0438377)
(0.0323597,0.0071366)
(-0.0437743,0.0296898)
(-0.0440872,-0.0339342)
(-0.0301527,0.0178299)
(-0.0546989,-0.0273749)
(-0.0500295,-0.0473595)
(-0.0383427,0.0225444)
(0.0377312,-0.0513207)
(0.0562992,-0.0125038)
(0.0109295,-0.00961464)
(0.0384855,0.00364862)
(-0.0246004,-0.0963347)
(0.0639509,-0.108574)
(-0.0249223,0.0119899)
(0.00935644,0.00694596)
(-0.0419602,-0.0259718)
(0.524411,-0.0664713)
(-0.0468247,-0.0629022)
(-0.0812181,-0.10306)
(-0.0173493,-0.0230614)
(0.0199496,-0.00960102)
(0.0513647,0.0298426)
(-0.0154671,0.0182136)
(0.0202599,-0.00838635)
(-0.069156,-0.0202414)
(-0.0512991,0.0521297)
(0.0115509,0.00587449)
(0.494142,0.00285876)
(-0.00405472,0.0627065)
(-0.0416033,-0.0146044)
(0.0583989,0.0680298)
(0.0176401,-0.0124369)
(0.0301158,0.0278858)
(0.0397486,0.0589323)
(0.0134892,-0.038929)
(-0.00698897,-0.0615768)
(0.112512,0.0562489)
(0.042471,0.0237349)
(0.0214819,0.00580041)
(-0.066461,0.000535954)
(0.0515751,0.017036)
(0.107728,0.0273582)
(-0.00783207,0.0572403)
(0.0125765,-0.0368114)
(-0.0783174,0.0137078)
(-0.0459089,-0.0197751)
(-0.0331227,0.00664266)
(-0.0518707,0.0351657)
(0.0535561,-0.0443707)
(-0.00245385,0.0227329)
(-0.0564776,-0.027576)
(-0.0542036,0.00377766)
(0.00648048,0.0400542)
(-0.0971469,0.0193683)
(-0.0374536,-0.0201941)
(-0.037133,-0.00116308)
(-0.0423529,0.00446303)
(0.0128578,-0.0387556)
(0.062789,0.0270414)
(0.374612,-0.134694)
(0.00257328,0.0104362)
(-0.0087822,0.0210725)
(-0.0367645,-0.0312475)
(-0.0708294,-0.0555289)
(-0.116625,-0.0758048)
(-0.0649753,-0.0355227)
(-0.0420089,-0.0466248)
(-0.069618,-0.0217137)
(0.0309143,-0.0832214)
(-0.0531632,-0.0879602)
(-0.0623744,-0.0330972)
(0.444706,-0.213843)
(-0.00941265,-0.0253654)
(-0.0274434,0.0233794)
(0.0167814,-0.0177386)
(-0.00224053,-0.0272242)
(-0.0260417,-0.0173042)
(-0.00235606,0.0213997)
(0.0831695,-0.0682522)
(0.00566974,-0.00310986)
(0.00563855,0.057308)
(-0.0293023,-0.0516748)
(0.040055,-0.00787374)
(-0.0150131,-0.0168311)
(-0.0468311,-0.0167678)
(0.0431957,-0.0409709)
(-0.0175448,-0.0794907)
(0.471236,0.0111761)
(0.0344216,-0.0326014)
(0.0673222,0.0599195)
(-0.0945145,-0.0719518)
(0.0521476,-0.0344938)
(0.0249517,-0.0437383)
(-0.056555,-0.067213)
(0.0732521,0.0506632)
(-0.0173551,0.00459161)
(-0.0172632,-0.0106032)
(0.0434405,0.0504831)
(0.0402619,0.042799)
(0.00641971,0.108697)
(-0.0124171,0.00702385)
(0.146513,-0.0223145)
(0.386606,-0.101307)
(0.447945,-0.109095)
(0.0947539,-0.0465764)
(-0.00153182,0.0152303)
(0.414402,-0.115919)
(-0.08892,0.100373)
(0.0592495,-0.0359674)
(-0.0283113,0.00149698)
(-0.0500126,-0.00847796)
(-0.00578009,-0.00386844)
(0.258725,-0.108012)
(0.123972,-0.0648051)
(0.0272743,0.0394903)
(-0.0274601,0.0115694)
(-0.0321464,0.00905553)
(0.0243793,0.0262107)
(0.45814,-0.181508)
(-0.0406502,-0.0596141)
(-0.0410032,0.00200699)
(-0.00593791,0.0239799)
(-0.00840263,0.0673017)
(-0.00591276,-0.0508199)
(-0.0197335,-0.0274317)
(-0.0125921,0.074804)
(0.462242,-0.11664)
(0.412729,-0.0781171)
(0.0262259,-0.0352209)
(0.0140947,-0.0850481)
(0.023762,0.0429685)
(0.0696553,0.0363968)
(-0.0152025,0.0329202)
(0.143861,-0.0292545)
(0.358698,-0.100591)
(-0.0477246,-0.0190908)
(0.0336226,-0.0588401)
(-0.0231014,0.0126124)
(0.0529499,0.0110297)
(0.0379866,0.09982)
(0.0164971,0.02631)
(0.0281995,-0.0387984)
(-0.000874081,-0.086757)
(0.0443028,0.0188442)
(0.00926417,-0.0164719)
(-0.039156,-0.0591856)
(0.041504,0.0914537)
(0.0722252,0.0528223)
(-0.0751435,-0.0244951)
(-0.0170964,-0.0845554)
(0.0311931,0.0503393)
(0.0510431,0.0098415)
(0.0436764,0.00787535)
(-0.0715634,0.0300227)
(-0.00665057,0.0489133)
(0.55601,-0.132176)
(-0.0481182,0.0105912)
(0.00372218,0.0207465)
(-0.0946204,-0.0947246)
(-0.111874,-0.0830016)
(-0.00556869,0.0145457)
(0.0197467,-0.0128663)
(-0.0544427,-0.0370577)
(0.0330562,-0.0249989)
(0.00869986,0.0961998)
(0.0343562,-0.0211292)
(0.447534,-0.12241)
(0.0199604,0.100801)
(0.00854087,0.0312391)
(-0.0346188,0.0144782)
(0.0276425,0.00979896)
(0.0305435,0.0201327)
(-0.0279626,-0.0458987)
(0.030849,-0.0224619)
(0.064376,-0.0431298)
(-0.0344863,-0.111615)
(-0.011283,0.0229633)
(-0.0440935,0.0190364)
(0.419994,-0.0977244)
(-0.0575795,-0.0278105)
(0.0020699,0.0250326)
(0.0232481,0.0508496)
(-0.0571184,-0.0657886)
(-0.059342,-0.0220689)
(0.0358728,0.00361316)
(0.0595841,0.0500609)
(0.0775671,0.0372862)
(0.0622072,0.0305637)
(-0.0211716,-0.0621971)
(0.0453338,0.0115278)
(-0.0712273,-0.0506613)
(-0.0223897,-0.0713284)
(-0.00139828,0.00131953)
(-0.0251492,-0.0285876)
(0.0915949,-0.0160323)
(-0.00493245,0.01499)
(-0.0242381,-0.0291776)
(-0.00447152,-0.0597711)
(-0.0505644,-0.0537584)
(0.0763893,-0.0385948)
(0.0307079,0.000937945)
(0.200786,-0.127862)
(0.055225,0.0351618)
(-0.031733,0.0878148)
(0.0225054,0.0763995)
(0.0234502,0.013215)
(-0.0862011,0.0844151)
(0.012435,-0.0185826)
(0.011584,0.0454822)
(-0.0456642,-0.0204289)
(0.0215469,0.0359306)
(0.0053488,-0.0291855)
(0.0134176,0.0350741)
(-0.0521463,-0.0279382)
(0.0256925,0.00306651)
(0.0473038,0.0345832)
(-0.0496253,0.0104416)
(-0.0558211,-0.0173201)
(-0.0759961,-0.0427943)
(0.0379895,-0.00854202)
(0.421425,-0.114355)
(-0.107717,0.00615626)
(0.566576,-0.107233)
(0.0288631,0.0575679)
(-0.0672764,0.0779401)
(-0.0206846,0.0847808)
(-0.00389757,0.00497471)
(0.0687145,0.0582478)
(0.0373353,-0.0457821)
(0.00657637,-0.00611028)
(0.00270413,-0.0178145)
(-0.0407998,0.0665386)
(-0.00501696,-0.0203223)
(0.447052,-0.120013)
(-0.0182514,-0.0302931)
(-0.0268567,-0.0194941)
(0.0896093,0.0339501)
(0.0733732,-0.0249834)
(-0.0329701,-0.0416308)
(0.433532,-0.0584011)
(0.038717,-0.0283354)
(0.0137296,-0.0506803)
(0.704446,-0.0822921)
(0.0389228,-0.0533859)
(-0.0568004,0.0272161)
(-0.0285333,0.0305626)
(0.0483399,-0.0174708)
(0.393978,-0.0568908)
(0.518468,-0.17311)
(0.526015,-0.0631475)
(0.457599,-0.0932799)
(-0.04497,0.0133381)
(-0.0700147,0.021924)
(-0.00219688,-0.00632971)
(0.00456305,-0.0646958)
(-0.0214785,0.0353211)
(-0.0650197,-0.00572134)
(-0.0758299,-0.0283239)
(0.0845981,0.0327512)
(-0.0159746,0.0248559)
(-0.0336384,0.0850549)
(0.00841484,-0.017298)
(0.0462606,0.0142719)
(0.0639895,0.0245436)
(0.0586415,0.0317309)
(0.077446,0.0480954)
(0.0435229,0.00843687)
(0.0952406,-0.0411915)
(-0.0086663,0.00528266)
(-0.0363454,0.108232)
(-0.00462217,0.0709346)
(-0.0130168,0.0114312)
(-0.0377635,0.0879324)
(-0.0478678,0.0106193)
(0.00186112,0.0251059)
(0.0256557,0.0593679)
(0.0179472,-0.0239663)
(0.0255573,0.0272604)
(-0.0137638,-0.0401588)
(-0.060892,-0.038672)
(0.0656147,0.0624484)
(0.0493628,0.0162225)
(0.0214767,0.0729995)
(0.0470779,-0.0139912)
(0.428115,0.00726865)
(0.0373044,-0.00189224)
(0.542123,-0.117958)
(-0.032865,0.0695426)
(0.030255,0.00696335)
(-0.0471238,0.00660443)
(-0.104778,0.0619227)
(-0.00826426,0.0658331)
(-0.0478034,-0.018538)
(0.0160831,0.0554726)
(0.039677,-0.0062702)
(0.0343706,-0.00664731)
(0.00152821,-0.00825032)
(-0.00138749,-0.0655787)
(-0.0297775,0.0965771)
(0.0188221,-0.0494742)
(0.0346682,0.0585661)
(-0.0540004,-0.01176)
(-0.040498,-0.0329356)
(0.0547911,-0.0445448)
(0.0077331,-0.0910394)
(-0.00737999,0.0716344)
(0.042012,0.0327489)
(0.0580332,-0.0213647)
(0.18618,-0.0836976)
(0.075723,0.0462138)
(-0.0265784,-0.0423728)
(0.00794491,-0.0363359)
(0.078182,-0.015703)
(0.411285,-0.106598)
(0.00772631,0.0686802)
(-0.0304025,0.0856095)
(0.0415535,-0.0638573)
(-0.0620545,0.0785717)
(0.0494225,0.0451979)
(0.120519,-0.033721)
(0.252028,-0.112128)
(0.347095,-0.195948)
(-0.0269222,0.0576001)
(-0.0108258,0.0419157)
(-0.0900054,0.0209422)
(0.192761,-0.125795)
(0.536374,-0.0716264)
(0.0608868,0.00366949)
(-0.0614913,-0.0564032)
(-0.023656,0.0288025)
(-0.085059,-0.0261875)
(-0.0307029,0.0505418)
(-0.0384996,0.0225708)
(-0.019136,0.0340422)
(-0.00970234,-0.00239464)
(0.0316187,-0.00252736)
(0.0578442,0.0218488)
(0.498067,-0.105933)
(0.0391258,0.00488753)
(-0.0210207,-0.0292272)
(0.044703,0.0251038)
(0.0100461,-0.0389388)
(-0.0198401,-0.0458893)
(0.0432361,0.00199475)
(0.00921716,-0.0150316)
(0.258864,-0.155403)
(0.0198964,0.0969715)
(-0.0194073,0.00809219)
(0.0329732,0.100116)
(0.0266486,-0.025726)
(-0.036958,0.0308706)
(-0.061815,-0.00383434)
(-0.0171812,0.0534719)
(0.268836,-0.0890549)
(0.676828,-0.0179543)
(-0.073858,0.0558935)
(-0.081524,-0.00272136)
(0.0163165,0.0271831)
(-0.0967836,0.062471)
(-0.128893,-0.027813)
(-0.136835,-0.0153831)
(0.0213429,0.0599785)
(-0.0229044,-0.0201165)
(0.0237549,0.00988407)
(0.059106,-0.021936)
(0.0106242,-0.0130083)
(0.031662,-0.0010953)
(-0.0925146,-0.0238516)
(-0.0361994,0.0435811)
(-0.00391178,0.0650256)
(-0.0417875,0.0227322)
(-0.0310446,0.0488211)
(0.0324808,-0.00484589)
(0.100055,-0.0603471)
(0.0626176,0.0586294)
(0.0965906,0.0484662)
(-0.065433,-0.041425)
(-0.0567861,-0.00387525)
(-0.0436885,0.0146156)
(-0.0372369,0.0311618)
(4.76323e-07,0.0181999)
(0.0152742,-0.000242919)
(0.00735994,0.00757818)
(0.0618938,-0.0296159)
(-0.0237046,-0.0523621)
(0.0159874,-0.0349055)
(0.030638,0.0126826)
(-0.0269637,0.0713573)
(0.0295946,0.0798552)
(-0.0235687,0.0341204)
(0.0502863,-0.00687768)
(0.613098,-0.107031)
(0.0632895,0.0513329)
(-0.0361368,-0.0412)
(0.00784721,-0.0269008)
(0.0560509,0.0969165)
(0.0326222,-0.0415785)
(0.0266618,-0.0344838)
(0.0509259,0.0123137)
(0.0510264,-0.056137)
(0.00017895,-0.0738888)
(0.0357308,-0.0251766)
(-0.0131463,-0.0350877)
(0.0781881,-0.0059118)
(0.0806888,0.0367846)
(-0.0101,-0.00588946)
(0.0431994,-0.0324944)
(0.0390499,-0.0353626)
(0.000501286,-0.0388603)
(-0.0119624,-0.0334109)
(-0.0176604,-0.0280137)
(-0.0405017,0.0440433)
(0.00428723,0.00173884)
(-0.00833116,0.0169484)
(-0.0556021,-0.00315744)
(-0.0227,-0.0157191)
(-0.0119785,0.0206125)
(-0.0362639,-0.111998)
(0.0324527,-0.0937407)
(0.00854834,-0.0541178)
(0.0120814,-0.0403128)
(-0.0161522,-0.0177168)
(0.0610004,-0.0487628)
(-0.0499782,0.0106968)
(0.0251748,-0.076046)
(0.0744782,-0.0410458)
(0.0726751,-0.0910206)
(0.0152213,-0.0980076)
(-0.0426871,-0.139908)
(-0.0446456,-0.00489873)
(0.0633066,-0.0449019)
(0.0916954,-0.0212307)
(-0.0349053,0.069969)
(-0.062705,0.0321972)
(-0.0192451,0.047447)
(-0.0119275,-0.0428699)
(0.00723164,0.00737487)
(-0.0219099,0.0777447)
(-0.0337995,0.101651)
(0.00973667,0.0318572)
(-0.0845938,-0.0316217)
(0.0136811,-0.0210686)
(0.0453296,0.0229472)
(-0.0242925,-0.0903814)
(0.0156344,-0.0226402)
(0.471572,-0.0721507)
(0.0286984,-0.0610272)
(0.0524226,-0.00139808)
(0.00271868,0.0429555)
(-0.00185837,-0.0283425)
(0.0302949,0.043074)
(0.0154564,0.0516432)
(0.0457133,0.0576761)
(0.036974,0.0221944)
(0.0588217,-0.0234281)
(0.0150701,0.0017816)
(0.0288999,-0.00488282)
(0.037537,-0.0108284)
(0.0313303,0.0390851)
(-0.0476649,0.0851842)
(-0.020508,0.0140478)
(0.056754,0.0545891)
(0.0675764,0.0185501)
(-0.0189786,0.0409503)
(0.0309975,0.0291117)
(-0.0247501,-0.00293628)
(0.00730052,-0.0743491)
(-0.00745955,-0.0499193)
(-0.0146209,-0.133966)
(0.0930091,0.000205529)
(0.550868,-0.115858)
(0.465074,-0.0782886)
(0.00434285,0.125569)
(0.450435,-0.0557617)
(0.0639534,-0.0691637)
(0.438475,-0.0584881)
(0.273351,-0.134889)
(-0.00605391,0.0428934)
(0.505258,-0.132846)
(0.556834,-0.105587)
(0.539176,-0.0942475)
(-0.015541,0.0540142)
(-0.0465889,0.0417171)
(-0.0429438,0.00132354)
(-0.0540566,0.0170476)
(0.0281412,0.0558779)
(-0.0237717,0.0142737)
(-0.0341056,0.0353142)
(-0.0482236,0.0209759)
(-0.047161,0.00728246)
(0.00951942,-0.062477)
(0.034512,0.000396604)
(0.0371055,-0.0405819)
(-0.0447654,0.0408099)
(-0.0363826,-0.00706416)
(0.034826,0.0469656)
(-0.0245931,-0.0790455)
(-0.0476671,0.0723803)
(-0.034263,0.0322412)
(0.0163351,0.0250221)
(0.0104256,-0.0256763)
(-0.0344631,-0.0870257)
(-0.00147266,0.0260478)
(-0.0359427,-0.0397728)
(0.0184589,-0.015616)
(-0.00036341,0.0217278)
(0.0262972,-0.00862571)
(0.0413095,0.0829025)
(-0.0274114,-0.00334006)
(0.00979523,0.0341477)
(-0.00962251,-0.00969859)
(0.0203684,0.0348518)
(-0.00868253,-0.0307322)
(-0.0147219,-0.025587)
(-0.0386727,-0.0358142)
(-0.0290548,-0.0131621)
(-0.0270502,-0.0722912)
(0.00275393,0.0228998)
(0.549043,-0.25888)
(0.0328872,-0.0324218)
(0.00430611,0.010469)
(0.00189022,0.00622567)
(0.0115522,-0.00490791)
(0.0151215,0.0616948)
(-0.0180023,0.0494788)
(0.446025,-0.130038)
(0.636372,-0.183328)
(0.452831,-0.109446)
(-0.0234244,-0.00422187)
(0.409163,-0.0760983)
(-0.00625321,0.0238221)
(0.0883633,-0.0277813)
(0.0104272,0.045308)
(0.0162077,0.0110093)
(0.186561,-0.0849199)
(0.00542202,0.0226148)
(-0.00604438,0.047608)
(-0.0233771,0.0277232)
(0.110539,-0.0574861)
(0.0274728,-0.00179734)
(-0.119037,-0.0293427)
(0.443133,-0.0682165)
(0.00763525,-0.000736003)
(-0.0433561,0.0151531)
(-0.0119553,0.0152956)
(0.0220705,0.0392598)
(0.0153019,-0.0096304)
(0.000721605,0.0568114)
(0.0651935,-0.0604248)
(0.0012597,0.0453477)
(0.0642347,0.0233819)
(0.193535,-0.0439456)
(0.0674647,0.0270218)
(0.0233773,0.00872106)
(-0.0620962,0.059585)
(-0.0907239,0.02132)
(0.00797353,0.0680165)
(0.0177664,-0.00676539)
(0.00501988,-0.0512405)
(-0.0446014,0.0326902)
(-0.0103817,-0.0143964)
(0.00893927,-0.0089648)
(0.0139509,0.0108159)
(-0.0149892,0.0449164)
(0.0560407,0.0474784)
(0.0285011,0.0504567)
(0.0244108,0.0368513)
(0.020362,-0.0105912)
(0.0448218,0.0129647)
(0.018216,-0.110424)
(0.0277286,0.0343797)
(-0.0581656,-0.0221791)
(0.0349224,0.112705)
(-0.0014966,0.0406005)
(0.0303932,-0.126257)
(0.0816284,0.0716951)
(0.01023,0.0461277)
(0.0598768,-0.0858991)
(0.00548233,0.0501353)
(-0.0447205,-0.0114077)
(-0.0244087,-0.0431233)
(-0.0174868,0.0572955)
(-0.0589855,-0.0301921)
(-0.053088,-0.0177212)
(0.0591689,0.0540485)
(-0.0301506,-0.022593)
(-0.0998313,0.0762057)
(-0.00241904,0.00909796)
(0.00131691,0.0301485)
(-0.0285399,0.00864147)
(0.0460255,-0.00414335)
(0.000583597,0.0367162)
(0.133944,-0.0838664)
(0.0856557,0.00177249)
(-0.0253945,-0.0654103)
(-0.0356284,0.0540781)
(-0.0523664,-0.0977511)
(-0.011708,0.0968868)
(-0.0360712,0.0176665)
(0.0665196,0.0781103)
(0.0680495,0.0852813)
(0.011279,-0.0290302)
(0.0216626,0.0428422)
(-0.0504868,0.00828914)
(-0.0226313,0.0739003)
(0.0137052,0.0104154)
(-0.053339,-0.0380575)
(0.0162082,-0.0960994)
(0.0847223,-0.0217709)
(0.0403276,0.0545278)
(0.0255281,0.056238)
(-0.0469792,0.0425891)
(-0.0574557,-0.0238299)
(-0.0100257,-0.033245)
(0.0516794,-0.0100657)
(0.0585293,-0.0388497)
(0.457195,-0.0970562)
(0.0212254,-0.000565946)
(-0.0570787,-0.0487858)
(0.00997277,-0.0204535)
(-0.0350915,-0.0302351)
(0.00486348,-0.0578883)
(0.0477631,-0.0332071)
(-0.0345819,0.0185324)
(0.0246808,-0.0476023)
(0.550733,-0.13227)
(0.0270169,-0.100232)
(0.0527746,0.00544776)
(0.0589838,-0.0662653)
(0.524893,-0.126488)
(-0.026381,-0.00140309)
(-0.0390978,-0.0090799)
(0.040977,0.0147132)
(-0.018789,-0.00673288)
(-0.0360125,-0.0153627)
(0.0135984,-0.0218155)
(-0.0518481,-0.0201776)
(0.307315,-0.0801971)
(0.164675,-0.081651)
(0.0174887,-0.00634253)
(-0.0140444,0.0380741)
(-0.0479438,-0.0629903)
(0.0441202,0.0714205)
(-0.0135471,-0.0818298)
(0.39953,-0.0476502)
(-0.0469953,-0.0161631)
(-0.00892978,0.00918704)
(0.00532272,-0.00332392)
(0.0305544,0.00156153)
(0.0711064,-0.0190753)
(0.0138872,0.00724772)
(0.491942,-0.104704)
(-0.0219433,-0.00768079)
(0.495208,-0.0874267)
(-0.0715315,0.0662298)
(-0.055669,-0.016068)
(-0.0121616,-0.0544068)
(0.0329431,0.0354875)
(0.479058,-0.196463)
(0.103356,0.00430523)
(0.282481,-0.116638)
(0.0283596,-0.0140086)
(-0.023414,0.00629994)
(-0.0612242,-0.0066826)
(0.206724,-0.037977)
(0.263604,-0.102396)
(-0.00154465,0.0148392)
(-0.0123955,0.00796705)
(0.306678,-0.129436)
(-0.0247008,0.0188763)
(-0.0731821,-0.0287301)
(0.238024,-0.0972803)
(-0.0458545,0.0228307)
(-0.00979751,0.020846)
(0.347911,-0.078845)
(-0.0705091,-0.0691245)
(0.151952,0.00166934)
(0.207132,-0.057521)
(0.0207931,0.0606451)
(0.22832,0.0148552)
(0.0692246,-0.0589308)
(0.00888249,-0.0529173)
(-0.0170322,0.0491031)
(-0.0728485,0.0337056)
(-0.0151526,-0.000367821)
(0.0616337,-0.0586565)
(0.0288708,-0.0373891)
(0.0440331,0.0592801)
(-0.0394896,0.0681316)
(0.0595679,0.0548223)
(-0.0371582,0.012446)
(0.0836082,0.0713393)
(-0.0966108,0.0222838)
(-0.0264484,0.0365637)
(-0.024358,0.0265414)
(-0.0271158,-0.0329416)
(-0.0353026,-0.0101611)
(0.307541,-0.0807647)
(0.0135163,0.0776505)
(0.00736044,0.048999)
(0.113463,-0.0604221)
(-0.129307,0.0514427)
(-0.0753417,0.0338391)
(0.539694,-0.0818428)
(-0.00855396,0.013962)
(0.557377,-0.129059)
(-0.0296377,-0.0247319)
(0.0139659,0.0180342)
(0.184785,-0.100903)
(-0.0405056,-0.00213702)
(0.0212391,0.0196858)
(0.454677,-0.118031)
(-0.036202,-0.0234698)
(0.0606748,0.0447428)
(0.0078479,0.00145505)
(0.00830427,0.0902115)
(0.135322,0.0373557)
(0.0341915,-0.0642155)
(0.106713,-0.0416161)
(0.0459371,-0.0343578)
(-0.116573,-0.0465301)
(0.229016,-0.158682)
(0.0226663,0.0372288)
(0.295921,-0.149848)
(-0.0241953,-0.0676021)
(-0.0433683,-0.0191747)
(0.465455,-0.113542)
(-0.0697987,0.0982118)
(0.00286055,0.0515751)
(-0.0319034,-0.00924391)
(0.38485,-0.0805214)
(0.00926283,-0.0182785)
(-0.0462593,-0.0493544)
(0.062453,0.0323269)
(0.00473164,0.0356858)
(0.0385431,0.0382767)
(0.0821489,0.0118857)
(-0.121338,0.0150247)
(0.0223463,-0.00258294)
(-0.0408432,0.0257809)
(0.0770004,-0.0483742)
(-0.0739339,0.0302494)
(0.00170714,0.0476091)
(0.0774881,0.0291846)
(0.0686543,0.0427566)
(0.0452549,-0.0712392)
(-0.0427192,-0.0600639)
(0.0152232,-0.090212)
(0.0139865,-0.0106411)
(0.00647021,-0.0400636)
(-0.0120077,0.018257)
(0.0531277,0.0169005)
(0.0630528,0.0139765)
(0.0383042,0.0777704)
(0.0130984,0.019022)
(0.0142877,0.0340513)
(-0.0191472,-0.0776694)
(-0.0625092,-0.111258)
(-0.0768611,-0.109944)
(-0.0471031,-0.0565152)
(0.0121572,-0.011272)
(0.0200156,-0.021962)
(0.0150389,0.0030626)
(0.46216,-0.110727)
(-0.0656709,0.00317223)
(0.0294956,0.0131803)
(0.000974769,0.00446686)
(0.415361,-0.0688664)
(0.0348162,-0.00285271)
(0.0221049,-0.0274828)
(-0.0170742,-0.0282777)
(0.00980842,5.24778e-05)
(0.0159834,-0.0161626)
(-0.0154002,-0.0446201)
(0.0469914,-0.00658193)
(0.385634,-0.0839735)
(0.0294153,-0.0197596)
(-0.103891,-0.0258555)
(0.624532,-0.143391)
(0.0139915,0.00301947)
(-0.00495028,0.00974481)
(0.0281456,-0.0519732)
(0.452753,-0.0785763)
(0.0514522,0.0282165)
(-0.0549409,-0.0498441)
(-0.0117117,-0.0567941)
(-0.119801,-0.00955179)
(-0.00129668,-0.0181054)
(-0.0799454,-0.0762363)
(-0.00640006,-0.055181)
(-0.0150926,0.0361785)
(0.00525252,-0.0355569)
(0.00174018,-0.0590487)
(0.00718837,-0.0495865)
(0.434205,-0.0469388)
(0.0547656,0.0086611)
(-0.0486872,0.0453119)
(-0.0387473,-0.0197407)
(0.00440759,0.000702462)
(0.00491441,-0.063903)
(-0.0196849,0.0639227)
(-0.0181785,-0.0580404)
(-0.00596643,-0.00490316)
(0.00429735,-0.0779469)
(0.00530121,0.0412434)
(0.0128791,0.0715153)
(0.420898,-0.0933677)
(-0.00524906,0.0081268)
(0.00601779,0.00245126)
(-0.0154657,0.0654449)
(0.0237862,-0.0269054)
(-0.059149,0.0971075)
(-0.0077455,0.00484687)
(0.15235,-0.171914)
(0.205834,-0.105362)
(0.148236,-0.151141)
(0.0126947,0.0100397)
(-0.0115529,0.026322)
(0.610079,-0.171242)
(0.344017,-0.130843)
(-0.0169817,0.0167216)
(0.403821,-0.0750039)
(0.473673,-0.0414154)
(0.200162,-0.109854)
(0.0508022,-0.0128007)
(0.0388748,-0.0195405)
(0.0401541,0.0432259)
(0.0897879,-0.00588325)
(-0.00205033,0.0378964)
(0.00950179,0.053966)
(-0.081856,0.000706918)
(0.0779418,0.00252328)
(-0.090655,0.0203457)
(-0.0269774,-0.0403568)
(0.0478271,-0.0150898)
(0.475086,-0.133974)
(-0.0411966,0.0426395)
(0.00430409,-0.00846374)
(-0.0470291,0.0170997)
(0.540608,-0.0924262)
(-0.0401313,0.0837192)
(-0.0105249,0.00442492)
(0.536103,-0.163874)
(0.509689,-0.077018)
(-0.0282912,0.0255072)
(0.341696,-0.0791807)
(-0.00210581,0.0539472)
(-0.035414,0.088856)
(0.474082,0.0173008)
(0.265605,-0.0836583)
(0.40054,-0.104799)
(0.475176,-0.0489583)
(0.0319541,-0.0118158)
(0.75678,-0.0289402)
(-0.0421247,0.0126081)
(-0.0218196,0.0837176)
(0.065523,0.00176574)
(0.16999,-0.0567795)
(-0.0386373,0.0567618)
(0.098793,-0.0664031)
(0.0145178,-0.00487654)
(0.023644,-0.00130834)
(0.0305812,-0.0118728)
(0.018542,0.002238)
(0.0575438,-0.00312313)
(-0.0152178,0.0445774)
(0.0677561,0.0475921)
(0.105688,-0.0465405)
(-0.0862862,0.00475726)
(0.0243323,-0.0582505)
(0.0344758,0.0490701)
(0.0278121,0.0445821)
(0.0140361,0.0138301)
(0.459062,-0.0715065)
(-0.0480723,0.111636)
(0.0251747,0.0052104)
(-0.00320482,-0.0174083)
(0.00292096,0.0299672)
(0.0512522,0.00869732)
(0.0181717,0.0334541)
(-0.0390339,-0.0909805)
(-0.0315574,-0.0222967)
(0.5496,-0.0862721)
(-0.0216324,0.010761)
(0.331469,-0.0369484)
(-0.00264069,0.0170344)
(0.0457072,0.0335635)
(0.00552791,0.00657527)
(0.105699,-0.0329846)
(-0.0275687,-0.0394619)
(0.028189,-0.100253)
(0.0320305,-0.036998)
(0.0166635,-0.0419917)
(0.0412832,0.027452)
(0.0285037,-0.0338418)
(0.0655356,0.00297045)
(0.03736,0.0364239)
(0.472584,-0.129227)
(0.286051,-0.0559181)
(-0.0188502,-0.0286837)
(0.042496,-0.0381139)
(0.0317929,-0.0240106)
(0.064313,-0.0476333)
(0.456883,-0.148864)
(0.0489523,0.0494525)
(0.0883471,0.0155488)
(0.0852236,0.04956)
(0.0750337,0.00586459)
(0.320906,-0.160559)
(0.0702354,0.026622)
(-0.0363207,0.000515608)
(-0.0214592,0.00240896)
(-0.0136749,0.0181854)
(0.499199,-0.0692304)
(0.0339345,-0.0249191)
(-0.0188208,-0.00300692)
(0.0489391,0.0703237)
(0.0301763,0.0140594)
(0.0411594,-0.0050468)
(0.475948,-0.0882447)
(0.403497,-0.139048)
(0.656502,-0.076757)
(0.0364758,-0.0593112)
(0.0511807,-0.013093)
(0.484576,-0.0596446)
(0.0406381,-0.0296444)
(0.0914874,-0.0779149)
(0.276974,-0.204217)
(-0.0594374,-0.0558956)
(-0.0596361,0.00208664)
(-0.0533292,-0.0264393)
(-0.0621671,0.0410288)
(-0.0220743,0.024188)
(0.148362,-0.0599181)
(0.170007,-0.120172)
(0.281351,-0.143576)
(0.27482,-0.0487549)
(0.629834,-0.172053)
(-0.00376093,-0.0337564)
(-0.0741534,0.0139088)
(-0.0289767,0.00592482)
(0.0979378,0.0904155)
(0.548344,-0.0718426)
(0.539702,-0.135179)
(0.00594334,-0.00656835)
(-0.0347668,-0.051388)
(-0.000180883,-0.0416538)
(0.57848,-0.1829)
(-0.00229486,0.0845235)
(0.0671017,0.0356663)
(-0.0521948,-0.00530076)
(0.597603,-0.0802684)
(0.0609325,0.0461392)
(-0.0475118,0.0644124)
(0.549707,-0.116858)
(0.51624,-0.120611)
(-0.0179689,0.0538814)
(-0.0112293,0.0253271)
(-0.0402072,-0.0428439)
(0.00566979,-0.0312479)
(0.0295623,-0.0474154)
(-0.00029994,0.00925144)
(0.0291229,-0.0282817)
(0.476763,-0.149531)
(0.680167,-0.0254419)
(0.602079,-0.122813)
(0.536984,-0.0567123)
(0.449292,-0.101547)
(0.177275,-0.101434)
(0.286699,-0.0296653)
(0.188161,-0.0642117)
(0.186664,-0.0913059)
(-0.0236597,-0.0342763)
(0.0184976,-0.0581194)
(0.283615,-0.051358)
(0.539386,-0.147983)
(0.53047,-0.122818)
(0.433506,-0.0604123)
(0.522194,-0.138517)
(0.00823873,0.0514269)
(0.533476,-0.072118)
(-0.0505789,0.0852224)
(0.0133763,-0.0161044)
(-0.013055,-0.0415866)
(-0.0203936,0.0681718)
(-0.0471793,-0.0246357)
(-0.00633395,-0.0638876)
(-0.0238057,0.013271)
(0.030162,-0.0205978)
(0.0296821,0.073904)
(0.40311,-0.0972994)
(-0.00445759,-0.0459553)
(0.492286,-0.206924)
(0.455416,-0.0187537)
(0.461824,-0.162858)
(-0.0312939,-0.00504353)
(0.0687259,0.0813794)
(-0.0371437,0.0056793)
(0.552805,-0.0961361)
(-0.0264971,-0.0739766)
(0.0236731,-0.00619245)
(0.324819,-0.132972)
(0.255862,-0.135777)
(0.523127,-0.0920115)
(0.377078,-0.049725)
(0.592718,-0.238152)
(0.482932,0.0490766)
(-0.0122967,-0.0699704)
(-0.0162016,-0.0677175)
(0.00625564,0.0231842)
(0.0347566,0.0811219)
(0.0232257,0.0861803)
(-0.0148458,-0.0228615)
(0.0284108,0.00487955)
(0.30569,-0.116393)
(0.188764,-0.0356708)
(-0.0287775,-0.00251561)
(0.193902,-0.0316032)
(-0.0032806,-0.0295395)
(0.498353,-0.117656)
(0.527363,-0.017678)
(-0.054209,0.0356019)
(0.0565021,0.0467624)
(0.0762896,0.0258241)
(0.0623126,-0.0510641)
(0.455392,-0.224236)
(0.00448179,-0.065077)
(0.161679,-0.106376)
(-0.0508551,0.0849354)
(0.286463,-0.128758)
(0.0103568,0.0595896)
(0.333676,-0.0619988)
(0.00307822,0.0415206)
(0.0292283,0.0370737)
(0.0197863,-0.0091558)
(0.0126972,0.0139474)
(0.486392,-0.0667471)
(-0.0129057,0.0219708)
(0.492879,-0.120159)
(0.465518,-0.0800942)
(-0.0314304,0.0170447)
(0.479235,-0.0432821)
(0.587425,-0.0130873)
(0.538743,0.0161385)
(0.0220336,0.00578951)
(0.483859,-0.142501)
(-0.0656724,0.0536422)
(-0.0556205,0.0379028)
(-0.032339,0.070228)
(-0.03905,0.00875345)
(-0.0339889,0.0714556)
(-0.0390586,3.6891e-05)
(-0.0551712,0.0266629)
(0.719471,-0.0128502)
(-0.0512772,0.0097537)
(0.112838,-0.0282929)
(0.415206,-0.127144)
(0.450167,-0.10823)
(-0.000226337,0.0120811)
(0.0530962,-0.0139657)
(-0.0160993,-0.00222835)
(0.397902,-0.155029)
(-0.0438849,0.00523189)
(0.481196,-0.226385)
(0.372694,-0.109484)
(-0.0650706,-0.0223413)
(-0.0185123,-0.0155017)
(0.526516,-0.0239937)
(-0.0696869,-0.0226215)
(-0.00770437,-0.021041)
(-0.030438,0.0555751)
(0.452262,-0.113622)
(0.454999,-0.0962819)
(0.215633,-0.136136)
(0.449923,-0.140505)
(0.485616,-0.0638404)
(0.0925266,-0.011288)
(0.499825,-0.0976465)
(0.598649,-0.0218012)
(0.0361673,-0.103362)
(0.509218,-0.0312779)
(0.0512104,0.0733743)
(0.501353,-0.075313)
(0.0852705,0.00804876)
(0.0042424,0.045825)
(-0.018581,-0.0149908)
(0.0552059,0.0369127)
(0.00601886,0.0877622)
(0.0646267,0.0982595)
(0.0222748,0.0712454)
(0.0484698,0.0255821)
(0.131526,-0.0800167)
(0.0270471,0.00894587)
(-0.0230592,-0.0142582)
(0.027082,0.0383688)
(0.00629945,-0.000553955)
(0.00695401,0.0271983)
(0.0309684,0.00627046)
(0.0213409,0.0590111)
(0.126578,-0.0931353)
(-0.00313199,-0.00503478)
(0.0445034,-0.0263359)
(0.617321,-0.0742044)
(0.384376,-0.175739)
(-0.0214253,0.0220521)
(0.0863491,0.146456)
(0.00991622,0.120251)
(0.139371,0.0273842)
(-0.0399023,-0.0120956)
(0.102388,-0.0102813)
(0.222033,-0.0955272)
(0.633995,-0.146141)
(0.567501,-0.1256)
(0.0195389,0.0647563)
(0.0703316,-0.0493937)
(0.542751,-0.137992)
(0.0325192,0.0531755)
(0.0463097,0.028695)
(0.0811286,-0.0178089)
(0.504442,-0.0284323)
(0.0796202,-0.062179)
(0.237769,-0.162089)
(0.00645033,-0.00227471)
(0.127659,-0.12556)
(0.183124,-0.073848)
(0.278401,-0.0507466)
(0.335706,-0.0978665)
(0.0733051,0.0428323)
(-0.0418128,0.0613104)
(0.380582,-0.126908)
(-0.0442452,0.087777)
(0.0168671,-0.00493077)
(0.0329563,-0.035026)
(0.478381,-0.166858)
(0.0115232,-0.0297678)
(0.421437,-0.11256)
(0.0317298,-0.00982524)
(-0.00631235,0.0302599)
(-0.0106193,-0.0194154)
(-0.00706116,0.0483215)
(-0.0250749,0.0147278)
(0.00089384,0.0286003)
(0.024303,0.024835)
(-0.0237851,0.0169371)
(-0.0406527,0.0859111)
(0.52742,-0.117919)
(-0.0130606,-0.0124093)
(0.0462401,0.0318189)
(0.510025,-0.0541029)
(0.0872615,0.0179421)
(-0.00945971,0.0352146)
(-0.00594234,0.0105985)
(-0.000906949,0.0232655)
(-0.0616581,0.0670703)
(0.116546,-0.0872063)
(-0.00997085,0.0707969)
(-0.0468283,-0.0435473)
(-0.0469101,-0.0796634)
(0.0414754,-0.0232087)
(-0.0477653,-0.0390127)
(0.482901,0.00220855)
(-0.0473649,0.0709044)
(0.631983,-0.124824)
(0.366173,-0.144181)
(0.494063,0.0146596)
(-0.0429947,-0.0043329)
(0.381681,-0.00722383)
(0.393531,-0.1487)
(0.371469,-0.0552667)
(-0.0692063,0.0439993)
(0.0103509,0.0549802)
(-0.0786217,0.0623762)
(-0.0133396,0.0174751)
(0.572735,-0.181498)
(0.569513,-0.114197)
(-0.0580858,0.00528661)
(-0.0332746,0.00123433)
(0.00778889,0.0123433)
(0.0520706,-0.00130562)
(0.328982,-0.0739784)
(0.0501093,-0.00595418)
(0.0398143,0.030669)
(0.0210705,0.0297979)
(0.0763739,0.000650039)
(0.376706,-0.0741116)
(-0.0671286,-0.0908244)
(0.454353,-0.034272)
(0.0188156,0.000139451)
(0.0571034,0.0766718)
(0.0909548,0.042706)
(0.651272,-0.158911)
(0.0129937,0.00307319)
(0.291615,-0.10975)
(0.543114,-0.12971)
(-0.0463393,-0.0080757)
(0.00455958,0.0280148)
(0.11405,-0.0931863)
(-0.0136777,0.0754607)
(-0.0831715,0.0280451)
(0.0379986,-0.127678)
(0.377318,-0.168467)
(0.255931,-0.191732)
(0.063573,-0.0481732)
(0.0160156,0.00359929)
(0.0155353,-0.0209362)
(-0.119867,0.0686638)
(0.0233102,0.00965317)
(0.00276933,-0.0319873)
(0.416966,-0.0867268)
(0.535362,-0.0909376)
(0.627018,-0.0648748)
(-0.0293969,-0.0394593)
(0.347998,-0.0681429)
(-0.0465061,0.0212149)
(0.0491274,0.00922527)
(0.0458232,-0.000425347)
(-0.0129152,0.136207)
(-0.0177374,0.0282618)
(0.0601923,-0.0643483)
(0.261958,-0.0722136)
(0.575231,-0.105583)
(0.546591,-0.124442)
(0.116282,-0.0925648)
(0.530423,-0.154481)
(0.0353321,-0.152027)
(0.431082,-0.181267)
(0.47156,-0.0811712)
(-0.0172443,-0.0932878)
(0.470325,-0.12384)
(0.447091,-0.14718)
(0.540461,-0.145286)
(0.40995,-0.117145)
(0.523507,-0.0864493)
(0.126361,-0.0561653)
(0.271299,-0.131173)
(0.214966,-0.0430846)
(0.431413,-0.0700009)
(0.0245793,-0.05091)
(0.519222,-0.0521363)
(0.351848,-0.153069)
(0.0154725,0.00196149)
(-0.066869,0.00770841)
(-0.0867969,0.075264)
(-0.0631651,-0.0703795)
(0.425989,-0.161358)
(-0.0251201,0.0189951)
(0.468011,-0.145821)
(-0.0118564,0.0146728)
(0.251553,-0.0441171)
(-0.0134877,-0.048693)
(-0.0264906,-0.0435223)
(0.438584,-0.118377)
(0.0345423,0.0982345)
(0.0876601,-0.0611231)
(0.530317,-0.144005)
(0.0333702,-0.0379981)
(-0.00843023,-0.0472679)
(-0.0520551,0.0382641)
(-0.0644905,-0.0242557)
(-0.0417653,0.0349106)
(-0.007114,0.00447774)
(0.567394,-0.143854)
(0.571322,-0.162085)
(0.446503,-0.101261)
(-0.0349446,-0.0828832)
(0.013258,0.0539991)
(0.352965,-0.197912)
(-0.0049991,0.0312801)
(0.00736787,-0.0123254)
(0.0194406,-0.046737)
(-0.0354521,-0.0470424)
(0.560928,-0.129387)
(0.442544,-0.0488616)
(0.508677,-0.105668)
(0.419893,-0.0477306)
(0.398166,-0.0824044)
(-0.0899218,-0.0373307)
(0.414359,-0.0444589)
(0.302947,-0.1147)
(-0.0589913,-0.1057)
(0.37476,-0.0808975)
(0.503474,-0.104336)
(0.0119806,-0.0658875)
(0.0012605,0.0815343)
(0.545617,-0.123651)
(0.0192722,0.00536183)
(0.0560076,-0.0223974)
(0.422475,-0.134208)
(0.0506355,-0.00222804)
(-0.0265838,-0.0457244)
(0.0480285,0.0338402)
(0.0758211,-0.0332666)
(0.496013,-0.065826)
(-0.0230964,0.0383359)
(-0.0763355,0.0965273)
(0.00180596,0.0289137)
(0.391039,-0.0696895)
(-0.0288047,0.0486183)
(0.007678,0.02166)
(-0.045328,0.066423)
(0.0825585,-0.0431944)
(-0.0357789,-0.0803013)
(0.0294408,0.00945278)
(0.112804,0.0307656)
(0.104963,0.0174632)
(0.0119348,0.0647179)
(0.0692882,0.0693286)
(0.0966245,0.0721293)
(0.506719,-0.0826843)
(-0.0742073,0.0337044)
(0.533697,-0.000807589)
(-0.0150603,-6.54045e-05)
(-0.0427338,-0.0652552)
(0.185915,-0.112216)
(0.529699,-0.135015)
(0.32771,-0.109048)
(-0.0828156,0.0523603)
(-0.0119298,-0.0314248)
(0.0563412,-0.0204098)
(0.0287909,-0.039819)
(0.00602498,-0.000811901)
(-0.0226615,0.0164858)
(-0.0448553,-0.0302844)
(0.019478,0.0201329)
(-0.0567739,-0.0211803)
(0.0157538,0.0558461)
(0.022919,-0.0312523)
(0.390428,0.0576545)
(-0.00135882,0.0574642)
(0.054835,0.00713122)
(0.0207327,0.0193034)
(0.0301753,0.0273797)
(0.189785,-0.0522122)
(0.122493,-0.0709702)
(-0.00704873,0.039249)
(0.10921,-0.104113)
(0.53043,-0.0590232)
(-0.0488354,-0.110844)
(0.448185,-0.0734493)
(-0.0040582,-0.161361)
(-0.0102104,0.0351812)
(0.104141,-0.0265399)
(0.0534302,-0.0762939)
(0.0872517,-0.0331301)
(-0.0483293,-0.0135555)
(0.0205077,-0.00992057)
(-0.0464974,-0.0450602)
(-0.0376841,0.0493354)
(0.00652387,-0.00711293)
(0.341706,-0.147578)
(0.354626,-0.132569)
(0.0417011,0.00907599)
(0.162471,-0.0362885)
(0.186482,-0.0339499)
(0.589929,-0.101683)
(0.0213888,0.0108932)
(0.12559,-0.0263693)
(0.50104,-0.153138)
(0.144048,-0.00335052)
(0.110832,-0.0988685)
(-0.033926,-0.0305007)
(-0.0061292,-0.0613998)
(0.0979229,-0.0505107)
(-0.0403167,-0.00843855)
(0.431266,-0.0566651)
(0.378965,-0.125343)
(0.0149524,0.0016121)
(0.0461109,0.0111068)
(0.168142,-0.0917681)
(0.0520116,-0.0472796)
(0.129055,-0.053712)
(-0.00650933,0.0430705)
