1620
(-0.0181656,-0.0748625)
(-0.0106823,-0.000843394)
(0.058078,0.0458302)
(0.00612168,-0.102891)
(-0.0490681,-0.0268798)
(-0.0263373,0.0324205)
(0.0455313,-0.00870537)
(-0.0087872,-0.00986978)
(0.0193345,-6.04418e-05)
(-0.0168402,0.012877)
(-0.0534811,0.0544828)
(-0.0187678,0.0216547)
(-0.0209421,-0.0433215)
(-0.0106675,0.00579143)
(0.00717383,0.0436465)
(-0.0329895,-0.00794964)
(-0.0495101,-0.0622106)
(-0.00231139,0.018552)
(0.0351647,0.00882545)
(0.00331215,0.012207)
(-0.0180672,-0.0116686)
(-0.000810205,0.0175469)
(-0.0566551,0.00657692)
(-0.0195581,-0.0329212)
(0.00509455,0.0231409)
(0.039253,0.0124363)
(0.00544372,0.00195326)
(0.0573474,-0.0792691)
(-0.0202399,-0.00245629)
(0.055031,-0.0476488)
(0.0284727,0.036475)
(0.0461471,-0.0150532)
(-0.00438513,0.0678445)
(-0.0558016,0.018455)
(0.0522696,0.0407469)
(0.00627355,0.060711)
(0.0717285,0.0141539)
(-0.0203332,0.00539242)
(-0.0545415,-0.0157892)
(0.0165424,-0.00768598)
(0.016518,-0.0672425)
(0.0697892,-0.00194947)
(0.0222275,0.0289716)
(0.102103,-0.00332714)
(-0.0447995,0.072176)
(0.137135,-0.0225117)
(0.107946,-0.0399183)
(-0.0391053,0.0196704)
(0.0421793,-0.0398885)
(-0.041432,-0.000723)
(0.044519,0.0032108)
(0.0680799,-0.0247115)
(0.0160327,-0.00421636)
(0.0247892,-0.0179191)
(-0.022823,0.00731487)
(-0.0385619,0.0186143)
(0.0415791,0.00113277)
(0.0302922,0.0379808)
(-0.0112842,-0.0294678)
(0.0545187,-0.00418509)
(-0.0298894,-0.0068227)
(0.19914,-0.0752895)
(7.28434e-05,0.00128807)
(0.393897,-0.077564)
(-0.0129913,-0.00535938)
(0.000223503,0.0404971)
(0.00342594,-0.0211308)
(0.0141159,0.000636469)
(0.0219392,0.0852578)
(-0.0305137,-0.0493233)
(0.0198412,0.0700349)
(0.0202814,0.0485575)
(-0.000961186,0.0313929)
(-0.0266431,0.0287263)
(-0.00730711,0.0250205)
(-0.0755792,0.0410348)
(0.0086061,-0.0338446)
(0.00418659,-0.0482904)
(-0.0290287,0.0105812)
(0.0491439,-0.050293)
(0.00680923,-0.042759)
(-0.0104531,-0.00052852)
(0.0155771,-0.065384)
(0.0298503,-0.0274335)
(0.014537,0.0158273)
(-0.000520549,-0.00334827)
(-0.0129257,0.00865618)
(-0.0569269,-0.00665454)
(0.0668909,0.0186669)
(0.0205655,-0.00743704)
(-0.0986817,-0.0165867)
(-0.048048,0.0168995)
(0.443407,-0.0697821)
(0.0348688,0.0828984)
(0.0164846,0.0585915)
(0.553495,-0.0201694)
(-0.0423242,0.0521561)
(0.412679,-0.121656)
(-0.018977,-0.0768688)
(-0.04536,-0.0592461)
(0.064936,-0.0145554)
(-0.0530958,-0.00265363)
(0.0432794,-0.072093)
(-0.00714583,-0.0578668)
(-0.0202806,-0.0720668)
(0.487798,-0.0887787)
(-0.00557674,0.044737)
(-0.0643292,-0.0108283)
(0.0212919,0.0244937)
(0.0243194,0.0185142)
(0.00377565,0.0356674)
(0.683436,-0.161225)
(0.408602,-0.0406003)
(-0.0187085,-0.00883617)
(0.453723,-0.0647461)
(0.0183238,0.0850696)
(0.0265348,0.0563224)
(0.585246,-0.11475)
(0.00578785,-0.0224311)
(0.423216,-0.0610989)
(0.416952,-0.0854153)
(0.0209299,0.0571967)
(0.388845,-0.0950154)
(0.295538,-0.107508)
(0.27224,-0.104231)
(0.0221303,-0.0310097)
(0.0693058,-0.00426578)
(0.0197339,0.0690838)
(0.361548,-0.138013)
(0.0353185,0.0323409)
(0.0697329,0.0386353)
(0.0156082,-0.0187281)
(-0.00852041,-0.0354233)
(-0.0174161,0.0207568)
(-0.019178,0.0205436)
(0.0131115,-0.00415181)
(-0.0272735,0.02441)
(0.00943815,0.058953)
(0.428429,-0.0693916)
(0.00678795,0.00593558)
(0.0115988,0.0520388)
(0.0163021,0.0586157)
(0.00101253,0.0180309)
(0.0329032,-0.0535332)
(0.0747669,-0.0547658)
(0.0264102,-0.0509495)
(0.0153365,-0.00918629)
(0.427164,-0.101568)
(0.454847,-0.123895)
(-0.0405914,0.0192071)
(0.441429,-0.155147)
(0.202439,-0.0782971)
(0.535384,-0.0189823)
(0.485192,-0.0868452)
(0.468153,-0.0600724)
(-0.0223771,-0.0021961)
(0.0836274,0.0468706)
(0.402503,-0.112739)
(0.401614,-0.0219919)
(-0.0133549,-0.0100413)
(-0.032906,0.0154777)
(0.0127441,0.0277858)
(0.0297288,0.0397077)
(-0.031769,-0.018871)
(-0.00533825,0.0290793)
(-0.0369346,-0.0250319)
(0.0233258,-0.0395245)
(0.000729763,-0.0550936)
(0.0398277,0.0164194)
(-0.0106962,0.0580772)
(0.0461782,-0.0184492)
(0.0642947,-0.00390232)
(0.436323,-0.135277)
(0.444699,-0.103912)
(0.512809,-0.113388)
(0.449724,-0.0806604)
(0.04837,-0.0708664)
(0.106149,-0.0271905)
(-0.0523902,-0.0522377)
(-0.083578,0.0285842)
(-0.0451523,-0.0332722)
(0.0322874,0.0523552)
(0.0141702,0.0122426)
(0.0193041,0.0442946)
(0.0222599,0.0317639)
(0.0256333,-0.00756196)
(0.0263778,-0.0192144)
(0.0409579,-0.0708676)
(-0.0169259,-0.0120539)
(0.412568,-0.152619)
(0.502146,-0.0895613)
(0.381661,-0.038184)
(0.574154,-0.0459068)
(-0.0294218,-0.0234142)
(-0.0115482,-0.0148779)
(0.0188106,0.0445521)
(-0.000184829,0.0364249)
(-0.0484284,0.0407627)
(-0.0347689,-0.0506641)
(-0.0180994,0.00951051)
(-0.0102172,-0.0997254)
(0.033743,-0.100087)
(-0.038522,-0.0495168)
(-0.0485766,0.000880325)
(-0.0105797,0.0126819)
(-0.0218671,0.033077)
(0.471506,-0.109288)
(0.543262,-0.062513)
(-0.0737047,0.0169176)
(0.387282,-0.104687)
(-0.0355229,-0.00218093)
(0.406624,-0.0813211)
(0.393592,-0.0870433)
(-0.0530272,-0.019315)
(-0.0153893,0.00740196)
(0.0703282,0.017793)
(0.0310509,-0.00475119)
(0.458636,-0.0780495)
(0.569981,-0.0807499)
(-0.0082784,-0.043804)
(-0.00778242,-0.019651)
(-0.0272707,0.00403711)
(-0.000278723,0.0628562)
(0.787463,-0.121136)
(-0.0335854,-0.0404489)
(-0.0536962,-0.0583517)
(0.464978,-0.131455)
(-0.065428,0.0395373)
(-0.0276663,0.0377399)
(-0.0611101,-0.0618256)
(-0.0484665,-0.0124905)
(0.437818,-0.164818)
(0.424557,-0.202052)
(0.567196,-0.0950562)
(0.559671,-0.0827872)
(-0.0425021,0.0214528)
(-0.0556474,-0.016248)
(-0.0363825,-0.0165981)
(0.184076,-0.0660697)
(0.00960827,0.0242226)
(0.037777,-0.0383183)
(-0.0111711,-0.0674715)
(-0.00659068,0.0715852)
(-0.00499691,0.0734426)
(0.0153928,-0.068576)
(-0.026229,0.026088)
(0.0584588,-0.0202613)
(0.02723,-0.0298757)
(0.0272027,0.0148708)
(-0.0243684,0.00550617)
(-0.0355346,-0.00504795)
(-0.0388109,0.0235803)
(-0.0514822,-0.000112538)
(-0.0543823,-0.0212056)
(-0.0471271,0.00127749)
(0.00750549,-0.0467689)
(0.0597084,-0.0165109)
(0.0125101,0.0126534)
(0.0338878,-0.0225812)
(0.00631453,-0.0688403)
(0.0639048,-0.0874823)
(-0.011387,0.017589)
(-0.00189972,0.0159332)
(-0.0526976,-0.0204848)
(0.483544,-0.149307)
(-0.0524312,-0.0345799)
(-0.0701556,-0.105492)
(-0.0305998,-0.0124308)
(0.0349413,0.00519822)
(0.0565091,0.0181597)
(0.00629709,0.00592449)
(0.0356427,0.00415373)
(-0.0440541,-0.00666584)
(-0.0262149,0.0359737)
(0.00950104,-0.0111114)
(0.52107,-0.0186191)
(0.00362269,0.0274479)
(-0.0178294,0.00137112)
(0.0402266,0.0206991)
(-0.00947189,0.0216592)
(-0.00139171,0.0262145)
(0.0197037,0.0372786)
(0.000177216,-0.0401446)
(-0.0112763,-0.0521654)
(0.0663053,0.0382287)
(0.038725,0.0399602)
(0.0335542,0.0210458)
(-0.0685703,0.0222318)
(0.0659805,0.0213719)
(0.0605669,0.0122104)
(0.00656148,0.0510396)
(0.00636784,-0.0153277)
(-0.0666522,0.00636935)
(-0.0492093,0.0418659)
(-0.0368904,0.00653685)
(-0.0359969,0.0151975)
(0.0277397,-0.0504038)
(0.0230736,0.0246848)
(-0.0560793,-0.0189272)
(-0.0328423,0.00921666)
(0.0132054,0.0247618)
(-0.0857891,0.00160279)
(-0.0333774,-0.027439)
(-0.0185199,-0.0178694)
(-0.0313749,0.00186963)
(0.00728467,-0.0360477)
(0.0513662,0.0428151)
(0.36043,-0.132996)
(0.00116999,0.0285418)
(-0.0117526,0.0385342)
(-0.0228687,0.0232269)
(-0.0613369,-0.0800767)
(-0.0951937,-0.0658535)
(-0.0413719,-0.0190419)
(0.0017755,-0.022788)
(-0.0274807,-0.0362759)
(0.0221831,-0.0700886)
(-0.057772,-0.0585938)
(-0.0398107,-0.0631475)
(0.392729,-0.203992)
(-0.0437773,-0.0188126)
(-0.0303411,-0.0101914)
(-0.0256613,-0.011319)
(0.0308299,-0.0120328)
(0.0153202,-0.0112714)
(0.00954865,-0.0107555)
(0.0704891,-0.0462268)
(0.00233205,-0.0133605)
(0.0296052,0.0536652)
(-0.0128553,-0.029266)
(0.00543411,0.00542358)
(-0.0612384,-0.0301794)
(-0.0619222,0.0058197)
(0.0394098,-0.0188386)
(-0.0314982,-0.0484154)
(0.414749,-0.00218773)
(0.0478094,-0.0547197)
(0.0664812,0.0364491)
(-0.0709205,-0.0358096)
(0.0770686,-0.0325592)
(0.0372639,-0.0515851)
(-0.0416596,-0.0897226)
(0.064301,0.0255372)
(-0.0173334,0.00651562)
(-0.0214567,-0.00605696)
(0.0493241,0.0403486)
(0.0340234,0.0363809)
(0.0114747,0.0716546)
(-0.0543368,0.0113163)
(0.139473,-0.0501938)
(0.419246,-0.108397)
(0.476686,-0.106759)
(0.0805966,-0.045942)
(0.00498093,0.0148088)
(0.393299,-0.128767)
(-0.050231,0.0646211)
(0.0410261,-0.0565666)
(-0.0439193,0.0210752)
(-0.0245773,-0.0113662)
(-0.00697091,-0.0142116)
(0.240523,-0.109176)
(0.0858117,-0.0426003)
(0.0350123,0.046598)
(-0.0332248,0.00947468)
(-0.00956101,0.0123804)
(0.0318025,0.00278653)
(0.469837,-0.154252)
(-0.0396485,-0.000673746)
(-0.0255598,-0.0329746)
(-0.0116813,-0.017693)
(0.0161179,0.0591473)
(-0.0143753,-0.0426911)
(-0.024122,-0.0268389)
(0.0361056,0.0758807)
(0.451999,-0.091449)
(0.411321,-0.0927154)
(0.0310944,-0.0165174)
(0.0202002,-0.0525049)
(0.0250756,0.00618804)
(0.0524253,0.035469)
(-0.0344922,0.0329039)
(0.140385,-0.030436)
(0.342721,-0.129747)
(-0.0187357,-0.0515742)
(0.00489634,-0.0619231)
(-0.0178627,0.0465227)
(0.0706228,-0.00924295)
(0.0228208,0.0819312)
(0.0131473,0.0173749)
(0.0276513,-0.0248025)
(0.000274731,-0.0552561)
(0.0258252,0.0173134)
(-0.0227973,-0.030988)
(-0.0524312,-0.0585017)
(0.0337187,0.081962)
(0.0590909,0.0600009)
(-0.0630179,-0.0147773)
(-0.0317538,-0.0897637)
(0.0110355,0.0433322)
(0.035229,0.0336343)
(0.0508156,0.0252426)
(-0.045737,0.0284981)
(-0.0101135,0.031535)
(0.591619,-0.107145)
(-0.0347339,0.0178895)
(0.006755,0.0122753)
(-0.0823853,-0.0720826)
(-0.0853428,-0.0509297)
(0.0136334,0.0147688)
(0.0241008,-0.0070798)
(-0.0468049,-0.032774)
(0.0570171,-0.0135677)
(0.0177032,0.078318)
(0.0158444,-0.0184188)
(0.409892,-0.158634)
(0.00395163,0.0784822)
(0.0193351,0.0296343)
(0.00111718,0.00199744)
(0.0368675,-0.0232873)
(0.0437413,0.00408296)
(-0.0265891,-0.0543707)
(0.0223688,-0.0150294)
(0.0445234,-0.0441042)
(-0.0271544,-0.0817986)
(0.0256585,0.00524943)
(-0.0297681,0.0256258)
(0.457333,-0.0783078)
(-0.0677173,-0.0249397)
(0.0160965,0.0367809)
(0.0526259,0.0345008)
(-0.05914,-0.041321)
(-0.0269051,-0.0169067)
(-0.00650014,0.0147535)
(0.0684145,0.0186576)
(0.057212,0.0302488)
(0.0260851,0.0225196)
(0.00337358,-0.065223)
(0.0431008,0.00448577)
(-0.0586026,-0.0432313)
(-0.0472804,-0.0457438)
(-0.00930949,0.00236118)
(-0.0059142,-0.0195336)
(0.0448906,-0.0065321)
(0.0182107,-0.0267913)
(-0.0473313,-0.017868)
(-0.0388891,-0.0611534)
(-0.0222733,-0.0406224)
(0.102387,-0.0365394)
(-0.00533599,-0.0274773)
(0.201458,-0.131212)
(0.0320421,-0.0168542)
(0.0134352,0.045335)
(-0.00913535,0.0205102)
(0.046568,0.0300495)
(-0.0657061,0.0576382)
(-0.0152282,0.00354714)
(0.0110592,0.0436291)
(-0.039398,-0.00863037)
(0.0579679,0.0468158)
(0.0290897,-0.029532)
(0.0261865,0.023272)
(-0.0635406,0.00951073)
(0.024838,0.0191281)
(0.0321001,0.0371174)
(-0.030567,0.0592795)
(-0.0426703,-0.0406115)
(-0.0659749,-0.0571805)
(0.0292266,0.00210141)
(0.434428,-0.107774)
(-0.100192,-0.0116561)
(0.530999,-0.178614)
(0.0225797,0.0611041)
(-0.0113147,0.0843383)
(0.0047828,0.0694845)
(0.00563128,0.00654938)
(0.0564206,0.0450436)
(0.002858,-0.0283111)
(0.0191141,0.00923126)
(0.00214955,-0.00987362)
(-0.0276955,0.0662427)
(-0.0302122,-0.0168123)
(0.459286,-0.122018)
(-0.00530001,-0.0219679)
(0.0237083,-0.00610905)
(0.0477268,0.0176075)
(0.0355355,-0.0251302)
(-0.0113,0.0208101)
(0.449434,-0.0508479)
(0.0432595,-0.00796539)
(0.023229,-0.0458115)
(0.7047,-0.132672)
(0.0716265,-0.0241399)
(-0.0362234,0.0257294)
(0.00681671,0.0391353)
(0.0437863,-0.019011)
(0.401856,-0.0673093)
(0.525513,-0.16065)
(0.593645,-0.0280096)
(0.479181,-0.0320625)
(-0.0326424,0.00320703)
(-0.0447012,0.0131051)
(0.00580037,-0.00692827)
(0.00249713,-0.0617199)
(-0.00344308,0.0132514)
(-0.0624105,0.00778862)
(-0.0736134,-0.0115753)
(0.0514856,0.0269849)
(-0.02675,-0.00203311)
(-0.0312181,0.0714802)
(0.0158116,-0.00304963)
(0.04753,0.00798877)
(0.0737604,0.0249605)
(0.05771,0.0209909)
(0.0651499,0.037317)
(0.0393427,0.00345892)
(0.0641456,-0.0406188)
(-0.0139108,0.0144708)
(-0.0367704,0.079173)
(-0.00312171,0.0768822)
(0.00569527,0.0108232)
(-0.0358327,0.0881211)
(-0.0108972,0.0118631)
(9.97507e-05,0.0318171)
(0.0313264,0.060297)
(-0.0119938,0.00940696)
(0.0457255,0.0133515)
(-0.0392179,-0.00301782)
(-0.0640706,-0.0484345)
(0.0652531,0.0345504)
(0.0410308,0.0108962)
(0.0345785,0.0492678)
(0.0374406,-0.0307897)
(0.41934,-0.0386402)
(0.0350192,-0.0087535)
(0.521815,-0.162732)
(-0.0308841,0.0842404)
(0.0331249,-0.00127135)
(-0.0410147,0.0133788)
(-0.0937264,0.087489)
(0.0171243,0.0533321)
(-0.0732487,0.016418)
(0.0157582,0.0321175)
(0.0109922,0.00707511)
(0.0086774,-0.000332966)
(0.018255,0.0125188)
(-0.000540445,-0.018588)
(-0.0206132,0.0828257)
(0.00403026,-0.0257754)
(-0.0237712,0.0257948)
(-0.0556477,-0.0275278)
(-0.0720259,-0.0148214)
(0.0628294,-0.060111)
(0.00353345,-0.0977445)
(-0.00345308,0.0615575)
(0.0073004,0.0580459)
(0.0307957,0.000471713)
(0.190247,-0.0717833)
(0.0583108,-0.0109214)
(-0.0308977,-0.0299605)
(-0.000752761,-0.0280565)
(0.0368534,-0.0553475)
(0.413283,-0.102417)
(0.00464051,0.0890786)
(-0.0132901,0.0591733)
(-0.0013968,-0.0429007)
(-0.0506849,0.0538168)
(0.0542104,-0.00426136)
(0.116133,-0.0227753)
(0.260715,-0.0891247)
(0.382482,-0.165792)
(-0.0257995,0.0474656)
(-0.0156482,0.0341969)
(-0.0627814,0.0239928)
(0.201719,-0.0968367)
(0.551244,-0.100283)
(0.0402537,-0.0429569)
(-0.03516,-0.00789483)
(0.0140711,0.0130194)
(-0.0210632,-0.0194061)
(-0.0263526,0.0308002)
(-0.0424426,0.0182195)
(-0.0068698,0.0153599)
(0.00520477,-0.0400146)
(0.028964,-0.0170016)
(0.0640956,0.0227075)
(0.49749,-0.13741)
(0.0461807,0.0089873)
(0.00864522,-0.0500794)
(0.0513167,0.0277038)
(-0.0255175,-0.0365545)
(-0.0429754,-0.0147868)
(0.0135348,-0.00262488)
(-0.00489535,-0.0203009)
(0.272171,-0.170496)
(0.0581493,0.0552582)
(-0.0127091,0.00402423)
(0.0716463,0.0597026)
(0.0255092,-0.0285383)
(-0.0268274,0.0257533)
(-0.0786148,-0.000666609)
(-0.000390659,0.0404013)
(0.267551,-0.0794846)
(0.608647,-0.0584266)
(-0.0575496,0.0643984)
(-0.072474,0.0118554)
(0.0218335,0.00869011)
(-0.0691314,0.0679762)
(-0.115008,4.47718e-05)
(-0.116975,-0.0145685)
(0.0430513,0.0520722)
(-0.03363,-0.0182237)
(0.0198026,0.0153693)
(0.089879,-0.025519)
(0.0476173,-0.0388687)
(0.0577456,-0.00988479)
(-0.0834363,-0.0056074)
(-0.0363205,0.0213313)
(-0.00081961,0.0427346)
(-0.0450644,0.0325005)
(-0.020922,0.0436462)
(0.045877,-0.0169102)
(0.0709269,-0.0551638)
(0.0527227,0.0450925)
(0.0684203,0.0204175)
(-0.0446238,-0.04881)
(-0.0437527,-0.0193613)
(-0.0440085,0.00201638)
(-0.0119749,0.0423855)
(0.00259121,0.0155036)
(0.0388488,0.0232058)
(0.00551402,0.0290043)
(0.0722089,-0.0147139)
(-0.0113506,-0.0345124)
(0.0226553,-0.0138242)
(0.0159105,0.0528063)
(-0.0239207,0.0485673)
(-0.0177843,0.0860624)
(-0.00866986,0.0286051)
(0.0499411,0.023637)
(0.621327,-0.136505)
(0.0193185,0.0206614)
(-0.0313417,-0.00699759)
(-0.0144314,-0.0221756)
(0.0644183,0.0541941)
(0.00255933,-0.0323928)
(0.0399432,-0.0232501)
(0.0500487,0.0018742)
(0.0257215,-0.0502642)
(-0.0124364,-0.0421235)
(0.0403153,-0.00724085)
(0.0023183,-0.0422349)
(0.0640819,0.0320351)
(0.033194,0.0565357)
(-0.0144996,0.00911064)
(0.0687651,-0.0247981)
(0.0562465,-0.0257465)
(-0.011502,-0.0258793)
(-0.0290036,-0.0735451)
(-0.0323539,-0.0438088)
(-0.0260779,0.0283947)
(0.0101785,-0.00438394)
(-0.0102816,0.0278268)
(-0.0580822,0.00506778)
(-0.0289323,0.00570916)
(-0.0167947,0.0205039)
(-0.0113511,-0.0559958)
(0.0276641,-0.062565)
(0.00838797,-0.0462827)
(0.0256731,-0.0310824)
(-0.0213932,0.0127606)
(0.0601553,-0.0381772)
(-0.0331576,0.0192478)
(0.023834,-0.0618185)
(0.070771,-0.0239873)
(0.0680099,-0.0622438)
(0.0124992,-0.0467846)
(-0.01401,-0.0794459)
(-0.0355421,-0.0135002)
(0.0331121,-0.0300826)
(0.0496609,-0.0282167)
(-0.0522652,0.0444257)
(-0.0761081,0.0324236)
(-0.00469772,0.0527301)
(-0.021688,-0.0010282)
(0.0114878,-0.00148293)
(-0.0105717,0.0680863)
(-0.0298953,0.0771306)
(0.0147192,0.0314398)
(-0.0811192,-0.0288926)
(0.0103895,-0.0272968)
(0.0504752,0.0150271)
(-0.0532572,-0.0598225)
(0.0129901,-0.0265179)
(0.440698,-0.0673731)
(0.00551407,-0.0683549)
(0.0243736,0.0154472)
(0.00331976,0.0344272)
(-0.0282215,0.00388469)
(0.0191442,0.0120461)
(0.018574,0.0182871)
(0.0403797,0.0318163)
(0.0330457,-0.00100458)
(0.0438108,0.00124781)
(-0.00039173,0.0243649)
(0.0194233,0.0223255)
(0.0378934,-0.00417344)
(0.0303871,0.00422464)
(-0.0543352,0.028415)
(0.0108362,0.0212302)
(0.0438393,0.0314723)
(0.0782992,0.00669939)
(-0.0251042,0.0493123)
(0.040434,0.030132)
(-0.0206498,0.0306491)
(-0.0119047,-0.0549741)
(-0.0144507,-0.0448637)
(-0.023362,-0.0866865)
(0.0898371,0.00447987)
(0.481281,-0.146939)
(0.438408,-0.101715)
(0.0126401,0.109471)
(0.449871,-0.0719816)
(0.0255944,-0.0601578)
(0.433837,-0.0987257)
(0.261497,-0.132053)
(-0.0333023,0.0250899)
(0.475184,-0.177405)
(0.564358,-0.118139)
(0.548191,-0.0692352)
(-0.0147728,0.0810014)
(-0.0502012,0.0179988)
(-0.0395098,-0.00558186)
(-0.0521935,0.00889898)
(0.0239607,0.063665)
(-0.036692,0.00255982)
(-0.0257282,0.0011376)
(-0.0274974,0.0223531)
(-0.0271724,-0.00788825)
(0.00870439,-0.0577711)
(0.025727,-0.0101124)
(0.0282806,-0.0275109)
(-0.0367768,0.0243923)
(-0.0330327,0.0134128)
(0.0406322,0.0304087)
(-0.0436539,-0.0565463)
(-0.0478096,0.0900515)
(-0.0221199,0.0150294)
(0.00160086,0.0268301)
(0.0147118,-0.025142)
(-0.0281092,-0.0593475)
(-0.000932156,0.0307663)
(-0.0202412,-0.0166591)
(0.0199765,-0.0200216)
(0.00280492,0.00763309)
(0.0240329,-0.00262185)
(0.051065,0.05455)
(-0.00959724,-0.0184469)
(0.01096,0.0268343)
(-0.00283949,-0.0119714)
(0.0140968,0.025744)
(0.00090331,-0.00989962)
(-0.00883727,-0.015536)
(-0.0339509,-0.0493832)
(-0.0242978,-0.028402)
(-0.00950463,-0.0536885)
(0.0151137,0.0216227)
(0.484578,-0.256422)
(0.0205504,-0.0309143)
(0.0180913,0.0235535)
(0.0169395,0.0181559)
(-0.00971672,-0.015253)
(-0.00329178,0.0394947)
(-0.00774198,0.0303559)
(0.433413,-0.135464)
(0.597423,-0.177249)
(0.412737,-0.109517)
(-0.0327352,0.00139819)
(0.377006,-0.0927411)
(-0.00246217,0.019245)
(0.0732821,-0.000460599)
(-0.00367296,0.0140786)
(0.0192613,-0.00247688)
(0.210223,-0.0750556)
(0.0184868,0.0172801)
(0.00485662,0.0378963)
(-0.00548637,0.0274187)
(0.13545,-0.0533695)
(0.0207598,-0.0106965)
(-0.0917449,-0.0101243)
(0.438384,-0.0572142)
(0.00461639,-0.00399024)
(-0.0283134,0.00780919)
(0.0118871,0.0217207)
(0.0431173,0.0278494)
(0.0255797,-0.024577)
(0.0275044,0.0409838)
(0.0713286,-0.0571132)
(0.0145533,0.0210521)
(0.0814088,0.0307921)
(0.200444,-0.0271029)
(0.0738077,0.0282556)
(0.0351393,0.00497746)
(-0.044661,0.0548689)
(-0.0484712,0.0285297)
(0.000915862,0.0516533)
(0.0255715,-0.0019686)
(0.00961269,-0.0330261)
(-0.0480836,0.0240113)
(0.00523592,-0.0050783)
(0.0194887,-0.00718749)
(0.0170686,0.0348435)
(-0.0151849,0.0390942)
(0.05498,0.0474268)
(0.0226015,0.053994)
(0.0151281,0.0524486)
(0.0203094,0.00467371)
(0.0148144,0.0210761)
(0.00908374,-0.10275)
(0.0203904,0.0338136)
(-0.053241,-0.0179428)
(0.0140894,0.0801161)
(0.0224926,0.0491095)
(0.0297048,-0.117356)
(0.0719407,0.0319847)
(-0.00336742,0.044597)
(0.0583017,-0.0726086)
(0.00678877,0.0348622)
(-0.0364683,-0.0350817)
(-0.00857319,-0.0286547)
(-0.0107035,0.0131354)
(-0.0389703,-0.0338714)
(-0.0404424,-0.00374782)
(0.0254729,0.0331133)
(-0.0188977,-0.0439078)
(-0.0794933,0.0562)
(-0.00341664,-0.00199986)
(0.0202935,0.0143606)
(0.0122531,0.0101467)
(0.0273476,0.00331921)
(0.0212249,0.027649)
(0.11021,-0.0684806)
(0.0621799,0.0195654)
(-0.0337415,-0.0648798)
(-0.00738365,0.0364)
(-0.0405143,-0.0911359)
(0.00915859,0.0757245)
(-0.0147411,-0.00369006)
(0.0545805,0.0892739)
(0.0269819,0.0627704)
(-0.016499,-0.0678941)
(0.0285112,0.0494994)
(-0.0428998,0.0124007)
(-0.0240591,0.0715422)
(-0.0134485,-0.0249949)
(-0.0330965,-0.0399947)
(0.0108941,-0.0689837)
(0.0816552,-0.030424)
(0.0145558,0.0103924)
(0.0304237,0.0622172)
(-0.0520077,0.0587504)
(-0.0387324,-0.0157913)
(0.00107721,-0.0470338)
(0.0205153,0.0261934)
(0.0367159,-0.0498553)
(0.457596,-0.035627)
(-0.000139677,-0.00248566)
(-0.0478788,-0.0393944)
(-0.000974519,-0.032928)
(-0.017826,-0.0201915)
(0.00959583,-0.0418438)
(0.0341831,-0.0326777)
(-0.0495166,0.00746616)
(0.027703,-0.0431279)
(0.50991,-0.112718)
(0.00649778,-0.0732846)
(0.0311293,-0.000817851)
(0.0201998,-0.0521787)
(0.531081,-0.0815642)
(-0.0348427,-0.03302)
(-0.00770509,-0.0432656)
(0.0298203,0.0173004)
(-0.00990571,0.0117803)
(0.0166598,-0.00662018)
(0.00371594,0.00985488)
(-0.0495288,-0.0183435)
(0.310076,-0.0882114)
(0.177006,-0.0836771)
(0.0293136,0.0145282)
(-0.00302858,0.0178015)
(-0.040135,-0.0517476)
(0.0316804,0.0350959)
(-0.00520755,-0.0688624)
(0.414965,-0.0344258)
(-0.0427415,-0.0301606)
(-0.0223028,-0.0130799)
(0.0260119,0.00376255)
(0.0193615,0.00135455)
(0.0506008,-0.0111373)
(-0.011494,0.0143518)
(0.494995,-0.121144)
(0.00372133,-0.0426465)
(0.484587,-0.112807)
(-0.0400089,0.0548096)
(-0.0299607,0.013587)
(-0.00155072,-0.0330966)
(0.0462601,0.0359203)
(0.425679,-0.198249)
(0.0785811,-0.0563587)
(0.219801,-0.142262)
(0.0506632,-0.0235502)
(-0.000895327,0.0247162)
(-0.0491713,0.016682)
(0.185003,-0.0443653)
(0.252489,-0.053643)
(-0.0173786,0.0292849)
(-0.0178393,-0.0222678)
(0.317591,-0.13861)
(-0.0231689,0.0200638)
(-0.0552316,-0.0255885)
(0.252814,-0.0891053)
(-0.0439412,0.0213928)
(0.0162285,-0.0095169)
(0.353646,-0.0417983)
(-0.0504941,-0.00221009)
(0.155064,-0.00415486)
(0.219424,-0.0564915)
(-0.0022443,0.0816419)
(0.231835,0.0124768)
(0.0483346,-0.0550045)
(0.0092061,-0.0511926)
(0.0156395,0.0499121)
(-0.00935015,0.0476359)
(-0.00608597,0.0217496)
(0.0565197,-0.0440113)
(0.0324723,-0.0382177)
(0.0197471,0.0340799)
(-0.0149638,0.026031)
(0.0348562,0.0350622)
(-0.0334853,-0.0163643)
(0.0450134,0.0213379)
(-0.0645787,0.0203822)
(-0.0420586,0.0107513)
(-0.0487231,0.0147019)
(-0.006942,-0.023079)
(-0.0237681,0.0157474)
(0.36172,-0.061038)
(-0.00243901,0.0680738)
(0.0370888,0.0352454)
(0.10958,-0.05285)
(-0.0884363,0.0139142)
(-0.0666827,0.0499012)
(0.6283,-0.0584596)
(-0.0104114,0.00593425)
(0.604907,-0.0964204)
(0.0166187,-0.0278629)
(0.00437264,0.026249)
(0.138594,-0.0602009)
(-0.00645088,-0.0170208)
(0.00843047,0.0189708)
(0.460746,-0.116093)
(-0.0145882,-0.00943101)
(0.0754644,0.030047)
(0.00982137,0.000750314)
(0.0251568,0.0380713)
(0.0677481,-0.00150568)
(0.0592033,-0.0348703)
(0.0198115,-0.0439607)
(0.0737019,-0.0288787)
(-0.086638,-0.0309871)
(0.241455,-0.143376)
(0.0376864,0.041544)
(0.309731,-0.135297)
(-0.0208891,-0.0503531)
(-0.022442,-0.00865248)
(0.458309,-0.117382)
(-0.0473943,0.0565518)
(0.0307542,0.0511444)
(-0.0192812,-0.00177014)
(0.40272,-0.0922358)
(0.00423645,0.00397728)
(-0.037177,-0.0219328)
(0.0504773,0.0475104)
(-0.00732129,0.0370655)
(0.0257711,0.0352112)
(0.0381119,-0.00771378)
(-0.0880865,0.0200846)
(-0.00680011,0.00750678)
(-0.015008,0.0293434)
(0.0209878,-0.0208452)
(-0.0505441,0.0174639)
(0.0228295,0.0321078)
(0.0711105,0.015446)
(0.0624642,0.0193625)
(0.013876,-0.0178755)
(-0.0157328,-0.00858533)
(-0.0100776,-0.0498421)
(-0.029026,0.0171053)
(-0.0178945,-0.0438631)
(-0.0282572,0.0022713)
(0.0458333,0.018856)
(0.0586642,0.00172568)
(0.0442596,0.0568901)
(0.000523763,0.0156002)
(-0.00416827,0.0346543)
(-0.0318636,-0.0715878)
(-0.0593897,-0.0855695)
(-0.0429508,-0.0920773)
(-0.0547813,-0.0279859)
(0.0130819,0.0147047)
(0.0141757,-0.0273552)
(0.00221139,0.0270185)
(0.475797,-0.118158)
(-0.0488721,0.00615481)
(0.0297692,0.012661)
(-0.00224416,-0.000299068)
(0.443461,-0.0642548)
(0.0302807,-0.00821985)
(0.0245927,-0.0138315)
(-0.033675,-0.0389957)
(-0.0110945,0.0347102)
(0.0249151,-0.0045885)
(-0.00914345,-0.032395)
(0.00161947,0.0354951)
(0.338318,-0.107589)
(0.0303306,-0.0118553)
(-0.0384501,0.0115753)
(0.62693,-0.170088)
(-0.00184035,-0.0364629)
(0.000111594,-0.0115933)
(0.0247433,-0.0151923)
(0.450773,-0.110382)
(0.0239116,0.0320995)
(-0.0150789,-0.01552)
(-0.00528233,-0.0306622)
(-0.0981202,0.012004)
(-0.00337714,-0.00355276)
(-0.0515325,-0.0337324)
(0.00741061,-0.0611951)
(-0.0140482,0.00231964)
(0.0112808,-0.0282625)
(0.00713506,-0.0465875)
(0.017217,-0.0374367)
(0.360202,-0.0761213)
(0.0401177,0.0142796)
(-0.0292944,0.0228942)
(-0.0118362,-0.0167281)
(0.00124993,0.00257869)
(0.0169966,-0.0603789)
(0.0163769,0.0587238)
(-0.0202525,-0.0245035)
(0.00605014,-0.0139382)
(0.0200113,-0.0661931)
(0.0191717,0.0373026)
(0.0218956,0.0804999)
(0.457859,-0.102781)
(0.000606028,0.00141899)
(0.00401054,-0.00582823)
(-0.0396785,0.0456199)
(0.0472764,-0.0136145)
(-0.0482165,0.0755184)
(0.0191477,-0.00720117)
(0.174691,-0.168501)
(0.207496,-0.119026)
(0.147316,-0.150705)
(0.0149322,0.00157234)
(-0.00792826,0.0158243)
(0.602365,-0.181848)
(0.345736,-0.10681)
(-0.0323906,0.0135785)
(0.35099,-0.0928696)
(0.396957,-0.0631055)
(0.201903,-0.105027)
(0.0500613,-0.0172155)
(0.0312773,-0.0121683)
(0.052918,0.0455836)
(0.107577,-0.00630825)
(0.0331755,0.0372349)
(0.00329024,0.0363417)
(-0.0323456,-0.0142367)
(0.0665489,-7.66593e-05)
(-0.0934047,0.0124962)
(-0.0294658,-0.0147563)
(0.0527674,-0.0035937)
(0.463194,-0.114395)
(-0.0274913,0.0331258)
(-0.00532321,0.0311489)
(-0.0376988,0.0164211)
(0.531454,-0.10017)
(-0.0385914,0.0583435)
(-0.0212964,-0.00736701)
(0.485199,-0.146516)
(0.426566,-0.119877)
(-0.0329499,0.0242296)
(0.347651,-0.0701791)
(-0.0143516,0.0394806)
(-0.0317758,0.0675939)
(0.447082,0.0328652)
(0.270979,-0.0768742)
(0.377353,-0.123671)
(0.472528,-0.0293053)
(0.00195544,-0.0243165)
(0.731618,0.0163336)
(-0.0520453,0.00174747)
(-0.0353325,0.0796715)
(0.0764015,-0.00493246)
(0.162741,-0.082178)
(-0.0449502,0.0432487)
(0.086632,-0.0680245)
(0.0100711,0.0121746)
(0.0160027,0.0100903)
(0.0429781,-0.00155391)
(0.00415863,-0.000830039)
(0.0496776,-0.00415377)
(-0.0177047,0.0388557)
(0.0593823,0.0245794)
(0.121667,-0.0388417)
(-0.0246801,-0.0120163)
(0.0184338,-0.0288454)
(0.00379226,0.060453)
(-0.00155458,0.0398)
(0.0175767,0.0127404)
(0.457849,-0.0568472)
(-0.0305275,0.0419918)
(0.0219668,-0.00647084)
(-0.0157108,-0.0143395)
(-0.0391387,0.0461809)
(0.0358984,-0.00509128)
(0.0134528,0.0358025)
(-0.0349646,-0.0646311)
(-0.0292524,-0.00740559)
(0.539496,-0.0718969)
(-0.0203648,-0.00702598)
(0.361012,-0.0139482)
(0.0147488,0.00873028)
(0.0568136,0.0193681)
(0.00253867,-0.0160751)
(0.0508303,-0.0435621)
(-0.0460602,-0.0212114)
(-0.00867261,-0.0736641)
(0.0060139,-0.0344604)
(9.56244e-05,-0.0064387)
(0.0104347,0.00166331)
(0.0391785,-0.0333379)
(0.0640614,-0.0111778)
(0.0315301,0.00933157)
(0.418922,-0.0814802)
(0.313055,-0.0670731)
(-0.0486934,-0.0116876)
(0.037743,-0.0309471)
(0.0256693,-0.00565064)
(0.0754095,-0.0345951)
(0.455616,-0.125859)
(0.0168528,0.0064687)
(0.0536399,-0.0263105)
(0.0744928,-0.00468452)
(0.0605203,-0.0323615)
(0.313871,-0.101744)
(0.0125284,0.0104261)
(-0.0287075,0.00121589)
(-0.0243425,0.00446555)
(0.00361915,0.0209995)
(0.448809,-0.0413979)
(0.0328233,-0.0107487)
(-0.0436357,-0.00379195)
(0.00378761,0.0393519)
(0.0246693,0.0112022)
(0.00421786,-0.000367286)
(0.471608,-0.0645659)
(0.408264,-0.149073)
(0.689899,-0.0629141)
(0.0202558,-0.0580969)
(0.0130328,0.00401258)
(0.505616,-0.0532283)
(0.0538478,-0.0228543)
(0.1255,-0.067485)
(0.343251,-0.182374)
(-0.0297113,-0.0211972)
(-0.037005,0.0350384)
(-0.0263473,0.0185919)
(-0.0121157,0.0309093)
(-0.00465005,0.0502339)
(0.171365,-0.071033)
(0.206734,-0.140816)
(0.289224,-0.155307)
(0.282013,-0.0511139)
(0.65177,-0.194741)
(-0.0241068,-0.0282283)
(-0.0453862,-0.00387639)
(-0.034923,0.0146305)
(0.119277,0.0495768)
(0.586102,-0.0773235)
(0.581542,-0.114531)
(0.0102135,0.00829794)
(-0.0361656,-0.0459634)
(-0.0158972,-0.0156152)
(0.540351,-0.199826)
(-0.000113127,0.0516578)
(0.0553149,0.0258552)
(-0.0495194,-0.0100671)
(0.687416,-0.0623941)
(0.044421,0.0364027)
(-0.0474437,0.0399962)
(0.530135,-0.0960198)
(0.491529,-0.0724487)
(-0.0240334,0.0153557)
(-0.0250368,0.0027683)
(-0.0259009,-0.0269919)
(-0.0202152,-0.0536945)
(0.0366764,0.0152962)
(-0.00394658,-0.00478156)
(0.0315426,0.0418381)
(0.465278,-0.148692)
(0.701914,-0.017854)
(0.624559,-0.149336)
(0.581926,-0.0712464)
(0.400723,-0.138888)
(0.177207,-0.0935951)
(0.235019,-0.015829)
(0.191527,-0.0695486)
(0.137686,-0.0515967)
(-0.0260063,-0.0613005)
(0.0110911,-0.0564713)
(0.290709,-0.0500071)
(0.509534,-0.150269)
(0.541589,-0.0868479)
(0.460937,-0.0247764)
(0.537944,-0.112724)
(-0.0053403,0.030856)
(0.538361,-0.0670755)
(-0.0494232,0.0757976)
(0.0142521,-0.0385669)
(-0.0234305,-0.0574693)
(-0.0015881,0.0527416)
(-0.0578644,-0.00528862)
(-0.00916822,-0.0920628)
(0.00549524,-0.00395794)
(0.0147442,-0.0358193)
(0.011997,0.0510632)
(0.402302,-0.113547)
(-0.0224367,-0.045339)
(0.456347,-0.193453)
(0.467588,-0.00808676)
(0.449874,-0.140206)
(-0.0583957,0.000311464)
(0.0503298,0.0447278)
(0.00113322,0.0441246)
(0.479119,-0.133489)
(-0.0254486,-0.00715657)
(0.0323124,0.00163635)
(0.307937,-0.0774351)
(0.233277,-0.126831)
(0.522587,-0.0412219)
(0.407496,-0.0525691)
(0.639428,-0.198594)
(0.464779,-0.00355892)
(-0.00889968,-0.0487824)
(-0.0216792,-0.0678129)
(0.00403908,0.0103769)
(0.0167546,0.0611795)
(0.004666,0.0733972)
(-0.0231457,-0.0322572)
(-0.0121868,0.0105496)
(0.281488,-0.0915151)
(0.197645,-0.0355405)
(-0.035634,-0.026148)
(0.182943,-0.0318983)
(-0.00264303,-0.0304023)
(0.437384,-0.102147)
(0.539244,-0.0518655)
(-0.06232,0.0248551)
(0.010259,0.0472191)
(0.0496427,0.0103787)
(0.0794183,-0.0463889)
(0.417144,-0.161217)
(0.0222216,-0.0729817)
(0.112088,-0.0586517)
(-0.0362115,0.0631053)
(0.247526,-0.149616)
(0.0196359,0.0507188)
(0.313718,-0.0878145)
(0.0106109,0.0462445)
(0.025957,0.0245781)
(0.0232637,0.0152252)
(0.0122914,0.0261778)
(0.506769,-0.0933848)
(-0.0154115,0.0282174)
(0.498514,-0.157457)
(0.454808,-0.110007)
(0.0092239,-0.0162289)
(0.501702,-0.086448)
(0.624006,-0.0599485)
(0.499588,-0.017559)
(0.0147404,0.0224146)
(0.479212,-0.130172)
(-0.039869,0.0643296)
(-0.0498401,0.0255943)
(-0.0585634,0.0491066)
(-0.0369133,-0.0117502)
(0.00158384,0.0743632)
(-0.0249671,-0.021854)
(-0.0617599,0.0398784)
(0.760395,-0.0662071)
(-0.0364046,0.0258491)
(0.067948,-0.0341112)
(0.41397,-0.103586)
(0.457998,-0.0865526)
(0.00563246,0.00376573)
(0.0583692,-0.00875203)
(-0.0112486,-0.00681219)
(0.398026,-0.137869)
(-0.0299232,0.0134753)
(0.463952,-0.181644)
(0.35644,-0.118174)
(-0.0430356,-0.00488217)
(-0.00613764,0.00767769)
(0.551037,-0.0350351)
(-0.0460671,-0.00407247)
(-0.0015789,-0.0252304)
(0.0102415,0.0565871)
(0.484323,-0.105082)
(0.470155,-0.108918)
(0.221004,-0.0949514)
(0.453048,-0.143425)
(0.520521,-0.0790048)
(0.0673505,-0.0302929)
(0.500418,-0.116293)
(0.549236,-0.0448214)
(0.00451782,-0.0805007)
(0.547109,-0.0410477)
(0.0451357,0.0270541)
(0.537339,-0.0581981)
(0.0479484,-0.0315865)
(-0.0226237,0.063696)
(-0.0333395,-0.00941157)
(0.0319547,0.0423457)
(0.0107468,0.0855852)
(0.0454794,0.0775775)
(-0.0265572,0.0806353)
(0.0294829,0.0419245)
(0.142039,-0.0659747)
(0.0184937,-0.0194587)
(0.0245452,-0.0364236)
(0.0445966,0.0388594)
(0.0241671,-0.00369943)
(0.0214132,0.0174103)
(0.0528797,0.0106874)
(-0.0189135,0.0584319)
(0.123481,-0.0705232)
(-0.019237,0.0466542)
(0.0501172,0.0120658)
(0.71742,-0.0653873)
(0.407385,-0.151228)
(-0.0245875,0.0277104)
(0.0695839,0.111377)
(-0.00966781,0.0950429)
(0.106992,0.026062)
(-0.0474654,-0.0170662)
(0.108677,-0.00877394)
(0.224162,-0.101832)
(0.637983,-0.147373)
(0.591232,-0.137256)
(0.00990512,0.0714226)
(0.0548438,-0.0360451)
(0.56956,-0.128707)
(-0.0186616,0.0246773)
(0.016799,0.0209719)
(0.0351414,-0.0176793)
(0.469125,-0.0696449)
(0.0566067,-0.0609355)
(0.270536,-0.152094)
(-0.013189,-0.0106104)
(0.0998181,-0.104593)
(0.167153,-0.0845026)
(0.276621,-0.0648819)
(0.337852,-0.115418)
(0.0848086,0.0256427)
(-0.049147,0.0263451)
(0.398433,-0.17422)
(-0.029114,0.0571411)
(0.0434586,-0.0110266)
(0.0287204,-0.0162543)
(0.436914,-0.154003)
(0.0295995,-0.0314986)
(0.419881,-0.115712)
(0.0437662,-0.016521)
(0.0247498,0.00967645)
(-0.0206662,0.00384872)
(-0.00518303,0.0574693)
(0.00019708,0.0341411)
(0.00312631,0.0273643)
(0.0307974,0.0158493)
(-0.0282172,0.0209035)
(-0.00912321,0.0296045)
(0.570948,-0.0889314)
(-0.0107562,-0.010499)
(0.0210316,-0.00423947)
(0.571957,-0.0297361)
(0.04635,-0.00812972)
(-0.0120767,0.0276344)
(-0.000503293,0.00679163)
(0.00647845,0.0258074)
(-0.047265,0.0255642)
(0.155087,-0.0832234)
(0.0109126,0.0755952)
(-0.0613798,-0.0365619)
(-0.0462005,-0.0355767)
(0.0385158,-0.0149303)
(-0.0433429,-0.0301891)
(0.53614,0.0111696)
(-0.038651,0.0332315)
(0.626745,-0.124407)
(0.383128,-0.113639)
(0.541786,0.0473954)
(-0.0160092,-0.0269825)
(0.355827,-0.0400331)
(0.434662,-0.142294)
(0.399844,-0.0841568)
(-0.043743,0.00569931)
(0.0222317,0.047046)
(-0.0520376,0.0549156)
(-0.00909571,0.0183746)
(0.549691,-0.132756)
(0.575672,-0.117847)
(-0.00681262,-0.0309796)
(-0.0328052,0.0235307)
(-0.00771758,0.0108379)
(0.0699023,0.00164274)
(0.342727,-0.0828162)
(0.0587701,-0.00623222)
(0.0472432,0.01091)
(0.03589,0.0246558)
(0.0804358,-0.012768)
(0.38721,-0.0632955)
(-0.0492254,-0.0780986)
(0.462497,-0.0362751)
(0.00966009,0.0100241)
(0.0204105,0.0569772)
(0.0541192,0.0301854)
(0.570783,-0.19338)
(0.0147783,0.0204462)
(0.280732,-0.109903)
(0.538891,-0.133461)
(-0.0277752,0.00828975)
(0.00472903,0.0310611)
(0.0511037,-0.0604385)
(-0.00979966,0.0716611)
(-0.04819,0.0118955)
(0.0146524,-0.0873168)
(0.393552,-0.165003)
(0.286887,-0.183614)
(0.0721153,-0.0472109)
(0.00563104,-0.02325)
(-0.0129602,-0.0172257)
(-0.0958331,0.0900414)
(-0.00444214,-0.00553957)
(0.0102904,-0.0506158)
(0.42201,-0.104182)
(0.489243,-0.110625)
(0.584606,-0.116949)
(-0.0205555,-0.0597885)
(0.360439,-0.0346363)
(-0.0238208,0.0171056)
(0.0481178,0.0232118)
(0.0364719,0.015091)
(0.0280101,0.0961784)
(0.0036675,0.020509)
(0.0720727,-0.0460204)
(0.263219,-0.0946353)
(0.590931,-0.118131)
(0.486739,-0.138881)
(0.0780088,-0.0524327)
(0.499128,-0.147542)
(0.0215015,-0.0930254)
(0.426943,-0.158727)
(0.438911,-0.0779121)
(0.00770252,-0.0706146)
(0.525815,-0.0856463)
(0.428216,-0.137975)
(0.546566,-0.0885199)
(0.442118,-0.0924758)
(0.512515,-0.0729996)
(0.116599,-0.0366642)
(0.257698,-0.122086)
(0.226112,-0.029145)
(0.416754,-0.0665328)
(0.0438142,-0.0293056)
(0.515538,-0.0436109)
(0.413992,-0.165719)
(0.00852184,0.0146348)
(-0.0568928,-0.0060427)
(-0.0650497,0.0564784)
(-0.0519511,-0.0329169)
(0.368764,-0.159581)
(-0.00617158,-0.00362601)
(0.487158,-0.124834)
(0.021811,-0.00289887)
(0.274081,-0.0655901)
(-0.0151242,-0.0486418)
(-0.0399945,-0.0431725)
(0.470406,-0.124019)
(0.0417332,0.0713306)
(0.101197,-0.0664774)
(0.47949,-0.110924)
(0.0471834,-0.0439894)
(-0.00913031,-0.0601165)
(-0.0334578,0.0364219)
(-0.0535022,-0.00636493)
(-0.00854121,0.0258542)
(-0.0022385,0.00301505)
(0.530724,-0.0906469)
(0.507884,-0.148061)
(0.422092,-0.0478625)
(-0.0235678,-0.0961387)
(0.0326905,0.0565727)
(0.332639,-0.175612)
(-0.0116153,0.0365699)
(0.00196863,-0.0340191)
(0.0196125,-0.0294479)
(-0.0254053,-0.0117065)
(0.596805,-0.0555998)
(0.399272,-0.0509949)
(0.451909,-0.0685376)
(0.386661,-0.0257791)
(0.451819,-0.0679901)
(-0.067268,-0.00624789)
(0.425714,-0.0216583)
(0.291025,-0.10229)
(-0.0437962,-0.0651509)
(0.341006,-0.0355001)
(0.439288,-0.0757002)
(0.0340056,-0.0644226)
(-0.00661761,0.0672119)
(0.540571,-0.0887025)
(-0.00484896,0.0142042)
(0.0208792,-0.0219707)
(0.421426,-0.0924761)
(0.0538829,-0.010887)
(-0.0327078,-0.0332689)
(0.0465073,0.0354774)
(0.0518229,-0.019174)
(0.504904,-0.033354)
(-0.00675892,0.0278669)
(-0.052416,0.0873419)
(0.00961134,0.0176608)
(0.41104,-0.0758611)
(-0.0361205,0.0515928)
(0.0198543,0.0293921)
(-0.0390494,0.0757445)
(0.105406,-0.0411895)
(-0.0489636,-0.0496334)
(0.0441061,0.0118884)
(0.0907393,0.0191527)
(0.102713,-0.0141039)
(-0.00622284,0.02471)
(0.0571175,0.0472987)
(0.0733079,0.0411472)
(0.433994,-0.0683217)
(-0.0381729,0.0360252)
(0.466191,-0.0256435)
(-0.0145807,0.00232194)
(0.0151253,-0.0390424)
(0.190666,-0.100744)
(0.514083,-0.123223)
(0.317606,-0.115893)
(-0.00473696,0.0328095)
(-0.0136298,-0.0359393)
(0.0334656,-0.0182408)
(0.0240408,-0.0399442)
(-0.00732343,-0.0045349)
(-0.0175548,0.0257808)
(-0.0310321,-0.0173377)
(0.00871479,0.017977)
(-0.065401,0.014156)
(-0.0107439,0.0500833)
(-0.00845063,-0.0185733)
(0.418446,0.0261981)
(0.0139574,0.0544826)
(0.0661712,-0.00774655)
(0.00528737,-0.013293)
(0.0411157,0.0157422)
(0.197551,-0.045924)
(0.129809,-0.0643995)
(-0.0269514,0.0447967)
(0.105899,-0.104177)
(0.521752,-0.0775811)
(-0.0383231,-0.0424444)
(0.425393,-0.0698516)
(-0.0419305,-0.0837379)
(0.0184687,0.0249514)
(0.0869611,-0.0177121)
(0.0409708,-0.0401753)
(0.0800508,-0.0202024)
(-0.0348105,0.0330351)
(0.0255949,-0.0186002)
(-0.0453643,-0.00614127)
(0.00669686,0.056354)
(8.64944e-05,-0.0130698)
(0.337854,-0.118019)
(0.352505,-0.11547)
(0.0238659,0.00434568)
(0.183752,-0.0397617)
(0.200548,-0.0618795)
(0.597458,-0.119257)
(0.00910619,-0.0261482)
(0.0813792,-0.0205032)
(0.509944,-0.147196)
(0.105979,-0.00940865)
(0.133046,-0.0607355)
(-0.0335013,-0.0282258)
(-0.0183323,-0.0577682)
(0.110472,-0.0198347)
(-0.036411,-0.0204861)
(0.455359,-0.032345)
(0.361025,-0.11312)
(0.0203197,0.00846267)
(0.0495306,0.0285167)
(0.168077,-0.0783043)
(0.0566159,-0.040736)
(0.131207,-0.0332796)
(0.00347067,0.0423709)
