1620
(-0.0248582,-0.125363)
(-0.0194721,0.0374941)
(0.0571234,0.0594733)
(0.0133687,-0.146881)
(-0.01411,-0.0285598)
(-0.0313687,0.0419349)
(0.0440843,0.0557367)
(-0.0178437,-0.0167569)
(0.00188849,0.0158621)
(-0.00496655,0.0337079)
(-0.0512558,0.0403073)
(-0.00120964,0.0185946)
(0.0138941,-0.0421782)
(-0.0170275,0.000752051)
(0.000633778,0.0511101)
(-0.0361424,0.0246308)
(-0.0260258,-0.0869902)
(0.0159352,0.0309922)
(0.0178067,0.0207523)
(-0.00907859,0.0123321)
(-0.0195944,-0.0177938)
(0.00286129,0.0190709)
(-0.0621262,0.011233)
(-0.031949,-0.0479938)
(0.0044379,0.0352545)
(0.032218,0.0149857)
(-0.027568,0.0135679)
(0.0751622,-0.0789579)
(-0.0326491,-0.00749435)
(0.0646564,-0.020462)
(0.0424313,0.0704334)
(0.0406889,-0.0167731)
(0.00052602,0.0477791)
(-0.0909046,0.0366315)
(0.0562348,0.0300648)
(0.0124509,0.0634519)
(0.0627338,-0.0062511)
(-0.0109691,0.0292685)
(-0.0463383,0.0011169)
(0.0433063,0.00833211)
(0.0328349,-0.0785452)
(0.0803982,0.0140932)
(0.0559385,0.0214003)
(0.128773,0.000913554)
(-0.0371754,0.0652104)
(0.129011,-0.0199217)
(0.0991061,-0.028089)
(-0.0209054,-0.00290135)
(0.0532115,-0.0594826)
(-0.0147429,-0.0250936)
(0.0412659,0.00387486)
(0.0901154,-0.0270845)
(0.0145174,0.0127792)
(0.021073,-0.00397848)
(-0.0107324,0.024438)
(-0.0271214,0.0259246)
(0.0498574,0.0276833)
(0.047065,0.0615718)
(-0.015067,-0.0444078)
(0.0492176,-0.0312409)
(-0.0371027,-0.0149907)
(0.173146,-0.0723804)
(-0.0103896,0.00320376)
(0.395211,-0.0826421)
(-0.0203782,-0.00110627)
(-0.0104159,0.0386785)
(0.000392357,-0.00730564)
(0.0269558,0.013653)
(0.0265036,0.136906)
(-0.038266,-0.0689109)
(0.00939571,0.0597177)
(0.00547596,0.052021)
(-0.0235221,0.0709886)
(-0.0411202,0.0287003)
(-0.00158883,-0.00964005)
(-0.0892196,0.0601907)
(0.00795372,-0.0423273)
(0.010541,-0.0501916)
(-0.0204907,0.0108945)
(0.0794343,-0.0429951)
(-0.0108556,-0.0675732)
(-0.000954467,0.0078804)
(0.0260467,-0.0688903)
(0.0310645,-0.0211683)
(0.0413149,0.0239727)
(0.0186082,0.019364)
(-0.0334511,-0.036056)
(-0.0372559,0.0112249)
(0.0788557,0.0239949)
(0.0281026,-0.0143009)
(-0.109849,-0.0196506)
(-0.022363,0.0209061)
(0.458729,-0.0710378)
(0.0157308,0.109034)
(-0.0172684,0.0707476)
(0.571554,-0.0161569)
(-0.0588585,0.0620362)
(0.440972,-0.14343)
(-0.0101687,-0.0974516)
(-0.0479359,-0.087434)
(0.0616042,0.00593842)
(-0.0748105,-0.015292)
(0.0453664,-0.0813206)
(-0.00583794,-0.044321)
(-0.0220556,-0.115014)
(0.442186,-0.0906236)
(0.022702,0.0650457)
(-0.0725425,-0.0080571)
(0.0112335,0.0216798)
(0.0399649,0.0560377)
(0.00412934,0.0313914)
(0.704247,-0.146572)
(0.366094,-0.0349165)
(-0.00947272,-0.013327)
(0.47058,-0.0471652)
(0.02096,0.102329)
(0.00555018,0.0811016)
(0.636191,-0.0996446)
(0.00617294,0.013507)
(0.477943,-0.0714935)
(0.427713,-0.0647479)
(0.0231006,0.0491173)
(0.391896,-0.0698059)
(0.278872,-0.118887)
(0.280516,-0.0785395)
(0.0104299,-0.0274565)
(0.0517961,-0.0218727)
(0.00252186,0.0485807)
(0.354429,-0.125909)
(0.0782385,0.0445874)
(0.116505,0.073403)
(0.0146063,-0.0108763)
(-0.0050973,-0.0487263)
(-0.00116644,0.0201207)
(-0.00205287,0.014923)
(0.0205358,0.0186476)
(-0.0531385,0.00787206)
(0.00290632,0.0309567)
(0.383251,-0.0892332)
(0.0166815,-0.00797618)
(0.00744889,0.0539596)
(-0.0118638,0.0541924)
(0.015236,-0.0165305)
(0.046655,-0.0634472)
(0.0898426,-0.0849377)
(0.0253939,-0.0918812)
(0.0129144,-0.000666565)
(0.430381,-0.0852765)
(0.486127,-0.111431)
(-0.0626445,0.000706747)
(0.482687,-0.148464)
(0.20049,-0.0667201)
(0.539713,-0.0398931)
(0.470081,-0.100705)
(0.474076,-0.0790352)
(-0.0411337,0.0164148)
(0.0771235,0.0494009)
(0.411672,-0.147077)
(0.376859,-0.00809443)
(-0.0155417,0.0038365)
(-0.0292515,0.0314302)
(0.00321645,0.036417)
(0.0111367,0.042765)
(-0.0391438,-0.0190681)
(-0.0118253,0.0278589)
(-0.045274,-0.0295373)
(0.0185856,-0.0419882)
(-0.00734376,-0.0503805)
(0.0381958,0.0297869)
(-0.0195039,0.0838214)
(0.0427045,-0.0134148)
(0.0577913,0.00368121)
(0.418048,-0.164971)
(0.385844,-0.116906)
(0.56472,-0.129173)
(0.496326,-0.0803516)
(0.0629906,-0.094123)
(0.147252,-0.0270403)
(-0.085651,-0.0651993)
(-0.11147,0.0532168)
(-0.057396,-0.0522498)
(0.0364222,0.0469816)
(0.0107004,0.0108064)
(0.0124084,0.0459869)
(0.0122587,0.035263)
(0.00121594,0.0320385)
(0.0339259,0.014632)
(0.0582964,-0.0982939)
(0.000103079,-0.0270125)
(0.413311,-0.151777)
(0.48233,-0.07939)
(0.37549,-0.0876945)
(0.583126,-0.117601)
(-0.0407418,-0.044711)
(-0.0450037,-0.0361238)
(0.0469804,0.0515242)
(0.0419082,0.0340946)
(-0.0393094,0.0484478)
(-0.0475148,-0.0580036)
(-0.00558298,0.0105548)
(0.0181572,-0.123407)
(0.0748141,-0.100827)
(-0.0443076,-0.0462331)
(-0.0621523,-0.0188816)
(-0.0103979,-0.0108048)
(-0.0460107,0.0268149)
(0.466106,-0.0974666)
(0.485729,-0.0329844)
(-0.0901341,0.019183)
(0.382538,-0.0985498)
(-0.035584,-0.00898778)
(0.410744,-0.0879093)
(0.406401,-0.0908113)
(-0.0789258,0.0115892)
(-0.0541353,0.0347872)
(0.0939063,0.070961)
(0.0778053,0.00170847)
(0.451647,-0.113294)
(0.570885,-0.139492)
(-0.0132784,-0.0450072)
(-0.000214677,-0.0150734)
(-0.0350507,0.0101568)
(0.0419339,0.0692523)
(0.70642,-0.167215)
(-0.0516489,-0.0518286)
(-0.0738279,-0.0724581)
(0.414169,-0.159306)
(-0.0365659,0.0611454)
(-0.0185716,0.0360227)
(-0.0725806,-0.0357467)
(-0.0210017,0.00959907)
(0.483021,-0.131058)
(0.466784,-0.181379)
(0.547928,-0.0512963)
(0.492459,-0.0550515)
(-0.0450188,0.0292295)
(-0.0242812,-0.0479996)
(-0.0124093,-0.0267744)
(0.183515,-0.0615911)
(0.00436813,0.0248059)
(0.0699731,-0.0148753)
(-0.00436966,-0.0521245)
(-0.0112776,0.0697397)
(-0.0171244,0.0740403)
(-0.00405729,-0.058213)
(-0.0327362,0.0237915)
(0.0784956,-0.00208457)
(-0.00236813,-0.0350217)
(0.0308547,0.00963118)
(-0.0387405,0.027394)
(-0.0468766,-0.0251944)
(-0.0269757,0.0195594)
(-0.055386,-0.0186907)
(-0.0511039,-0.0412768)
(-0.03824,0.0194826)
(0.0320842,-0.0554928)
(0.0525183,-0.0108643)
(0.00682298,-0.00518207)
(0.039562,0.000433623)
(-0.0245012,-0.0940832)
(0.0616865,-0.110281)
(-0.0239854,0.0133924)
(0.00749773,0.0113691)
(-0.0483439,-0.0250242)
(0.52617,-0.079468)
(-0.0531748,-0.0569352)
(-0.0841163,-0.0975208)
(-0.0203081,-0.02407)
(0.0230729,-0.00818954)
(0.0553969,0.0289898)
(-0.012062,0.0192932)
(0.022505,-0.0062959)
(-0.065184,-0.0175978)
(-0.0467653,0.0508319)
(0.0124216,0.00231784)
(0.501274,0.00913112)
(-0.000112317,0.0574457)
(-0.0369806,-0.0108889)
(0.0627017,0.0603678)
(0.0122861,-0.000450003)
(0.02365,0.0333342)
(0.0342404,0.0585323)
(0.0147043,-0.0396203)
(-0.00704521,-0.0657811)
(0.105417,0.0541785)
(0.0403479,0.0269319)
(0.0238534,0.00993137)
(-0.0735592,0.00298674)
(0.0595132,0.0182014)
(0.0995415,0.0229407)
(-0.00741549,0.0596339)
(0.0143944,-0.0330028)
(-0.0785979,0.0128358)
(-0.0545348,-0.00901828)
(-0.0345684,0.00750129)
(-0.0443487,0.0391562)
(0.0520618,-0.0449898)
(0.00370594,0.0297263)
(-0.0569905,-0.0285238)
(-0.0494892,0.00379932)
(0.0118094,0.0364762)
(-0.0927965,0.0239564)
(-0.0350893,-0.021854)
(-0.02913,4.05458e-05)
(-0.0360126,0.00880285)
(0.00932786,-0.0445388)
(0.0646554,0.0326011)
(0.373487,-0.129704)
(0.00201725,0.0146935)
(-0.00794309,0.0247594)
(-0.0414958,-0.0191938)
(-0.0679287,-0.0624093)
(-0.11704,-0.0698715)
(-0.0607457,-0.0338832)
(-0.0404884,-0.0366887)
(-0.0601473,-0.0166991)
(0.0273287,-0.0854416)
(-0.0596466,-0.0852501)
(-0.0534656,-0.0375492)
(0.437334,-0.209738)
(-0.00661098,-0.0276043)
(-0.029141,0.0187324)
(0.00889454,-0.0221668)
(0.00191946,-0.0227709)
(-0.0220208,-0.0121402)
(6.64626e-05,0.0186677)
(0.0827254,-0.068826)
(0.0104802,-0.00169781)
(0.0138405,0.0597543)
(-0.0297043,-0.0489902)
(0.0267341,-0.00569394)
(-0.0212436,-0.0186194)
(-0.0482898,-0.00967236)
(0.0425204,-0.0385327)
(-0.027397,-0.0755313)
(0.470235,0.0119697)
(0.0358486,-0.0333731)
(0.0689426,0.0557082)
(-0.0979008,-0.061494)
(0.0547857,-0.0353436)
(0.0363468,-0.0439501)
(-0.0568404,-0.0628446)
(0.0743248,0.0449734)
(-0.016855,0.00559775)
(-0.0180982,-0.00926468)
(0.0456704,0.0522021)
(0.0411317,0.0410071)
(0.012811,0.105511)
(-0.0147969,0.0109194)
(0.152254,-0.0221249)
(0.397672,-0.101891)
(0.457478,-0.106464)
(0.095446,-0.0460248)
(-0.00162276,0.0160631)
(0.414983,-0.122691)
(-0.0813897,0.103)
(0.0562689,-0.038765)
(-0.033051,0.00257637)
(-0.0456568,-0.0115686)
(-0.00569395,-0.00690503)
(0.261107,-0.111572)
(0.111635,-0.0654721)
(0.0299589,0.0442786)
(-0.0273267,0.00963572)
(-0.0290307,0.00818234)
(0.0262124,0.0283773)
(0.452458,-0.173898)
(-0.0467423,-0.054942)
(-0.0387546,-0.00716568)
(-0.00707237,0.0176218)
(-0.00338702,0.0684968)
(-0.00608472,-0.0512866)
(-0.0170327,-0.0256057)
(0.00194024,0.0805061)
(0.4597,-0.106234)
(0.413747,-0.0757119)
(0.0268898,-0.0303884)
(0.0131325,-0.0810819)
(0.0224547,0.0390579)
(0.0679073,0.0376707)
(-0.011877,0.0366297)
(0.142342,-0.0259294)
(0.358659,-0.105909)
(-0.0416272,-0.0212507)
(0.0324266,-0.0575358)
(-0.0289747,0.0198049)
(0.0611619,0.0107507)
(0.0375528,0.0881498)
(0.0140433,0.0226373)
(0.0306164,-0.0376041)
(-0.00137749,-0.0787532)
(0.0387239,0.0159285)
(0.00964811,-0.0205002)
(-0.0393422,-0.0609828)
(0.0417495,0.0836041)
(0.0700792,0.0498729)
(-0.073442,-0.0234862)
(-0.0154327,-0.0845155)
(0.0273137,0.0417684)
(0.046908,0.0119862)
(0.0449852,0.00858509)
(-0.0693632,0.0307011)
(-0.00593402,0.0492213)
(0.5576,-0.129416)
(-0.0498763,0.0139126)
(0.00571345,0.0183932)
(-0.0994542,-0.0913489)
(-0.117585,-0.0754302)
(-0.00398978,0.0202221)
(0.0198445,-0.00919772)
(-0.0576754,-0.033475)
(0.0391228,-0.0205365)
(0.0115595,0.0985254)
(0.031533,-0.0222528)
(0.45104,-0.12575)
(0.019525,0.104633)
(0.0058653,0.0352217)
(-0.0305175,0.0162873)
(0.0303998,0.00647325)
(0.0352797,0.0193604)
(-0.0317106,-0.0521778)
(0.0309449,-0.0263052)
(0.0585957,-0.0458395)
(-0.0392076,-0.107443)
(-0.00584975,0.0271248)
(-0.0508482,0.0179547)
(0.419958,-0.100641)
(-0.0639285,-0.0268997)
(0.00791862,0.0280024)
(0.0345455,0.0484508)
(-0.0628482,-0.0590516)
(-0.0582183,-0.0204948)
(0.0205877,-0.00595211)
(0.0644251,0.0437748)
(0.0757639,0.0376813)
(0.059244,0.0306648)
(-0.0212109,-0.0603787)
(0.0456335,0.0122814)
(-0.0737979,-0.0482851)
(-0.0324545,-0.075089)
(-0.00488934,0.000128358)
(-0.0237929,-0.0251156)
(0.0816716,-0.0179909)
(2.68566e-05,0.00928625)
(-0.0299545,-0.029321)
(-0.00916182,-0.0704298)
(-0.0501133,-0.0511481)
(0.0788475,-0.0425901)
(0.0300708,-0.00790215)
(0.206064,-0.131806)
(0.0591938,0.0256608)
(-0.0258961,0.0837037)
(0.0230497,0.0645703)
(0.0285893,0.0139017)
(-0.0874258,0.0863538)
(0.00512138,-0.0201053)
(0.0111436,0.044407)
(-0.0445726,-0.0187151)
(0.0257675,0.0368408)
(0.010328,-0.0237583)
(0.0165147,0.0318425)
(-0.056158,-0.0193103)
(0.0272569,0.00941897)
(0.0467142,0.0403877)
(-0.0485641,0.0234798)
(-0.0577187,-0.0207821)
(-0.0778609,-0.0449911)
(0.0415637,-0.00701553)
(0.414888,-0.114726)
(-0.104297,0.00177238)
(0.574518,-0.115397)
(0.0277517,0.0633445)
(-0.0617352,0.0832634)
(-0.0155931,0.086331)
(-0.00341762,0.00506729)
(0.0648266,0.0522475)
(0.0283117,-0.051635)
(0.00876636,-0.00288864)
(0.000344121,-0.0131396)
(-0.0434284,0.0712388)
(-0.00456868,-0.0212338)
(0.441091,-0.119917)
(-0.0187152,-0.0304068)
(-0.0189213,-0.0128185)
(0.0828074,0.0323088)
(0.0662958,-0.0263961)
(-0.0352749,-0.0334221)
(0.428788,-0.0566489)
(0.044591,-0.0238961)
(0.0196855,-0.0508673)
(0.709312,-0.0799132)
(0.0427387,-0.0446861)
(-0.0562233,0.0228236)
(-0.0251893,0.030284)
(0.0454331,-0.0145579)
(0.395994,-0.061653)
(0.514948,-0.173623)
(0.528674,-0.0544533)
(0.450929,-0.0856298)
(-0.0410418,0.0129286)
(-0.066753,0.0226808)
(0.00091592,-0.00380906)
(0.00150759,-0.0624027)
(-0.0196737,0.0322777)
(-0.0617963,-0.00352138)
(-0.0724525,-0.0259919)
(0.0815438,0.0316046)
(-0.0202058,0.0207605)
(-0.0328908,0.0822974)
(0.0109514,-0.0100892)
(0.0491177,0.0128462)
(0.0713469,0.0233706)
(0.0631778,0.0288935)
(0.0784768,0.0446894)
(0.0392998,0.00744119)
(0.0882932,-0.0383485)
(-0.00974253,0.00762803)
(-0.0358213,0.102279)
(-0.00503269,0.0731359)
(-0.012081,0.0111774)
(-0.0365492,0.0852862)
(-0.0432903,0.0146018)
(0.00320403,0.0250396)
(0.0275271,0.066759)
(0.00458062,-0.0221374)
(0.0343079,0.0289596)
(-0.0215947,-0.0378116)
(-0.0615757,-0.0414899)
(0.06907,0.0540114)
(0.0465133,0.0165154)
(0.0264844,0.0650682)
(0.0434755,-0.0160789)
(0.431381,0.00430585)
(0.0348948,-0.00213627)
(0.540472,-0.121352)
(-0.0335103,0.080527)
(0.0326931,0.00494042)
(-0.0497658,0.00903901)
(-0.0916945,0.0705822)
(-0.00453138,0.0616796)
(-0.046969,-0.00455524)
(0.0153949,0.0516247)
(0.0305671,-0.01189)
(0.0311364,-0.00761774)
(0.00455568,-0.00500695)
(-0.00543677,-0.058349)
(-0.0279892,0.0919514)
(0.0159869,-0.0461387)
(0.0281797,0.045546)
(-0.0577165,-0.0108491)
(-0.0514631,-0.0400277)
(0.0545912,-0.0510223)
(0.0026664,-0.0928567)
(-0.0111215,0.0716671)
(0.0286107,0.0405537)
(0.0521341,-0.0208295)
(0.187934,-0.0822551)
(0.0781321,0.0326834)
(-0.0283688,-0.0414665)
(0.00677801,-0.0358642)
(0.0740359,-0.0284233)
(0.410358,-0.103695)
(0.00508852,0.0796063)
(-0.0299655,0.0830622)
(0.0296278,-0.0643478)
(-0.0631634,0.0759106)
(0.0535013,0.0361642)
(0.118771,-0.0324502)
(0.253709,-0.109917)
(0.341477,-0.18914)
(-0.027091,0.058241)
(-0.0105182,0.0407598)
(-0.0877876,0.0228286)
(0.19341,-0.121887)
(0.529512,-0.0720754)
(0.0613124,-0.00743684)
(-0.0622803,-0.0515547)
(-0.0181072,0.026263)
(-0.0773228,-0.0236886)
(-0.027982,0.0501346)
(-0.0369052,0.0236182)
(-0.0154157,0.0349106)
(-0.00826493,-0.00696648)
(0.0405191,-0.00718996)
(0.056895,0.0263228)
(0.495306,-0.107818)
(0.0391015,0.0133892)
(-0.0164141,-0.0297336)
(0.0420907,0.0288088)
(0.00401441,-0.0359504)
(-0.0205956,-0.0424848)
(0.0410242,0.00724314)
(0.00799286,-0.0128671)
(0.257292,-0.164172)
(0.0326232,0.0944206)
(-0.0166429,0.00900455)
(0.0480815,0.0959008)
(0.0262117,-0.0261025)
(-0.0337515,0.0326464)
(-0.0608471,-5.1977e-05)
(-0.0118403,0.0541298)
(0.269177,-0.0883674)
(0.669749,-0.0254095)
(-0.0662533,0.0558866)
(-0.0774108,-0.00128185)
(0.0163762,0.0248201)
(-0.0858088,0.0621561)
(-0.125443,-0.0192815)
(-0.132713,-0.0098183)
(0.0292202,0.056071)
(-0.0257222,-0.0197825)
(0.0263305,0.0162288)
(0.0664889,-0.0258838)
(0.0161408,-0.0191118)
(0.0334039,-0.00251538)
(-0.0908404,-0.0138812)
(-0.0301949,0.0426171)
(-0.00105928,0.0625007)
(-0.0399876,0.0243138)
(-0.0280844,0.0481606)
(0.0334156,-0.00665183)
(0.0950611,-0.067207)
(0.0606713,0.0589944)
(0.0937094,0.0419621)
(-0.0607045,-0.04564)
(-0.0581998,-0.0113823)
(-0.045533,0.0114688)
(-0.0289775,0.0327438)
(0.00319724,0.0146204)
(0.017464,0.0002238)
(-0.000620266,0.00393811)
(0.0650822,-0.0210345)
(-0.0197199,-0.0491558)
(0.0202548,-0.0302809)
(0.0263033,0.0159453)
(-0.0253553,0.0651863)
(0.0243192,0.0773239)
(-0.0194537,0.0332785)
(0.0496493,-0.00287569)
(0.607226,-0.106366)
(0.0554428,0.0391184)
(-0.0347545,-0.0359485)
(0.00553399,-0.0249252)
(0.064311,0.0932281)
(0.0241069,-0.0412244)
(0.0316756,-0.0283278)
(0.051292,0.0125642)
(0.0485517,-0.0548091)
(-0.00246176,-0.0674164)
(0.0353857,-0.0181687)
(-0.00355746,-0.0337892)
(0.0739371,-0.00239013)
(0.0713822,0.0327892)
(-0.0118079,0.00165968)
(0.0406545,-0.027138)
(0.0339938,-0.0361112)
(-0.00501704,-0.0343075)
(-0.0140192,-0.0399598)
(-0.0208844,-0.0323498)
(-0.036056,0.0501681)
(0.00547959,0.00154793)
(-0.00923153,0.0206671)
(-0.055823,0.000672713)
(-0.023696,-0.0159625)
(-0.00915993,0.0252898)
(-0.0369863,-0.10265)
(0.031846,-0.0930011)
(0.00587115,-0.0529584)
(0.0139737,-0.0370579)
(-0.0159305,-0.00601251)
(0.0640899,-0.0469894)
(-0.0497568,0.0198505)
(0.024695,-0.0739627)
(0.0767234,-0.0388779)
(0.0745187,-0.0889282)
(0.00886868,-0.0917056)
(-0.0472005,-0.129779)
(-0.0441409,-0.00429788)
(0.0584149,-0.045436)
(0.0897795,-0.025575)
(-0.0328093,0.0699317)
(-0.0646884,0.0323659)
(-0.0158838,0.0469335)
(-0.014952,-0.0313244)
(0.00815635,0.00399275)
(-0.0180723,0.0740424)
(-0.0287008,0.0923845)
(0.0132874,0.0357889)
(-0.0824035,-0.0318877)
(0.0127317,-0.0205698)
(0.0509888,0.0212599)
(-0.033203,-0.0855569)
(0.0162268,-0.0247064)
(0.467704,-0.0750179)
(0.0224659,-0.0651309)
(0.0427039,0.000588587)
(-0.00444037,0.0412077)
(-0.0112955,-0.0284216)
(0.0308266,0.0375534)
(0.0200938,0.0485141)
(0.048983,0.052987)
(0.0387176,0.0187135)
(0.0551369,-0.0164854)
(0.0147679,-0.00012448)
(0.0281158,-0.00401878)
(0.0370143,-0.0100861)
(0.0360687,0.035357)
(-0.0496101,0.0683675)
(-0.018966,0.017424)
(0.0543099,0.0500859)
(0.072568,0.0221453)
(-0.0250902,0.0465)
(0.0314536,0.0263915)
(-0.0322678,0.00333806)
(0.00144293,-0.0722483)
(-0.0118111,-0.0499323)
(-0.020291,-0.127311)
(0.0907199,0.00115986)
(0.538951,-0.11975)
(0.471675,-0.073704)
(0.0103849,0.126581)
(0.457145,-0.0502323)
(0.0605183,-0.071292)
(0.442465,-0.062402)
(0.266601,-0.132024)
(-0.0113453,0.0378456)
(0.502526,-0.139854)
(0.564744,-0.105881)
(0.545817,-0.0951102)
(-0.0181542,0.0597249)
(-0.0429349,0.0375286)
(-0.040258,-0.00080276)
(-0.0541085,0.0156065)
(0.0314861,0.05392)
(-0.0208995,0.013464)
(-0.0298499,0.0330301)
(-0.0445407,0.0210808)
(-0.0457388,0.00838859)
(0.00338068,-0.0606766)
(0.0298902,-0.0022615)
(0.0301898,-0.0389263)
(-0.0418705,0.0412413)
(-0.037302,-0.00563056)
(0.03539,0.0498656)
(-0.026675,-0.0754173)
(-0.051549,0.0745885)
(-0.0329698,0.0300362)
(0.0112271,0.0307768)
(0.0145215,-0.0251602)
(-0.0357179,-0.0814369)
(-0.00290249,0.0324505)
(-0.0364466,-0.0354904)
(0.0203517,-0.0151899)
(-0.00136656,0.0203605)
(0.0267443,-0.0052343)
(0.0492652,0.0778446)
(-0.0231049,-0.00644358)
(0.00938091,0.0283202)
(-0.0090403,-0.0173053)
(0.0183854,0.0346422)
(-0.0113901,-0.0244946)
(-0.0140712,-0.0216349)
(-0.0344212,-0.0404137)
(-0.0211211,-0.017061)
(-0.0246198,-0.0784463)
(0.000479892,0.0189381)
(0.538558,-0.259726)
(0.0274947,-0.0334706)
(0.00133525,0.0153472)
(0.00300077,0.010638)
(0.0106694,-0.010103)
(0.012541,0.0599005)
(-0.0160203,0.0478379)
(0.453479,-0.130825)
(0.641036,-0.184274)
(0.447063,-0.117919)
(-0.0234472,-0.00411132)
(0.412079,-0.0844954)
(-0.00663747,0.0218723)
(0.0845573,-0.0233811)
(0.0140897,0.0404274)
(0.0200663,0.0095311)
(0.19391,-0.0819814)
(0.0103944,0.0258043)
(-0.00271161,0.0465838)
(-0.0177861,0.0294846)
(0.115509,-0.0548233)
(0.0265017,-0.00315038)
(-0.116987,-0.0277677)
(0.444074,-0.0643932)
(0.00773991,-0.00254429)
(-0.035969,0.0164232)
(-0.0034117,0.0190913)
(0.0268318,0.0389099)
(0.0227741,-0.0134636)
(0.00154925,0.0547777)
(0.0636398,-0.0617827)
(-0.00185535,0.0453593)
(0.0621515,0.0200867)
(0.192679,-0.0433388)
(0.0666573,0.0305295)
(0.030974,0.00755149)
(-0.0506993,0.056462)
(-0.085591,0.0240729)
(0.0103193,0.0573117)
(0.0242359,-0.00377571)
(0.00419121,-0.0460064)
(-0.0467821,0.0335654)
(-0.00876068,-0.0142395)
(0.00718469,-0.00873473)
(0.0119002,0.0178243)
(-0.0152512,0.0482934)
(0.0530141,0.0500413)
(0.0240323,0.0525618)
(0.0211877,0.043722)
(0.0197661,-0.00889947)
(0.0373864,0.00744286)
(0.0174151,-0.108786)
(0.0257986,0.0344307)
(-0.0577456,-0.0210092)
(0.0393258,0.109676)
(-0.000697248,0.0448358)
(0.0262787,-0.127156)
(0.0836363,0.0667975)
(0.0051182,0.0458955)
(0.0601956,-0.0907721)
(0.0120108,0.0446001)
(-0.0442983,-0.0144597)
(-0.0267941,-0.0433621)
(-0.0137308,0.0494986)
(-0.0603641,-0.0279936)
(-0.0614768,-0.020463)
(0.0560314,0.0456393)
(-0.0291021,-0.0277258)
(-0.0923606,0.0736016)
(-0.00215611,0.00675913)
(0.00285979,0.0302734)
(-0.0252843,0.0132667)
(0.0431821,-0.0016955)
(-0.00122618,0.0372118)
(0.123832,-0.0862242)
(0.0822251,0.00034224)
(-0.0271857,-0.069224)
(-0.029833,0.0499181)
(-0.0526301,-0.0977278)
(-0.00640964,0.0927021)
(-0.0410983,0.0167389)
(0.076447,0.0763101)
(0.0767894,0.0805698)
(0.00972633,-0.0324437)
(0.0232305,0.0437861)
(-0.0491043,0.00837037)
(-0.0229372,0.0719075)
(0.0104079,0.00927979)
(-0.046251,-0.0325224)
(0.0157508,-0.085659)
(0.086589,-0.024714)
(0.0388344,0.0451869)
(0.0268108,0.0552286)
(-0.0485555,0.0461471)
(-0.0610148,-0.0243848)
(-0.00370537,-0.0344979)
(0.0446853,-0.00585502)
(0.061884,-0.0408016)
(0.450647,-0.0951479)
(0.0120401,0.00227542)
(-0.0568288,-0.0473388)
(0.00455882,-0.0239194)
(-0.0391059,-0.0250052)
(0.00282678,-0.0550074)
(0.0449174,-0.0323963)
(-0.0394767,0.0160105)
(0.0244123,-0.0487132)
(0.543551,-0.138982)
(0.0200027,-0.0980065)
(0.0485477,0.0024151)
(0.0561989,-0.0681129)
(0.519066,-0.128383)
(-0.0261807,-0.0078175)
(-0.0327152,-0.0136277)
(0.0391476,0.0140771)
(-0.0206732,-0.00835798)
(-0.0310555,-0.0114933)
(0.0093847,-0.0215959)
(-0.0503217,-0.0209256)
(0.305238,-0.0736477)
(0.167282,-0.0734797)
(0.019241,-0.00174487)
(-0.0151603,0.0372141)
(-0.0476083,-0.0609422)
(0.045686,0.0637143)
(-0.0140868,-0.0797819)
(0.402606,-0.0452449)
(-0.0511079,-0.0169433)
(-0.00619604,0.00202774)
(0.00822971,-0.00182152)
(0.0357135,-0.000281691)
(0.0701163,-0.0214904)
(0.00901835,0.00349078)
(0.498348,-0.107273)
(-0.0145464,-0.0131425)
(0.504738,-0.0928452)
(-0.0542459,0.0699949)
(-0.0467884,-0.00157903)
(-0.0145467,-0.0555225)
(0.0343662,0.0394388)
(0.478865,-0.202923)
(0.105651,-0.00686448)
(0.279228,-0.127094)
(0.0291002,-0.00734098)
(-0.0196662,0.0104705)
(-0.0589827,-0.00179713)
(0.207906,-0.0474712)
(0.250217,-0.0940468)
(-0.0066654,0.019547)
(-0.00953497,0.00205755)
(0.306169,-0.129136)
(-0.0211261,0.0225073)
(-0.0682492,-0.0281132)
(0.23057,-0.095145)
(-0.0431699,0.0250724)
(-0.00162254,0.0193051)
(0.340596,-0.0667608)
(-0.0728858,-0.0537231)
(0.150282,0.000652581)
(0.204627,-0.0587913)
(0.0146765,0.0650146)
(0.231341,0.0134544)
(0.0659856,-0.0621266)
(0.00683924,-0.056857)
(-0.011219,0.0530394)
(-0.064029,0.0428648)
(-0.0185305,0.00471771)
(0.057301,-0.0555855)
(0.0296987,-0.0408123)
(0.0445324,0.0519379)
(-0.0291541,0.0678076)
(0.0567102,0.0481409)
(-0.0364272,0.00605476)
(0.0802586,0.0601285)
(-0.101011,0.0226905)
(-0.0287143,0.029711)
(-0.025941,0.0218899)
(-0.0280246,-0.0353482)
(-0.0438755,-0.00691886)
(0.308788,-0.0758417)
(0.0166231,0.0721554)
(0.0130976,0.0540415)
(0.114927,-0.0565374)
(-0.120541,0.0507674)
(-0.0730019,0.0414826)
(0.541179,-0.0767113)
(-0.00849685,0.0121546)
(0.552725,-0.129288)
(-0.0173701,-0.0227868)
(0.0122496,0.0276551)
(0.173084,-0.098443)
(-0.0305203,-0.00288778)
(0.0226749,0.0256857)
(0.45793,-0.113674)
(-0.0310245,-0.0197622)
(0.0683026,0.0440277)
(0.0106939,0.00139268)
(0.0158373,0.0808887)
(0.127428,0.0243652)
(0.0366476,-0.0573493)
(0.0907676,-0.0515451)
(0.0444287,-0.0237831)
(-0.114192,-0.0456868)
(0.218942,-0.157734)
(0.0220424,0.0397621)
(0.2886,-0.153414)
(-0.025988,-0.0650839)
(-0.0453479,-0.0194617)
(0.466044,-0.11368)
(-0.064893,0.0926438)
(0.00378832,0.0512823)
(-0.0341814,-0.0078825)
(0.391308,-0.0805417)
(0.00710568,-0.0197883)
(-0.0480173,-0.0495785)
(0.0653491,0.0271573)
(0.00509732,0.0369686)
(0.0432635,0.0390814)
(0.0774911,0.00775232)
(-0.117605,0.0164409)
(0.0171513,-0.0024769)
(-0.0392966,0.0289859)
(0.0619585,-0.0511977)
(-0.0707769,0.0293933)
(-0.000245269,0.0444809)
(0.078158,0.0303003)
(0.0682846,0.0401112)
(0.0311223,-0.0620647)
(-0.0396392,-0.0424208)
(0.00764197,-0.0874672)
(0.00473603,-0.00566503)
(0.00663688,-0.039603)
(-0.0115238,0.0162374)
(0.0535265,0.0181809)
(0.0672893,0.013779)
(0.0418318,0.077223)
(0.0132893,0.0198315)
(0.00684073,0.0364782)
(-0.0170773,-0.0756417)
(-0.0617845,-0.108017)
(-0.0785065,-0.10089)
(-0.0518972,-0.0495195)
(0.0109861,-0.00618753)
(0.0207963,-0.0284639)
(0.0124711,0.0116878)
(0.465887,-0.110058)
(-0.0633391,0.00218055)
(0.032874,0.0172348)
(0.00551817,0.0073214)
(0.421488,-0.0618031)
(0.0416863,-0.000133142)
(0.0206877,-0.0225527)
(-0.0225837,-0.0291635)
(0.00484442,0.00467128)
(0.0176736,-0.0127322)
(-0.0168553,-0.0421827)
(0.0361621,-0.00691589)
(0.385831,-0.0822071)
(0.0313133,-0.0124429)
(-0.0924723,-0.0101761)
(0.63038,-0.150453)
(0.0132889,-0.00636645)
(-0.00741121,0.00779075)
(0.0258573,-0.0406608)
(0.462805,-0.0765952)
(0.0437028,0.0270925)
(-0.0470087,-0.0374772)
(-0.014399,-0.0489022)
(-0.122658,-0.00727886)
(-0.00417956,-0.0172632)
(-0.078651,-0.0682466)
(-0.00501857,-0.0593239)
(-0.0124742,0.0325716)
(0.00171323,-0.0378171)
(-0.000522787,-0.0585596)
(0.00704717,-0.0504643)
(0.430025,-0.0501514)
(0.0551448,0.00558647)
(-0.0478174,0.0403216)
(-0.0342206,-0.0224683)
(0.00376341,-0.000961094)
(0.00573828,-0.0632498)
(-0.0144859,0.0677132)
(-0.0181452,-0.0518438)
(-0.0085402,-0.010497)
(0.00431503,-0.0759299)
(0.00607124,0.0438263)
(0.0108177,0.0686334)
(0.430801,-0.088431)
(0.00214715,0.00228813)
(0.0116494,-0.000117228)
(-0.016202,0.0501626)
(0.0261282,-0.0241709)
(-0.0536198,0.0864819)
(-0.00287562,0.00596187)
(0.156072,-0.174264)
(0.207023,-0.103776)
(0.145519,-0.149208)
(0.0110409,0.0074751)
(-0.0120392,0.0240486)
(0.608365,-0.177699)
(0.34431,-0.12724)
(-0.0200366,0.0104685)
(0.400462,-0.073007)
(0.466371,-0.0417018)
(0.198691,-0.112699)
(0.0499473,-0.0110274)
(0.0371927,-0.0214825)
(0.049169,0.0403668)
(0.0994533,-0.00599292)
(0.00589039,0.0393494)
(0.010502,0.0487087)
(-0.074337,0.00434366)
(0.0780887,0.00250002)
(-0.0909232,0.0144553)
(-0.0301071,-0.031445)
(0.0512391,-0.00775802)
(0.471412,-0.129797)
(-0.0375584,0.0395178)
(0.00111468,0.00132509)
(-0.0441977,0.0161801)
(0.545445,-0.0942417)
(-0.042504,0.0802135)
(-0.0109507,0.000218044)
(0.528447,-0.156545)
(0.506334,-0.0796908)
(-0.0289378,0.0243439)
(0.337237,-0.0806465)
(-0.00297986,0.0447676)
(-0.0300003,0.0793031)
(0.476069,0.0145901)
(0.266671,-0.0842027)
(0.403781,-0.109099)
(0.470711,-0.048356)
(0.0235181,-0.0153045)
(0.755362,-0.0266537)
(-0.0418343,0.00785239)
(-0.0227772,0.0841356)
(0.0610393,-0.00278021)
(0.17654,-0.0669566)
(-0.0386737,0.0507115)
(0.10124,-0.0706695)
(0.0121027,-0.0040192)
(0.021475,-0.00413398)
(0.0300258,-0.0127508)
(0.0198294,-0.00276445)
(0.0555982,-0.00192489)
(-0.0114285,0.0472317)
(0.0657923,0.0441868)
(0.105207,-0.0459362)
(-0.0818984,0.00633906)
(0.0214826,-0.053385)
(0.0274765,0.0551702)
(0.0197159,0.04591)
(0.0196923,0.017171)
(0.456622,-0.0656519)
(-0.041832,0.104412)
(0.0275689,0.00237156)
(-0.00374169,-0.0171415)
(-0.00468966,0.0306718)
(0.0512576,0.00620257)
(0.0218822,0.0397127)
(-0.043096,-0.0887999)
(-0.0304977,-0.0157141)
(0.551424,-0.0792427)
(-0.0213727,0.00923013)
(0.333259,-0.0326325)
(-0.00267483,0.016002)
(0.0484944,0.0297275)
(0.00309236,0.00359744)
(0.0981779,-0.0363646)
(-0.0324408,-0.0341321)
(0.021872,-0.0991576)
(0.0247994,-0.0398558)
(0.00660026,-0.0418674)
(0.0392849,0.0223227)
(0.0295233,-0.0346888)
(0.0677531,-0.00179295)
(0.0397115,0.0299245)
(0.460642,-0.125728)
(0.299056,-0.0603419)
(-0.0240433,-0.0218387)
(0.0465089,-0.0382995)
(0.0264835,-0.0197046)
(0.0687564,-0.0468399)
(0.458211,-0.140706)
(0.0497431,0.0421188)
(0.084931,0.00214154)
(0.0894768,0.0356092)
(0.0754412,-0.00581356)
(0.30976,-0.151459)
(0.0658071,0.0190844)
(-0.0349792,0.000254642)
(-0.0206286,0.00253437)
(-0.0128339,0.0188638)
(0.496187,-0.0641409)
(0.0358544,-0.0266521)
(-0.0209166,-0.00239994)
(0.0452367,0.0607675)
(0.0324808,0.012038)
(0.0348508,-0.0064203)
(0.482308,-0.0810702)
(0.40732,-0.145377)
(0.657699,-0.0655158)
(0.0381367,-0.0610553)
(0.0465082,-0.0120339)
(0.484942,-0.0603109)
(0.0377653,-0.0201682)
(0.0934047,-0.0666491)
(0.280105,-0.192881)
(-0.0574705,-0.0470843)
(-0.061405,0.00755154)
(-0.0570918,-0.0182962)
(-0.0544945,0.0436072)
(-0.0276566,0.0298145)
(0.154552,-0.0641121)
(0.176768,-0.125158)
(0.284069,-0.146146)
(0.278875,-0.0524107)
(0.631571,-0.171809)
(-0.00707343,-0.038304)
(-0.0653449,0.0115318)
(-0.0290918,0.00654315)
(0.0986655,0.0895316)
(0.549826,-0.0672965)
(0.540308,-0.127425)
(0.00343152,0.00183192)
(-0.0332352,-0.0502503)
(-0.00659139,-0.0342049)
(0.580838,-0.187079)
(0.0073926,0.0835325)
(0.0627918,0.0335022)
(-0.0489719,-0.00643209)
(0.605787,-0.0727331)
(0.0551132,0.0422765)
(-0.0404524,0.0597758)
(0.55082,-0.121288)
(0.516959,-0.119695)
(-0.0191025,0.0418221)
(-0.0176062,0.0168121)
(-0.0338401,-0.0424762)
(0.00148071,-0.0351441)
(0.0315221,-0.0383914)
(0.00141099,-0.000335379)
(0.0239387,-0.0208619)
(0.470095,-0.150461)
(0.677543,-0.023419)
(0.605458,-0.125394)
(0.541065,-0.0542035)
(0.447985,-0.106181)
(0.17945,-0.101186)
(0.283355,-0.0336254)
(0.19214,-0.0679826)
(0.180687,-0.0928036)
(-0.0229805,-0.0383055)
(0.0189485,-0.0548724)
(0.287637,-0.0545994)
(0.54633,-0.15393)
(0.538591,-0.124783)
(0.436115,-0.061174)
(0.521465,-0.143725)
(0.00801752,0.0435139)
(0.526641,-0.0710921)
(-0.0417308,0.0841005)
(0.0175779,-0.0247589)
(-0.0235782,-0.0444638)
(-0.0117471,0.0656501)
(-0.0530821,-0.0205101)
(-0.00962302,-0.0770699)
(-0.0168553,0.0129713)
(0.0323614,-0.0246429)
(0.0340109,0.0656227)
(0.406408,-0.0988811)
(-0.00677741,-0.0501373)
(0.481541,-0.206334)
(0.456715,-0.0150195)
(0.454001,-0.158982)
(-0.0327795,-0.000554991)
(0.0692382,0.070743)
(-0.0304213,0.0164417)
(0.55368,-0.0935188)
(-0.0351484,-0.0606326)
(0.0190368,-0.00467747)
(0.322093,-0.134722)
(0.250756,-0.14146)
(0.522947,-0.0868036)
(0.380156,-0.0547027)
(0.590754,-0.230071)
(0.486124,0.0421412)
(-0.0112941,-0.0664643)
(-0.0145228,-0.0682668)
(0.0131054,0.0237578)
(0.031427,0.0772886)
(0.0199853,0.0807036)
(-0.0104159,-0.0249952)
(0.0279164,0.00912897)
(0.291396,-0.112127)
(0.194001,-0.0341427)
(-0.037706,-0.00302519)
(0.191856,-0.029094)
(-0.0101039,-0.0262263)
(0.482944,-0.124557)
(0.5375,-0.0238555)
(-0.0539853,0.0354234)
(0.0435536,0.0450627)
(0.0709888,0.0176708)
(0.0697865,-0.0445777)
(0.444888,-0.213883)
(0.0142224,-0.0639753)
(0.152765,-0.0992104)
(-0.0511983,0.0832804)
(0.28794,-0.140027)
(0.00911829,0.0616443)
(0.341246,-0.0712985)
(-0.000307121,0.0448304)
(0.0280439,0.0341973)
(0.0206176,-0.00303726)
(0.0152557,0.0224517)
(0.491279,-0.0639053)
(-0.0132379,0.0301667)
(0.497085,-0.12465)
(0.466978,-0.0783427)
(-0.0218781,0.017133)
(0.483162,-0.0383778)
(0.586189,-0.0125144)
(0.538205,0.020835)
(0.0207659,0.0141538)
(0.47409,-0.141267)
(-0.0618756,0.0589811)
(-0.0540656,0.0376318)
(-0.0361556,0.0660217)
(-0.033787,0.00503712)
(-0.0263945,0.0740308)
(-0.0348062,-0.00405959)
(-0.058196,0.0283636)
(0.724549,-0.00963207)
(-0.0466397,0.0108857)
(0.113147,-0.0277463)
(0.408156,-0.122745)
(0.449109,-0.101966)
(-0.000267416,0.00745931)
(0.0572328,-0.0120866)
(-0.0212507,-0.00723502)
(0.398503,-0.157711)
(-0.0439854,0.00548761)
(0.476731,-0.224503)
(0.374842,-0.114465)
(-0.0598304,-0.0213497)
(-0.0124921,-0.0107413)
(0.530451,-0.01541)
(-0.0620514,-0.0208833)
(-0.0130395,-0.0299874)
(-0.0262912,0.0528596)
(0.450421,-0.11177)
(0.461997,-0.0968327)
(0.202427,-0.122917)
(0.450551,-0.141019)
(0.494157,-0.0645629)
(0.0901194,-0.0174677)
(0.494148,-0.100989)
(0.58772,-0.0316962)
(0.0313998,-0.104668)
(0.508497,-0.0276609)
(0.0625395,0.0684004)
(0.502711,-0.07001)
(0.0906445,-0.00520931)
(-0.00298726,0.0467139)
(-0.0221377,-0.0175444)
(0.0559931,0.0378279)
(0.00231307,0.0872252)
(0.0597301,0.0938695)
(0.0121461,0.0718546)
(0.0435578,0.0293208)
(0.128793,-0.0889298)
(0.022995,0.00661983)
(-0.017415,-0.0142427)
(0.0305277,0.0402115)
(0.00950179,-0.00755443)
(0.0108322,0.0218568)
(0.0384296,0.00427224)
(0.00869323,0.0562465)
(0.122193,-0.0886624)
(-0.014157,0.0063507)
(0.0414182,-0.017204)
(0.625644,-0.0707576)
(0.381631,-0.176902)
(-0.0237383,0.018875)
(0.0864577,0.142748)
(0.00276584,0.114537)
(0.136102,0.0263654)
(-0.046075,-0.00764004)
(0.102576,-0.0105456)
(0.221217,-0.0961129)
(0.624869,-0.148625)
(0.575227,-0.125135)
(0.0163352,0.0666146)
(0.0622344,-0.0439909)
(0.543297,-0.137107)
(0.0205225,0.0408364)
(0.0456715,0.020796)
(0.0841536,-0.0210788)
(0.499292,-0.037374)
(0.0812229,-0.0670007)
(0.240675,-0.163988)
(0.00629657,-0.0093496)
(0.125446,-0.125121)
(0.190683,-0.0805207)
(0.278286,-0.0495714)
(0.3411,-0.0989494)
(0.0843357,0.041279)
(-0.0376015,0.0502608)
(0.388114,-0.131351)
(-0.0329959,0.0846372)
(0.0221901,-0.00533608)
(0.0309424,-0.0307733)
(0.474539,-0.158585)
(0.0138506,-0.0275805)
(0.425579,-0.108054)
(0.0389758,-0.0141739)
(0.00156102,0.0359193)
(-0.0178034,-0.0144062)
(-0.0085343,0.052577)
(-0.0239421,0.0200791)
(-0.0014914,0.0303216)
(0.0238655,0.0255176)
(-0.0261893,0.0184274)
(-0.0331661,0.0788423)
(0.523315,-0.120541)
(-0.0125485,-0.0100775)
(0.0460842,0.0274116)
(0.509265,-0.053935)
(0.0846261,0.0159723)
(-0.0131701,0.0316096)
(-0.00732884,0.00931617)
(-0.00431288,0.0238364)
(-0.0572413,0.0598238)
(0.122268,-0.089252)
(-0.00390496,0.0692171)
(-0.0463139,-0.0399777)
(-0.046413,-0.0742148)
(0.0380483,-0.0216924)
(-0.0466451,-0.0372686)
(0.486021,0.00333871)
(-0.0446097,0.0716828)
(0.6385,-0.123685)
(0.361996,-0.143636)
(0.495473,0.0185565)
(-0.0395103,-0.00268182)
(0.386907,-0.0142426)
(0.400259,-0.141171)
(0.379754,-0.0517478)
(-0.0671394,0.0430671)
(0.0169296,0.0567339)
(-0.068829,0.0707834)
(-0.0141301,0.0221198)
(0.565563,-0.169966)
(0.57121,-0.10461)
(-0.0490124,0.00394078)
(-0.03175,0.00581062)
(0.00125027,0.0104267)
(0.0548114,0.00556923)
(0.33211,-0.070806)
(0.0505629,-0.00366784)
(0.0452419,0.0306736)
(0.0222392,0.0339205)
(0.0803887,-0.000727723)
(0.380155,-0.0748737)
(-0.0615613,-0.08645)
(0.455495,-0.0349363)
(0.0121388,0.00367722)
(0.0521779,0.070825)
(0.0837559,0.0394776)
(0.6467,-0.160273)
(0.0134153,0.00402805)
(0.291335,-0.112827)
(0.544854,-0.136395)
(-0.0488858,-0.00292919)
(0.00244615,0.0316499)
(0.0945322,-0.0999476)
(-0.0124642,0.0686409)
(-0.0756603,0.0316021)
(0.0288126,-0.127879)
(0.377485,-0.167366)
(0.260703,-0.192729)
(0.0569257,-0.0451438)
(0.0187091,-0.00567309)
(0.0104699,-0.0149118)
(-0.107355,0.070066)
(0.0138594,0.000316321)
(0.00724932,-0.0379661)
(0.416985,-0.0839632)
(0.531965,-0.092326)
(0.62952,-0.0681624)
(-0.0195017,-0.0419841)
(0.347803,-0.0702709)
(-0.0453291,0.0229918)
(0.0452484,0.0162104)
(0.0393827,0.00601054)
(0.00429692,0.137793)
(-0.0147162,0.0312989)
(0.0615779,-0.0578514)
(0.266312,-0.0759375)
(0.574796,-0.108198)
(0.547218,-0.131605)
(0.100615,-0.0892672)
(0.528711,-0.161937)
(0.0268063,-0.137003)
(0.421901,-0.178497)
(0.464402,-0.0749576)
(-0.0141057,-0.0918228)
(0.47165,-0.116867)
(0.438328,-0.146938)
(0.535301,-0.140581)
(0.410876,-0.114059)
(0.521094,-0.0885632)
(0.113709,-0.053859)
(0.262456,-0.132033)
(0.207859,-0.0372224)
(0.430396,-0.0712451)
(0.0246792,-0.0452894)
(0.519241,-0.050933)
(0.362377,-0.149664)
(0.0103829,0.000870734)
(-0.06431,0.0105265)
(-0.0802786,0.0737895)
(-0.0631026,-0.0598182)
(0.420115,-0.157355)
(-0.02513,0.0104197)
(0.468215,-0.145534)
(-0.0042826,0.00677864)
(0.259543,-0.0473425)
(-0.0127309,-0.0485582)
(-0.0263083,-0.0411834)
(0.440406,-0.116059)
(0.0422195,0.0908831)
(0.0908323,-0.0674473)
(0.524797,-0.145887)
(0.0400578,-0.0372296)
(-0.00604201,-0.0496959)
(-0.0465378,0.0307996)
(-0.0620235,-0.0257174)
(-0.0323113,0.0272163)
(-0.0092141,0.00346979)
(0.556035,-0.143653)
(0.564601,-0.165553)
(0.434394,-0.100519)
(-0.0306165,-0.0873382)
(0.0101117,0.0606768)
(0.352526,-0.19361)
(-0.0130059,0.0304791)
(0.00806936,-0.00747448)
(0.0194505,-0.0422874)
(-0.0342471,-0.0393386)
(0.557272,-0.120249)
(0.44142,-0.0557761)
(0.498414,-0.101347)
(0.414235,-0.0442627)
(0.403044,-0.0801578)
(-0.0893142,-0.029878)
(0.413631,-0.0407095)
(0.302772,-0.112654)
(-0.0612606,-0.101072)
(0.364616,-0.0830436)
(0.491847,-0.109487)
(0.0180727,-0.0642884)
(0.00153711,0.0761246)
(0.545194,-0.123762)
(0.0122462,0.0111466)
(0.0451063,-0.0258694)
(0.421939,-0.132949)
(0.0464802,-0.00318753)
(-0.0249157,-0.0431706)
(0.0437329,0.03589)
(0.0726095,-0.0281642)
(0.49488,-0.0543067)
(-0.022496,0.0291938)
(-0.0696058,0.0895699)
(-0.00176933,0.0262768)
(0.393855,-0.0660356)
(-0.0280649,0.0458379)
(0.0106721,0.0245719)
(-0.0411023,0.0648377)
(0.0841013,-0.0438999)
(-0.0415879,-0.0797936)
(0.0301668,0.00879021)
(0.109951,0.0279137)
(0.110573,0.0137076)
(0.0144983,0.0602347)
(0.0696129,0.0687245)
(0.0956662,0.0656725)
(0.494676,-0.0888241)
(-0.0705062,0.0368359)
(0.532325,-0.00917526)
(-0.0194929,-0.00215651)
(-0.0355554,-0.0584656)
(0.185541,-0.102287)
(0.53236,-0.134138)
(0.324182,-0.104049)
(-0.0708227,0.0550089)
(-0.0137551,-0.0310262)
(0.0523437,-0.0207356)
(0.0288903,-0.0398357)
(-0.00127697,-0.0013839)
(-0.0261998,0.0219283)
(-0.0497983,-0.0328234)
(0.0188593,0.0244594)
(-0.0642122,-0.0194833)
(0.00847688,0.0555681)
(0.016525,-0.0264763)
(0.399127,0.0605915)
(0.000225913,0.0583577)
(0.0598379,0.00818536)
(0.0223366,0.0151035)
(0.0326947,0.0251238)
(0.188757,-0.0496971)
(0.125907,-0.0706083)
(-0.0120486,0.0370786)
(0.110987,-0.107171)
(0.537216,-0.0676421)
(-0.0481372,-0.0998127)
(0.448002,-0.0794869)
(-0.0141553,-0.151079)
(-0.0113152,0.0319525)
(0.105932,-0.0229888)
(0.053602,-0.0704786)
(0.0904384,-0.0295085)
(-0.0540336,-0.00317402)
(0.0251685,-0.0113743)
(-0.0553942,-0.0397792)
(-0.0320907,0.0580091)
(0.00263223,-0.0043082)
(0.339581,-0.144494)
(0.352479,-0.131477)
(0.0366585,0.00838988)
(0.169496,-0.0420724)
(0.198586,-0.047221)
(0.591436,-0.103851)
(0.0186973,0.00720264)
(0.116454,-0.0305597)
(0.496808,-0.151881)
(0.140172,-0.0110297)
(0.110868,-0.0910943)
(-0.0389499,-0.0398256)
(-0.00850132,-0.0653407)
(0.0957353,-0.0444141)
(-0.0406673,-0.0126728)
(0.435972,-0.0533704)
(0.380474,-0.131845)
(0.017017,0.00188434)
(0.0496761,0.0114281)
(0.167587,-0.0916228)
(0.0517252,-0.0477618)
(0.128385,-0.0528512)
(-0.0040829,0.044063)
