1620
(-0.00820548,-0.0783254)
(-0.00359526,0.00553431)
(0.0462956,0.0512734)
(0.0279335,-0.11997)
(-0.0556479,-0.0176607)
(-0.0121881,0.0512832)
(0.0625439,0.00983881)
(-0.0041725,-0.00579415)
(0.03946,0.015439)
(-0.0163521,0.00895405)
(-0.0655256,0.0452659)
(-0.0323954,0.0199957)
(-0.0233141,-0.0306912)
(-0.0175658,-0.000510886)
(0.0124541,0.0353969)
(-0.027051,-0.00505578)
(-0.0508714,-0.047771)
(-0.00477819,0.0180203)
(0.0474484,-0.0101344)
(-0.000846128,0.0102375)
(-0.0177434,-0.017057)
(0.00679064,0.0243989)
(-0.052165,0.0160175)
(-0.0258909,-0.0403767)
(0.0112531,0.0254998)
(0.0351272,0.0139823)
(-0.0107014,-0.000157142)
(0.0560588,-0.0782321)
(-0.0293609,-0.0105936)
(0.0435486,-0.0400306)
(0.0314222,0.0385441)
(0.0442493,-0.00736457)
(0.0074913,0.0761922)
(-0.063484,0.0177173)
(0.0461744,0.033121)
(0.00969915,0.0605798)
(0.0621985,-0.00152332)
(-0.0385971,0.0207524)
(-0.063841,-0.00343797)
(0.013835,0.00139409)
(0.0195783,-0.069291)
(0.0679217,-0.00178682)
(0.0278856,0.036695)
(0.102888,0.00751814)
(-0.0373736,0.0869101)
(0.159632,-0.0276841)
(0.115153,-0.051025)
(-0.0229576,0.0255032)
(0.0526181,-0.0408845)
(-0.0148792,0.00563797)
(0.0549209,-0.00404293)
(0.0560957,-0.0289883)
(0.0173242,-0.00914036)
(0.0271945,-0.0163431)
(-0.0235565,0.0128122)
(-0.035868,0.0195262)
(0.0283483,0.00392033)
(0.0210754,0.0291537)
(-0.011333,-0.029877)
(0.0620012,-0.0120842)
(-0.0264432,-0.00803733)
(0.20101,-0.0820489)
(-0.0173139,-0.00349072)
(0.411235,-0.0900247)
(-0.0290699,-0.00642862)
(0.0116848,0.0370465)
(-0.0002804,-0.0193046)
(-0.00184766,-0.00649512)
(0.0194385,0.0991478)
(-0.0224841,-0.0397485)
(0.012148,0.0506413)
(0.0274738,0.027542)
(-0.0157384,0.0238564)
(-0.0368897,0.0191304)
(-0.00116419,0.0258327)
(-0.0819491,0.0440183)
(0.00633188,-0.0297074)
(0.0163694,-0.0453551)
(-0.0269419,0.00603287)
(0.0563831,-0.0479843)
(0.0291212,-0.0319326)
(-0.0105478,-0.0086003)
(0.00882071,-0.0829043)
(0.0196437,-0.0210648)
(0.00604527,0.0220495)
(0.00272403,-0.00710571)
(-0.00998305,0.00551922)
(-0.0586855,-0.01065)
(0.0652383,0.0150728)
(0.0193391,0.00228885)
(-0.101502,-0.0107551)
(-0.0431909,0.00669066)
(0.437323,-0.0652619)
(0.0087584,0.0634687)
(-0.00153088,0.0375402)
(0.561441,-0.011832)
(-0.0418717,0.0499531)
(0.439705,-0.113749)
(-0.0276285,-0.0723682)
(-0.044034,-0.0559511)
(0.0693883,-0.00660776)
(-0.0402676,-0.00215212)
(0.0424128,-0.0628802)
(-0.011991,-0.0491938)
(-0.00234056,-0.0614306)
(0.469472,-0.0997944)
(-0.012492,0.0389522)
(-0.0748243,-0.0186435)
(0.0191844,0.0305105)
(0.0217618,0.0201669)
(-0.000674642,0.0395084)
(0.653602,-0.191322)
(0.380856,-0.0618021)
(-0.0195183,-0.00466533)
(0.457145,-0.0671612)
(0.00968022,0.100236)
(0.0128254,0.066074)
(0.570082,-0.129851)
(0.00832956,-0.0238596)
(0.467033,-0.0498442)
(0.416705,-0.0829746)
(0.0161535,0.0506235)
(0.360513,-0.101465)
(0.313903,-0.118479)
(0.238217,-0.107411)
(0.0128448,-0.032527)
(0.0667772,0.0081126)
(0.0279653,0.0750746)
(0.340216,-0.152939)
(0.0428718,0.0423845)
(0.0720598,0.050564)
(0.0161632,-0.0155323)
(-0.0259348,-0.0324166)
(-0.0117094,0.0203769)
(-0.00632352,0.0095682)
(0.0185103,-0.00252418)
(-0.032229,0.0181834)
(0.00857957,0.0518696)
(0.433939,-0.0979541)
(0.0101218,0.00830677)
(-0.00071618,0.0484611)
(0.00697678,0.0539698)
(0.00336231,0.0221401)
(0.032405,-0.0532753)
(0.0734224,-0.0454901)
(0.0263676,-0.0467354)
(0.0114796,-0.022015)
(0.431045,-0.119203)
(0.445841,-0.135863)
(-0.0395333,0.00715036)
(0.485993,-0.108639)
(0.205961,-0.0875399)
(0.588174,0.0247129)
(0.453501,-0.0803975)
(0.480867,-0.043826)
(-0.0186535,0.00194242)
(0.0872769,0.0422829)
(0.375247,-0.100569)
(0.385566,-0.0149423)
(-0.026799,0.00420973)
(-0.0428302,0.0331282)
(0.0137216,0.0230263)
(0.0254875,0.0455008)
(-0.0296962,-0.026422)
(-0.00575683,0.0224207)
(-0.0495461,-0.0273043)
(0.0169362,-0.0301926)
(-0.00731695,-0.0453476)
(0.0323091,0.0184878)
(-0.0142634,0.0499762)
(0.0372641,-0.013207)
(0.0525355,-0.000719495)
(0.436614,-0.134651)
(0.440592,-0.115157)
(0.52045,-0.105253)
(0.461472,-0.0653555)
(0.0523387,-0.0730636)
(0.107963,-0.0238091)
(-0.0518084,-0.0574585)
(-0.0913705,0.0320799)
(-0.0442724,-0.02344)
(0.057109,0.0183161)
(0.0183138,-0.00534478)
(0.0270027,0.027467)
(0.0146434,0.0210361)
(0.0279939,-0.0275247)
(0.0244923,-0.0236322)
(0.0379568,-0.0373152)
(-0.0250918,0.0203681)
(0.418581,-0.148574)
(0.506851,-0.110011)
(0.420623,-0.0518525)
(0.630695,-0.0510911)
(-0.0239432,-0.029002)
(-0.00416256,-0.0172275)
(0.0115005,0.0446085)
(-0.0015064,0.0414225)
(-0.0575535,0.0346426)
(-0.0294628,-0.0569373)
(-0.0135695,0.0116301)
(0.0124953,-0.0848926)
(0.035276,-0.0853847)
(-0.0503313,-0.0412477)
(-0.0207431,-0.00192848)
(-0.00461507,0.00977317)
(-0.00288499,0.0235686)
(0.480203,-0.129922)
(0.52944,-0.106577)
(-0.0698486,0.0157612)
(0.398126,-0.119154)
(-0.0348034,-3.00133e-05)
(0.428797,-0.0777363)
(0.402606,-0.0893248)
(-0.0684176,-0.0112074)
(-0.0226077,0.00980741)
(0.0631108,0.0200211)
(0.0270716,0.00445217)
(0.492002,-0.0830386)
(0.608394,-0.093207)
(-0.00657111,-0.043058)
(-0.00696994,-0.0230337)
(-0.0298808,0.000487605)
(0.0114451,0.071452)
(0.776027,-0.23518)
(-0.0379947,-0.0386754)
(-0.0547677,-0.0617266)
(0.465619,-0.196125)
(-0.0640473,0.0474208)
(-0.035794,0.0209374)
(-0.0672596,-0.0574429)
(-0.0544608,-0.00207858)
(0.431019,-0.132306)
(0.412579,-0.168839)
(0.559473,-0.0802081)
(0.548346,-0.092161)
(-0.0289708,0.0370705)
(-0.0475011,-0.0131611)
(-0.0292277,-0.018963)
(0.15726,-0.0684962)
(-0.00190326,0.0286227)
(0.0324919,-0.0346265)
(-0.00965365,-0.0585325)
(-0.00731384,0.0654474)
(-0.016277,0.0620165)
(0.00924208,-0.0629452)
(-0.0497835,0.0123619)
(0.0447107,-0.0206275)
(0.0226801,-0.0302745)
(0.0240393,0.00562132)
(-0.0285734,-0.00734565)
(-0.0194935,0.0013275)
(-0.0622607,0.0246247)
(-0.0387873,0.0052703)
(-0.0480484,-0.0189327)
(-0.054045,0.00023592)
(0.0170311,-0.0529676)
(0.0476144,-0.0165309)
(0.0202296,-0.000490679)
(0.0252757,-0.030023)
(0.00928991,-0.0711231)
(0.065988,-0.0896308)
(-0.0127457,0.0147623)
(-0.00299046,0.0166763)
(-0.0570908,-0.0134332)
(0.423809,-0.101089)
(-0.0542244,-0.0218433)
(-0.0626157,-0.101789)
(-0.0396689,-0.0209129)
(0.030923,0.0110962)
(0.0461072,0.0208152)
(-0.00798423,0.0046878)
(0.0351323,0.00982071)
(-0.0440967,-0.0166322)
(-0.0210993,0.032288)
(0.0159413,-0.0198101)
(0.508488,-0.021366)
(0.00609796,0.0223724)
(-0.0137955,-0.012234)
(0.0335593,0.0205874)
(-0.0102347,0.0340355)
(-0.0123268,0.0327962)
(0.0023771,0.0404428)
(-0.000580742,-0.0332951)
(-0.00381709,-0.0521922)
(0.0735108,0.0438441)
(0.0331752,0.0375666)
(0.0255851,0.0156448)
(-0.0443299,0.0266305)
(0.0608869,0.0264285)
(0.0605483,0.0120511)
(0.0069545,0.0454355)
(0.0142666,-0.00489694)
(-0.0643471,0.00855734)
(-0.0429242,0.0402027)
(-0.0431217,0.00397723)
(-0.045788,0.0192427)
(0.0174363,-0.0472944)
(0.00665877,0.0239469)
(-0.0504516,-0.00895171)
(-0.0427949,0.00435191)
(-0.000990879,0.0237043)
(-0.0907022,0.00370976)
(-0.0355001,-0.0204372)
(-0.0272281,-0.0100075)
(-0.0314319,0.00986919)
(-0.000869968,-0.0189316)
(0.0431032,0.0444571)
(0.335488,-0.103686)
(-0.00125878,0.0351321)
(-0.0193132,0.050471)
(-0.0170786,0.0225065)
(-0.0631406,-0.0730129)
(-0.099369,-0.0664143)
(-0.0333245,-0.0391652)
(-0.00602984,-0.0236484)
(-0.0326956,-0.0406414)
(0.0166647,-0.0735486)
(-0.0650825,-0.0644488)
(-0.0423153,-0.06131)
(0.378159,-0.169388)
(-0.0180455,-0.0070621)
(-0.037434,-0.00560739)
(-0.0279582,0.00139583)
(0.0393603,-0.0259484)
(0.0234575,-0.0195881)
(0.00662432,-0.00679256)
(0.0796716,-0.0495236)
(-0.00620856,-0.00933115)
(0.0300475,0.0402702)
(-0.0197974,-0.025231)
(0.0141691,-0.00652037)
(-0.0561227,-0.0216394)
(-0.056633,0.0142061)
(0.0493979,-0.0209735)
(-0.0267682,-0.0408255)
(0.423269,0.01151)
(0.0363037,-0.0564787)
(0.0670151,0.0386581)
(-0.0668796,-0.0329194)
(0.0697117,-0.0414529)
(0.0327552,-0.0432557)
(-0.0434319,-0.0866359)
(0.061159,0.0264803)
(-0.0280706,0.00836607)
(-0.0297557,-0.00769182)
(0.0341557,0.032504)
(0.0293659,0.0474341)
(0.00383561,0.0592481)
(-0.053765,0.0203756)
(0.122348,-0.0223701)
(0.414283,-0.116641)
(0.458613,-0.116252)
(0.0857415,-0.0559757)
(0.0107274,0.00706497)
(0.39357,-0.105545)
(-0.0607522,0.0496642)
(0.0319335,-0.0630511)
(-0.0531622,0.016669)
(-0.0172891,-0.0282309)
(0.000196131,-0.0207506)
(0.251394,-0.1015)
(0.0958926,-0.0346679)
(0.050189,0.0486303)
(-0.0248278,0.0191673)
(-0.00674815,-2.82683e-05)
(0.0176216,0.0176011)
(0.449346,-0.181387)
(-0.0278293,0.00588266)
(-0.0269661,-0.046589)
(-0.0197825,-0.0225376)
(0.0213525,0.0705657)
(-0.0265937,-0.0599871)
(-0.0425981,-0.0433387)
(0.0406455,0.0823115)
(0.44163,-0.107577)
(0.378402,-0.0742824)
(0.0344848,-0.0119801)
(0.0289035,-0.0489854)
(0.0103563,0.0105522)
(0.0480432,0.0450198)
(-0.0456326,0.0388044)
(0.128994,-0.027019)
(0.314867,-0.112665)
(-0.0244529,-0.0487313)
(0.00474904,-0.0508243)
(-0.00306487,0.0476138)
(0.0525175,-0.00402911)
(0.0188205,0.0850599)
(0.00507128,0.0122981)
(0.0285351,-0.020225)
(0.00291693,-0.0490215)
(0.0237112,0.0148395)
(-0.027791,-0.0278152)
(-0.0526539,-0.0557691)
(0.0274988,0.0805437)
(0.0518717,0.0587116)
(-0.0637395,-0.0165807)
(-0.0275794,-0.0823914)
(0.0133244,0.0493185)
(0.0355977,0.0313192)
(0.0465563,0.0233059)
(-0.049772,0.026009)
(-0.015253,0.0233306)
(0.610343,-0.120244)
(-0.01707,0.0177713)
(-0.00714169,0.0214979)
(-0.083078,-0.0731191)
(-0.0748248,-0.0596251)
(0.0083015,0.0152845)
(0.0363838,-0.0140706)
(-0.0385708,-0.0461677)
(0.0658435,-0.0228533)
(-0.00245739,0.0651775)
(0.0190839,-0.0216577)
(0.412967,-0.101327)
(-0.00651861,0.077648)
(0.0181756,0.032141)
(-0.0121903,0.00833972)
(0.0428392,-0.0244731)
(0.0372431,0.00564186)
(-0.0189817,-0.0484268)
(0.0290144,-0.0131961)
(0.0482262,-0.0369631)
(-0.0206778,-0.080645)
(0.00979442,0.0146614)
(-0.0156479,0.0339461)
(0.483256,-0.0991509)
(-0.0728672,-0.0147776)
(0.0142802,0.0441776)
(0.0549554,0.0438606)
(-0.0607797,-0.0312338)
(-0.0382203,-0.0185221)
(0.00501309,0.0197333)
(0.0834894,0.0101726)
(0.0662796,0.0414692)
(0.0318383,0.0319985)
(-0.000345194,-0.066251)
(0.0297282,-0.00585922)
(-0.0622154,-0.0562208)
(-0.0455793,-0.0411494)
(-0.0081115,-0.000137929)
(-0.00663664,-0.00645883)
(0.0403015,-0.0101507)
(0.0180864,-0.0187887)
(-0.0355602,-0.0212698)
(-0.0335445,-0.0517777)
(-0.0171112,-0.0463803)
(0.0975682,-0.0429745)
(-0.0154158,-0.0195788)
(0.231099,-0.128063)
(0.0214754,-0.0102628)
(0.023544,0.0349958)
(-0.0228232,0.0211102)
(0.0519247,0.0150999)
(-0.0647624,0.0473731)
(0.00861558,0.00504729)
(0.00459333,0.044802)
(-0.0369707,0.00011811)
(0.0625964,0.0381513)
(0.021123,-0.0362644)
(0.0250078,0.0207607)
(-0.0516457,0.0106764)
(0.0207854,0.016078)
(0.023987,0.0325087)
(-0.0230193,0.059856)
(-0.0434773,-0.0377523)
(-0.0788204,-0.0555267)
(0.0303816,-0.0023108)
(0.443344,-0.127405)
(-0.0962145,0.00042652)
(0.500572,-0.11119)
(0.02763,0.0689347)
(-0.00927614,0.0751487)
(-0.0091673,0.0620226)
(0.0105955,-0.00429562)
(0.0569695,0.0468642)
(0.0246481,-0.0274018)
(0.0145762,-0.00536138)
(-0.00750873,-0.0161792)
(-0.0257213,0.056413)
(-0.0328004,-0.0166502)
(0.457743,-0.139115)
(-0.00503543,-0.0268528)
(0.0416705,-0.0207786)
(0.0430831,0.0163817)
(0.0388699,-0.0388725)
(0.00821518,0.0197007)
(0.452597,-0.076366)
(0.0364183,-0.00014404)
(0.0172402,-0.029277)
(0.666889,-0.111783)
(0.064693,-0.0164158)
(-0.0314606,0.0200105)
(0.0143628,0.0321036)
(0.0533826,-0.01725)
(0.405475,-0.0948878)
(0.518934,-0.171625)
(0.609537,-0.129836)
(0.509711,-0.101649)
(-0.0325472,0.00456625)
(-0.0399614,0.012774)
(0.0066865,-0.0123032)
(0.00735435,-0.0696195)
(0.00492234,0.00612673)
(-0.0548498,0.00814523)
(-0.0659887,-0.00873554)
(0.0413109,0.0347318)
(-0.0372305,-0.00125882)
(-0.0316697,0.0838625)
(0.0030236,-0.00158118)
(0.0441676,0.0144551)
(0.0671741,0.0305875)
(0.0495047,0.0246321)
(0.0606365,0.0497103)
(0.041081,0.00142452)
(0.0593985,-0.0433118)
(-0.0235557,0.0121529)
(-0.0426915,0.0969834)
(-0.0119254,0.0743833)
(0.00568965,0.0060801)
(-0.0300841,0.0854182)
(-0.0178952,-0.00119092)
(3.8209e-05,0.0242634)
(0.0302867,0.0650878)
(0.0246026,0.000919685)
(0.0374124,0.0111551)
(-0.000534082,-0.00843136)
(-0.0811684,-0.0493281)
(0.0602004,0.0333317)
(0.0410751,0.00686471)
(0.0315578,0.0418587)
(0.0342732,-0.0408627)
(0.390857,-0.0171515)
(0.0354361,-0.0155205)
(0.503521,-0.113029)
(-0.0306562,0.0811723)
(0.0330395,0.00223202)
(-0.0324023,0.0128943)
(-0.0906866,0.09657)
(0.00925233,0.042461)
(-0.0722371,0.0350834)
(0.00596567,0.0279791)
(0.0138256,0.0092156)
(0.00726227,0.00580254)
(0.00229558,0.00907666)
(0.0067797,-0.0189059)
(-0.026744,0.0804728)
(0.00846835,-0.0276213)
(-0.0327661,0.0388024)
(-0.0495451,-0.0231512)
(-0.0648734,0.00860888)
(0.0662031,-0.0574873)
(0.0120188,-0.0927325)
(-0.0155484,0.0582573)
(0.00220808,0.0497754)
(0.0216952,-0.00100941)
(0.199469,-0.0764937)
(0.0569516,-0.00820142)
(-0.0309502,-0.0278126)
(-0.00209105,-0.0248518)
(0.035633,-0.0485658)
(0.388005,-0.102505)
(0.00661431,0.082743)
(-0.0179885,0.0519452)
(0.00543347,-0.0326289)
(-0.0495268,0.0415288)
(0.0349054,0.00852377)
(0.118812,-0.0236216)
(0.277639,-0.0897804)
(0.355732,-0.178576)
(-0.0327116,0.0432145)
(-0.0144859,0.0320054)
(-0.0705795,0.0153199)
(0.207752,-0.0945528)
(0.535693,-0.117719)
(0.0218473,-0.0338183)
(-0.0239805,-0.00414016)
(0.00805112,0.014214)
(-0.00910216,-0.0202032)
(-0.0463542,0.0240158)
(-0.0494347,0.0182108)
(-0.0187514,0.0100685)
(-0.0117142,-0.0389955)
(0.0233877,-0.00825185)
(0.063684,0.0301555)
(0.487202,-0.111433)
(0.0257987,0.00704324)
(-0.00406233,-0.061067)
(0.0510069,0.037683)
(-0.0319998,-0.00570468)
(-0.0266735,0.00829142)
(0.00976422,0.0128669)
(-0.00913498,-0.00871376)
(0.268622,-0.165431)
(0.0531459,0.0504839)
(-0.022049,0.00784558)
(0.0738888,0.0640662)
(0.0270352,-0.0226804)
(-0.0357089,0.0248933)
(-0.0767649,-0.00168525)
(-0.00525303,0.0379733)
(0.283048,-0.0886186)
(0.600833,-0.0346085)
(-0.0463404,0.0681287)
(-0.0635225,0.0177733)
(0.0239908,-0.00122751)
(-0.0731184,0.0715481)
(-0.113418,0.00496847)
(-0.113737,-0.0117214)
(0.0447191,0.0487397)
(-0.0402928,-0.0219866)
(0.0230309,0.0207404)
(0.0921116,-0.0303482)
(0.0602662,-0.0358052)
(0.0676019,-0.0153323)
(-0.08202,-0.00689315)
(-0.0497974,0.0164957)
(-0.0276238,0.0385743)
(-0.0495547,0.0355247)
(-0.0407463,0.0447489)
(0.0482823,-0.0101771)
(0.0838009,-0.0414293)
(0.0627905,0.0513787)
(0.065829,0.020669)
(-0.0484693,-0.0466738)
(-0.0354445,-0.0290088)
(-0.0247782,0.00565171)
(-0.012518,0.0400437)
(0.0069712,0.0142715)
(0.0523944,0.00499193)
(0.0181228,0.0186199)
(0.0650871,-0.00822875)
(-0.01362,-0.0316196)
(0.0188897,-0.011458)
(0.0318886,0.0557893)
(-0.014779,0.0488184)
(-0.00319493,0.0947393)
(0.00130855,0.0305539)
(0.0618833,0.0233016)
(0.604184,-0.135296)
(0.0238782,0.0277756)
(-0.0226288,-0.0127983)
(-0.0126996,-0.0185062)
(0.0611729,0.0496599)
(0.00328529,-0.0156926)
(0.0390703,-0.0178513)
(0.0557042,-0.00197009)
(0.0152243,-0.0401989)
(-0.016671,-0.0237499)
(0.0395934,-0.00336871)
(0.0047676,-0.0403897)
(0.0756544,0.0360721)
(0.0462798,0.0643893)
(0.000333352,0.0154022)
(0.0510509,-0.0401546)
(0.0461866,-0.0363184)
(-0.00158502,-0.0102387)
(-0.0136316,-0.073922)
(-0.0174109,-0.0493396)
(-0.0280627,0.0173814)
(0.00584555,-0.00129507)
(-0.00856736,0.0275261)
(-0.0523488,0.000645514)
(-0.0288524,0.00953136)
(-0.00863346,0.0301419)
(-0.00604749,-0.0610785)
(0.0374275,-0.055277)
(0.00853535,-0.039313)
(0.0284483,-0.0256093)
(-0.0160812,0.00627288)
(0.0526856,-0.0319065)
(-0.0329436,-0.000506934)
(0.015099,-0.0594689)
(0.069337,-0.0187821)
(0.068506,-0.0557907)
(0.0245714,-0.0442837)
(0.00555718,-0.0784319)
(-0.060094,-0.0196802)
(0.036795,-0.0268128)
(0.0490717,-0.0210828)
(-0.0729443,0.0585753)
(-0.096508,0.0353392)
(-0.00567219,0.0474978)
(-0.020162,0.00954887)
(-0.00117424,-0.0115285)
(-0.0140123,0.064073)
(-0.0339344,0.0805712)
(0.00715088,0.023745)
(-0.0721417,-0.0223841)
(0.00409915,-0.0193399)
(0.0385293,0.00605202)
(-0.0443786,-0.0497283)
(0.00678985,-0.0320805)
(0.445403,-0.0589253)
(0.0152714,-0.0592792)
(0.031649,0.0103459)
(0.00380493,0.027573)
(-0.0325551,0.00751894)
(0.00298109,0.0222654)
(0.00896823,0.0151503)
(0.0199267,0.0333799)
(0.0272283,0.00834316)
(0.0520007,0.00115369)
(-0.0194039,0.0470671)
(0.00271447,0.0503947)
(0.0348738,0.0164314)
(0.0196784,-0.000263528)
(-0.0650639,0.0427657)
(-0.00106671,0.016109)
(0.0315601,0.0310624)
(0.0727917,0.00627787)
(-0.0274828,0.0592282)
(0.0371742,0.0305679)
(-0.0237578,0.0356243)
(-0.00356213,-0.0555006)
(-0.00378029,-0.0359471)
(-0.013763,-0.0755788)
(0.0861148,0.00121867)
(0.46952,-0.125272)
(0.419327,-0.058831)
(0.0231955,0.121298)
(0.427272,-0.0539329)
(0.0274436,-0.0494323)
(0.407798,-0.0838594)
(0.245344,-0.134111)
(-0.0375508,0.0377491)
(0.458824,-0.1538)
(0.553419,-0.108828)
(0.562054,-0.0540034)
(-0.0108864,0.0863579)
(-0.0467929,0.0294087)
(-0.0341512,-0.00672013)
(-0.0476511,5.39559e-05)
(0.0294489,0.0614221)
(-0.0320685,0.00746227)
(-0.0233933,0.000292889)
(-0.0329324,0.0126913)
(-0.0293449,-0.0128862)
(0.0142231,-0.059099)
(0.0201235,-0.0113829)
(0.0356426,-0.0302471)
(-0.0446292,0.0180884)
(-0.0307049,0.0120811)
(0.0251537,0.0185035)
(-0.0413595,-0.0560238)
(-0.0481705,0.0874442)
(-0.0271393,0.0131309)
(0.00556929,0.0240668)
(0.0187645,-0.0214081)
(-0.0201457,-0.0705764)
(-0.00118534,0.0216696)
(-0.0132886,-0.0287643)
(0.0229926,-0.0138822)
(0.00211938,-0.00455829)
(0.0256232,0.00897528)
(0.0402064,0.0615419)
(-0.011275,-0.0131007)
(0.00194995,0.0210689)
(-0.00321896,-0.0134114)
(0.0127896,0.0192231)
(-0.00741258,-0.0129188)
(-0.0109252,-0.0218542)
(-0.0479741,-0.0511623)
(-0.0443487,-0.0323553)
(0.009617,-0.0491839)
(0.00740336,0.0157756)
(0.470763,-0.222773)
(0.0187747,-0.0277639)
(0.00592505,0.0307207)
(0.00814275,0.0152444)
(-0.0271463,-0.0101577)
(-0.0119011,0.0444112)
(-0.016058,0.0392655)
(0.441501,-0.13542)
(0.626419,-0.170058)
(0.435273,-0.104596)
(-0.0377271,0.00133752)
(0.390452,-0.0879307)
(-0.0146372,0.0161081)
(0.065826,-0.00519899)
(-0.00523962,0.021314)
(0.0146193,-0.00179054)
(0.2024,-0.0772745)
(0.00602718,0.0100346)
(-0.002155,0.0311883)
(-0.00489862,0.0181295)
(0.125243,-0.0625936)
(0.00794869,-0.0142779)
(-0.0926868,-0.0188991)
(0.452047,-0.0660703)
(-0.00750715,0.00203447)
(-0.022283,0.00266549)
(-0.0183188,0.0126381)
(0.0321005,0.0245147)
(0.0189647,-0.0166275)
(0.0235673,0.035821)
(0.0798154,-0.0547165)
(0.00642157,0.020667)
(0.0926314,0.0171071)
(0.224434,-0.0477221)
(0.0698614,0.0320096)
(0.0297911,0.00151097)
(-0.0398303,0.069877)
(-0.0519723,0.0271147)
(0.00574317,0.0624277)
(0.0279702,-0.000226996)
(0.00700127,-0.0289263)
(-0.0508262,0.0213176)
(0.0148417,-0.00716712)
(0.0262873,0.000378328)
(0.013648,0.0235229)
(-0.0198089,0.0305934)
(0.0548412,0.045508)
(0.0222691,0.0478147)
(0.0160216,0.0384637)
(0.0198957,0.0120235)
(0.0229965,0.0172174)
(0.00555658,-0.105363)
(0.0250759,0.0319975)
(-0.0442683,-0.0278975)
(0.0216795,0.0893128)
(0.0217715,0.0569234)
(0.0288741,-0.119918)
(0.0556824,0.0231229)
(0.00218335,0.037063)
(0.064468,-0.0772016)
(0.00484902,0.0296446)
(-0.0341031,-0.0353905)
(0.00439634,-0.0174958)
(-0.0121435,0.0080008)
(-0.0275034,-0.039143)
(-0.0400028,-0.021487)
(0.0150007,0.0357571)
(-0.0144023,-0.0389047)
(-0.0816022,0.0565768)
(-0.0107524,-0.00224664)
(0.0060448,0.0100866)
(0.00667952,0.00477941)
(0.0228501,-0.000659105)
(0.0113988,0.022253)
(0.121751,-0.0467798)
(0.0782185,0.016186)
(-0.0405083,-0.074959)
(0.00573357,0.0416343)
(-0.041269,-0.0936139)
(0.0236172,0.0760451)
(-0.00651517,-0.0167359)
(0.0592082,0.0832697)
(0.0258562,0.0686054)
(-0.0350054,-0.0587768)
(0.0265379,0.0501111)
(-0.040641,0.0170621)
(-0.0197643,0.0790415)
(-0.0281103,-0.0192419)
(-0.0451193,-0.0275711)
(0.0052924,-0.0727003)
(0.0788588,-0.0180999)
(0.00700308,0.00965013)
(0.02617,0.0602871)
(-0.0568514,0.0588753)
(-0.0270632,-0.0180561)
(-0.0166916,-0.0361952)
(0.0129526,0.0262355)
(0.0207166,-0.0379625)
(0.507944,-0.0892589)
(0.00575424,0.000865701)
(-0.0470678,-0.0392214)
(-0.000676827,-0.0298327)
(-0.0319852,-0.0303086)
(0.0162978,-0.0513455)
(0.0281631,-0.0348104)
(-0.0513007,0.0176168)
(0.0275866,-0.038442)
(0.557511,-0.125219)
(-0.00230594,-0.0817947)
(0.0308841,-0.00241047)
(0.0251841,-0.0622108)
(0.580698,-0.135584)
(-0.0439444,-0.0355808)
(-0.00870633,-0.0516652)
(0.0306907,0.018413)
(-0.00337701,0.0243645)
(0.0165345,-0.0146568)
(0.010778,0.0152511)
(-0.0455376,-0.0113597)
(0.309492,-0.0972756)
(0.169899,-0.094254)
(0.0177209,0.00679262)
(-0.00586092,0.0186761)
(-0.0381414,-0.0520753)
(0.0215665,0.0412555)
(-0.00523427,-0.0725664)
(0.420248,-0.0399581)
(-0.0354556,-0.0242186)
(-0.028185,-0.0084638)
(0.0106266,-0.00315356)
(0.00963977,-0.00202207)
(0.0534517,-0.0114147)
(-0.0055272,0.0129351)
(0.474286,-0.107804)
(0.00453228,-0.0480848)
(0.486781,-0.0885214)
(-0.0390883,0.0687121)
(-0.0284961,0.0135429)
(-0.00299336,-0.0320729)
(0.0352391,0.0306325)
(0.398055,-0.160754)
(0.0755239,-0.0336981)
(0.199432,-0.107654)
(0.0344345,-0.0114474)
(0.00339449,0.0204368)
(-0.0553296,0.00304255)
(0.199236,-0.0201746)
(0.264087,-0.0675103)
(-0.0174726,0.0277475)
(-0.0345682,-0.0242394)
(0.329802,-0.156511)
(-0.0199064,0.0183852)
(-0.0601992,-0.0272389)
(0.281277,-0.108023)
(-0.0472256,0.0137326)
(0.00195158,-0.0154749)
(0.3533,-0.0484847)
(-0.0383146,-0.0121363)
(0.178875,0.00203065)
(0.248387,-0.0680231)
(0.0014919,0.0954897)
(0.256584,0.0210276)
(0.0420091,-0.053659)
(0.0064097,-0.0390412)
(0.0189166,0.0458575)
(-0.00469067,0.033053)
(-0.00609218,0.0146111)
(0.0470043,-0.0437333)
(0.0217685,-0.0353125)
(0.0172024,0.0336083)
(-0.0100591,0.0362255)
(0.0267524,0.0308743)
(-0.0266771,-0.014463)
(0.0400504,0.0267166)
(-0.0665245,0.0107734)
(-0.0388616,0.0112122)
(-0.0369461,0.000953765)
(0.000170572,-0.0294747)
(-0.0297905,0.0117561)
(0.362067,-0.0882946)
(-0.00800546,0.0791175)
(0.0227542,0.0411907)
(0.109962,-0.0416579)
(-0.0768675,0.0289978)
(-0.0802009,0.0335485)
(0.625407,-0.135794)
(-0.0127043,-0.000346326)
(0.629533,-0.161278)
(0.0175961,-0.0301103)
(0.014301,0.0264746)
(0.12897,-0.0554178)
(-0.00459494,-0.0176464)
(0.0130657,0.0209999)
(0.44382,-0.11464)
(-0.00827078,-0.0047355)
(0.0703855,0.018388)
(0.00769319,0.000217264)
(0.0191915,0.0452359)
(0.0637318,0.0161103)
(0.0599816,-0.0331599)
(0.0266137,-0.0261718)
(0.0589316,-0.023174)
(-0.0914381,-0.0356834)
(0.227959,-0.1562)
(0.0376,0.0380665)
(0.318794,-0.15598)
(-0.0280226,-0.0537981)
(-0.0165815,-0.0160603)
(0.447105,-0.116663)
(-0.047717,0.0493656)
(0.0344028,0.0440448)
(-0.0199774,-0.010359)
(0.377956,-0.0931717)
(0.0196434,0.00117411)
(-0.0329671,-0.0257422)
(0.0786639,0.052479)
(-0.0131647,0.0268829)
(0.0336442,0.0330428)
(0.0316402,0.00203998)
(-0.0910458,0.0060502)
(-0.0174955,0.0180248)
(-0.0215342,0.0199605)
(0.0319692,-0.0235776)
(-0.0515682,0.00175028)
(0.0366011,0.024776)
(0.0674298,0.00864617)
(0.0680446,0.00959915)
(0.0252006,-0.0321219)
(-0.0130295,-0.018756)
(-0.00551965,-0.0534986)
(-0.034364,0.0315573)
(-0.0171431,-0.0369172)
(-0.0331773,0.0139033)
(0.0426652,0.0198223)
(0.0458787,0.00913999)
(0.0329954,0.057139)
(0.0027274,0.0407048)
(-0.00375204,0.0311584)
(-0.0242765,-0.0669782)
(-0.0676532,-0.0861349)
(-0.0282372,-0.098281)
(-0.0522198,-0.043821)
(0.0310486,-0.00834552)
(0.00437959,-0.0246747)
(0.0104752,0.0339196)
(0.467912,-0.103415)
(-0.0463145,0.00878042)
(0.0381431,0.00896846)
(-0.0117554,-0.00611982)
(0.419108,-0.064834)
(0.016076,-0.00632452)
(0.0261414,-0.010244)
(-0.0380956,-0.0397996)
(0.00927394,0.0126808)
(0.0225224,-0.000661927)
(-0.016146,-0.0297502)
(-0.0047849,0.0366411)
(0.334095,-0.0640776)
(0.0147081,-0.013401)
(-0.0389788,-0.00106462)
(0.606512,-0.135437)
(-0.0047553,-0.0357691)
(-0.00163622,-0.0229015)
(0.0339766,-0.0201576)
(0.426427,-0.0730704)
(0.0360491,0.0401336)
(-0.00557232,-0.0239701)
(0.00797558,-0.0340716)
(-0.0808801,0.0169032)
(0.00450052,-0.0091423)
(-0.0503471,-0.0436024)
(0.0108218,-0.0519113)
(-0.0173942,0.00434917)
(0.00187614,-0.0266482)
(-0.00885599,-0.0517816)
(0.0209918,-0.0245085)
(0.350397,-0.0345384)
(0.0515096,0.0240177)
(-0.0215391,0.0182936)
(0.00320792,-0.0117625)
(-0.0160276,-0.0135638)
(0.0177552,-0.0565276)
(0.0128159,0.0387561)
(-0.021361,-0.0393892)
(0.00146213,-0.0315879)
(0.0211296,-0.0635473)
(0.0181539,0.023766)
(0.0296074,0.0711935)
(0.429396,-0.0899236)
(0.00170354,-0.00180414)
(0.00593794,-0.00397591)
(-0.0290802,0.05527)
(0.0464867,-0.022872)
(-0.0363298,0.0831879)
(0.0137572,-0.0126539)
(0.164786,-0.177519)
(0.180545,-0.130583)
(0.12264,-0.162648)
(0.010638,-0.000830142)
(-0.0139012,0.0126529)
(0.601059,-0.157903)
(0.344055,-0.106713)
(-0.0262557,0.0214662)
(0.359674,-0.055367)
(0.401841,-0.0283586)
(0.212255,-0.0961487)
(0.0439442,-0.00381587)
(0.0342379,-0.00408604)
(0.0712723,0.0460713)
(0.112807,7.14943e-05)
(0.0367887,0.0227524)
(-0.000377107,0.0490789)
(-0.0295966,-0.019875)
(0.0688217,0.014649)
(-0.0935854,0.0181167)
(-0.0357248,-0.0137134)
(0.0349877,-0.0029431)
(0.486601,-0.0946321)
(-0.0168487,0.0456217)
(-0.00712354,0.0217279)
(-0.0317434,0.0251514)
(0.552649,-0.0790553)
(-0.0316988,0.0525842)
(-0.0254123,-0.00520078)
(0.501423,-0.109274)
(0.40494,-0.0514991)
(-0.0395335,0.0236748)
(0.37603,-0.081927)
(-0.0124038,0.0476891)
(-0.0344668,0.0741096)
(0.463259,0.0335153)
(0.279749,-0.0780635)
(0.378322,-0.0844509)
(0.490405,-0.0417467)
(0.0107175,-0.020631)
(0.748875,0.0074081)
(-0.0473493,0.015625)
(-0.0175447,0.0758952)
(0.103839,0.00170767)
(0.171678,-0.0685259)
(-0.032406,0.0659361)
(0.0984223,-0.0630741)
(0.0247635,-0.00094353)
(0.0157107,0.0193762)
(0.0531289,-0.00398236)
(0.00818671,0.00127853)
(0.0444912,0.00801028)
(-0.00629149,0.0312433)
(0.0520086,0.0374263)
(0.13191,-0.0485471)
(-0.0121075,-0.0272609)
(0.0141179,-0.03965)
(0.0091107,0.0573714)
(-0.000249503,0.0414209)
(0.00181866,-0.0101748)
(0.458499,-0.0670331)
(-0.0427704,0.0278772)
(0.0277279,-0.00786115)
(-0.0121104,-0.024964)
(-0.0315305,0.0349926)
(0.0408772,-0.013122)
(0.0112595,0.0224924)
(-0.0318223,-0.053063)
(-0.0413903,-0.0236412)
(0.554598,-0.081105)
(-0.0209839,-0.000183096)
(0.373525,-0.0301596)
(0.0136564,0.00460701)
(0.054578,0.0259427)
(-0.00426502,-0.0228321)
(0.0447796,-0.0403853)
(-0.0359191,-0.0173777)
(-0.0111286,-0.0723817)
(0.0191623,-0.0275862)
(0.00781719,-0.00838919)
(0.00949478,0.000273794)
(0.0370486,-0.0262969)
(0.059013,0.00227559)
(0.0254849,0.0209942)
(0.441899,-0.0725339)
(0.312386,-0.0607542)
(-0.0416438,-0.00475004)
(0.0437355,-0.0330048)
(0.0215287,-0.0104069)
(0.0911989,-0.0433565)
(0.43085,-0.130343)
(0.0163464,-0.00420996)
(0.0586884,-0.0170321)
(0.0807025,0.00541893)
(0.0688714,-0.0213735)
(0.32466,-0.0978861)
(0.0048935,0.0016648)
(-0.0341884,0.00428369)
(-0.0344936,0.0034097)
(0.00197687,0.0260083)
(0.464307,-0.0326284)
(0.017653,-0.00867489)
(-0.0430739,-0.000356797)
(-0.00210843,0.0425211)
(0.0293669,0.00436309)
(0.00502938,0.000389798)
(0.472364,-0.0663203)
(0.439106,-0.150558)
(0.681227,-0.0681532)
(0.02721,-0.0549256)
(0.00893727,0.0103416)
(0.521417,-0.0641933)
(0.0402527,-0.0338278)
(0.115043,-0.0916265)
(0.316783,-0.204184)
(-0.0317294,-0.0201336)
(-0.0339928,0.0296868)
(-0.0264987,0.0145927)
(-0.0280186,0.0283067)
(-0.00745971,0.0476782)
(0.170562,-0.0808775)
(0.205332,-0.150416)
(0.285995,-0.164912)
(0.282355,-0.0514079)
(0.61615,-0.164988)
(-0.0330822,-0.0312527)
(-0.052635,0.00427346)
(-0.0469535,0.00913465)
(0.156988,0.064885)
(0.550572,-0.118224)
(0.545591,-0.134554)
(-8.06507e-05,0.011374)
(-0.0386767,-0.0545188)
(-0.0210994,-0.0131344)
(0.589815,-0.127143)
(0.00776105,0.0460561)
(0.0627386,0.0398466)
(-0.0512848,-0.0112973)
(0.693362,-0.164307)
(0.0513984,0.0388172)
(-0.0406313,0.0418658)
(0.60337,-0.0383356)
(0.55117,-0.0506354)
(-0.0219819,0.0259237)
(-0.0192374,0.00503175)
(-0.0237733,-0.0223683)
(-0.023557,-0.0390805)
(0.0343632,0.0206214)
(0.00619751,0.00108786)
(0.0295799,0.0430627)
(0.445713,-0.154629)
(0.702725,-0.0325995)
(0.580664,-0.151276)
(0.53697,-0.0979964)
(0.387208,-0.0786592)
(0.182989,-0.0911603)
(0.242254,-0.0172054)
(0.202158,-0.0736977)
(0.161891,-0.0491273)
(-0.0310633,-0.0531323)
(0.00507519,-0.052854)
(0.304643,-0.0493597)
(0.523455,-0.115226)
(0.569951,-0.0774909)
(0.483379,-0.0417628)
(0.564122,-0.133143)
(0.00227637,0.0310199)
(0.534659,-0.0816308)
(-0.0586885,0.071401)
(0.0140167,-0.03308)
(-0.0122114,-0.0597133)
(0.00669668,0.0633831)
(-0.0544746,0.000465994)
(-0.000793354,-0.0843572)
(0.0107023,0.0112862)
(0.0102208,-0.0435054)
(0.00770909,0.0577142)
(0.400949,-0.0902807)
(-0.0270385,-0.0449634)
(0.443185,-0.18504)
(0.470338,-0.0171405)
(0.434226,-0.146972)
(-0.0559483,0.00793009)
(0.0491996,0.0479301)
(0.00177112,0.0353148)
(0.457646,-0.0664225)
(-0.0216049,-0.00545745)
(0.0380198,0.016133)
(0.352958,-0.0912664)
(0.248696,-0.100322)
(0.539892,-0.0597727)
(0.42274,-0.0886921)
(0.636247,-0.214372)
(0.447926,0.0241436)
(-0.00680635,-0.0423919)
(-0.0238088,-0.0792907)
(0.00823679,-0.00403875)
(0.0151799,0.0869084)
(0.00759379,0.0776386)
(-0.0302444,-0.0456469)
(-0.0140453,0.0183687)
(0.286423,-0.0854544)
(0.202839,-0.0224123)
(-0.034252,-0.0286961)
(0.184573,-0.0139478)
(-0.00135778,-0.0297877)
(0.460358,-0.0960437)
(0.529144,-0.0115776)
(-0.0791365,0.0177862)
(0.00487628,0.0405391)
(0.0444329,0.00749641)
(0.0673719,-0.0376549)
(0.410868,-0.173205)
(0.0131438,-0.0648835)
(0.0965123,-0.0526969)
(-0.0394359,0.0541215)
(0.24946,-0.144278)
(0.0111002,0.0454115)
(0.326386,-0.0881882)
(0.00382938,0.0395955)
(0.0331161,0.0208743)
(0.0186219,0.00777685)
(0.0157986,0.0241763)
(0.486588,-0.0779265)
(-0.0137031,0.0203289)
(0.470563,-0.135684)
(0.442867,-0.0892831)
(0.0234293,-0.0323167)
(0.476024,-0.0653184)
(0.592193,-0.104733)
(0.493619,-0.0023903)
(0.0184396,0.0275654)
(0.465662,-0.151896)
(-0.0314918,0.0679058)
(-0.0538492,0.0327237)
(-0.0637663,0.0503448)
(-0.0261366,-0.0169221)
(0.00960378,0.0667019)
(-0.0144093,-0.0197521)
(-0.0731206,0.0335119)
(0.709927,-0.111489)
(-0.033354,0.0290538)
(0.0441016,-0.00852953)
(0.406137,-0.121005)
(0.451331,-0.102047)
(0.00129374,-0.00899376)
(0.072332,0.00336299)
(-0.0132155,-0.0161908)
(0.409849,-0.140294)
(-0.0306911,0.00513597)
(0.474141,-0.199952)
(0.346581,-0.122547)
(-0.0404022,-0.00990258)
(-0.0023699,0.0109413)
(0.554489,-0.0505757)
(-0.0424213,-0.00204173)
(0.00106535,-0.0324305)
(0.0166241,0.0579432)
(0.476366,-0.141996)
(0.450984,-0.121633)
(0.216405,-0.0915118)
(0.432017,-0.139168)
(0.513165,-0.126653)
(0.062915,-0.00590267)
(0.482452,-0.132738)
(0.549708,-0.0462148)
(0.0230434,-0.057442)
(0.533595,-0.0861471)
(0.0526939,0.0243358)
(0.536914,-0.0968073)
(0.0519622,-0.0235283)
(-0.0245758,0.0708763)
(-0.0397231,-0.0138632)
(0.0373749,0.0396217)
(0.00979004,0.0847766)
(0.0457977,0.0805496)
(-0.0295154,0.0789245)
(0.0194167,0.0404653)
(0.180531,-0.0816827)
(0.00205635,-0.0120245)
(0.0175207,-0.0632499)
(0.0357094,0.0326316)
(0.0350716,-0.0176077)
(0.0262899,-0.0030011)
(0.0680249,0.00313264)
(-0.0173061,0.0665017)
(0.125552,-0.0296852)
(-0.0132864,0.0459128)
(0.0506389,0.00784887)
(0.692847,-0.165918)
(0.421649,-0.189025)
(-0.0165132,0.0227898)
(0.0664303,0.114015)
(-0.0116779,0.0996666)
(0.105991,0.0288604)
(-0.0400707,-0.020969)
(0.119204,-0.0548512)
(0.198367,-0.13603)
(0.622115,-0.177066)
(0.570799,-0.143053)
(0.0144638,0.0745548)
(0.040846,-0.0415448)
(0.583251,-0.136653)
(-0.0194979,0.04019)
(0.024167,0.0206685)
(0.0400931,-0.0186347)
(0.445528,-0.0245664)
(0.0584911,-0.0549268)
(0.286741,-0.161417)
(-0.0174781,0.00136325)
(0.102238,-0.0897067)
(0.176897,-0.0843585)
(0.253517,-0.0468938)
(0.327193,-0.0906228)
(0.0931156,0.0178404)
(-0.0547542,0.0392365)
(0.340371,-0.185354)
(-0.025066,0.0560329)
(0.0294285,-0.0212919)
(0.0165622,-0.0211096)
(0.434516,-0.11173)
(0.00851876,-0.0398136)
(0.402324,-0.0753566)
(0.0398312,-0.0187826)
(0.0169678,0.0143704)
(0.00311807,0.00122271)
(0.0178825,0.0425927)
(0.00329232,0.0265439)
(0.0123595,0.0211061)
(0.0361745,0.0124387)
(-0.0231688,0.0179171)
(-0.018098,0.0191629)
(0.593142,-0.133005)
(-0.00894577,-0.0203103)
(0.0171542,0.000207594)
(0.582726,-0.0795359)
(0.0447939,0.00534952)
(-0.0239181,0.0483701)
(-0.0179024,0.0150235)
(-0.009135,0.039873)
(-0.0568145,0.0261141)
(0.168487,-0.0933094)
(0.0169562,0.0614757)
(-0.0628062,-0.0243098)
(-0.0164901,-0.0218667)
(0.0290514,-0.0112025)
(-0.0408268,-0.0289213)
(0.544918,-0.0331779)
(-0.0575961,0.0431845)
(0.649645,-0.119363)
(0.409765,-0.125524)
(0.560783,0.0112896)
(-0.048549,-0.0381731)
(0.358526,-0.0305267)
(0.420566,-0.148389)
(0.380744,-0.0768171)
(-0.0708059,0.000291332)
(0.0290579,0.0210399)
(-0.0497387,0.0607197)
(0.01218,0.0182636)
(0.547307,-0.124132)
(0.563684,-0.101968)
(0.00733523,-0.0385116)
(-0.0263017,0.0209247)
(-0.00597669,0.0285459)
(0.0753237,-0.0289244)
(0.351996,-0.0912129)
(0.0620533,0.00827131)
(0.0513489,0.0112285)
(0.0382973,0.035819)
(0.0848869,-0.00999049)
(0.412502,-0.0596969)
(-0.0614511,-0.0777842)
(0.484616,-0.032425)
(0.0100535,0.0110271)
(0.0255349,0.0728983)
(0.0528709,0.0382096)
(0.571612,-0.150159)
(-0.00480531,0.0287171)
(0.284642,-0.0838996)
(0.542479,-0.140596)
(-0.0339284,0.00403294)
(0.0202463,0.0394897)
(0.0627114,-0.0641101)
(0.0261517,0.0477764)
(-0.0633193,0.00730487)
(0.0231641,-0.0918456)
(0.387906,-0.177517)
(0.288497,-0.192432)
(0.0580288,-0.0557511)
(0.00525674,-0.0178197)
(-0.025655,0.00930458)
(-0.0776353,0.102876)
(0.000366697,-0.0009568)
(0.00552665,-0.0459565)
(0.400612,-0.114598)
(0.505671,-0.0897082)
(0.590299,-0.0872914)
(-0.0241877,-0.0580677)
(0.397088,-0.0388425)
(-0.0308628,0.0134678)
(0.0417251,0.0233188)
(0.032803,0.0143208)
(0.0227482,0.0961842)
(-0.00507228,0.0133758)
(0.078083,-0.0502482)
(0.26869,-0.0788582)
(0.571136,-0.149303)
(0.493613,-0.105884)
(0.0830082,-0.0594234)
(0.523935,-0.145108)
(0.0265663,-0.0974288)
(0.414882,-0.17324)
(0.433969,-0.0799543)
(0.00901933,-0.0777347)
(0.539129,-0.138413)
(0.426335,-0.137205)
(0.573075,-0.121757)
(0.460181,-0.10934)
(0.55433,-0.0672921)
(0.118326,-0.0459104)
(0.252438,-0.122732)
(0.225521,-0.0488193)
(0.431964,-0.0693129)
(0.0441649,-0.049103)
(0.549715,-0.0417496)
(0.377772,-0.173556)
(0.0171977,0.0115579)
(-0.05691,-0.0052425)
(-0.0665829,0.0534492)
(-0.0445938,-0.0319504)
(0.365326,-0.125201)
(-0.0139397,-0.018729)
(0.491118,-0.137646)
(0.0204353,-0.0204451)
(0.270309,-0.0591712)
(-0.0269971,-0.0395694)
(-0.0465403,-0.0285883)
(0.450014,-0.14029)
(0.044663,0.0768539)
(0.0966184,-0.0706185)
(0.53293,-0.0914723)
(0.0479898,-0.0523014)
(-0.00439366,-0.0496135)
(0.0014922,0.0198935)
(-0.0179681,-0.0121016)
(0.0117714,0.00862983)
(-0.0171111,-1.05441e-05)
(0.572731,-0.109776)
(0.579445,-0.110337)
(0.466204,-0.0818971)
(-0.0268576,-0.0942249)
(0.0288673,0.0803899)
(0.344958,-0.169155)
(-0.0232983,0.0734439)
(-0.00554158,-0.0231474)
(0.0185078,-0.0152727)
(-0.0127027,0.00293962)
(0.623566,-0.138283)
(0.415787,-0.0508781)
(0.457699,-0.0644798)
(0.395884,-0.028974)
(0.46123,-0.131521)
(-0.0609996,-0.00314871)
(0.444906,-0.0302483)
(0.305473,-0.101662)
(-0.037202,-0.0686216)
(0.396817,-0.0545096)
(0.514579,-0.06593)
(0.0328661,-0.0660438)
(-0.0187939,0.0656436)
(0.584916,-0.0910408)
(0.000141002,0.00238989)
(0.0157904,-0.0165591)
(0.450517,-0.108425)
(0.050883,-0.00657781)
(-0.0305891,-0.0295643)
(0.0496109,0.0435635)
(0.044067,-0.0122206)
(0.528741,-0.0388515)
(0.0106189,0.0199369)
(-0.0410546,0.085179)
(0.00422944,0.011544)
(0.400275,-0.0670807)
(-0.0299384,0.0466283)
(0.0226717,0.0288907)
(-0.0315785,0.0665025)
(0.121071,-0.0531541)
(-0.0108048,-0.0476023)
(0.0547178,-0.00288874)
(0.0934877,0.0218783)
(0.0964143,-0.0199062)
(-0.00986291,0.0256896)
(0.0553674,0.0571616)
(0.0727297,0.0437911)
(0.458433,-0.058027)
(-0.0449008,0.0246998)
(0.481609,-0.00942893)
(-0.00559441,-0.000427857)
(0.0139359,-0.0535362)
(0.191177,-0.103711)
(0.509733,-0.125617)
(0.322007,-0.105625)
(-0.00870841,0.0127852)
(-0.00382123,-0.0203922)
(0.0292529,-0.00295938)
(0.022826,-0.0208082)
(-0.00141185,-0.00523232)
(-0.0102392,0.0137841)
(-0.0323742,-0.0121358)
(0.00993456,0.0187565)
(-0.0680301,0.0169031)
(-0.0109452,0.0659922)
(-0.0136731,-0.0091295)
(0.455116,0.0436296)
(0.0119536,0.0497864)
(0.0589993,-0.0150638)
(-0.00317155,-0.00675361)
(0.0470217,0.0126111)
(0.210549,-0.0595703)
(0.151736,-0.0701403)
(-0.029447,0.0491838)
(0.124219,-0.102963)
(0.538354,-0.0493873)
(-0.0211664,-0.0521002)
(0.445904,-0.0565652)
(-0.0216153,-0.0855613)
(0.0308963,0.0136205)
(0.076298,-0.0224679)
(0.0357453,-0.0452222)
(0.0666115,-0.0184318)
(-0.0348506,0.0294692)
(0.00658518,-0.0267826)
(-0.0467412,-0.00703541)
(-0.000948568,0.0468016)
(-0.00542249,-0.0187394)
(0.352125,-0.115807)
(0.366973,-0.11095)
(0.0294973,0.00310362)
(0.182896,-0.0326122)
(0.204411,-0.0498796)
(0.571814,-0.13444)
(0.00272656,-0.0213075)
(0.0943277,-0.0118591)
(0.492704,-0.154343)
(0.11755,0.0094192)
(0.128571,-0.056906)
(-0.0160898,-0.0331533)
(-0.00427618,-0.0603552)
(0.108499,-0.0179949)
(-0.0337224,-0.0156108)
(0.465793,-0.0381631)
(0.381865,-0.0892469)
(0.0278561,0.00134251)
(0.0604785,0.0136305)
(0.187387,-0.0925149)
(0.0661537,-0.0470532)
(0.152795,-0.0534049)
(0.0106109,0.0442529)
