1620
(-0.0266828,-0.115649)
(-0.0155845,0.0314363)
(0.0614711,0.0594396)
(0.00718978,-0.140017)
(-0.0228025,-0.0326146)
(-0.0316132,0.035105)
(0.0504688,0.0446261)
(-0.0199157,-0.0226318)
(0.0012583,0.00859881)
(-0.00679784,0.0316491)
(-0.0524411,0.0458192)
(-0.00444809,0.0200455)
(0.00322778,-0.046141)
(-0.0146977,-0.00116728)
(0.0113954,0.0484865)
(-0.0403887,0.020183)
(-0.0338719,-0.0883492)
(0.0190817,0.0270688)
(0.0196829,0.0177052)
(-0.0032393,0.0185035)
(-0.0167366,-0.0170459)
(-0.0019139,0.0184967)
(-0.0632733,0.00873959)
(-0.0396914,-0.042399)
(-0.000818654,0.0340671)
(0.033617,0.0175788)
(-0.022546,0.0177902)
(0.0713257,-0.0929923)
(-0.0404632,-0.00648759)
(0.0695404,-0.031988)
(0.0458277,0.0616005)
(0.0414779,-0.0172732)
(-0.00960623,0.0488075)
(-0.0828598,0.0327911)
(0.0530938,0.0332535)
(0.0103264,0.0618201)
(0.0610726,0.00308635)
(-0.0103505,0.0248676)
(-0.0493905,-0.00182865)
(0.0503689,0.0126327)
(0.0247176,-0.0769844)
(0.0840088,0.0110641)
(0.0487565,0.0227074)
(0.127913,-0.00186348)
(-0.0439853,0.062049)
(0.127753,-0.0215173)
(0.103135,-0.0336005)
(-0.0223657,-0.00091783)
(0.0516251,-0.0612163)
(-0.0167998,-0.0234076)
(0.0399439,0.00233916)
(0.0860791,-0.0300651)
(0.0156118,0.00900003)
(0.0234267,-0.00706341)
(-0.0176267,0.0176729)
(-0.0327906,0.0226404)
(0.050717,0.0250806)
(0.0460883,0.0556168)
(-0.0167657,-0.0399423)
(0.0459557,-0.0278298)
(-0.0369144,-0.0102902)
(0.174413,-0.07596)
(-0.00474165,0.00305544)
(0.398634,-0.0826124)
(-0.018168,0.000190167)
(-0.00313133,0.0443558)
(0.00525016,-0.0118844)
(0.0281414,0.00900565)
(0.0396961,0.124098)
(-0.0349895,-0.0683571)
(0.0106811,0.0692292)
(0.00525863,0.0566793)
(-0.0170115,0.0664296)
(-0.0400037,0.0307472)
(-0.00952784,0.00423045)
(-0.0895941,0.0545189)
(0.00281289,-0.0463292)
(0.0128755,-0.048196)
(-0.021582,0.0133777)
(0.0777375,-0.0461079)
(-0.00501171,-0.068216)
(-0.00940388,0.00712085)
(0.0252765,-0.072011)
(0.037584,-0.0277167)
(0.0452964,0.0238148)
(0.0129794,0.0138234)
(-0.0285091,-0.0241773)
(-0.0395606,0.0056399)
(0.0736118,0.0249092)
(0.0237451,-0.0141032)
(-0.108983,-0.024076)
(-0.0286162,0.0178017)
(0.457167,-0.0751069)
(0.0208351,0.111719)
(-0.0131176,0.0765613)
(0.567392,-0.0193814)
(-0.0571286,0.0657799)
(0.432705,-0.145863)
(-0.0100828,-0.0964198)
(-0.0504553,-0.0866214)
(0.0644327,-0.00131045)
(-0.0739808,-0.0148362)
(0.0447365,-0.0826063)
(-0.00758342,-0.0525355)
(-0.021248,-0.109974)
(0.443422,-0.0876149)
(0.0103605,0.0599358)
(-0.0766097,-0.00563691)
(0.0115422,0.0248384)
(0.0353554,0.0435479)
(0.00235305,0.0346742)
(0.697337,-0.155887)
(0.365932,-0.0344674)
(-0.0107288,-0.0139761)
(0.463371,-0.0451575)
(0.0285238,0.100055)
(0.0159696,0.0815174)
(0.624886,-0.11142)
(0.00692714,0.00431467)
(0.46563,-0.0769584)
(0.421391,-0.0654452)
(0.0235002,0.0548524)
(0.397325,-0.067996)
(0.278354,-0.118889)
(0.283507,-0.078856)
(0.0183233,-0.0295524)
(0.0583729,-0.0134644)
(0.00643809,0.0568916)
(0.353784,-0.122768)
(0.0690424,0.031863)
(0.113716,0.0563232)
(0.0177781,-0.012786)
(-0.00511579,-0.0500279)
(-0.00649315,0.014771)
(-0.00899601,0.0113836)
(0.0195975,0.0123389)
(-0.0540888,0.00972848)
(0.00354335,0.0354498)
(0.385525,-0.0883993)
(0.00664242,-0.00529499)
(0.0031025,0.0591647)
(-0.00216125,0.0540759)
(0.00766095,-0.012609)
(0.0460044,-0.0604375)
(0.086523,-0.0795356)
(0.0234197,-0.0809921)
(0.0142406,0.000313184)
(0.433113,-0.0854675)
(0.483426,-0.118261)
(-0.0673042,0.000539508)
(0.477766,-0.152861)
(0.204836,-0.0688366)
(0.535997,-0.0495619)
(0.467687,-0.084251)
(0.482118,-0.0780882)
(-0.0392318,0.0139705)
(0.082824,0.0529398)
(0.402364,-0.133967)
(0.381185,0.0038405)
(-0.0143542,0.00145623)
(-0.0290223,0.0267416)
(0.00731597,0.0386369)
(0.0121658,0.0474556)
(-0.0407719,-0.020457)
(-0.0133022,0.028538)
(-0.0438444,-0.024275)
(0.0219749,-0.040607)
(-0.00215455,-0.0504441)
(0.0402596,0.0281333)
(-0.017699,0.079555)
(0.046338,-0.012082)
(0.0619604,0.00749154)
(0.418259,-0.159369)
(0.396094,-0.110524)
(0.55641,-0.135049)
(0.493235,-0.0893165)
(0.0585252,-0.0951324)
(0.141867,-0.0355133)
(-0.0809936,-0.0647965)
(-0.106567,0.0451018)
(-0.0583584,-0.0442233)
(0.0339312,0.0477798)
(0.0129241,0.0111122)
(0.0101007,0.0509831)
(0.0103359,0.0416676)
(0.00199923,0.0269869)
(0.0307015,0.0104127)
(0.0526849,-0.0944627)
(-0.00632208,-0.0264781)
(0.417258,-0.155945)
(0.487459,-0.0881807)
(0.375974,-0.0843325)
(0.580742,-0.112552)
(-0.0360193,-0.0410211)
(-0.0440466,-0.0294647)
(0.0415756,0.0482643)
(0.0337264,0.0313174)
(-0.0475565,0.0510429)
(-0.0428946,-0.0584223)
(-0.00492655,0.0093734)
(0.00756778,-0.127344)
(0.0642259,-0.110013)
(-0.0443332,-0.0463908)
(-0.0622257,-0.0172342)
(-0.00796268,-0.00390779)
(-0.0417191,0.0287706)
(0.464244,-0.0978201)
(0.499511,-0.0365258)
(-0.0852629,0.0182361)
(0.379876,-0.103914)
(-0.0333369,-0.00475197)
(0.409642,-0.0905021)
(0.405357,-0.0935136)
(-0.0698586,0.00188295)
(-0.0404976,0.0286636)
(0.0916349,0.0555466)
(0.0625523,-0.00603265)
(0.448661,-0.110395)
(0.56529,-0.133982)
(-0.00765954,-0.0444039)
(0.00031683,-0.0194014)
(-0.0294708,0.0122194)
(0.0329959,0.0637801)
(0.710792,-0.157571)
(-0.0504117,-0.0498129)
(-0.0735436,-0.0694116)
(0.415757,-0.155217)
(-0.0443243,0.0568301)
(-0.0232245,0.0398375)
(-0.0705016,-0.0411135)
(-0.0309518,0.00295793)
(0.476364,-0.135795)
(0.458278,-0.184984)
(0.557584,-0.055548)
(0.510878,-0.0554297)
(-0.0435114,0.0263255)
(-0.0355547,-0.0487895)
(-0.018825,-0.0299468)
(0.186042,-0.0612204)
(0.00846439,0.0226389)
(0.064714,-0.0208449)
(-0.00120176,-0.0620002)
(-0.011967,0.0715247)
(-0.0169757,0.0771474)
(0.0069565,-0.0620332)
(-0.028504,0.0337436)
(0.0786255,-0.00558855)
(0.00645012,-0.0287049)
(0.0281958,0.0121937)
(-0.0305007,0.0294702)
(-0.0460614,-0.0156237)
(-0.0251521,0.0234159)
(-0.0530735,-0.00861456)
(-0.0509323,-0.0335628)
(-0.0388293,0.0163725)
(0.0228078,-0.0568411)
(0.057436,-0.010085)
(0.00374214,-0.000683665)
(0.0427671,-0.0011545)
(-0.0176771,-0.0894471)
(0.0608899,-0.110002)
(-0.0200539,0.0161204)
(0.00617832,0.0144022)
(-0.0532702,-0.0237733)
(0.522542,-0.0964103)
(-0.0577038,-0.0504125)
(-0.0851553,-0.0937303)
(-0.0239756,-0.0231039)
(0.0267072,-0.0055926)
(0.0602833,0.0294342)
(-0.00783719,0.0188388)
(0.0251492,-0.00359319)
(-0.0639769,-0.0135071)
(-0.0397694,0.0487918)
(0.0135932,-0.00296708)
(0.510028,0.0182246)
(0.00366393,0.048829)
(-0.0352933,-0.00616621)
(0.062401,0.0485043)
(0.0060424,0.009431)
(0.0168323,0.0355625)
(0.0301266,0.0550649)
(0.0130046,-0.0412369)
(-0.00972613,-0.068419)
(0.100529,0.0525876)
(0.0393028,0.0312061)
(0.0278834,0.0143178)
(-0.0788183,0.0086759)
(0.0635374,0.0202099)
(0.0928099,0.0198687)
(-0.00638056,0.0626779)
(0.014253,-0.0295517)
(-0.0804715,0.0128835)
(-0.059096,0.00257356)
(-0.0349947,0.0083921)
(-0.0372036,0.0381775)
(0.0500889,-0.0458043)
(0.0125722,0.0347782)
(-0.0601599,-0.0310552)
(-0.0478334,0.00599208)
(0.0131364,0.0344916)
(-0.0892904,0.0233124)
(-0.0359619,-0.0247152)
(-0.0229236,-0.00139652)
(-0.0292178,0.0121396)
(0.00508159,-0.0481538)
(0.0646733,0.0369522)
(0.37466,-0.127979)
(0.00187436,0.0186057)
(-0.00772024,0.0272973)
(-0.0423953,-0.00437882)
(-0.0637188,-0.0721895)
(-0.113853,-0.066414)
(-0.0565824,-0.027677)
(-0.0342394,-0.0229808)
(-0.0474139,-0.0122321)
(0.0239714,-0.0856375)
(-0.0633786,-0.0795591)
(-0.0427593,-0.0449692)
(0.430328,-0.207742)
(-0.00577115,-0.030589)
(-0.0309734,0.0128987)
(-0.00622095,-0.023544)
(0.00446946,-0.019529)
(-0.0189636,-0.00895925)
(0.00144121,0.0139876)
(0.0825387,-0.069214)
(0.0120418,-0.00152494)
(0.0212539,0.060498)
(-0.0266778,-0.045454)
(0.016917,-0.000800089)
(-0.0290476,-0.0220117)
(-0.0498041,-0.00484468)
(0.0427528,-0.0370848)
(-0.0334377,-0.0675661)
(0.466577,0.0077765)
(0.0374307,-0.0328336)
(0.0686083,0.0507729)
(-0.0961935,-0.0500543)
(0.0565238,-0.0336976)
(0.0458369,-0.0496072)
(-0.0547734,-0.0608453)
(0.0731472,0.0397771)
(-0.015623,0.0054264)
(-0.0184387,-0.00861684)
(0.0498704,0.0550477)
(0.0379521,0.0402135)
(0.0155939,0.100326)
(-0.0219832,0.0105035)
(0.159508,-0.0290041)
(0.40559,-0.103164)
(0.466016,-0.103815)
(0.0965612,-0.0478481)
(0.00102068,0.0174003)
(0.422237,-0.126427)
(-0.0733769,0.100495)
(0.0550983,-0.0405767)
(-0.037956,0.00639964)
(-0.0399581,-0.0100939)
(-0.00503268,-0.00926965)
(0.265046,-0.113016)
(0.100304,-0.0639667)
(0.0310771,0.0499119)
(-0.0287644,0.00919647)
(-0.0241179,0.0099154)
(0.0341028,0.025168)
(0.453196,-0.166825)
(-0.052922,-0.0426936)
(-0.0329382,-0.0109936)
(-0.00575094,0.0118684)
(-0.000802107,0.0685647)
(-0.00718975,-0.0512682)
(-0.015347,-0.0252912)
(0.0152989,0.0827347)
(0.461701,-0.0972387)
(0.416341,-0.0750792)
(0.0256901,-0.0270882)
(0.0115379,-0.0769859)
(0.0230169,0.0315004)
(0.0675972,0.0394883)
(-0.0111058,0.0390459)
(0.143995,-0.0224737)
(0.364671,-0.109422)
(-0.03419,-0.0279719)
(0.0310295,-0.0575585)
(-0.029971,0.0302631)
(0.0707259,0.00864827)
(0.0366125,0.0796374)
(0.0128746,0.022114)
(0.0328771,-0.036892)
(0.000471683,-0.0721765)
(0.0347057,0.0150202)
(0.00944694,-0.0243823)
(-0.0389925,-0.0626013)
(0.0412814,0.0787719)
(0.0679399,0.0493902)
(-0.0700775,-0.0207132)
(-0.0152244,-0.0836183)
(0.0240622,0.0348642)
(0.0435835,0.0134532)
(0.04663,0.00963593)
(-0.0645692,0.0321108)
(-0.00457856,0.048388)
(0.559788,-0.122697)
(-0.04917,0.0176077)
(0.00939014,0.0164488)
(-0.0998689,-0.0878682)
(-0.119856,-0.0687039)
(0.00297415,0.0234901)
(0.0220421,-0.00631081)
(-0.0594992,-0.0322291)
(0.050192,-0.0163043)
(0.01543,0.099992)
(0.0284425,-0.0234527)
(0.44783,-0.130649)
(0.0196511,0.106404)
(0.00619046,0.0374302)
(-0.0229653,0.0157379)
(0.0332733,0.00176223)
(0.0386997,0.0170883)
(-0.0356878,-0.0587517)
(0.0290243,-0.0293103)
(0.0525622,-0.0492979)
(-0.0410511,-0.102268)
(0.00333052,0.0270198)
(-0.054539,0.0191632)
(0.416518,-0.0986241)
(-0.0680424,-0.0251031)
(0.0135214,0.0296719)
(0.0439509,0.0450856)
(-0.0650622,-0.051917)
(-0.0530757,-0.020512)
(0.00596069,-0.0076185)
(0.0668004,0.0363962)
(0.0722879,0.0370829)
(0.0579107,0.0304386)
(-0.0226117,-0.0628756)
(0.0473482,0.0138189)
(-0.0790192,-0.0476556)
(-0.0412525,-0.0748902)
(-0.00678017,0.000776298)
(-0.0195048,-0.0214349)
(0.0744559,-0.0181047)
(0.003563,-0.000602333)
(-0.0359205,-0.0284656)
(-0.0168263,-0.078388)
(-0.0471529,-0.0472015)
(0.08111,-0.0433251)
(0.0242866,-0.0168509)
(0.208136,-0.13744)
(0.0590348,0.0130938)
(-0.0179171,0.0749903)
(0.0173947,0.0517779)
(0.0329523,0.0161155)
(-0.0889352,0.0895163)
(-0.0017159,-0.0195711)
(0.0128952,0.0429647)
(-0.0420926,-0.0156045)
(0.0316177,0.0390883)
(0.0136148,-0.0199094)
(0.0178633,0.0271163)
(-0.0595122,-0.0114716)
(0.0275806,0.0145117)
(0.044349,0.0448717)
(-0.0455085,0.0346936)
(-0.0590751,-0.024638)
(-0.0786115,-0.0470008)
(0.0418062,-0.00719565)
(0.410905,-0.112962)
(-0.103645,-0.00247995)
(0.575079,-0.125203)
(0.0239626,0.068333)
(-0.0520611,0.0855343)
(-0.0110232,0.0854201)
(-0.00352207,0.00521377)
(0.0637177,0.0460568)
(0.0176501,-0.0547133)
(0.0117399,5.64454e-05)
(-0.00274278,-0.00946831)
(-0.0420151,0.0732941)
(-0.00695742,-0.0217924)
(0.436235,-0.118046)
(-0.0179446,-0.0320725)
(-0.0040328,-0.00713415)
(0.0722617,0.0300081)
(0.0552725,-0.027263)
(-0.033659,-0.0178952)
(0.426017,-0.0534313)
(0.0483703,-0.0196469)
(0.0241879,-0.0494325)
(0.710046,-0.0817438)
(0.0509875,-0.035231)
(-0.0563939,0.0183625)
(-0.0216894,0.0274982)
(0.0444819,-0.0145399)
(0.395056,-0.0676445)
(0.509137,-0.171484)
(0.540473,-0.0468079)
(0.44854,-0.0731389)
(-0.0368454,0.0114933)
(-0.0626264,0.0220377)
(0.00479309,-0.00258962)
(-0.00166916,-0.0621626)
(-0.0202911,0.0292288)
(-0.0582038,0.000600268)
(-0.068855,-0.0223304)
(0.0762438,0.0306355)
(-0.0241402,0.015105)
(-0.0329648,0.0823757)
(0.0124114,-0.00704576)
(0.0512226,0.011997)
(0.0759274,0.0240362)
(0.0659296,0.0276096)
(0.0778852,0.0425468)
(0.0362615,0.00764537)
(0.0833195,-0.0366382)
(-0.00978851,0.00946225)
(-0.0375906,0.0972362)
(-0.00238376,0.0751504)
(-0.0112802,0.0116458)
(-0.0366003,0.08504)
(-0.0391444,0.0175945)
(0.00178958,0.0259083)
(0.0272011,0.0718687)
(-0.00453527,-0.0179011)
(0.0412735,0.0288196)
(-0.0273704,-0.0331115)
(-0.0628987,-0.0442026)
(0.0690739,0.046983)
(0.0437791,0.0172379)
(0.0280363,0.0567238)
(0.0419455,-0.0166141)
(0.43503,0.000125595)
(0.0333423,-0.00169115)
(0.539126,-0.127208)
(-0.0332655,0.0893184)
(0.0318487,0.0030804)
(-0.0525388,0.00859853)
(-0.0824376,0.0735799)
(0.0033144,0.0590626)
(-0.0446156,0.0020182)
(0.0169535,0.0472003)
(0.0184903,-0.0149915)
(0.0278992,-0.00954773)
(0.00728255,-0.004022)
(-0.00601015,-0.0490539)
(-0.0253764,0.0895279)
(0.0141223,-0.0415399)
(0.0146085,0.0372895)
(-0.0615433,-0.0114593)
(-0.06449,-0.0401115)
(0.0541464,-0.0549255)
(-0.00156085,-0.0934426)
(-0.0111918,0.0722539)
(0.0159384,0.0516981)
(0.0477874,-0.0204094)
(0.188674,-0.0807171)
(0.07599,0.0206305)
(-0.0297271,-0.0408571)
(0.00542607,-0.035643)
(0.0652258,-0.0364487)
(0.411102,-0.100288)
(0.00372363,0.0890263)
(-0.0263956,0.0782383)
(0.0201453,-0.0624021)
(-0.0609154,0.0714326)
(0.0572213,0.0262961)
(0.117747,-0.028465)
(0.255414,-0.108717)
(0.344387,-0.185393)
(-0.0269183,0.0605785)
(-0.0102718,0.0407041)
(-0.0828034,0.0264788)
(0.195208,-0.118713)
(0.524004,-0.0718911)
(0.0616383,-0.0187991)
(-0.0602936,-0.0416052)
(-0.00791518,0.0226644)
(-0.0635076,-0.0212464)
(-0.0257411,0.0506589)
(-0.0350173,0.02428)
(-0.0138696,0.0365144)
(-0.00576132,-0.0101138)
(0.0438901,-0.0136943)
(0.0594326,0.0287424)
(0.495612,-0.109596)
(0.041484,0.0173473)
(-0.0122233,-0.0298403)
(0.0431679,0.0325279)
(-0.00187936,-0.0373869)
(-0.0267388,-0.0421661)
(0.0392961,0.00713024)
(0.0074662,-0.0134761)
(0.254738,-0.17094)
(0.0429689,0.0886611)
(-0.0139929,0.00769339)
(0.0599256,0.0888421)
(0.0248946,-0.0285806)
(-0.0300496,0.0329485)
(-0.062939,0.00429489)
(-0.00602787,0.0531404)
(0.270349,-0.0883262)
(0.661057,-0.0297328)
(-0.0554023,0.0575269)
(-0.0713907,0.00231283)
(0.0164028,0.0206361)
(-0.0747744,0.061386)
(-0.120972,-0.0127586)
(-0.12846,-0.006857)
(0.0377904,0.0503882)
(-0.0278733,-0.0198814)
(0.0311632,0.0191362)
(0.073586,-0.0307202)
(0.021208,-0.0256167)
(0.0369924,-0.00544912)
(-0.0845604,-0.00336169)
(-0.0231179,0.0398669)
(0.00251949,0.061402)
(-0.0378052,0.0259341)
(-0.0234135,0.0478238)
(0.0368256,-0.00970792)
(0.088218,-0.0666656)
(0.0597908,0.0588525)
(0.0897448,0.0367033)
(-0.0564345,-0.0472851)
(-0.0595701,-0.0137669)
(-0.0473401,0.0104274)
(-0.0198586,0.0337255)
(0.00615053,0.0117153)
(0.0196783,0.00498807)
(-0.00662465,0.00786784)
(0.0693751,-0.0131544)
(-0.0171744,-0.0460591)
(0.0226963,-0.0261968)
(0.0222899,0.0255503)
(-0.0245606,0.0578768)
(0.0132643,0.0783373)
(-0.014761,0.029149)
(0.0518433,0.00509201)
(0.604864,-0.105573)
(0.0459081,0.0291587)
(-0.035503,-0.0309256)
(0.00374692,-0.0255756)
(0.0691965,0.0842718)
(0.0160262,-0.0392232)
(0.0370693,-0.024039)
(0.0496964,0.00906318)
(0.0457509,-0.054219)
(-0.0055035,-0.0609721)
(0.0371833,-0.0127347)
(0.00371391,-0.0354418)
(0.0717052,0.00666488)
(0.0590258,0.0334313)
(-0.0115302,0.00532395)
(0.0392609,-0.0211773)
(0.0298219,-0.0337782)
(-0.00849966,-0.0302743)
(-0.0170873,-0.0470003)
(-0.0240878,-0.035932)
(-0.0309634,0.0564618)
(0.00548811,0.00206317)
(-0.01062,0.0243364)
(-0.0581385,0.00498073)
(-0.0235334,-0.0135647)
(-0.00458764,0.0296455)
(-0.0351903,-0.0897754)
(0.0301881,-0.0912501)
(0.00438371,-0.0529728)
(0.0188171,-0.036117)
(-0.0143108,0.00247674)
(0.0675529,-0.0434392)
(-0.0503913,0.0312013)
(0.0262559,-0.0718253)
(0.0780685,-0.0335617)
(0.0758091,-0.0826063)
(0.00600897,-0.0828382)
(-0.0454187,-0.117913)
(-0.0450852,-0.00503524)
(0.0524579,-0.0452679)
(0.0831905,-0.0301311)
(-0.03251,0.066914)
(-0.0703442,0.0342831)
(-0.0139176,0.047977)
(-0.0175396,-0.0198915)
(0.00715101,0.000299519)
(-0.0154189,0.0716704)
(-0.024906,0.0848379)
(0.0154,0.03821)
(-0.0831542,-0.0305419)
(0.013368,-0.0212568)
(0.0555597,0.0181678)
(-0.0399959,-0.0803798)
(0.0174164,-0.0268362)
(0.461927,-0.0735156)
(0.0162543,-0.0678055)
(0.0343947,0.0050232)
(-0.0105467,0.0412864)
(-0.0219495,-0.0252532)
(0.032195,0.0327234)
(0.0226385,0.0423495)
(0.0519243,0.0500248)
(0.0399396,0.015066)
(0.0538432,-0.010744)
(0.0152993,0.00102097)
(0.030374,9.54479e-05)
(0.0400483,-0.00946641)
(0.0375611,0.0299878)
(-0.0519377,0.0541439)
(-0.0167452,0.0209032)
(0.0542674,0.0469865)
(0.078676,0.0225984)
(-0.0316849,0.0503279)
(0.0317375,0.026416)
(-0.037827,0.0120464)
(-0.00419794,-0.0706311)
(-0.0146962,-0.0485972)
(-0.0242143,-0.117123)
(0.0904169,0.00386045)
(0.527982,-0.124362)
(0.473862,-0.0726593)
(0.0104686,0.12766)
(0.460768,-0.0477264)
(0.0532774,-0.0705304)
(0.4466,-0.0673009)
(0.261593,-0.12799)
(-0.0194445,0.0308249)
(0.500011,-0.148948)
(0.575811,-0.10137)
(0.558267,-0.0905968)
(-0.0195057,0.0670705)
(-0.0422407,0.0328983)
(-0.0378036,-0.00208013)
(-0.0531643,0.0143544)
(0.0330669,0.0538308)
(-0.0178563,0.0112676)
(-0.0227362,0.0289795)
(-0.0426435,0.0236679)
(-0.0420778,0.00934527)
(0.00115452,-0.0601524)
(0.0284639,-0.00383463)
(0.0261842,-0.0379584)
(-0.0377293,0.0403186)
(-0.0366388,-0.003474)
(0.0360918,0.0494515)
(-0.0300528,-0.0704611)
(-0.0547296,0.0789223)
(-0.0299602,0.0279097)
(0.00787196,0.0356493)
(0.0189536,-0.0259262)
(-0.0382724,-0.0738251)
(-0.00395913,0.0388641)
(-0.0360216,-0.0291051)
(0.0234522,-0.0160807)
(-0.000192155,0.0220389)
(0.0297179,-0.00310274)
(0.055624,0.0742951)
(-0.0206351,-0.0107917)
(0.00907559,0.0242269)
(-0.00948354,-0.0239724)
(0.0170099,0.0361412)
(-0.0139794,-0.0182685)
(-0.0134995,-0.0187408)
(-0.0320622,-0.0463147)
(-0.0161888,-0.0238406)
(-0.0231607,-0.0804896)
(-0.00022776,0.0162343)
(0.525497,-0.259794)
(0.0229599,-0.0343575)
(-0.00101664,0.0216097)
(0.0051836,0.0140695)
(0.00903497,-0.0152343)
(0.00799684,0.058312)
(-0.0135232,0.0463894)
(0.454371,-0.138791)
(0.638573,-0.190887)
(0.430299,-0.127873)
(-0.0235086,-0.00272721)
(0.404239,-0.098559)
(-0.00590395,0.0208808)
(0.0815147,-0.019363)
(0.0142589,0.0322322)
(0.0226656,0.00613416)
(0.203356,-0.0755101)
(0.0140755,0.0284474)
(-0.000222085,0.0469427)
(-0.0144863,0.0314986)
(0.121504,-0.0488259)
(0.0259444,-0.00326448)
(-0.111781,-0.024031)
(0.447421,-0.0628906)
(0.00586348,-0.00242948)
(-0.0319331,0.0164552)
(0.00299025,0.0259698)
(0.0293834,0.0365131)
(0.0262328,-0.0182079)
(0.00211169,0.0523928)
(0.061505,-0.0612172)
(-0.0039243,0.0460767)
(0.0605402,0.0201289)
(0.192248,-0.0439635)
(0.0686251,0.030608)
(0.0372244,0.00396958)
(-0.044203,0.0514005)
(-0.0807616,0.0232923)
(0.00920011,0.0495264)
(0.0304161,-0.00341273)
(0.00480771,-0.0405062)
(-0.0490563,0.0344281)
(-0.00673083,-0.0162568)
(0.00457996,-0.00662462)
(0.0117055,0.0266715)
(-0.0147927,0.0517276)
(0.0530235,0.0510374)
(0.0217794,0.0548947)
(0.0188849,0.0526304)
(0.020711,-0.00669864)
(0.0282443,0.00524231)
(0.0141436,-0.106532)
(0.0237211,0.0349616)
(-0.0591397,-0.0191639)
(0.0376817,0.106361)
(0.000746402,0.048692)
(0.0233636,-0.12571)
(0.0853754,0.059138)
(-0.000266678,0.048003)
(0.059489,-0.097039)
(0.0165063,0.0390103)
(-0.0434111,-0.0173091)
(-0.0278121,-0.0418736)
(-0.00786274,0.0369798)
(-0.0614366,-0.0235529)
(-0.067818,-0.0201276)
(0.0502113,0.042086)
(-0.026657,-0.0333311)
(-0.0862022,0.0702877)
(-0.00365719,0.00482103)
(0.00518305,0.0289555)
(-0.0174568,0.0186952)
(0.0377812,0.00138562)
(-0.000218571,0.0367826)
(0.115065,-0.0857374)
(0.0792915,-0.000768233)
(-0.0303151,-0.0721848)
(-0.0247716,0.0447139)
(-0.0522988,-0.0971886)
(-0.0025899,0.0879427)
(-0.0409086,0.0185669)
(0.0807856,0.0752598)
(0.0782466,0.075993)
(0.00690451,-0.0385012)
(0.0245147,0.0469588)
(-0.0478332,0.00925945)
(-0.0244811,0.0716863)
(0.00730619,0.00529348)
(-0.0381817,-0.0288869)
(0.0162166,-0.0775031)
(0.0882174,-0.0278684)
(0.0362662,0.0333429)
(0.0273537,0.0568234)
(-0.0525452,0.0476027)
(-0.0615786,-0.0218477)
(0.00136186,-0.0358899)
(0.0325738,-0.000648848)
(0.0640808,-0.0436471)
(0.439411,-0.0874794)
(0.00575238,0.00550345)
(-0.0557767,-0.0448449)
(-0.000552141,-0.0268514)
(-0.0413783,-0.021275)
(0.000547484,-0.0537416)
(0.0418326,-0.0341507)
(-0.045369,0.0112695)
(0.0278648,-0.0494387)
(0.532872,-0.143905)
(0.012186,-0.096826)
(0.0464131,0.00120645)
(0.0530351,-0.0688017)
(0.50919,-0.125881)
(-0.0247274,-0.0159437)
(-0.0225547,-0.0189947)
(0.0384426,0.0145112)
(-0.0226922,-0.00928473)
(-0.0200733,-0.0042981)
(0.00561757,-0.0199517)
(-0.0486894,-0.0224335)
(0.30959,-0.0695607)
(0.174255,-0.07064)
(0.0228632,0.00371953)
(-0.0147851,0.0351798)
(-0.0457517,-0.058234)
(0.0455344,0.0577725)
(-0.0123223,-0.0762697)
(0.407876,-0.0432147)
(-0.0542118,-0.0191959)
(-0.00519698,-0.00754083)
(0.0139821,0.000947745)
(0.0393987,-0.00346577)
(0.068934,-0.021145)
(0.00313434,0.00368447)
(0.505485,-0.111325)
(-0.00501565,-0.0200077)
(0.515999,-0.102383)
(-0.0402984,0.0678353)
(-0.0372355,0.00823136)
(-0.0140766,-0.0593268)
(0.036149,0.0403415)
(0.474324,-0.209163)
(0.107227,-0.0196539)
(0.271559,-0.137511)
(0.0338897,-0.00618677)
(-0.0168898,0.0168689)
(-0.0558151,0.00299652)
(0.210529,-0.0542483)
(0.236297,-0.0819294)
(-0.0103484,0.0228269)
(-0.00646958,-0.00559487)
(0.306189,-0.129078)
(-0.0182597,0.0240109)
(-0.0635022,-0.0274295)
(0.223837,-0.0911255)
(-0.0404129,0.0258003)
(0.00773245,0.015471)
(0.333861,-0.051495)
(-0.074825,-0.033738)
(0.148281,-0.000588187)
(0.204881,-0.0607033)
(0.00851541,0.0712212)
(0.23253,0.01262)
(0.0629322,-0.0656026)
(0.00549929,-0.0592147)
(-0.00375324,0.05845)
(-0.0514889,0.0530896)
(-0.0199938,0.0125411)
(0.0534284,-0.0544213)
(0.0318522,-0.0434856)
(0.0413596,0.0441838)
(-0.0199918,0.0625272)
(0.0522417,0.0430264)
(-0.0356104,-0.00262269)
(0.0750205,0.0480181)
(-0.106113,0.0243851)
(-0.0320164,0.0213931)
(-0.0321837,0.015684)
(-0.0296194,-0.0390637)
(-0.0523724,0.000531309)
(0.314675,-0.0707011)
(0.020023,0.0694498)
(0.0213201,0.0569683)
(0.116672,-0.0550637)
(-0.112309,0.0478114)
(-0.0697644,0.0474781)
(0.549028,-0.0699149)
(-0.00743842,0.0107538)
(0.550298,-0.126555)
(-0.00229902,-0.0212252)
(0.0143846,0.0345556)
(0.156798,-0.0932186)
(-0.0174446,-0.00662159)
(0.0255362,0.0276769)
(0.458134,-0.110091)
(-0.0231985,-0.017128)
(0.0744639,0.0422143)
(0.0135211,0.00205188)
(0.0230424,0.0692308)
(0.119882,0.0100074)
(0.0441854,-0.0471397)
(0.0734399,-0.0593794)
(0.0477607,-0.0165783)
(-0.11119,-0.0432783)
(0.218037,-0.156508)
(0.0227126,0.0403812)
(0.286674,-0.152599)
(-0.0252906,-0.0640378)
(-0.0454108,-0.0204812)
(0.467892,-0.115464)
(-0.0588616,0.0895397)
(0.00531065,0.0496754)
(-0.0344266,-0.00834577)
(0.397791,-0.0801489)
(0.00336927,-0.0222795)
(-0.0480169,-0.050355)
(0.0638517,0.0219777)
(0.00516468,0.0368577)
(0.0464364,0.0371402)
(0.0736594,0.00207935)
(-0.110473,0.0216388)
(0.0125095,-0.00271234)
(-0.034731,0.0345222)
(0.0462753,-0.0487398)
(-0.0644346,0.033289)
(-0.000387719,0.0409954)
(0.0784673,0.0291302)
(0.0673874,0.0366713)
(0.0200321,-0.0488076)
(-0.0337246,-0.026257)
(-0.000427072,-0.0816507)
(-0.00309035,-0.0028275)
(0.00444542,-0.0426525)
(-0.0144275,0.0103294)
(0.0521167,0.0212093)
(0.07123,0.0138351)
(0.0441162,0.0764571)
(0.00890237,0.0185699)
(-2.46428e-05,0.0371391)
(-0.017216,-0.0738066)
(-0.0615545,-0.105219)
(-0.0763176,-0.0959173)
(-0.0573148,-0.0436179)
(0.00875973,-0.00312889)
(0.020666,-0.0328973)
(0.011821,0.0160863)
(0.466148,-0.106722)
(-0.0624983,0.00213326)
(0.0362055,0.0169728)
(0.0093531,0.00746768)
(0.428007,-0.0568588)
(0.044203,-0.000566868)
(0.0194041,-0.0202431)
(-0.0245697,-0.0309355)
(-0.00190087,0.010083)
(0.0192875,-0.0104082)
(-0.014959,-0.0402315)
(0.0212826,-0.00206113)
(0.381007,-0.0840004)
(0.0329683,-0.00820609)
(-0.0785199,0.00367237)
(0.634614,-0.152405)
(0.0121402,-0.0168313)
(-0.00706363,0.00748631)
(0.0243751,-0.029169)
(0.470063,-0.0767314)
(0.036031,0.0290785)
(-0.0390918,-0.02716)
(-0.0141988,-0.0426652)
(-0.12554,-0.00551827)
(-0.00817262,-0.0181146)
(-0.0760843,-0.0585606)
(-0.000784056,-0.0628243)
(-0.00929818,0.0275465)
(-0.0037301,-0.0392111)
(-0.00552715,-0.0590603)
(0.00945796,-0.0501452)
(0.421729,-0.0565355)
(0.0538741,0.00118087)
(-0.0423557,0.0321653)
(-0.0263872,-0.0255663)
(0.00301337,-0.00218229)
(0.00749744,-0.0629024)
(-0.0104611,0.0721743)
(-0.0193352,-0.0430374)
(-0.00988754,-0.0118114)
(0.0062397,-0.0724697)
(0.00565634,0.0448461)
(0.0094435,0.070201)
(0.442594,-0.0862212)
(0.0071898,-0.0044283)
(0.0156589,-0.00532713)
(-0.0173196,0.0425542)
(0.0271988,-0.0210001)
(-0.0486055,0.0805959)
(0.000124118,0.00709473)
(0.155356,-0.17279)
(0.206417,-0.101194)
(0.139846,-0.143119)
(0.00897891,0.00428512)
(-0.0114151,0.0220247)
(0.605147,-0.176621)
(0.34555,-0.120068)
(-0.0220718,0.00494364)
(0.393793,-0.0759483)
(0.456083,-0.0473744)
(0.196954,-0.113381)
(0.0508017,-0.0133958)
(0.0358358,-0.0261327)
(0.0551582,0.0396632)
(0.109271,-0.0043815)
(0.012241,0.0434694)
(0.0111561,0.0456441)
(-0.0672377,0.00505877)
(0.078323,0.000325402)
(-0.0940538,0.0112866)
(-0.0321869,-0.0259899)
(0.0539992,-0.00480862)
(0.471361,-0.120134)
(-0.0349067,0.0351358)
(-0.000317615,0.0101327)
(-0.0417424,0.0145964)
(0.553946,-0.0954294)
(-0.0456888,0.077733)
(-0.0122533,-0.0060394)
(0.525146,-0.145406)
(0.49756,-0.0871555)
(-0.0311261,0.020559)
(0.336167,-0.0813191)
(-0.00347554,0.0371993)
(-0.0253437,0.071395)
(0.475298,0.0132603)
(0.268251,-0.0841043)
(0.404914,-0.111259)
(0.46851,-0.046326)
(0.0186076,-0.0157187)
(0.752444,-0.0227397)
(-0.0431641,0.000648246)
(-0.0253529,0.0847396)
(0.0540283,-0.00587409)
(0.178216,-0.0771666)
(-0.0420028,0.0423829)
(0.10173,-0.0761466)
(0.00835739,-0.00290976)
(0.0196554,-0.00600246)
(0.0302091,-0.0136509)
(0.0198764,-0.0068773)
(0.0558575,-0.00377952)
(-0.00921422,0.0461501)
(0.0661945,0.037105)
(0.107498,-0.0467426)
(-0.072631,0.00369566)
(0.0175402,-0.0499893)
(0.0192792,0.0595921)
(0.0116538,0.0456671)
(0.0252476,0.0178931)
(0.458161,-0.0617026)
(-0.0380893,0.091796)
(0.028764,0.000509003)
(-0.00512296,-0.0156365)
(-0.0143945,0.0332295)
(0.0498108,0.00436612)
(0.0256748,0.0458509)
(-0.0485735,-0.0862627)
(-0.0292966,-0.0100318)
(0.555428,-0.076575)
(-0.0224646,0.00750953)
(0.339378,-0.0303284)
(0.000400012,0.016066)
(0.0540194,0.0281743)
(0.00257909,0.0020487)
(0.0901287,-0.040841)
(-0.0334322,-0.0277083)
(0.0144907,-0.0973449)
(0.0196891,-0.0381345)
(-0.00406286,-0.036874)
(0.0322859,0.0146119)
(0.0307695,-0.0339657)
(0.0689013,-0.00514988)
(0.0400842,0.0248875)
(0.446539,-0.12192)
(0.308422,-0.065919)
(-0.0251738,-0.0167583)
(0.04741,-0.0395767)
(0.0222119,-0.0152469)
(0.0713967,-0.0451781)
(0.455938,-0.13324)
(0.0454427,0.0289861)
(0.0787296,-0.00879711)
(0.0898125,0.022561)
(0.0734644,-0.0157587)
(0.30072,-0.140739)
(0.0546865,0.00886306)
(-0.0351399,0.00145116)
(-0.0229283,0.00398579)
(-0.0114543,0.0209282)
(0.491036,-0.0615149)
(0.037372,-0.0278755)
(-0.0265304,-0.00400167)
(0.0355044,0.0548281)
(0.0328481,0.0109642)
(0.0258735,-0.00440694)
(0.488322,-0.0765655)
(0.407649,-0.153229)
(0.659772,-0.055506)
(0.0360865,-0.0651058)
(0.0358491,-0.00895837)
(0.487714,-0.0622091)
(0.0382789,-0.0154125)
(0.0970143,-0.0612513)
(0.290144,-0.188456)
(-0.0536474,-0.034335)
(-0.0600901,0.0133265)
(-0.0564872,-0.00742359)
(-0.0455716,0.0472425)
(-0.0284278,0.0379943)
(0.159941,-0.0679203)
(0.183013,-0.129886)
(0.285472,-0.149002)
(0.281827,-0.0553691)
(0.636113,-0.166445)
(-0.012291,-0.0408446)
(-0.0555752,0.00680175)
(-0.030431,0.00945158)
(0.106046,0.0909574)
(0.548959,-0.0634021)
(0.543882,-0.121626)
(0.00342263,0.00753837)
(-0.0334294,-0.0497432)
(-0.0118217,-0.0270256)
(0.576736,-0.19409)
(0.0161973,0.0798242)
(0.0576916,0.0315031)
(-0.0476057,-0.00708661)
(0.62198,-0.0715858)
(0.0500783,0.0393801)
(-0.0347384,0.0553294)
(0.548452,-0.127379)
(0.51376,-0.120042)
(-0.0199878,0.0305664)
(-0.0220671,0.0106949)
(-0.0270915,-0.0419058)
(-0.00157458,-0.0386913)
(0.0315761,-0.022319)
(0.00115067,-0.0082729)
(0.0189649,-0.00411982)
(0.463634,-0.150876)
(0.681035,-0.0220375)
(0.605998,-0.129117)
(0.542865,-0.057513)
(0.444158,-0.112747)
(0.181346,-0.103037)
(0.277388,-0.0365475)
(0.194884,-0.073104)
(0.169597,-0.0932546)
(-0.0219716,-0.0403189)
(0.0192691,-0.05262)
(0.291108,-0.0584066)
(0.54951,-0.156158)
(0.548229,-0.123314)
(0.442207,-0.0634841)
(0.522997,-0.148911)
(0.00633986,0.0360914)
(0.525109,-0.0706044)
(-0.0338952,0.0808084)
(0.0192378,-0.0352137)
(-0.0321295,-0.0466228)
(-0.00112471,0.0618025)
(-0.05755,-0.019164)
(-0.0145589,-0.0902552)
(-0.00770284,0.0103439)
(0.0332345,-0.0317538)
(0.0362711,0.0596932)
(0.410544,-0.0979207)
(-0.0103287,-0.0548774)
(0.470927,-0.204205)
(0.461622,-0.0122831)
(0.448648,-0.153734)
(-0.0370275,0.000315167)
(0.0672909,0.0593075)
(-0.0199075,0.0251283)
(0.547627,-0.0966273)
(-0.0361179,-0.0463729)
(0.0150665,-0.00133142)
(0.315174,-0.131012)
(0.245861,-0.144427)
(0.520683,-0.0797081)
(0.380659,-0.0596624)
(0.59145,-0.218625)
(0.488266,0.0356307)
(-0.0112868,-0.061192)
(-0.0157715,-0.0698792)
(0.0163079,0.0202139)
(0.0252308,0.0731842)
(0.0173522,0.0781893)
(-0.0113217,-0.0280839)
(0.0229582,0.00834339)
(0.277977,-0.106589)
(0.199769,-0.0321692)
(-0.0424537,-0.00560196)
(0.190898,-0.0275966)
(-0.01356,-0.0261442)
(0.460035,-0.129824)
(0.549575,-0.0308232)
(-0.0549223,0.0337864)
(0.029006,0.0469322)
(0.0629467,0.0122132)
(0.0779396,-0.038473)
(0.433553,-0.203604)
(0.0227904,-0.063706)
(0.140737,-0.0889477)
(-0.0495372,0.0810358)
(0.288313,-0.148068)
(0.00932283,0.0639045)
(0.347378,-0.0779689)
(-0.00316574,0.0490645)
(0.026093,0.0316667)
(0.0227023,0.0022725)
(0.0189091,0.0279174)
(0.492635,-0.0616536)
(-0.0132227,0.0357381)
(0.496764,-0.127958)
(0.463923,-0.0793977)
(-0.00886164,0.0108869)
(0.492992,-0.0358227)
(0.58204,-0.0122185)
(0.54043,0.0215867)
(0.0226508,0.0210807)
(0.467608,-0.140169)
(-0.0613486,0.0633876)
(-0.054691,0.0365791)
(-0.0422802,0.0629053)
(-0.0320052,-0.00269667)
(-0.0219843,0.0791)
(-0.0308102,-0.0123438)
(-0.061183,0.0315372)
(0.722849,-0.0085212)
(-0.0446229,0.0111292)
(0.109621,-0.0295127)
(0.404868,-0.117671)
(0.45097,-0.0962142)
(-0.000983588,0.00268859)
(0.0586826,-0.0100695)
(-0.0260026,-0.0110905)
(0.400352,-0.16121)
(-0.0450902,0.00698294)
(0.471532,-0.221479)
(0.373028,-0.118925)
(-0.0564819,-0.0192152)
(-0.00813168,-0.00570775)
(0.537009,-0.00500513)
(-0.0562455,-0.0180675)
(-0.0170268,-0.0358873)
(-0.0207929,0.0535069)
(0.449064,-0.108241)
(0.468765,-0.101356)
(0.194671,-0.110214)
(0.449888,-0.140191)
(0.503119,-0.0714209)
(0.0869843,-0.0260913)
(0.48956,-0.106565)
(0.574651,-0.0371875)
(0.0233158,-0.107584)
(0.506752,-0.0234383)
(0.0720021,0.0614905)
(0.502791,-0.0635907)
(0.0937941,-0.015641)
(-0.0107822,0.0509312)
(-0.026726,-0.017789)
(0.0558064,0.0367178)
(0.000317963,0.0878726)
(0.0552319,0.0910637)
(0.00136177,0.0757394)
(0.0396408,0.036205)
(0.127054,-0.0894735)
(0.0220365,0.00393737)
(-0.0126365,-0.0145066)
(0.0341521,0.0456772)
(0.0128282,-0.0125526)
(0.014878,0.0161933)
(0.0442669,0.00440584)
(-0.00292864,0.057776)
(0.120426,-0.0859494)
(-0.0225791,0.0224623)
(0.0418911,-0.00833982)
(0.638091,-0.0673047)
(0.374774,-0.172524)
(-0.0265533,0.0162887)
(0.0869548,0.137206)
(-0.00285859,0.111356)
(0.132859,0.0234439)
(-0.0512884,-0.00476016)
(0.101008,-0.00622504)
(0.221398,-0.0950738)
(0.618119,-0.152439)
(0.586414,-0.129503)
(0.0133199,0.0705222)
(0.054926,-0.0354329)
(0.548422,-0.138402)
(0.00822519,0.032445)
(0.0429509,0.0133599)
(0.0858625,-0.0251924)
(0.492438,-0.0521638)
(0.081262,-0.0695008)
(0.244403,-0.165056)
(0.00506942,-0.0139523)
(0.122831,-0.122841)
(0.196816,-0.0855648)
(0.281618,-0.0549985)
(0.349236,-0.107292)
(0.0945576,0.0368383)
(-0.0342154,0.0406102)
(0.3945,-0.138897)
(-0.0223832,0.0777366)
(0.0295407,-0.00215726)
(0.0298791,-0.0256974)
(0.476492,-0.151895)
(0.0186668,-0.0246255)
(0.435031,-0.107101)
(0.0438755,-0.017233)
(0.0106293,0.0366103)
(-0.0261506,-0.0120906)
(-0.0130602,0.0556008)
(-0.0205122,0.0226238)
(-0.00077758,0.0322333)
(0.0255956,0.0253178)
(-0.028179,0.0207524)
(-0.022351,0.0647843)
(0.523494,-0.123305)
(-0.0111452,-0.00810159)
(0.047286,0.0173457)
(0.512279,-0.0577678)
(0.0843164,0.0101513)
(-0.0164362,0.0314451)
(-0.0104244,0.0109227)
(-0.00776875,0.0276489)
(-0.0537839,0.0481566)
(0.129326,-0.0923782)
(0.00503364,0.0665165)
(-0.0473626,-0.0399796)
(-0.0509036,-0.07084)
(0.0358905,-0.019851)
(-0.045518,-0.0362638)
(0.491708,-0.00328869)
(-0.036793,0.0672246)
(0.646296,-0.123542)
(0.355046,-0.135886)
(0.502666,0.0157891)
(-0.0323101,-0.00298769)
(0.385497,-0.0279799)
(0.409769,-0.137689)
(0.390254,-0.0547299)
(-0.0563871,0.0402668)
(0.0250239,0.0564883)
(-0.0576785,0.0739028)
(-0.0124161,0.0279848)
(0.557306,-0.161318)
(0.570546,-0.10167)
(-0.0362948,-0.00271045)
(-0.0311815,0.00835517)
(-0.00686568,0.010378)
(0.0551443,0.0104762)
(0.338854,-0.0699813)
(0.0520028,-0.002856)
(0.0502237,0.0289495)
(0.024249,0.0359541)
(0.0841866,-0.00271842)
(0.384125,-0.0769178)
(-0.0565659,-0.0843664)
(0.45952,-0.0355871)
(0.00908273,0.00964329)
(0.0464216,0.0667664)
(0.0792998,0.0368967)
(0.638376,-0.163277)
(0.0152418,0.00985643)
(0.292566,-0.11768)
(0.544275,-0.145083)
(-0.047457,0.00206484)
(0.00037363,0.0370214)
(0.0748812,-0.0969003)
(-0.0148117,0.067591)
(-0.067307,0.0320198)
(0.0188547,-0.122693)
(0.375819,-0.164756)
(0.262886,-0.191803)
(0.0570235,-0.0431902)
(0.0172619,-0.0158255)
(0.00779223,-0.0139573)
(-0.102028,0.0705541)
(0.00335989,-0.00512953)
(0.00915546,-0.0456677)
(0.41764,-0.0811952)
(0.526626,-0.0896208)
(0.628658,-0.0728593)
(-0.0130255,-0.0460601)
(0.349381,-0.0713925)
(-0.0415611,0.0236566)
(0.0428564,0.0233418)
(0.0351098,0.0123442)
(0.0207433,0.133572)
(-0.0105595,0.0324209)
(0.0653194,-0.0558317)
(0.268932,-0.0823541)
(0.570446,-0.114907)
(0.543593,-0.138148)
(0.0877705,-0.0796381)
(0.525397,-0.168225)
(0.0204197,-0.120631)
(0.417408,-0.171892)
(0.461684,-0.0674942)
(-0.0101715,-0.0911116)
(0.476238,-0.111999)
(0.432452,-0.141198)
(0.528224,-0.134601)
(0.41309,-0.111966)
(0.5186,-0.0907028)
(0.103672,-0.0500941)
(0.256076,-0.132777)
(0.201352,-0.0338905)
(0.431871,-0.0747199)
(0.0246305,-0.0419249)
(0.521872,-0.0533502)
(0.376503,-0.150633)
(0.00609428,-0.00141233)
(-0.0608422,0.0104139)
(-0.0747204,0.0713207)
(-0.0622989,-0.0471542)
(0.414977,-0.155038)
(-0.0164655,0.00867087)
(0.468079,-0.146479)
(0.00564306,0.006274)
(0.265941,-0.0533268)
(-0.0118102,-0.0500716)
(-0.026758,-0.0422467)
(0.445353,-0.11792)
(0.0496834,0.0814855)
(0.0910899,-0.0713696)
(0.514354,-0.148353)
(0.049621,-0.0387742)
(-0.00365788,-0.0501916)
(-0.0452407,0.028445)
(-0.0641767,-0.026119)
(-0.0255906,0.0259366)
(-0.0133694,0.00378015)
(0.541465,-0.140078)
(0.553538,-0.171592)
(0.421702,-0.0936975)
(-0.024698,-0.0938744)
(0.00899458,0.0662768)
(0.353438,-0.190369)
(-0.0195194,0.0329117)
(0.010794,-0.00256189)
(0.019789,-0.0403773)
(-0.0356154,-0.034637)
(0.552884,-0.106808)
(0.439466,-0.0585957)
(0.486182,-0.0959877)
(0.408083,-0.0387643)
(0.410003,-0.0796024)
(-0.0885,-0.0180083)
(0.418941,-0.0395541)
(0.305052,-0.110727)
(-0.0637823,-0.0919579)
(0.350739,-0.0796541)
(0.475547,-0.113056)
(0.0275934,-0.0633027)
(0.00287656,0.0712587)
(0.541646,-0.122222)
(0.00825342,0.0163627)
(0.0369386,-0.0300846)
(0.41982,-0.129817)
(0.0465385,-0.00228604)
(-0.0245944,-0.0416129)
(0.0429113,0.0395188)
(0.0704996,-0.0242398)
(0.498057,-0.0480227)
(-0.0210382,0.026625)
(-0.0652241,0.0869458)
(-0.00105336,0.025925)
(0.395623,-0.0593022)
(-0.0259206,0.0459446)
(0.0131637,0.0267442)
(-0.0340655,0.0649473)
(0.0878484,-0.046083)
(-0.0506424,-0.0802267)
(0.0332856,0.00673111)
(0.107183,0.0276226)
(0.113106,0.00772887)
(0.014806,0.0546283)
(0.0729908,0.0672356)
(0.0924294,0.0603322)
(0.475463,-0.0954301)
(-0.0651512,0.0404792)
(0.522524,-0.0232886)
(-0.0239634,-0.00239251)
(-0.0238284,-0.0545911)
(0.190011,-0.0979868)
(0.535478,-0.136126)
(0.324161,-0.103055)
(-0.0524092,0.0533596)
(-0.0145865,-0.0298227)
(0.0475001,-0.0191782)
(0.0286743,-0.0379584)
(-0.00739113,-0.000929393)
(-0.029619,0.029146)
(-0.0550842,-0.0293722)
(0.0191727,0.0263493)
(-0.0736598,-0.00936448)
(-0.00197352,0.0549908)
(0.00702542,-0.0220469)
(0.415469,0.0579884)
(0.00233003,0.0573821)
(0.0645768,0.00555935)
(0.0228756,0.00908995)
(0.0346815,0.0228996)
(0.185927,-0.0485642)
(0.127152,-0.0702985)
(-0.0182447,0.0380582)
(0.111208,-0.112573)
(0.543881,-0.0756125)
(-0.0512927,-0.0863834)
(0.443846,-0.0831302)
(-0.0277614,-0.137212)
(-0.0107402,0.0280001)
(0.10523,-0.0207001)
(0.0512488,-0.0624394)
(0.0912147,-0.0274378)
(-0.05473,0.00725005)
(0.0278837,-0.0140303)
(-0.0594268,-0.0323933)
(-0.0236597,0.0634994)
(-0.00402312,-0.00260525)
(0.334471,-0.140793)
(0.346245,-0.130459)
(0.0283665,0.00787376)
(0.17321,-0.0448074)
(0.204024,-0.0584525)
(0.594861,-0.102406)
(0.0146602,-0.000328338)
(0.105553,-0.0329876)
(0.495862,-0.145946)
(0.134859,-0.0165077)
(0.114935,-0.0816838)
(-0.04274,-0.0444507)
(-0.0094958,-0.0658423)
(0.0979527,-0.0345869)
(-0.0401075,-0.015487)
(0.444319,-0.0510586)
(0.383649,-0.136829)
(0.0171245,0.00294682)
(0.0511878,0.0120473)
(0.167297,-0.0918116)
(0.0509172,-0.0473394)
(0.128098,-0.0529231)
(-0.00467469,0.0462089)
