1620
(0.0803663,-0.0144555)
(0.122947,-0.0826891)
(0.0300601,-0.0316841)
(-0.0319573,-0.00656001)
(0.0612763,-0.0265286)
(-0.019801,-0.0023861)
(0.238616,-0.194421)
(0.0265063,0.106242)
(0.0245627,-0.0429891)
(-0.0274694,-0.0542932)
(0.0927577,0.0223253)
(0.110768,-0.0731377)
(0.0892876,-0.00563364)
(0.0120145,0.149586)
(-0.0690091,0.0811497)
(-0.0125308,-0.042182)
(0.0272464,-0.110603)
(-0.0401478,-0.0114127)
(-0.041278,0.073351)
(-0.0159086,-0.0701416)
(-0.0113058,0.16555)
(0.0195651,0.0533623)
(-0.0791782,0.0546892)
(-0.105201,0.267981)
(0.197793,-0.0134468)
(-0.0115534,-0.00845595)
(0.0960544,0.101586)
(0.0578584,0.000377815)
(-0.0577011,0.202067)
(0.0325378,-0.0136892)
(0.0582867,-0.0375493)
(-0.00179068,-0.0469206)
(0.104016,0.0370169)
(0.0481245,0.122984)
(0.0735118,-0.0871842)
(0.127038,-0.0564595)
(0.141783,-0.146619)
(-0.0612796,-0.0871319)
(-0.0566655,-0.117037)
(-0.113376,0.00100986)
(-0.0280143,0.0302572)
(0.066761,-0.0205991)
(0.0379588,-0.0542217)
(0.0436989,-0.00417526)
(0.0641673,0.0642381)
(0.0628294,-0.099054)
(0.0501408,-0.12102)
(-0.0299793,0.069742)
(0.0157343,-0.0972145)
(-0.0268588,0.0266795)
(0.021773,-0.022085)
(-0.0380783,-0.0367889)
(-0.00525763,0.0818651)
(-0.0413535,0.0540843)
(0.0161579,0.0107101)
(0.0508325,-0.0432701)
(0.0263061,-0.0966927)
(-0.0412675,-0.0435954)
(-0.0151331,0.0424539)
(0.0424501,0.0233898)
(-0.0150286,0.0226231)
(0.260799,-0.202817)
(0.0237936,0.0820808)
(0.278278,-0.258964)
(0.0124272,0.0407995)
(-0.100471,0.0641365)
(0.0357455,-0.0491287)
(0.0527498,-0.0672942)
(0.00799012,0.0121667)
(0.0689279,0.00219501)
(0.0255035,0.0104267)
(0.104648,-0.00245248)
(-0.0230128,0.0739494)
(-0.0540098,0.0314367)
(0.23138,-0.165801)
(-0.0414609,-0.102779)
(-0.110263,-0.019372)
(0.0577056,-0.220203)
(0.0500754,0.0428761)
(0.0979544,-0.229884)
(-0.0776161,-0.097085)
(0.00757779,0.0245866)
(0.0398553,-0.000952072)
(0.0316924,0.044354)
(0.0231242,-0.00144945)
(-0.0067218,0.0298554)
(0.0437702,0.0222141)
(-0.106304,-0.00380025)
(-0.0908136,0.111239)
(-0.117012,-0.0464724)
(0.055321,0.0214845)
(-0.123356,0.00414999)
(0.317995,-0.137948)
(0.255068,0.161001)
(0.219697,0.0506387)
(0.412234,-0.0776051)
(-0.0143126,0.0566148)
(0.350189,-0.237305)
(-0.0552815,-0.062428)
(0.00542818,-0.103872)
(0.109189,-0.0324564)
(-0.0713047,-0.092443)
(-0.017287,0.0434922)
(0.0347662,-0.000277355)
(0.132422,-0.0585276)
(0.537283,-0.21008)
(0.162781,0.0762994)
(-0.0338706,0.0918055)
(0.0451467,0.082269)
(0.0977873,0.0493584)
(0.00195084,0.108267)
(0.580297,-0.275839)
(0.413752,-0.191295)
(-0.080434,-0.00266933)
(0.37009,-0.123494)
(0.247692,0.0941838)
(0.156053,0.0566378)
(0.424165,-0.202147)
(-0.00215168,0.0458728)
(0.550584,-0.378472)
(0.386388,-0.194099)
(0.0674302,0.0825295)
(0.318846,-0.288522)
(0.25388,-0.175311)
(0.246069,-0.24068)
(-0.146379,0.0196845)
(0.0782128,-0.116924)
(0.0976563,-0.0746311)
(0.300009,-0.255612)
(-0.0268276,0.0180894)
(-0.0242714,0.00513863)
(0.0264607,-0.0560911)
(-0.059777,0.0332341)
(-0.0976208,0.0049311)
(-0.140858,0.000934004)
(0.0142183,-0.038266)
(-0.0381897,0.0750189)
(-0.0538516,0.0122132)
(0.352915,-0.319129)
(0.129786,0.0311412)
(0.149558,-0.0460785)
(-0.0113133,0.0577842)
(-0.0317403,-0.0346594)
(-0.0432987,-0.0280937)
(0.0698035,0.00657418)
(0.0631008,0.0103881)
(-0.00618049,0.00115509)
(0.350246,-0.17082)
(0.327505,-0.185657)
(-0.0629246,0.0591413)
(0.441364,-0.322599)
(0.155978,-0.171967)
(0.544309,-0.458752)
(0.500359,-0.232081)
(0.416278,-0.326768)
(0.124415,-0.0119308)
(0.169505,-0.0852213)
(0.435406,-0.22437)
(0.390831,-0.136889)
(0.118314,0.130382)
(0.126951,0.0651989)
(0.0957823,0.099516)
(0.116646,0.0734551)
(-0.00437726,0.0412873)
(0.0453438,0.0522965)
(-0.0726644,0.117019)
(-0.0267516,0.0516048)
(-0.0435359,0.0447714)
(-0.0156327,0.074395)
(-0.0281998,0.0926391)
(-0.00806399,0.0404679)
(0.031972,-0.00524404)
(0.366083,-0.317477)
(0.422663,-0.337074)
(0.395872,-0.333912)
(0.426954,-0.303815)
(-0.0271784,0.0242672)
(-0.0483088,0.0215703)
(0.056934,0.00746484)
(0.0976589,-0.0336393)
(-0.0255204,-0.102179)
(0.166397,-0.185604)
(0.0968501,-0.134796)
(0.141375,-0.0925884)
(0.14979,-0.088461)
(0.0316919,0.0211633)
(0.0186755,-0.0459346)
(0.193261,-0.147943)
(0.152731,-0.0769593)
(0.383401,-0.312528)
(0.369977,-0.32345)
(0.294509,-0.236886)
(0.442985,-0.350124)
(-0.0125956,0.100326)
(-0.0686625,0.041572)
(-0.00239147,0.0300267)
(-0.00471179,0.0613115)
(0.123833,0.0983821)
(-0.0393936,0.105419)
(0.0214651,0.0734192)
(0.0298878,0.0594749)
(0.0506779,0.122896)
(-0.00156886,0.084201)
(0.0509825,0.0400247)
(0.00751222,0.131933)
(0.0862321,0.0505177)
(0.548696,-0.429807)
(0.553418,-0.415611)
(-0.0414547,0.0893105)
(0.348247,-0.299303)
(0.00234303,-0.0472711)
(0.38376,-0.257407)
(0.400338,-0.265785)
(0.0208364,-0.176991)
(0.0452934,-0.184806)
(0.0614162,-0.0438196)
(0.0195151,-0.0520471)
(0.363505,-0.261772)
(0.445327,-0.325219)
(-0.0218568,0.0762125)
(-0.125105,0.0476543)
(-0.0887457,0.106463)
(0.00177739,0.0563831)
(0.749096,-0.532865)
(-0.0477528,-0.0328145)
(-0.0727676,-0.0303246)
(0.572598,-0.424692)
(-0.110699,0.0597424)
(-0.0299893,0.00197042)
(-0.0596044,0.0205058)
(-0.0601925,0.0190358)
(0.338145,-0.306733)
(0.335851,-0.290877)
(0.468647,-0.38597)
(0.526394,-0.402832)
(0.13571,-0.0561592)
(-0.130195,0.0834379)
(-0.119877,0.0770449)
(0.152323,-0.294827)
(-0.0263885,0.0126948)
(0.0379096,-0.0761973)
(-0.0430446,-0.0296839)
(0.0961537,0.0342461)
(0.184037,0.0853657)
(-0.0751294,-0.0330634)
(0.0362021,-0.0487707)
(0.00316647,-0.0527367)
(0.0679374,-0.0951964)
(0.0909637,-0.0439529)
(-0.122799,0.078984)
(0.107401,0.0154843)
(-0.00123144,-0.017172)
(0.0614204,-0.0436481)
(0.046723,-0.0493679)
(-0.00324078,-0.0306264)
(-0.0352446,0.0497688)
(0.069436,-0.157131)
(-0.00891313,0.0109918)
(-0.0493276,-0.011156)
(0.00944907,-0.0460857)
(0.0606859,-0.0353508)
(0.0164878,-0.0334566)
(-0.00308245,0.0463597)
(-0.0296367,-0.10285)
(0.540006,-0.489466)
(-0.0253864,-0.124923)
(0.0334555,-0.145289)
(-0.00384424,-0.0304071)
(0.00984107,0.0220775)
(0.0554494,-0.0198229)
(-0.0527505,-0.0158869)
(-0.0235146,0.00551803)
(-0.0806452,0.0331421)
(0.0268204,0.0547438)
(0.0470686,-0.0111022)
(0.477433,-0.150806)
(0.0495641,0.0764943)
(-0.0852199,0.0611553)
(0.0455444,0.115153)
(-0.0426574,-0.106426)
(0.0337729,-0.0385699)
(0.0714427,0.021296)
(-0.0165144,-0.129901)
(-0.0283686,-0.172071)
(0.0191633,0.00537349)
(-0.0193405,-0.0624687)
(-0.124266,-0.00427468)
(0.0535246,-0.0520814)
(0.00889424,-0.0211116)
(0.0145772,0.00798662)
(0.120525,0.0137653)
(-0.0527277,-0.116003)
(0.117171,-0.00267917)
(-0.0534689,0.11684)
(0.0255871,-0.00390582)
(-0.0771101,0.0333366)
(-0.0322527,-0.111545)
(-0.0111952,0.01546)
(0.00647757,-0.0504985)
(-0.0513065,0.00245193)
(-0.00690311,0.0289372)
(-0.125444,0.047098)
(0.00423318,-0.051739)
(-0.0288717,-0.0642374)
(-0.0160449,-0.0779279)
(0.00235943,-0.082629)
(0.0918494,0.0309839)
(0.353361,-0.206142)
(0.00165818,0.115098)
(-0.00207668,0.154886)
(-0.0517846,-0.132985)
(-0.027917,-0.00299731)
(-0.121142,0.0310848)
(-0.0392223,0.0870147)
(-0.0259782,-0.0268897)
(-0.0630066,-0.0400625)
(0.00632772,0.00248956)
(-0.0935591,0.0172559)
(-0.0450497,-0.0195099)
(0.340054,-0.244169)
(-0.00714467,0.0197574)
(-0.059487,-0.115555)
(-0.0317624,-0.0133922)
(-0.0694701,0.0494274)
(-0.0942109,-0.0369638)
(-0.0819248,-0.108372)
(-0.00373992,-0.0387207)
(0.0138959,-0.0599197)
(-0.011181,0.00516631)
(0.0196406,0.0796691)
(-0.0251021,-0.0730042)
(0.0160782,0.0630722)
(0.0253207,0.0970374)
(-0.0144004,0.00159618)
(0.0871426,-0.0979966)
(0.257236,-0.214328)
(0.0881284,-0.0613173)
(0.0746828,0.0782729)
(0.0608534,-0.0367047)
(0.0916569,0.00164199)
(0.037673,0.00665179)
(0.0613201,-0.105851)
(0.0596409,0.0394691)
(0.0207126,0.0087204)
(0.0143556,0.0154406)
(0.030591,0.00365116)
(0.128182,0.0388232)
(0.0193051,0.0330812)
(0.0411294,0.0955516)
(0.153817,-0.158366)
(0.366365,-0.263672)
(0.382125,-0.216756)
(0.0712613,0.0239814)
(-0.142106,0.0188261)
(0.364634,-0.307484)
(0.0436597,0.0436785)
(-0.0571903,-0.0862049)
(-0.0167769,-0.0277204)
(0.0201293,0.0814259)
(-0.0943615,0.0352915)
(0.240137,-0.235606)
(0.0993876,-0.13424)
(-0.0239198,-0.0557327)
(0.0253358,-0.0867664)
(0.00820955,0.065759)
(0.0653285,-0.0841405)
(0.436269,-0.249929)
(-0.0588583,0.00373612)
(0.0834582,0.0798605)
(0.1086,0.0493097)
(0.0864289,0.00210393)
(0.0134577,-0.0166143)
(0.0128792,0.00744809)
(0.133138,0.139428)
(0.386415,-0.26528)
(0.403639,-0.194231)
(0.00585581,-0.0107674)
(0.0337654,-0.0160933)
(0.0473187,0.040393)
(0.0107689,0.00568865)
(-0.00341851,0.0604376)
(0.199818,-0.126077)
(0.340552,-0.293705)
(-0.0119959,-0.0033644)
(0.0194309,-0.095933)
(-0.105537,-0.0382683)
(0.0327996,-0.0140247)
(0.000183158,-0.0149646)
(-0.00677528,0.0166876)
(0.00964894,-0.123657)
(0.010448,-0.185441)
(0.0030842,-0.00252743)
(0.00892571,0.0941489)
(0.00295755,0.136791)
(-0.000684436,0.0227316)
(0.00214318,0.0350889)
(-0.0763014,0.116157)
(0.0271393,-0.138739)
(-6.4495e-05,-0.0211446)
(0.00284333,0.0554948)
(0.0409079,0.0503473)
(-0.00361472,0.0642285)
(0.130324,0.169254)
(0.659423,-0.582151)
(0.0500853,-5.36129e-05)
(-0.0252536,-0.0612005)
(-0.0107875,0.169675)
(-0.0546267,0.169057)
(0.0828882,-0.0451096)
(0.0722111,0.0144665)
(0.0391091,0.223546)
(-0.0204159,0.00822081)
(0.214212,0.162145)
(0.0398418,-0.00868273)
(0.41643,-0.286778)
(0.000824146,0.0603499)
(0.0120956,-0.00112433)
(0.128445,0.146115)
(0.00240953,0.0326145)
(0.00448022,0.0277548)
(0.0219965,-0.0218859)
(-0.012285,-0.0135515)
(0.0400449,-0.00650328)
(0.0927288,0.0450793)
(0.112849,0.0840468)
(0.0245904,-0.0734137)
(0.660353,-0.505473)
(-0.0428071,-0.122859)
(0.0678057,0.0759081)
(0.124674,0.0564207)
(-0.029719,-0.148508)
(0.0820418,0.158117)
(-0.066811,-0.123656)
(-0.0243669,-0.107759)
(-0.00918296,-0.0696161)
(-0.0284188,-0.0420327)
(-0.0689992,0.0887918)
(0.0077978,0.0157839)
(-0.124053,0.0671451)
(-0.0660716,-0.0172181)
(0.0499222,-0.0229967)
(-0.0865594,0.0793511)
(-0.0220088,0.0373903)
(0.0123052,0.0763477)
(-0.052697,0.0692439)
(-0.0944241,0.00277427)
(-0.008816,0.0136138)
(0.121473,-0.00809859)
(0.0155482,-0.0446629)
(0.191036,-0.26597)
(-0.0283949,-0.0494597)
(-0.0159434,0.0302154)
(0.0288524,0.010164)
(0.117152,0.00721902)
(0.00405596,0.062194)
(-0.0388261,0.0797537)
(-0.00555848,0.0424022)
(-0.0885076,0.0319319)
(0.153122,0.0715079)
(0.0551428,-0.0491148)
(0.0297221,0.0935583)
(0.000933795,0.121175)
(0.0373853,0.0496896)
(0.0261972,0.0789186)
(0.0308603,0.154754)
(-0.0186809,-0.0225229)
(-0.0460843,0.0446873)
(0.0526023,0.0156962)
(0.373788,-0.182199)
(-0.0932777,0.0193809)
(0.544143,-0.395066)
(0.00988142,-0.0499248)
(0.0544494,0.0301655)
(0.0515645,-0.0564469)
(-0.0715764,-0.0188849)
(-0.00681498,0.0557155)
(-0.0342839,0.0399131)
(-0.119028,-0.0572092)
(0.0647428,-0.0299121)
(0.0456867,0.13927)
(0.00386565,-0.0457925)
(0.407888,-0.194175)
(0.00427795,0.0827029)
(-0.0435649,0.0335724)
(-0.097312,0.154438)
(-0.125744,0.124661)
(-0.0765512,0.0374085)
(0.336383,-0.149235)
(0.0679073,-0.0131065)
(0.0606795,-0.0817936)
(0.706193,-0.3245)
(0.0715809,-0.0948535)
(0.0383841,0.0373697)
(0.0380628,0.0254771)
(-0.205801,0.0309418)
(0.464631,-0.376563)
(0.574977,-0.512297)
(0.721211,-0.476217)
(0.557813,-0.350039)
(0.0528482,0.0477042)
(0.046465,0.0470831)
(0.0695828,0.0218546)
(-0.181421,0.181597)
(-0.0198236,0.0745888)
(-0.0238155,-0.000354698)
(-0.071887,0.00368609)
(0.0988567,0.00653275)
(-0.034717,-0.124286)
(0.0736677,-0.0667009)
(-0.0127019,0.0689188)
(-0.0261629,-0.0275397)
(0.00755048,-0.0191304)
(-0.0142035,-0.0244357)
(0.0664734,-0.0251999)
(0.0439869,0.0734511)
(0.163103,0.0110162)
(0.00438745,0.0316474)
(0.0724076,-0.0859832)
(-0.0310289,0.0726861)
(-0.0685637,0.113326)
(0.142878,-0.00702393)
(-0.101181,0.128701)
(0.0805085,-0.0177374)
(0.0165593,-0.0471978)
(-0.0415805,0.0911901)
(-0.00944423,-0.0715228)
(-0.0565967,0.0362911)
(-0.0372714,0.0646693)
(0.0571486,0.0710394)
(-0.0629645,0.0404737)
(0.0166488,0.120092)
(-0.0806913,-0.0441295)
(0.421275,-0.191)
(-0.0713145,-0.00763103)
(0.555415,-0.291359)
(0.154982,0.0760616)
(-0.00808668,0.0628487)
(-0.0327713,0.0619577)
(-0.00611737,0.0395305)
(0.0415157,0.0905568)
(-0.0402312,-0.0403858)
(0.0758971,0.0559267)
(0.0759782,0.0382657)
(-0.0335572,-0.00708656)
(-0.00293531,0.138129)
(0.0221617,0.00257034)
(0.0770755,0.0244899)
(0.027898,-0.0336516)
(0.0288251,0.00947611)
(-0.0861973,-0.0591755)
(0.0450749,-0.0843085)
(0.107102,-0.0733149)
(0.0641784,-0.131652)
(0.110513,-0.0297607)
(0.203282,0.0553043)
(-0.033157,0.0692422)
(0.119321,-0.186486)
(0.0927639,-0.0829092)
(-0.0131535,0.121122)
(-0.0167808,0.116306)
(0.09773,-0.14305)
(0.357504,-0.18523)
(0.162504,0.0354639)
(-0.0133218,0.0751227)
(-0.0103487,-0.115257)
(-0.054591,0.102777)
(-0.00211147,0.0582135)
(0.0506538,-0.0915283)
(0.177912,-0.219005)
(0.388357,-0.155406)
(-0.0247248,0.125504)
(0.0645877,0.075214)
(-0.00155241,0.126003)
(0.103253,-0.211283)
(0.485647,-0.194547)
(0.00917786,0.125177)
(-0.0389121,-0.0029101)
(0.0103532,0.0458495)
(-0.0195902,0.0392221)
(-0.0168808,0.0271632)
(0.00259953,0.0404192)
(-0.0189406,0.0316595)
(0.0636366,-0.0561533)
(-0.00703728,-0.00639643)
(0.0868196,0.0994261)
(0.45478,-0.269239)
(-0.00380787,-0.0841836)
(0.0759628,-0.0469024)
(0.0544578,0.0875683)
(-0.0561044,-0.0294151)
(-0.0756501,0.00683181)
(0.0454037,0.140881)
(0.00874409,0.0876132)
(0.424051,-0.249518)
(0.0868484,0.0136855)
(0.0556244,-0.0272282)
(0.14156,0.0664447)
(0.0781483,-0.0386447)
(0.0318155,-0.0238661)
(-0.00445756,0.0112691)
(0.0245835,-0.0258155)
(0.141727,-0.182254)
(0.605622,-0.282903)
(-0.0293638,0.0474434)
(-0.0695596,0.0286535)
(0.0161299,0.0761197)
(-0.107708,-0.0691005)
(-0.112973,-0.123104)
(-0.0485311,-0.107541)
(0.028448,-0.0385075)
(0.034196,0.0190436)
(-0.0500057,0.0410495)
(0.0653045,-0.117922)
(0.0086293,-0.13079)
(-0.054769,0.0397696)
(-0.0549007,0.0202253)
(0.00434212,0.107421)
(-0.0387498,0.0150274)
(-0.020807,0.0644049)
(-0.0357438,0.0528162)
(-0.0439244,0.0322989)
(0.0144329,-0.017279)
(0.0810484,0.0501066)
(0.0562804,0.00549749)
(-0.0424673,-0.105408)
(-0.0831071,-0.0918124)
(-0.0277524,-0.0661891)
(-0.0694055,-0.0302691)
(-0.0586033,-0.0264642)
(0.183466,-0.0787406)
(0.316089,-0.142225)
(0.0570532,-0.0887963)
(-0.00665363,0.00645777)
(0.0312268,0.0159876)
(-0.0566397,0.0487084)
(0.0259124,0.122323)
(-0.0804091,0.0759194)
(-0.0214921,0.115604)
(-0.00917345,0.024579)
(0.521151,-0.281052)
(0.0256843,-0.0773365)
(-0.0472449,0.0583517)
(-0.0470766,-0.0325322)
(0.0711912,-0.0467228)
(0.0855766,-0.0305073)
(0.0184624,-0.079288)
(0.078168,-0.0441109)
(0.0070246,-0.122757)
(-0.00365928,-0.153675)
(0.0367181,-0.053937)
(-0.0496963,-0.0966641)
(0.0356179,0.0253788)
(0.0689799,0.0496482)
(-0.00064333,-0.0435784)
(0.321843,-0.0622608)
(0.31647,-0.0332468)
(0.0606895,-0.0504466)
(0.0130315,0.0380746)
(-0.0535157,0.0395232)
(-0.00154408,-0.0140133)
(-0.040425,-0.0131234)
(-0.0112706,0.0787819)
(-0.0311848,0.0620305)
(0.133319,0.0100745)
(-0.00272251,-0.0696309)
(0.0693824,0.00888235)
(0.0830887,-0.0159016)
(0.044104,0.0278452)
(0.0351042,-0.0404772)
(-0.100912,0.00990156)
(-0.0590848,0.0188169)
(0.0620001,-0.0457687)
(-0.097323,0.0620663)
(0.00161543,-0.0152944)
(0.0234867,-0.0147336)
(-0.00732859,0.0241386)
(-0.0630394,0.0463722)
(0.163176,0.10891)
(0.0303721,0.0364377)
(0.0320673,0.0651582)
(0.161795,-0.00858698)
(0.183221,0.0412861)
(-0.015032,0.0701597)
(-0.0901947,-0.0585557)
(-0.0213417,0.142244)
(-0.0119234,0.0414699)
(-0.0231779,-0.033112)
(-0.0771765,0.0218571)
(-0.0561736,-0.122903)
(-0.00864727,0.0741541)
(-0.0418969,0.0926589)
(-0.0666542,-0.154126)
(-0.0190098,0.0388059)
(0.439818,-0.193349)
(0.0285035,-0.122671)
(0.0125853,-0.0362994)
(0.0211993,-0.00773086)
(0.0269951,0.0233161)
(-0.0571654,-0.0471487)
(-0.00228653,0.0551551)
(-0.0411399,-0.0186831)
(-0.0556911,-0.0615832)
(-0.0215617,-0.00992603)
(-0.0345958,0.0301175)
(-0.0331788,0.0188556)
(-0.0590328,0.0168349)
(-0.00420124,-0.0230298)
(-0.0582675,-0.148821)
(0.0441659,0.0887266)
(0.0422275,0.130549)
(0.119931,0.0242159)
(0.0362201,0.000245141)
(0.0410847,0.0612773)
(0.0482118,0.0263274)
(-0.115088,-0.09836)
(-0.0895658,-0.119532)
(-0.00191776,-0.00945524)
(0.0782381,0.0452388)
(0.551356,-0.305911)
(0.454925,-0.254217)
(0.0699358,0.0153046)
(0.433736,-0.222154)
(0.0190339,-0.0121419)
(0.42927,-0.220047)
(0.456662,-0.254341)
(0.0206719,-0.00445149)
(0.52916,-0.303344)
(0.483338,-0.412336)
(0.480466,-0.403099)
(0.0363348,-0.0211411)
(-0.0334546,0.0618129)
(-0.0802072,0.0766894)
(-0.0740289,0.0767961)
(0.00898825,0.00253037)
(0.019811,0.0535229)
(0.0100102,0.0990684)
(-0.0584367,0.0592475)
(-0.0102937,0.0712579)
(0.0655267,-0.0294822)
(0.0347352,0.0298124)
(0.0386489,-0.0202903)
(0.10328,0.00735588)
(0.0775697,-0.00980008)
(0.189067,0.155681)
(0.0671472,-0.0486146)
(0.0316177,0.0166849)
(0.112962,0.0535175)
(-0.0365046,-0.0160842)
(-0.0900049,0.0988598)
(-0.034183,0.0434824)
(0.0058645,-0.0311841)
(-0.0184909,0.0427493)
(-0.0733976,0.0479454)
(-0.0874748,0.0166833)
(-0.0836311,0.010181)
(0.256916,-0.0730716)
(0.0432965,-0.00108682)
(-0.0512026,0.000735432)
(0.0244262,0.00275137)
(-0.0658488,0.0518953)
(0.0102183,0.181788)
(0.0190142,0.148087)
(0.00893743,0.0589434)
(0.0195345,0.126057)
(-0.0679884,-0.134305)
(-0.0452962,-0.00172985)
(0.390448,-0.304911)
(-0.075772,0.102804)
(0.0887205,0.137895)
(0.0371136,0.0279667)
(-0.0323463,-0.0854761)
(0.0117426,0.159335)
(0.12346,0.138071)
(0.289799,-0.374682)
(0.43621,-0.470342)
(0.350263,-0.184242)
(-0.0243425,-0.049097)
(0.233677,-0.231849)
(-0.0622126,-0.0254201)
(0.0245176,-0.00382192)
(-0.00621645,0.0257256)
(0.0540092,-0.00996219)
(0.355631,-0.167106)
(0.0516449,-0.0357539)
(-0.0285284,0.110899)
(-0.0543621,0.107106)
(0.298722,-0.15675)
(0.00328503,0.0416913)
(-0.063886,0.126868)
(0.24917,-0.174082)
(0.0540101,0.0896668)
(-0.0597933,0.0901373)
(0.0684527,-0.0349221)
(-0.0141645,-0.0235428)
(-0.0159484,-0.0308935)
(0.00282499,-0.0114529)
(0.0398437,-0.124315)
(-0.0119238,-0.0372136)
(0.107842,-0.140465)
(0.128954,-0.241149)
(-0.025674,-0.0135808)
(-0.0626409,0.131433)
(-0.060788,0.0417294)
(0.0339585,0.103565)
(-0.0176312,0.0359933)
(-0.110623,0.0782809)
(0.0819022,-0.0956496)
(0.051616,-0.0291686)
(-0.0223502,0.0672763)
(0.027086,-0.0741631)
(0.0728202,-0.0417)
(0.0577591,0.0176097)
(-0.0577448,-0.024291)
(-0.0737249,-0.0620035)
(0.113203,-0.0252489)
(0.0254834,0.0969819)
(0.108411,0.037635)
(0.113306,-0.0292724)
(0.00429932,0.0444452)
(-0.0724729,0.0335685)
(0.0464372,0.0280238)
(0.0657735,0.00570709)
(0.111093,0.018647)
(-0.00559008,-0.0387006)
(0.100324,0.0130208)
(0.00561118,-0.00108139)
(-0.0555766,0.0313066)
(0.0499058,-0.0313863)
(0.0780485,0.0992356)
(-0.0171532,0.052848)
(0.0989213,-0.0069029)
(-0.0489729,0.0589239)
(0.000173799,-0.0396995)
(0.0404279,-0.0154395)
(-0.0329223,-0.0424226)
(-0.00395189,-0.0139476)
(-0.05358,0.00698312)
(0.0426132,0.0210533)
(0.0070098,0.0763002)
(-0.0805198,-0.000288307)
(0.0925627,-0.163889)
(0.0364547,-0.0854315)
(0.0247867,-0.030969)
(-0.0526573,-0.0637837)
(0.0125044,-0.0264629)
(-0.0586783,-0.0746637)
(-0.0617782,0.0260892)
(-0.0129419,0.0342112)
(0.0216443,0.102565)
(0.0608483,-0.124621)
(0.00262441,0.0541586)
(-0.0291876,-0.0495011)
(-0.0263555,-0.0699058)
(0.0766226,-0.0368456)
(0.0430154,0.171573)
(0.196663,-0.0615837)
(0.0287746,0.00293183)
(0.0385427,0.0370713)
(-0.00556959,0.0677463)
(0.0739357,0.0672143)
(-0.0825931,0.00410965)
(0.0636518,0.186225)
(0.149493,-0.0703286)
(-0.0822386,-0.0550246)
(0.512721,-0.342997)
(-0.134753,0.00775619)
(-0.0181611,-0.0374677)
(-0.062967,0.00424538)
(0.0121604,0.109392)
(0.0127166,0.16998)
(0.0856981,0.182634)
(0.0130723,0.00903976)
(0.04906,0.0323017)
(0.578048,-0.410807)
(-0.0217695,0.137655)
(0.020382,0.0589199)
(-0.0942173,0.0360752)
(0.560816,-0.399148)
(0.0360243,-0.0029963)
(0.0416305,0.0562495)
(0.0195634,0.0689917)
(0.0375662,0.162889)
(0.0484797,0.0781898)
(-0.0516293,-0.0319967)
(-0.0484636,-0.0256416)
(0.260175,-0.139201)
(0.134244,-0.165644)
(0.0344843,-0.0502504)
(-0.0966199,-0.0310286)
(-0.0358614,-0.0250829)
(-0.0633378,-0.0392291)
(-0.0264317,0.00166632)
(0.269928,-0.180302)
(-0.0735636,-0.052387)
(0.00770839,5.07157e-05)
(-0.00967436,-0.0987346)
(0.0436964,-0.0103807)
(0.0182591,-0.0535762)
(0.0270734,-0.0286043)
(0.493585,-0.351952)
(0.0122707,0.0549671)
(0.531506,-0.30577)
(-0.029278,0.0310603)
(-0.0419346,0.0236358)
(0.0857864,0.157363)
(-0.0138799,-0.0440256)
(0.511179,-0.343731)
(0.216917,-0.206042)
(0.354904,-0.306269)
(0.10275,-0.00445355)
(0.00972325,0.0454892)
(0.0479101,0.177534)
(0.148006,-0.256112)
(0.299347,-0.127032)
(0.0364083,-0.0360263)
(0.000452184,-0.0513395)
(0.267547,-0.172065)
(0.00114843,-0.0284055)
(-0.0516653,-0.0537829)
(0.264528,-0.120241)
(-0.042813,-0.0521752)
(0.00614698,-0.0446258)
(0.375171,-0.143402)
(-0.0203821,0.00654686)
(0.0563788,-0.153721)
(0.138003,-0.1449)
(-0.00697882,-0.0350002)
(0.112402,-0.2372)
(-0.0409814,-0.106565)
(-0.0242017,-0.10389)
(0.0448483,0.0171608)
(0.0619468,0.0143797)
(0.0530651,-0.0539616)
(-0.0561245,0.0612866)
(-0.0228946,-0.107742)
(-0.0422364,-0.0193063)
(0.116479,-0.00568424)
(-0.0514734,0.0119473)
(-0.0160915,-0.0368988)
(0.0486243,-0.0424185)
(-0.0288367,0.0970064)
(-0.058504,-0.021574)
(-0.159812,-0.0328561)
(-0.0193698,0.07725)
(0.0183854,0.0403541)
(0.348267,-0.282729)
(0.231218,0.0396789)
(0.151813,-0.0276066)
(0.0396974,-0.133307)
(0.0703413,-0.0416781)
(0.111686,0.0684223)
(0.600228,-0.452346)
(0.036267,0.138151)
(0.563351,-0.434353)
(-0.0570681,0.0613293)
(-0.124837,0.0498494)
(0.231123,-0.166195)
(-0.0732006,0.0223453)
(-0.0495552,0.0232466)
(0.488335,-0.292261)
(-0.0779232,-0.0222916)
(-0.0505733,0.0897064)
(-0.049618,0.0987936)
(-0.019631,-0.221934)
(-0.0905719,-0.199001)
(0.0121798,-0.018605)
(-0.118436,-0.128026)
(0.151296,-0.0810356)
(0.00283318,-0.0947945)
(0.350693,-0.131676)
(0.00492035,-0.0380689)
(0.404102,-0.128707)
(-0.0523462,-0.000890123)
(0.0289472,-0.0712029)
(0.496558,-0.32795)
(-0.0344986,-0.11881)
(0.0159705,-0.00180704)
(0.0211948,-0.00487829)
(0.355334,-0.185739)
(0.103506,0.109776)
(0.0345914,0.12669)
(0.178201,0.0749039)
(-0.0334347,-0.0528685)
(0.0511724,-0.0723103)
(-0.0418425,-0.117688)
(-0.0848254,0.100627)
(-0.0413478,-0.0882192)
(-0.00679974,-0.0960332)
(0.0170093,-0.103839)
(-0.11796,0.0582345)
(0.0172702,-0.0825613)
(0.0346113,-0.00949449)
(-0.00649053,-0.0316728)
(-0.0114339,-0.0708127)
(-0.00537961,0.000624666)
(0.0206906,-0.0721229)
(0.0055411,-0.0897233)
(-0.0106316,-0.0914552)
(-0.00175065,-0.0883404)
(0.0257043,-0.0749357)
(-0.0531209,-0.0214983)
(0.019133,-0.0572308)
(-0.000667968,-0.188237)
(-0.0216829,0.112173)
(0.00655065,-0.136968)
(0.0545265,-0.103052)
(0.13296,-0.102139)
(-0.204195,0.0146389)
(-0.102598,0.143669)
(-0.0534045,-0.0693578)
(-0.0315104,-0.0635702)
(0.453453,-0.245082)
(-0.130179,0.0979733)
(-0.116269,-0.00735927)
(0.0438596,0.0171624)
(0.368623,-0.193096)
(-0.00391419,-0.0307572)
(0.00487038,-0.0192274)
(-0.00348234,0.0311264)
(-0.168846,0.101305)
(0.0102759,-0.0068207)
(0.0180755,0.0376646)
(0.0187937,0.0453451)
(0.369237,-0.231866)
(0.0127073,-0.0693496)
(0.0253342,-0.00883426)
(0.599483,-0.481814)
(0.0393269,0.0285246)
(-0.0322606,0.0156071)
(0.226053,-0.0342084)
(0.419432,-0.270715)
(0.116552,0.0335506)
(0.177685,-0.0943091)
(0.159542,-0.021433)
(0.043535,-0.0203576)
(0.110713,0.131365)
(0.0127664,-0.0501586)
(0.0658574,0.0308916)
(0.0961332,-0.0651396)
(0.112233,0.107056)
(0.110582,0.148209)
(0.0646016,0.0956241)
(0.426531,-0.287083)
(0.0931179,0.0385927)
(-0.00618879,0.0845175)
(-0.0547926,-0.0130646)
(-0.0870473,-0.0240634)
(0.0141336,0.00268845)
(0.191316,0.0335609)
(0.0255362,0.0602385)
(-0.100868,-0.00522052)
(-0.00192859,0.00180713)
(0.161543,0.0982461)
(0.0637824,-0.0534664)
(0.383355,-0.240239)
(0.0246049,0.0394136)
(0.0323111,0.0260628)
(0.306725,-0.0443602)
(0.0611423,0.00380565)
(0.231036,0.1435)
(0.0581674,-0.0867758)
(0.17336,-0.230434)
(0.190206,-0.206586)
(0.185908,-0.194951)
(0.0707545,0.0901459)
(0.0974288,0.108055)
(0.545938,-0.386658)
(0.427349,-0.173509)
(-0.0637486,-0.0275909)
(0.39175,-0.264466)
(0.483807,-0.326746)
(0.131408,-0.207578)
(0.089259,0.0129033)
(0.0740666,0.0765739)
(0.197049,-0.0187611)
(0.245675,-0.0954442)
(0.200658,-0.034087)
(0.16968,0.106762)
(0.0657753,-0.188862)
(0.126624,-0.0281926)
(0.0647536,0.0087177)
(-0.0643257,0.0495632)
(0.0275681,0.054594)
(0.5843,-0.502914)
(-0.0454072,-0.0266578)
(-0.0130727,-0.096169)
(-0.0442369,-0.0320738)
(0.519319,-0.488975)
(0.0593786,0.0753769)
(-0.00428213,0.0433695)
(0.530297,-0.444635)
(0.530505,-0.317521)
(0.0422638,0.0917586)
(0.230761,-0.182811)
(-0.0225037,-0.0313428)
(-0.0404728,-0.0461292)
(0.222593,-0.245097)
(0.16481,-0.17835)
(0.384687,-0.287063)
(0.27267,-0.177661)
(-0.0164354,-0.0615189)
(0.358909,-0.249475)
(-0.0297192,0.00930071)
(-0.0766767,0.0412378)
(0.122365,-0.0280331)
(0.266031,-0.224254)
(0.000217597,0.030066)
(0.191752,-0.217206)
(-0.116683,0.0309586)
(-0.0606617,0.0273103)
(-0.0768613,0.0324757)
(0.139296,-0.0809694)
(-0.0222372,0.0725075)
(-0.0799271,0.0246087)
(-0.0109679,0.0585184)
(0.155808,-0.235567)
(-0.0612449,0.0598183)
(0.00690047,0.19359)
(-0.0470898,0.174734)
(-0.0430471,0.0928982)
(-0.193374,0.178142)
(0.279976,-0.125798)
(0.00428211,0.0552255)
(-0.052126,0.032816)
(-0.0503409,0.0487951)
(-0.131416,0.0872785)
(-0.0467633,0.00882994)
(0.0653522,-0.0204676)
(0.0673862,0.0487415)
(-0.197444,0.122881)
(0.327602,-0.205515)
(-0.0655968,-0.0458734)
(0.301992,-0.266567)
(0.080354,-0.155917)
(0.0613552,-0.133971)
(-0.0132491,0.0389547)
(0.110072,-0.052556)
(-0.0380001,-0.0461844)
(0.0612387,-0.0857728)
(-0.0194605,-0.0494777)
(0.115935,-0.0174533)
(-0.0168455,0.047799)
(-0.00185091,-0.00298509)
(0.00417509,-0.0176303)
(-0.0387597,-0.041017)
(0.326098,-0.153581)
(0.36569,-0.207704)
(-0.0317969,-0.064268)
(0.0531236,-0.0481096)
(0.0549966,-0.034034)
(0.129693,-0.116337)
(0.472133,-0.275282)
(-0.0100228,0.0427604)
(0.0806184,-0.0823876)
(0.113697,-0.0400424)
(0.0944426,-0.0720712)
(0.369186,-0.183284)
(-0.00181083,0.0241926)
(0.0501343,0.18181)
(-0.0208262,0.189208)
(0.0779689,0.117241)
(0.321607,-0.190481)
(0.0371297,-0.0396305)
(0.0388934,0.00131281)
(-0.00951757,0.0318285)
(-0.0583901,-0.00864884)
(-0.0799108,0.0250979)
(0.414202,-0.248888)
(0.333785,-0.347512)
(0.666976,-0.344069)
(0.0534794,-0.0886003)
(-0.0620707,0.0615587)
(0.356844,-0.259362)
(0.164752,-0.0962847)
(0.243436,-0.14189)
(0.389844,-0.201445)
(0.00708139,0.0280134)
(0.035429,0.0258937)
(0.0659346,0.0685138)
(0.0173001,0.0612628)
(0.0890457,0.102596)
(0.1155,-0.165185)
(0.139789,-0.244867)
(0.214553,-0.198696)
(0.21467,-0.132316)
(0.672979,-0.639855)
(-0.00143952,-0.0501021)
(0.00966937,0.120602)
(0.0075832,-0.0192302)
(0.438135,-0.300377)
(0.529333,-0.201706)
(0.496615,-0.21409)
(-0.0178737,0.0432661)
(-0.013542,0.210673)
(-0.0775768,0.0422089)
(0.52468,-0.385837)
(0.166587,0.0906928)
(0.0137584,-0.0944432)
(0.060495,0.219659)
(0.724997,-0.489221)
(0.0245463,-0.0343894)
(0.145814,0.179593)
(0.510947,-0.3979)
(0.414124,-0.326219)
(0.0309739,-0.0141663)
(0.0233407,-0.0592942)
(0.0146118,0.111575)
(0.0151998,-0.105826)
(-0.069537,0.1052)
(-0.0153306,-0.00153315)
(0.0170961,0.103561)
(0.325133,-0.254589)
(0.432872,-0.186728)
(0.46483,-0.320151)
(0.471463,-0.271537)
(0.468997,-0.286893)
(0.0887269,-0.175549)
(0.156175,-0.196018)
(0.121354,-0.151361)
(0.0733815,-0.079091)
(0.04159,-0.10489)
(0.040676,-0.0730799)
(0.225868,-0.14752)
(0.479689,-0.388034)
(0.455932,-0.405219)
(0.355339,-0.336703)
(0.436068,-0.390247)
(-0.0613115,0.00724854)
(0.327615,-0.154847)
(0.0605751,0.103155)
(0.0995014,0.0131509)
(-0.00769998,-0.0274768)
(-0.00347175,0.0349895)
(-0.0725258,0.0333274)
(0.103481,0.00436231)
(-0.0295297,0.0679993)
(-0.00709576,-0.00911156)
(0.203681,-0.030311)
(0.367334,-0.281285)
(-0.00084669,-0.00343768)
(0.347019,-0.260659)
(0.28033,-0.129466)
(0.345566,-0.217161)
(0.0434185,0.0932382)
(0.083698,0.00957017)
(-0.0433902,-0.0202604)
(0.559196,-0.3174)
(0.00213794,-0.0815512)
(0.0505977,-0.0731865)
(0.254949,-0.101064)
(0.174441,-0.258639)
(0.335493,-0.145697)
(0.571212,-0.428334)
(0.695505,-0.673497)
(0.461157,-0.216728)
(0.0864817,-0.100417)
(-0.10895,0.199432)
(-0.145599,0.0853292)
(0.0214109,-0.130191)
(0.0475371,-0.0218809)
(-0.125909,0.204547)
(0.0420325,0.10397)
(0.336601,-0.16317)
(0.358432,-0.144285)
(-0.0307689,-0.030156)
(0.313752,-0.140395)
(-0.00567618,-0.0197795)
(0.365254,-0.162199)
(0.533914,-0.346514)
(-0.0152964,0.0468576)
(0.174239,0.0602419)
(0.109545,-0.0143473)
(0.0299231,-0.0600555)
(0.455509,-0.306614)
(-0.038091,-0.026215)
(0.290266,-0.212239)
(-0.00163717,0.0610165)
(0.509795,-0.254313)
(0.0587958,-0.0097646)
(0.484439,-0.242352)
(0.0848988,-0.0433983)
(-0.00121389,-0.0312732)
(-0.0190011,-0.0961515)
(-0.124329,0.00336985)
(0.449758,-0.330932)
(-0.104166,-0.020432)
(0.401026,-0.304359)
(0.379982,-0.345432)
(-0.0207483,0.0450024)
(0.49394,-0.552902)
(0.559806,-0.196183)
(0.389221,-0.395987)
(-0.112133,-0.0166267)
(0.313368,-0.233682)
(0.0612032,0.140668)
(-0.018089,0.114853)
(-0.0560427,0.0957619)
(-0.103362,-0.0848817)
(0.128149,0.121272)
(-0.0324106,-0.0695634)
(-0.0150299,0.0154435)
(0.694098,-0.270185)
(-0.0730362,0.0420911)
(0.236905,-0.153309)
(0.277696,-0.176747)
(0.307288,-0.164581)
(-0.0459885,0.100833)
(0.0471329,-0.220408)
(-0.0649791,0.110032)
(0.322506,-0.280892)
(0.0419651,0.00581948)
(0.383948,-0.281458)
(0.246635,-0.162056)
(0.0236435,0.0457332)
(0.0502944,0.089047)
(0.505999,-0.170651)
(0.017493,0.0701974)
(-0.0923598,0.0590984)
(0.189435,0.14518)
(0.479361,-0.158701)
(0.435254,-0.345775)
(0.303943,-0.168192)
(0.452055,-0.408169)
(0.522961,-0.403989)
(-0.00487853,0.0273345)
(0.478722,-0.23124)
(0.397461,-0.0992078)
(0.00549972,0.0351404)
(0.443118,-0.163365)
(0.231998,-0.0461983)
(0.434917,-0.156133)
(0.301231,-0.121514)
(-0.0127234,-0.046046)
(0.00569881,-0.042667)
(0.0330977,-0.0689518)
(0.0636878,0.107181)
(0.111379,0.103506)
(-0.0508486,0.17038)
(0.0481923,0.178658)
(0.247723,-0.079708)
(0.0256081,-0.0364694)
(0.0747223,0.00412957)
(0.124746,0.125118)
(-0.0737363,0.0345357)
(-0.0910944,0.0933131)
(-0.056425,-0.0405332)
(-0.0843665,-0.0356771)
(0.295065,-0.188831)
(-0.0845566,0.00751202)
(-0.0626903,0.048511)
(0.677802,-0.494599)
(0.592449,-0.45959)
(-0.0892672,0.0260531)
(-0.0563445,-0.0105852)
(-0.0700995,-0.0461615)
(-0.0680226,0.026669)
(-0.0798853,-0.0467661)
(0.250241,-0.244627)
(0.284772,-0.351858)
(0.421604,-0.298047)
(0.564175,-0.403238)
(-0.027191,0.0891505)
(0.155508,-0.0532265)
(0.546807,-0.364332)
(-0.0909402,-0.0938642)
(0.0320472,0.0909973)
(-0.0820336,0.0673811)
(0.489449,-0.499501)
(0.135199,-0.160361)
(0.249855,-0.234035)
(0.104366,-0.08257)
(0.188177,-0.182802)
(0.215053,-0.261289)
(0.211452,-0.31396)
(0.259985,-0.298251)
(0.160428,-0.157419)
(0.136398,-0.0138184)
(0.446549,-0.420764)
(0.130462,-0.0278591)
(0.131196,0.0736026)
(0.0500501,0.147499)
(0.419315,-0.339102)
(0.120714,0.0991752)
(0.423648,-0.298256)
(-0.043661,-0.0756353)
(0.139676,0.054187)
(0.100165,0.00272704)
(0.129122,-0.0705522)
(0.00746584,-0.030271)
(-0.129373,-0.0156924)
(-0.0543343,0.00218879)
(-0.110442,-0.0733814)
(0.0792817,0.0109558)
(0.475229,-0.421394)
(0.0171672,0.0125303)
(0.0240435,-0.0459257)
(0.439168,-0.415852)
(0.0227376,-0.0678111)
(0.123713,0.0622508)
(0.0960651,0.161723)
(0.116254,0.131661)
(0.0555935,-0.0169317)
(0.133518,-0.172998)
(0.0253982,0.0115581)
(0.0174797,0.0990733)
(0.0283803,0.0633368)
(-0.0678196,0.0729922)
(-0.00714818,0.0306832)
(0.382062,-0.354814)
(0.104711,-0.00244815)
(0.555355,-0.5657)
(0.603674,-0.475552)
(0.405569,-0.365859)
(0.18875,0.110422)
(0.2047,-0.233899)
(0.393722,-0.487602)
(0.343152,-0.437135)
(0.156555,0.0345051)
(-0.189046,0.096377)
(0.146356,0.093968)
(-0.139731,-0.0729274)
(0.454023,-0.401003)
(0.478934,-0.427284)
(-0.0076582,0.058481)
(-0.115742,0.0309664)
(0.00143295,-0.0686969)
(0.203655,-0.147263)
(0.293859,-0.150805)
(0.16049,-0.0799684)
(0.146305,-0.0515966)
(0.146925,-0.0397874)
(0.165905,-0.081791)
(0.311493,-0.186138)
(0.092408,-0.114214)
(0.385725,-0.116632)
(-0.0413257,-0.0229584)
(0.0781606,0.0937511)
(0.124298,0.115811)
(0.429468,-0.366782)
(0.0142996,-0.0025362)
(0.328736,-0.243592)
(0.38392,-0.345514)
(-0.0536687,0.015073)
(-0.0395949,-0.0707815)
(-0.0422499,0.0337802)
(0.139408,-0.0987611)
(-0.0301715,0.106751)
(-0.0217095,0.0168299)
(0.348051,-0.252073)
(0.264227,-0.262726)
(0.201245,-0.101115)
(-0.00649404,-0.0511367)
(-0.033051,-0.0305002)
(-0.0432034,0.050767)
(-0.0863658,-0.061191)
(-0.00280474,-0.00974581)
(0.335032,-0.253629)
(0.482783,-0.389219)
(0.46396,-0.382366)
(-0.0831851,-0.0617559)
(0.309071,-0.260242)
(-0.0290732,0.0527259)
(0.0743174,-0.0666914)
(0.0491309,-0.0409387)
(0.0151409,0.00140884)
(-0.0273136,-0.00798981)
(0.0740977,-0.165249)
(0.314939,-0.233185)
(0.459149,-0.338414)
(0.490195,-0.370672)
(-0.00685768,0.0393631)
(0.470267,-0.369811)
(-0.053814,0.00323622)
(0.375314,-0.208023)
(0.365773,-0.319797)
(0.00699235,0.0377066)
(0.496191,-0.32165)
(0.373631,-0.277998)
(0.488095,-0.319196)
(0.398853,-0.267342)
(0.39662,-0.266866)
(0.344504,-0.191917)
(0.452129,-0.212224)
(0.343498,-0.204887)
(0.377861,-0.234361)
(0.0475581,0.00570893)
(0.413403,-0.244227)
(0.395796,-0.269069)
(0.00725476,0.0138668)
(-0.00968569,-0.0248306)
(-0.0198852,0.00438775)
(-0.0162789,-0.0203814)
(0.302613,-0.242546)
(0.126009,-0.0423613)
(0.37076,-0.336905)
(0.142355,0.0104409)
(0.315466,-0.180176)
(-0.025645,0.0776547)
(0.00135292,0.10576)
(0.481559,-0.247768)
(0.0376512,-0.00124034)
(0.0975766,-0.134215)
(0.438467,-0.319947)
(-0.0120972,-0.0128645)
(-0.0544873,-0.0764044)
(0.0968413,-0.0247554)
(0.0602285,0.0205056)
(0.112908,0.00700194)
(0.0246384,0.16606)
(0.518062,-0.336269)
(0.530128,-0.384408)
(0.485924,-0.301906)
(-0.0248857,-0.0186901)
(0.194377,0.0123628)
(0.370415,-0.315632)
(0.178085,0.00798015)
(-0.0854023,-0.0826246)
(-0.0234426,0.0721755)
(0.00693576,0.094119)
(0.605746,-0.403694)
(0.445568,-0.251649)
(0.37384,-0.311528)
(0.371351,-0.232006)
(0.612908,-0.440136)
(0.0512926,-0.0419941)
(0.357606,-0.286776)
(0.281183,-0.237943)
(0.0285,-0.00656316)
(0.435542,-0.282526)
(0.570028,-0.388097)
(-0.0123843,-0.0239219)
(0.105895,0.100342)
(0.393856,-0.286029)
(-0.0708872,-0.0349423)
(0.102908,0.109551)
(0.307747,-0.231332)
(-0.0331228,0.103218)
(-0.0836568,-0.019142)
(0.00589977,0.0823197)
(0.0226843,-0.037717)
(0.499797,-0.276051)
(0.104019,-0.0352419)
(0.0365482,0.0160705)
(0.124742,-0.0606614)
(0.380071,-0.156927)
(0.0155643,0.0255179)
(0.0790177,0.0681523)
(0.00613042,0.0506861)
(0.0831052,-0.0974926)
(0.0686611,0.040596)
(0.0357159,-0.0235206)
(0.0731563,-0.000102073)
(0.0725335,-0.0732083)
(-0.0416451,-0.0488421)
(0.0358854,-0.0178096)
(0.0799312,0.0278038)
(0.281631,-0.137151)
(0.0202949,0.0670699)
(0.258053,-0.206421)
(0.00819771,0.0394971)
(0.0108998,0.0673764)
(0.164056,-0.224905)
(0.494096,-0.295565)
(0.320797,-0.252084)
(0.0840705,0.0389444)
(0.0478418,-0.0732638)
(0.08793,-0.0338004)
(0.0808116,-0.0734776)
(-0.0434548,0.0126202)
(0.0247275,-0.0109296)
(0.152845,0.0328086)
(-0.020222,-0.00774725)
(0.170149,-0.0367362)
(0.0219292,-0.0395706)
(-0.0672234,0.00913107)
(0.577628,-0.311816)
(0.0100186,0.0223175)
(0.0366048,-0.0626809)
(0.122896,-0.119528)
(0.0170858,0.00895472)
(0.261029,-0.207907)
(0.176559,-0.183795)
(-0.00319486,-0.0611757)
(0.121235,-0.223196)
(0.47446,-0.378363)
(-0.0360458,0.0556304)
(0.377932,-0.229943)
(-0.0744252,-0.0250963)
(0.0368452,-0.0826652)
(0.0772318,0.0148953)
(0.0763456,0.0247271)
(0.0708783,0.0299427)
(-0.0500417,0.0547384)
(-0.0427763,0.177415)
(-0.0724759,0.00979143)
(-0.00563022,0.0279239)
(0.149142,-0.0815218)
(0.380137,-0.158455)
(0.437406,-0.176128)
(0.167367,-0.0727355)
(0.384782,-0.203152)
(0.340524,-0.207325)
(0.525724,-0.210734)
(0.00481743,0.0374659)
(0.131627,-0.130166)
(0.45137,-0.195727)
(0.104927,-0.137834)
(0.0530869,-0.15049)
(-0.0434307,-0.0133986)
(-0.0733763,-0.0442697)
(0.0410075,-0.0740661)
(0.0357419,-0.0467825)
(0.350479,-0.27704)
(0.287591,-0.348943)
(-0.00889354,-0.0440233)
(-0.0177904,-0.0604323)
(0.0686858,-0.185164)
(0.0150541,-0.0978882)
(0.0432685,-0.179464)
(0.0139231,-0.0221772)
