1620
(-0.0219843,-0.134003)
(-0.0244658,0.0493183)
(0.0543925,0.0641291)
(0.018571,-0.14944)
(0.00373563,-0.0235488)
(-0.0383056,0.0483091)
(0.0368863,0.0761591)
(-0.0138854,-0.00540277)
(-0.00650237,0.0250101)
(0.000554889,0.0394195)
(-0.0496928,0.0276912)
(0.0028695,0.0138599)
(0.0309959,-0.0336174)
(-0.0204083,0.00322623)
(-0.0220389,0.0555609)
(-0.0306223,0.0313869)
(-0.0186418,-0.0782037)
(0.00167284,0.0320059)
(0.0172356,0.020657)
(-0.0234005,-0.00676812)
(-0.0211946,-0.0181384)
(0.00952784,0.0264559)
(-0.0654456,0.0175522)
(-0.0165762,-0.0600705)
(-0.000461155,0.036485)
(0.0184417,0.0120116)
(-0.0342286,-0.00197575)
(0.0800519,-0.0601928)
(-0.0197047,-0.00784188)
(0.0558612,-0.00568991)
(0.0285125,0.0785817)
(0.0467226,-0.0260149)
(0.00437698,0.0466817)
(-0.107375,0.0352547)
(0.0621126,0.026421)
(0.0150387,0.0684676)
(0.0704401,-0.0202652)
(-0.0070387,0.0386803)
(-0.0386413,0.00736007)
(0.0365024,-0.00107251)
(0.0423419,-0.0839217)
(0.0718727,0.0105306)
(0.0645766,0.0309619)
(0.129856,0.00821167)
(-0.037687,0.0660141)
(0.133058,-0.0194638)
(0.088803,-0.0185303)
(-0.0190071,-0.00338457)
(0.0495006,-0.0584715)
(-0.013261,-0.024529)
(0.0463909,0.00468072)
(0.101531,-0.0211603)
(0.0162021,0.0156386)
(0.0217569,-0.0018066)
(0.00429562,0.0335638)
(-0.0149746,0.0277794)
(0.0476673,0.0374658)
(0.0496368,0.0796013)
(-0.0154268,-0.0489904)
(0.0594928,-0.042546)
(-0.0382,-0.0228008)
(0.166807,-0.0627907)
(-0.0200634,-0.00391798)
(0.38906,-0.0931931)
(-0.0267457,-0.00912412)
(-0.0201951,0.0268757)
(-0.00500648,-0.00742728)
(0.0259645,0.0104393)
(-0.0051257,0.146902)
(-0.0442714,-0.0662203)
(0.0132636,0.0465876)
(0.00640166,0.0426072)
(-0.0376083,0.0728129)
(-0.0491665,0.0357761)
(0.00733461,-0.0172868)
(-0.0890109,0.0757288)
(0.0198433,-0.0288537)
(0.00376026,-0.0515664)
(-0.0188154,0.0048988)
(0.0860314,-0.0335515)
(-0.0218256,-0.060165)
(0.0163895,0.0133611)
(0.0276187,-0.0665466)
(0.0196695,-0.0147666)
(0.0336358,0.0226265)
(0.0290938,0.0320905)
(-0.0317077,-0.0563028)
(-0.0412364,0.0200088)
(0.0840002,0.0221752)
(0.039774,-0.0137774)
(-0.117744,-0.0140891)
(-0.0196247,0.025394)
(0.45441,-0.0590869)
(0.00871608,0.101142)
(-0.0244875,0.0601237)
(0.57834,-0.00263526)
(-0.05374,0.0575742)
(0.44245,-0.143834)
(-0.0054791,-0.0993479)
(-0.040466,-0.0877904)
(0.0521713,0.0222245)
(-0.0728571,-0.00579281)
(0.0499115,-0.0699993)
(0.0040244,-0.0253642)
(-0.0245797,-0.114126)
(0.449675,-0.108766)
(0.0373496,0.0768911)
(-0.0713382,-0.0113219)
(0.0124993,0.0184057)
(0.0408417,0.0747228)
(0.00510928,0.027911)
(0.714825,-0.128501)
(0.366847,-0.0511257)
(-0.0103098,-0.0134806)
(0.494308,-0.0456926)
(0.00963128,0.110696)
(-0.00823689,0.0775165)
(0.64151,-0.0747783)
(0.00476871,0.0196147)
(0.490603,-0.0707573)
(0.444446,-0.0666186)
(0.0235994,0.0327436)
(0.390954,-0.0711954)
(0.285001,-0.114784)
(0.283291,-0.0767247)
(-0.00712545,-0.0227418)
(0.0471586,-0.0393798)
(-0.000917634,0.0357959)
(0.353174,-0.129192)
(0.0871605,0.0776599)
(0.112179,0.101991)
(0.00899616,-0.00703266)
(-0.00608558,-0.0476061)
(0.00573606,0.0261407)
(0.00335936,0.0176413)
(0.0208873,0.0307115)
(-0.0564457,0.00494739)
(0.00514267,0.0297818)
(0.383815,-0.0921522)
(0.0412579,-0.0213689)
(0.0246235,0.0371983)
(-0.0146424,0.059939)
(0.019215,-0.016694)
(0.0467772,-0.0766353)
(0.0906847,-0.0879773)
(0.0256079,-0.102735)
(0.015728,0.00288841)
(0.426975,-0.0819206)
(0.48229,-0.0976762)
(-0.0564396,0.00403806)
(0.481459,-0.151497)
(0.192176,-0.0670274)
(0.540271,-0.0249254)
(0.458792,-0.126793)
(0.47757,-0.0781071)
(-0.0451373,0.0240519)
(0.07076,0.0390967)
(0.416749,-0.164596)
(0.360932,-0.0212767)
(-0.0207949,0.0133794)
(-0.0292953,0.0462389)
(-0.0057735,0.0278182)
(0.00938139,0.0310389)
(-0.0373315,-0.0115502)
(-0.00691065,0.0181038)
(-0.0488609,-0.0388233)
(0.0135052,-0.0463939)
(-0.0183271,-0.0511451)
(0.0420757,0.0278341)
(-0.0122754,0.0867334)
(0.0398222,-0.0176604)
(0.053725,-0.00365416)
(0.420033,-0.177186)
(0.378628,-0.12917)
(0.572089,-0.114438)
(0.496492,-0.0589076)
(0.0691909,-0.0912171)
(0.15278,-0.0140556)
(-0.0949314,-0.0670242)
(-0.123914,0.0615095)
(-0.0506048,-0.0648224)
(0.0397499,0.069365)
(0.0241217,0.0296885)
(0.0104396,0.0309425)
(0.0189339,0.0137953)
(-0.00531998,0.0475982)
(0.0434374,0.0320117)
(0.0721179,-0.106598)
(0.014996,-0.0247785)
(0.408235,-0.155168)
(0.471674,-0.0765685)
(0.37167,-0.08751)
(0.5748,-0.124199)
(-0.0554985,-0.0459152)
(-0.0450759,-0.0500498)
(0.0536411,0.0650717)
(0.0571689,0.0379209)
(-0.0304128,0.0464065)
(-0.0600854,-0.0502019)
(-0.00794936,0.0156017)
(0.0322735,-0.120512)
(0.0971342,-0.086668)
(-0.0380543,-0.0492161)
(-0.0735508,-0.0228836)
(-0.0231135,-0.0224399)
(-0.0638896,0.0270283)
(0.46254,-0.0835983)
(0.468922,-0.0203657)
(-0.0978903,0.0250194)
(0.374141,-0.0937157)
(-0.0377478,-0.0150773)
(0.419238,-0.0811922)
(0.419595,-0.0883008)
(-0.0982078,0.0252813)
(-0.0818455,0.0407783)
(0.0852701,0.0828719)
(0.0821927,0.0099815)
(0.444786,-0.114034)
(0.563816,-0.147147)
(-0.0257634,-0.0424272)
(-0.00359562,-0.00419858)
(-0.0430899,0.0139162)
(0.0443394,0.0779698)
(0.701817,-0.177588)
(-0.0584982,-0.0615533)
(-0.081164,-0.0821621)
(0.410668,-0.165975)
(-0.0380336,0.0605811)
(-0.00898904,0.0346075)
(-0.0725166,-0.0381638)
(-0.018724,0.0116518)
(0.484241,-0.123214)
(0.470949,-0.17027)
(0.529834,-0.0540293)
(0.470493,-0.0583121)
(-0.0513006,0.0352509)
(-0.00496726,-0.0415121)
(-0.00285089,-0.0171322)
(0.194832,-0.0678339)
(-0.000104847,0.0279963)
(0.0673364,-0.000382134)
(-0.0160507,-0.0390304)
(-0.00802792,0.0744478)
(-0.014388,0.0752396)
(-0.0272134,-0.0555184)
(-0.0472606,0.0132858)
(0.0841599,0.00366502)
(-0.00852397,-0.049423)
(0.033353,0.00625868)
(-0.0480178,0.0379984)
(-0.042541,-0.0412383)
(-0.0336319,0.0184626)
(-0.0546687,-0.0337767)
(-0.0500414,-0.0525014)
(-0.0387492,0.0242969)
(0.0424832,-0.047185)
(0.065634,-0.0123166)
(0.0125003,-0.0128753)
(0.0402137,0.0104891)
(-0.0214092,-0.0942823)
(0.0641545,-0.106546)
(-0.0230261,0.013372)
(0.00889578,0.00362348)
(-0.0370857,-0.0274795)
(0.524413,-0.0609114)
(-0.0424166,-0.06813)
(-0.0796412,-0.108527)
(-0.0146855,-0.0219677)
(0.0167473,-0.0110009)
(0.0467595,0.033358)
(-0.014737,0.0171174)
(0.0172906,-0.0109656)
(-0.0751373,-0.0233112)
(-0.0540152,0.0542392)
(0.0129175,0.00678744)
(0.486935,0.00598526)
(-0.00580932,0.0658704)
(-0.0472657,-0.0180602)
(0.0551553,0.0724727)
(0.0200581,-0.0231001)
(0.0363913,0.0212854)
(0.0489512,0.0569396)
(0.00994463,-0.0391036)
(-0.0108129,-0.0576805)
(0.118741,0.0602428)
(0.0423194,0.0214928)
(0.018479,0.00515538)
(-0.0638076,-4.04617e-05)
(0.041452,0.0169262)
(0.114425,0.032951)
(-0.0125273,0.0553091)
(0.00854532,-0.0395923)
(-0.0826155,0.0127147)
(-0.0384708,-0.0297063)
(-0.030444,0.00651176)
(-0.0549134,0.0322348)
(0.0564701,-0.04369)
(-0.00490544,0.0196673)
(-0.0580837,-0.0295415)
(-0.0617213,0.00431266)
(-0.00167038,0.0446167)
(-0.0976665,0.0139264)
(-0.0401592,-0.0217071)
(-0.0413597,-0.00380946)
(-0.0457136,0.00131064)
(0.0152471,-0.0367634)
(0.061467,0.0204955)
(0.376448,-0.141734)
(0.00447661,0.00710256)
(-0.00668762,0.0185949)
(-0.0333375,-0.0391951)
(-0.0667925,-0.0515586)
(-0.111977,-0.0807961)
(-0.0718022,-0.033157)
(-0.0463408,-0.0512628)
(-0.077857,-0.0213917)
(0.0323252,-0.081061)
(-0.0468783,-0.0884915)
(-0.0652644,-0.0282732)
(0.451509,-0.218213)
(-0.0105576,-0.0230178)
(-0.0275158,0.0258017)
(0.015268,-0.0195566)
(-0.0063882,-0.0313638)
(-0.0315577,-0.0229585)
(-0.00684817,0.0220617)
(0.0853444,-0.0655318)
(0.00137677,-0.00541977)
(-0.000261052,0.0537628)
(-0.0274683,-0.0528513)
(0.0517196,-0.005911)
(-0.0106545,-0.0170121)
(-0.0454114,-0.024014)
(0.0446544,-0.0420323)
(-0.00865047,-0.0795263)
(0.475496,0.0101836)
(0.0323651,-0.0286159)
(0.0652914,0.0629365)
(-0.0904337,-0.0780253)
(0.0479982,-0.0340354)
(0.0198925,-0.0447765)
(-0.0555396,-0.0686331)
(0.0716634,0.0556295)
(-0.0178707,0.00314159)
(-0.0161838,-0.0117736)
(0.0453726,0.0523167)
(0.0359058,0.0421002)
(0.00037041,0.110009)
(-0.0113091,0.000157098)
(0.146984,-0.0264882)
(0.377015,-0.104138)
(0.440056,-0.113718)
(0.097744,-0.0482043)
(-0.0015277,0.0182526)
(0.417812,-0.110709)
(-0.0942163,0.0974364)
(0.0641563,-0.0306105)
(-0.0245357,0.00138164)
(-0.0543768,-0.00144431)
(-0.00489269,0.000813319)
(0.258165,-0.103838)
(0.133049,-0.0646179)
(0.0202432,0.0366199)
(-0.0300912,0.0117239)
(-0.0337852,0.0127117)
(0.0293788,0.0233953)
(0.469639,-0.18957)
(-0.043752,-0.0620622)
(-0.0415905,0.0155665)
(-0.00182093,0.0316811)
(-0.0178537,0.0628372)
(-0.00341583,-0.0510028)
(-0.0182924,-0.0298085)
(-0.0252832,0.0704185)
(0.470796,-0.124968)
(0.411018,-0.0829554)
(0.0240218,-0.0390832)
(0.0136245,-0.0890646)
(0.0308111,0.0438478)
(0.0696959,0.0386922)
(-0.0167784,0.0329581)
(0.147563,-0.0316379)
(0.364972,-0.0970655)
(-0.0465788,-0.0189713)
(0.0379166,-0.0583411)
(-0.0199474,0.00792278)
(0.0480182,0.0145104)
(0.0383931,0.109991)
(0.0187407,0.033359)
(0.0277535,-0.0406817)
(0.00235012,-0.0921408)
(0.0508434,0.0244464)
(0.0102782,-0.00972252)
(-0.0367356,-0.0556443)
(0.0401402,0.0980554)
(0.0723631,0.0552665)
(-0.0783939,-0.0247014)
(-0.0147392,-0.0827069)
(0.0360866,0.057375)
(0.0565951,0.00609076)
(0.0429024,0.00564359)
(-0.0739272,0.0323097)
(-0.00592451,0.051137)
(0.554971,-0.13313)
(-0.0469198,0.00932289)
(0.00424572,0.021874)
(-0.0882077,-0.0958877)
(-0.106788,-0.0885863)
(-0.00316031,0.00984047)
(0.0220478,-0.0150608)
(-0.05136,-0.0382287)
(0.0306861,-0.0229851)
(0.00789143,0.0963092)
(0.0369188,-0.021722)
(0.443605,-0.121408)
(0.0209269,0.100305)
(0.0135105,0.0286774)
(-0.0354447,0.0114358)
(0.0241412,0.0126119)
(0.0250356,0.0199351)
(-0.0226928,-0.0428777)
(0.0299798,-0.0206101)
(0.0677594,-0.0423831)
(-0.0298177,-0.116745)
(-0.0132814,0.0189921)
(-0.0376369,0.0217657)
(0.415578,-0.097418)
(-0.0526419,-0.0281015)
(-0.00289778,0.0222006)
(0.0130674,0.053718)
(-0.0514377,-0.0694953)
(-0.05782,-0.0263528)
(0.0463502,0.0112122)
(0.0538881,0.0546007)
(0.0763956,0.0350669)
(0.0657974,0.0321969)
(-0.0225678,-0.0687823)
(0.0478966,0.0140759)
(-0.0718852,-0.0555468)
(-0.0155822,-0.0690656)
(0.00295696,0.00373969)
(-0.026387,-0.0336228)
(0.0997368,-0.0125431)
(-0.0105836,0.0160141)
(-0.0181826,-0.0294349)
(-0.00150377,-0.053348)
(-0.050578,-0.0540838)
(0.0726666,-0.0363845)
(0.0275419,0.00713783)
(0.193381,-0.125445)
(0.0489763,0.0409797)
(-0.0367394,0.0885082)
(0.0177315,0.0843552)
(0.0200765,0.0140725)
(-0.0904817,0.0819947)
(0.0177877,-0.0146204)
(0.0117821,0.0465433)
(-0.0475661,-0.0229747)
(0.0195774,0.0371125)
(0.00129194,-0.0336595)
(0.0109421,0.0361599)
(-0.0478556,-0.0362117)
(0.024175,-0.00136425)
(0.0469086,0.0326903)
(-0.0500379,-0.00121241)
(-0.0559578,-0.0172013)
(-0.0721189,-0.0438431)
(0.0347178,-0.0108749)
(0.427767,-0.111615)
(-0.113113,0.00746462)
(0.561953,-0.103833)
(0.0253938,0.0507337)
(-0.0691894,0.0706148)
(-0.0250466,0.0804483)
(-0.00434507,0.00486351)
(0.0720123,0.0633244)
(0.04257,-0.0403241)
(0.00583091,-0.00817604)
(0.00403029,-0.0214179)
(-0.0341862,0.0602553)
(-0.00661687,-0.0210453)
(0.453241,-0.117678)
(-0.0158571,-0.0321931)
(-0.0303316,-0.0187127)
(0.0938408,0.0354559)
(0.0794047,-0.0235493)
(-0.03702,-0.0430367)
(0.43784,-0.0575093)
(0.0332206,-0.0324203)
(0.00694487,-0.0507593)
(0.698909,-0.0830783)
(0.0392709,-0.0593143)
(-0.0579202,0.0303436)
(-0.0329243,0.0317803)
(0.0504753,-0.0202403)
(0.391726,-0.057091)
(0.517676,-0.175694)
(0.529571,-0.0628573)
(0.462857,-0.0905404)
(-0.0473799,0.0141925)
(-0.0725222,0.0216528)
(-0.00263373,-0.00781263)
(0.00785896,-0.0682533)
(-0.0241162,0.0366103)
(-0.068335,-0.00665572)
(-0.0800104,-0.0304566)
(0.0859497,0.0312595)
(-0.0122277,0.0260208)
(-0.0350966,0.0884508)
(0.00855275,-0.0246996)
(0.0424143,0.0148962)
(0.0551191,0.0256768)
(0.0530551,0.0341241)
(0.0765038,0.0496665)
(0.0470743,0.0111911)
(0.104257,-0.0415508)
(-0.00715272,0.00400207)
(-0.0385497,0.111841)
(-0.0037128,0.0703801)
(-0.0150021,0.0119114)
(-0.0374764,0.0899291)
(-0.0534998,0.00701879)
(0.00107897,0.0256049)
(0.0218328,0.0511013)
(0.0300184,-0.0201199)
(0.0190316,0.0252306)
(-0.00758759,-0.0368538)
(-0.0584365,-0.0394211)
(0.0619232,0.0696063)
(0.0506271,0.0175289)
(0.0168715,0.0783431)
(0.0509544,-0.00873201)
(0.423156,0.0080244)
(0.0391657,0.000209868)
(0.543743,-0.11672)
(-0.0332506,0.0620327)
(0.0284739,0.00762034)
(-0.0432207,0.00244692)
(-0.116616,0.0499881)
(-0.00595985,0.0720696)
(-0.0469698,-0.0325957)
(0.0211511,0.0591267)
(0.0454848,-0.00642915)
(0.0370784,-0.00611144)
(-0.00149971,-0.0125185)
(0.00257102,-0.0705051)
(-0.0313999,0.101466)
(0.0214295,-0.0519895)
(0.034134,0.0702177)
(-0.0537047,-0.0152859)
(-0.0351218,-0.0239627)
(0.0536489,-0.0393485)
(0.0110066,-0.0903729)
(-0.00242325,0.07401)
(0.0528798,0.0283586)
(0.0627666,-0.02159)
(0.185225,-0.0845291)
(0.0718891,0.0581394)
(-0.0265544,-0.0440821)
(0.00818572,-0.037027)
(0.0791429,-0.00369054)
(0.411754,-0.110818)
(0.00995688,0.0610113)
(-0.0287695,0.0868814)
(0.0531718,-0.0630298)
(-0.0576736,0.080881)
(0.0466658,0.0516311)
(0.121762,-0.0319592)
(0.251754,-0.115603)
(0.355676,-0.200382)
(-0.029004,0.0575208)
(-0.0102366,0.0444355)
(-0.0928344,0.0184412)
(0.193712,-0.130735)
(0.544359,-0.0681782)
(0.0638176,0.0124243)
(-0.0646701,-0.0574792)
(-0.0222995,0.0325294)
(-0.0880789,-0.0243637)
(-0.0320416,0.0517464)
(-0.0377679,0.021666)
(-0.0228718,0.0353295)
(-0.0121159,0.00645817)
(0.0242825,-0.00345677)
(0.0607876,0.0194339)
(0.502665,-0.104211)
(0.0420751,-0.00227695)
(-0.0278815,-0.0258456)
(0.0475616,0.023942)
(0.0182235,-0.0440586)
(-0.0216683,-0.0567692)
(0.0480014,-0.00364704)
(0.0122082,-0.0171767)
(0.259171,-0.151479)
(0.0080102,0.0988974)
(-0.0213154,0.00594066)
(0.0191665,0.104006)
(0.0263128,-0.0274886)
(-0.0378567,0.0294019)
(-0.0640512,-0.00445253)
(-0.0188355,0.053487)
(0.269679,-0.0900972)
(0.680849,-0.00945033)
(-0.0810559,0.0577835)
(-0.0865328,-0.00356587)
(0.0181058,0.0260905)
(-0.106176,0.0602656)
(-0.132169,-0.0380627)
(-0.141563,-0.0217728)
(0.0160324,0.065193)
(-0.0193484,-0.0203092)
(0.0222173,0.00599705)
(0.0534133,-0.0166221)
(0.00221973,-0.00975942)
(0.0329261,0.000482178)
(-0.089838,-0.0277186)
(-0.0366755,0.0454845)
(-0.00523552,0.067451)
(-0.0418266,0.0214795)
(-0.0311878,0.0486944)
(0.0348897,-0.00405296)
(0.10364,-0.0527886)
(0.0637636,0.0589971)
(0.0983469,0.0550972)
(-0.0715483,-0.0393255)
(-0.0589636,0.00272726)
(-0.0432373,0.0180231)
(-0.043276,0.0278554)
(-0.00259911,0.0199577)
(0.0138551,0.00137556)
(0.0168977,0.0103553)
(0.0584524,-0.0354787)
(-0.0269141,-0.0541902)
(0.0121363,-0.0381931)
(0.0276369,0.0130015)
(-0.0287174,0.0743528)
(0.0260369,0.0801749)
(-0.026624,0.0335068)
(0.0483131,-0.00578437)
(0.621991,-0.105055)
(0.068245,0.0626035)
(-0.0372567,-0.0505354)
(0.0142254,-0.0301882)
(0.0516449,0.0976349)
(0.0372913,-0.0411729)
(0.0221722,-0.0387465)
(0.0500023,0.009595)
(0.0547162,-0.0583603)
(0.00126032,-0.0807216)
(0.0355966,-0.0299922)
(-0.0213522,-0.0368857)
(0.0777308,-0.0055466)
(0.0832889,0.038006)
(-0.00687753,-0.0117879)
(0.0459131,-0.0389146)
(0.043903,-0.0365207)
(0.00471359,-0.0412603)
(-0.0115207,-0.0284864)
(-0.0140568,-0.0237024)
(-0.047663,0.0425774)
(8.96608e-05,0.00244004)
(-0.00738288,0.0142837)
(-0.056406,-0.00505371)
(-0.022396,-0.0159692)
(-0.0131234,0.0182342)
(-0.0359831,-0.117942)
(0.0327429,-0.0975569)
(0.0141801,-0.0582818)
(0.0105136,-0.0424324)
(-0.0133742,-0.0272836)
(0.0594051,-0.0457863)
(-0.0544643,0.00562048)
(0.03155,-0.0755887)
(0.070217,-0.0381156)
(0.0702565,-0.0866265)
(0.0202791,-0.102626)
(-0.0385599,-0.146895)
(-0.0446272,-0.00617188)
(0.0665113,-0.046197)
(0.0920528,-0.0200514)
(-0.0341745,0.0688506)
(-0.062982,0.0318515)
(-0.0242693,0.0462159)
(-0.0111523,-0.0518272)
(0.006487,0.00993516)
(-0.0266477,0.0800462)
(-0.0390098,0.109559)
(0.00349379,0.0291484)
(-0.0893827,-0.0321389)
(0.0163083,-0.0206515)
(0.0419917,0.0255087)
(-0.0158839,-0.0965268)
(0.0182353,-0.0212279)
(0.473537,-0.0681818)
(0.0336637,-0.0584204)
(0.0596041,-0.00194669)
(0.00796651,0.0445726)
(0.00486502,-0.0302683)
(0.0296845,0.0474666)
(0.0122559,0.0545994)
(0.0425229,0.0618484)
(0.0337971,0.0243637)
(0.0619178,-0.0275001)
(0.0170783,0.00485633)
(0.0322769,-0.00346413)
(0.0411724,-0.0114661)
(0.0271297,0.0420901)
(-0.0471276,0.0986722)
(-0.0245196,0.0108032)
(0.0600618,0.0610989)
(0.0637151,0.0154904)
(-0.01412,0.0324759)
(0.0284342,0.0325568)
(-0.0198399,-0.00840926)
(0.0135549,-0.0773383)
(-0.00410375,-0.0499117)
(-0.0106845,-0.138249)
(0.0951249,0.00154047)
(0.561585,-0.112825)
(0.460652,-0.0846498)
(-0.00922177,0.12515)
(0.444371,-0.0605091)
(0.065079,-0.0679793)
(0.433207,-0.057197)
(0.281679,-0.138768)
(-0.00141908,0.0413333)
(0.505968,-0.129579)
(0.556084,-0.107161)
(0.536895,-0.0969028)
(-0.0142847,0.0499276)
(-0.0509452,0.0444551)
(-0.0450916,0.00541519)
(-0.0528362,0.0198487)
(0.0266805,0.0571867)
(-0.0227128,0.0147006)
(-0.0317358,0.0381755)
(-0.0537625,0.0223403)
(-0.0454944,0.00837146)
(0.0165604,-0.0649415)
(0.0399422,0.00464847)
(0.04584,-0.0426352)
(-0.0455187,0.0391501)
(-0.0356107,-0.00970481)
(0.0341245,0.0447552)
(-0.0247104,-0.0838405)
(-0.0452717,0.0711374)
(-0.0363871,0.0311264)
(0.0198382,0.0208356)
(0.0087021,-0.0255042)
(-0.0368752,-0.0905387)
(-0.00224808,0.0221013)
(-0.0368325,-0.0413482)
(0.0187886,-0.0164141)
(-0.000687326,0.0269163)
(0.027821,-0.0115204)
(0.0321273,0.0888205)
(-0.0334917,-0.00600556)
(0.0122075,0.0416157)
(-0.00808297,-0.00203425)
(0.0202399,0.0372758)
(-0.00569742,-0.0376899)
(-0.0155506,-0.0305528)
(-0.0411304,-0.0371059)
(-0.0335637,-0.015455)
(-0.0321539,-0.0649367)
(0.00796064,0.0286612)
(0.556117,-0.256985)
(0.0420618,-0.0319142)
(0.00670956,0.00514373)
(0.00216014,0.00153255)
(0.0152668,-0.002582)
(0.0158676,0.0627708)
(-0.0191504,0.0503017)
(0.44239,-0.133925)
(0.634955,-0.187893)
(0.453461,-0.105003)
(-0.0226109,-0.00379121)
(0.406026,-0.0739204)
(-0.00292493,0.0271787)
(0.090401,-0.0320419)
(0.00810485,0.0479141)
(0.012119,0.0122572)
(0.184318,-0.0855438)
(-0.00101216,0.021816)
(-0.0097408,0.0502809)
(-0.0291082,0.0269565)
(0.108956,-0.0592039)
(0.0294106,0.000997891)
(-0.122553,-0.0314244)
(0.444968,-0.0727367)
(0.00591289,0.000456602)
(-0.0504365,0.0140099)
(-0.0218187,0.0167856)
(0.0189408,0.0379795)
(0.00955439,-0.010182)
(-0.000172434,0.0585165)
(0.0639145,-0.0578862)
(0.00349104,0.0456461)
(0.0668046,0.0248329)
(0.196632,-0.0472066)
(0.0705853,0.0223052)
(0.0183456,0.0119964)
(-0.0733453,0.0597989)
(-0.0960569,0.0171929)
(0.00368918,0.077098)
(0.0128093,-0.00767672)
(0.00738778,-0.0549124)
(-0.0426861,0.0316887)
(-0.0109849,-0.0157116)
(0.0063432,-0.00758223)
(0.0156565,0.00786458)
(-0.0128982,0.0443313)
(0.0608514,0.0456871)
(0.0336399,0.0498158)
(0.0256052,0.0342184)
(0.0218292,-0.0123404)
(0.0512965,0.0159228)
(0.0177543,-0.113872)
(0.0291215,0.0333808)
(-0.0594948,-0.0229032)
(0.024193,0.116522)
(-0.00438371,0.0355487)
(0.0350464,-0.126212)
(0.0844491,0.0749517)
(0.0127309,0.0465026)
(0.0631838,-0.0825039)
(-0.000292025,0.0562223)
(-0.0460325,-0.00915799)
(-0.0222753,-0.0435635)
(-0.0146804,0.0603752)
(-0.0607817,-0.0312457)
(-0.0481858,-0.0146859)
(0.057542,0.060844)
(-0.0309122,-0.0190286)
(-0.107607,0.077843)
(-0.0034127,0.00927259)
(0.0025926,0.0290461)
(-0.0307093,0.00868763)
(0.0472682,-0.00250613)
(0.00544067,0.0365738)
(0.139597,-0.0822781)
(0.0886035,-0.00109712)
(-0.0244726,-0.0626091)
(-0.0417763,0.0556836)
(-0.0523907,-0.0969219)
(-0.0172392,0.0995658)
(-0.0322469,0.0217307)
(0.0592168,0.0799732)
(0.0585807,0.091905)
(0.0125405,-0.0274347)
(0.0168983,0.0433804)
(-0.0518956,0.00839531)
(-0.0244032,0.0760146)
(0.0182532,0.0107873)
(-0.0612308,-0.0416512)
(0.0194998,-0.104502)
(0.0829549,-0.018163)
(0.0432799,0.0582968)
(0.0212528,0.0570582)
(-0.0468451,0.0395973)
(-0.0566148,-0.0199165)
(-0.0170158,-0.0316389)
(0.0576786,-0.0120626)
(0.0560653,-0.0356655)
(0.454291,-0.0952879)
(0.0281083,-0.0035069)
(-0.0569917,-0.0491864)
(0.0156516,-0.0188228)
(-0.0317747,-0.0351441)
(0.00625679,-0.0602883)
(0.0498479,-0.0346084)
(-0.0283452,0.0159262)
(0.0244444,-0.0461744)
(0.551045,-0.130872)
(0.0364374,-0.102611)
(0.0555249,0.00698141)
(0.0647682,-0.0606545)
(0.521532,-0.124599)
(-0.0232126,0.00418642)
(-0.0422365,-0.00197114)
(0.0424697,0.0142236)
(-0.0147785,-0.00664984)
(-0.0411993,-0.012356)
(0.0148153,-0.0234042)
(-0.0518677,-0.0213912)
(0.314816,-0.0826291)
(0.168574,-0.0873864)
(0.0180348,-0.0074755)
(-0.0128181,0.037511)
(-0.0461742,-0.0646239)
(0.0394202,0.0778398)
(-0.00986522,-0.082899)
(0.398881,-0.0497346)
(-0.0435553,-0.0182517)
(-0.00834487,0.012714)
(0.00606133,-0.000988532)
(0.0284569,0.00386286)
(0.0715236,-0.0143524)
(0.0163567,0.0107522)
(0.491971,-0.108671)
(-0.0265243,-0.00166814)
(0.493052,-0.0882716)
(-0.0849468,0.060451)
(-0.060352,-0.0290242)
(-0.00708944,-0.0572216)
(0.0326982,0.0322304)
(0.480703,-0.195903)
(0.104137,0.0124324)
(0.288463,-0.110079)
(0.0295968,-0.0196666)
(-0.0303243,0.00375268)
(-0.0602344,-0.00915021)
(0.20848,-0.0314028)
(0.273174,-0.105388)
(0.00117156,0.00979111)
(-0.0104156,0.012266)
(0.306679,-0.128887)
(-0.0253064,0.0149939)
(-0.0770928,-0.0306766)
(0.24065,-0.0981196)
(-0.0467623,0.0190197)
(-0.0129394,0.0231673)
(0.351451,-0.0829648)
(-0.0720764,-0.0792614)
(0.150574,0.000938894)
(0.209771,-0.056563)
(0.0233033,0.0570872)
(0.22213,0.0154871)
(0.0760342,-0.0564666)
(0.0114172,-0.0507575)
(-0.0244157,0.050878)
(-0.081639,0.0321847)
(-0.0131283,-0.00282914)
(0.0674257,-0.0638753)
(0.0316275,-0.0336602)
(0.0427703,0.0643354)
(-0.0507281,0.0665301)
(0.0627473,0.0613416)
(-0.0369814,0.0150339)
(0.0865822,0.0813454)
(-0.096466,0.0169748)
(-0.0239724,0.0387603)
(-0.0252266,0.0261979)
(-0.0254516,-0.0343037)
(-0.0322885,-0.0166953)
(0.308328,-0.0815907)
(0.0106221,0.0828896)
(0.00216778,0.0459999)
(0.112429,-0.0666242)
(-0.141413,0.0504907)
(-0.0739705,0.0277236)
(0.540971,-0.0791809)
(-0.00696336,0.0126139)
(0.55798,-0.126313)
(-0.0387794,-0.0237238)
(0.0137788,0.0107105)
(0.195258,-0.101247)
(-0.0444759,-0.000790818)
(0.0189768,0.0149467)
(0.451631,-0.127716)
(-0.0382309,-0.0249099)
(0.0566541,0.0465073)
(0.00576641,0.00295316)
(0.00211424,0.0999777)
(0.147148,0.0489471)
(0.0316866,-0.0644313)
(0.123189,-0.0361001)
(0.0468608,-0.0422755)
(-0.119756,-0.0490394)
(0.242037,-0.155217)
(0.02208,0.0362633)
(0.302743,-0.141483)
(-0.017187,-0.0705787)
(-0.0397066,-0.0216246)
(0.471083,-0.119331)
(-0.0754783,0.108454)
(0.000941512,0.0529415)
(-0.0272327,-0.0142321)
(0.378611,-0.0825768)
(0.010487,-0.018795)
(-0.0444874,-0.0520509)
(0.0599315,0.0364138)
(0.00503915,0.0324903)
(0.0372813,0.0348908)
(0.0906372,0.0174038)
(-0.12681,0.0151209)
(0.0282432,-0.00428216)
(-0.0419106,0.0274376)
(0.0888602,-0.0442532)
(-0.078623,0.03575)
(0.00396071,0.0486077)
(0.0782942,0.0263191)
(0.0685751,0.0433436)
(0.057913,-0.0756444)
(-0.0428618,-0.0741845)
(0.0217691,-0.0928806)
(0.0234995,-0.016215)
(0.00971548,-0.0448752)
(-0.0118588,0.0141256)
(0.0483684,0.0176014)
(0.0585942,0.016628)
(0.0321718,0.078129)
(0.00951822,0.0136264)
(0.0211963,0.0273558)
(-0.0180083,-0.0805202)
(-0.0621444,-0.11692)
(-0.0764333,-0.121001)
(-0.0432256,-0.0634418)
(0.0147696,-0.0130987)
(0.0205028,-0.0180434)
(0.0188552,-0.0044673)
(0.453527,-0.113875)
(-0.069514,0.00271827)
(0.0278576,0.00895791)
(-1.66193e-05,0.00163298)
(0.410688,-0.0743728)
(0.029933,-0.00787244)
(0.0229841,-0.0310437)
(-0.0110348,-0.0235737)
(0.0118277,-0.000460381)
(0.0137758,-0.0178231)
(-0.0127671,-0.0440696)
(0.0509431,-0.00904532)
(0.385874,-0.088767)
(0.0299924,-0.0265684)
(-0.112395,-0.0393101)
(0.617255,-0.139839)
(0.0148106,0.00947208)
(-0.00201941,0.0149798)
(0.0312886,-0.0590339)
(0.447101,-0.0823012)
(0.0572589,0.0318425)
(-0.0615872,-0.0600298)
(-0.00905743,-0.0643056)
(-0.120818,-0.0127567)
(-0.000551727,-0.0204634)
(-0.0813044,-0.0837981)
(-0.00750815,-0.051685)
(-0.0158267,0.0385667)
(0.00507616,-0.0382961)
(0.00311968,-0.0622888)
(0.00803787,-0.049147)
(0.439054,-0.0496431)
(0.0552876,0.0108384)
(-0.0426195,0.0466257)
(-0.0390823,-0.0165128)
(0.00452164,0.00142375)
(0.00472078,-0.0636777)
(-0.0254173,0.0615399)
(-0.0206702,-0.0627413)
(-0.00548601,0.00161175)
(0.00564755,-0.0780543)
(0.00314192,0.0390951)
(0.0157261,0.073685)
(0.415176,-0.0985516)
(-0.0117363,0.0146091)
(0.000776195,0.00459987)
(-0.0102296,0.0784821)
(0.0204406,-0.0310416)
(-0.0621591,0.107428)
(-0.0149347,0.00494728)
(0.146751,-0.16726)
(0.206404,-0.105766)
(0.149653,-0.150729)
(0.0134414,0.0076356)
(-0.0117606,0.0238626)
(0.606767,-0.165448)
(0.345747,-0.131793)
(-0.0133384,0.0212125)
(0.406168,-0.0807594)
(0.480169,-0.0473843)
(0.199107,-0.107092)
(0.053295,-0.014677)
(0.0423477,-0.0194619)
(0.0327338,0.046656)
(0.0836273,-0.00434722)
(-0.00915715,0.0375565)
(0.00886917,0.0588217)
(-0.0921804,-0.00222602)
(0.0784747,0.00305578)
(-0.0931873,0.023057)
(-0.0226641,-0.0480519)
(0.0480019,-0.0228212)
(0.479156,-0.13557)
(-0.0454214,0.0427054)
(0.00597238,-0.0168377)
(-0.0492788,0.0163641)
(0.541159,-0.0923649)
(-0.041028,0.0851842)
(-0.00860034,0.00603026)
(0.544096,-0.168488)
(0.513576,-0.0817459)
(-0.0272936,0.026125)
(0.346054,-0.0765427)
(-0.000475981,0.0615505)
(-0.0403062,0.0965107)
(0.46955,0.019842)
(0.264736,-0.0832363)
(0.39817,-0.104435)
(0.478474,-0.0474256)
(0.0386678,-0.00594223)
(0.753877,-0.0290882)
(-0.0425971,0.0128258)
(-0.0207061,0.0832209)
(0.0612444,0.00312153)
(0.162489,-0.0491943)
(-0.0429371,0.0576361)
(0.0972257,-0.0643126)
(0.014919,-0.00489459)
(0.0263066,0.000704378)
(0.0317191,-0.0103769)
(0.0172435,0.00548897)
(0.0603088,-0.00556288)
(-0.016423,0.041091)
(0.0707551,0.0479277)
(0.107717,-0.0473134)
(-0.0894009,0.00281548)
(0.0284599,-0.0614356)
(0.0358503,0.040765)
(0.0318029,0.0417041)
(0.0125944,0.0122596)
(0.46366,-0.076647)
(-0.0550101,0.115238)
(0.0209041,0.00801035)
(-0.00389216,-0.0166211)
(0.00668739,0.0307604)
(0.0495653,0.0105948)
(0.0139901,0.0324387)
(-0.0360113,-0.0972672)
(-0.0314393,-0.0272936)
(0.551367,-0.0949104)
(-0.0256621,0.0112877)
(0.333311,-0.0398968)
(-0.000539427,0.0188206)
(0.046404,0.0378816)
(0.00855344,0.0114466)
(0.115077,-0.0298618)
(-0.0213768,-0.0410207)
(0.0351268,-0.102705)
(0.0381595,-0.0318601)
(0.0244179,-0.0438968)
(0.0420703,0.027001)
(0.0269549,-0.0315642)
(0.0618505,0.00865986)
(0.0318767,0.0426506)
(0.481099,-0.133686)
(0.27353,-0.05532)
(-0.0124639,-0.0328184)
(0.0380236,-0.0388858)
(0.0365084,-0.0272123)
(0.0590514,-0.0473651)
(0.455089,-0.159975)
(0.0508232,0.0504884)
(0.0904573,0.027796)
(0.0806549,0.0620027)
(0.0739719,0.0160654)
(0.326286,-0.168394)
(0.0750119,0.0273377)
(-0.0392795,2.35194e-06)
(-0.024124,0.000545777)
(-0.0153915,0.0181965)
(0.5035,-0.0748997)
(0.0346374,-0.0236649)
(-0.0186012,-0.00652894)
(0.0477528,0.0789101)
(0.0273838,0.0148542)
(0.043844,-0.00218492)
(0.473424,-0.0964244)
(0.396559,-0.133819)
(0.658779,-0.0848401)
(0.0333494,-0.0607135)
(0.0493146,-0.0179655)
(0.484725,-0.0580509)
(0.0452573,-0.0362247)
(0.0900557,-0.0864136)
(0.27674,-0.213435)
(-0.0615417,-0.0602249)
(-0.0579761,-0.00422756)
(-0.0505536,-0.0325932)
(-0.0693268,0.0400409)
(-0.0173649,0.0209729)
(0.142057,-0.054728)
(0.161156,-0.115265)
(0.277641,-0.141361)
(0.270709,-0.0443727)
(0.623588,-0.169783)
(-0.00205017,-0.0338433)
(-0.0819896,0.0138769)
(-0.0308979,0.00391479)
(0.0927951,0.0955781)
(0.546707,-0.0731602)
(0.540383,-0.140368)
(0.0107958,-0.0124357)
(-0.0364854,-0.0547944)
(0.00555892,-0.0459515)
(0.571106,-0.17993)
(-0.0135187,0.0870719)
(0.0682992,0.0359226)
(-0.0565426,-0.00546643)
(0.597699,-0.0821509)
(0.0650291,0.0481747)
(-0.0546477,0.0691648)
(0.543005,-0.112024)
(0.512545,-0.122384)
(-0.0194113,0.0641535)
(-0.00769689,0.0344454)
(-0.0441258,-0.0441936)
(0.014148,-0.0259782)
(0.0198452,-0.0535008)
(-0.00316972,0.0144733)
(0.0248506,-0.0319333)
(0.482299,-0.146186)
(0.684636,-0.0252052)
(0.597656,-0.118887)
(0.531989,-0.060833)
(0.450642,-0.102492)
(0.176076,-0.104529)
(0.289856,-0.0280459)
(0.184694,-0.0624259)
(0.187906,-0.0956097)
(-0.0215811,-0.0263836)
(0.01802,-0.0586434)
(0.280455,-0.0491281)
(0.533627,-0.146461)
(0.52346,-0.124192)
(0.430233,-0.0620976)
(0.520985,-0.135802)
(0.00783844,0.0560564)
(0.541042,-0.0708667)
(-0.0554739,0.0850777)
(0.010254,-0.010293)
(-0.00342729,-0.0423557)
(-0.0276622,0.0709226)
(-0.0402054,-0.0290771)
(-0.00129495,-0.0566292)
(-0.0300875,0.0115051)
(0.032817,-0.0180137)
(0.0249635,0.0815641)
(0.402239,-0.097513)
(0.000732145,-0.0441573)
(0.500577,-0.205895)
(0.456758,-0.0217466)
(0.468953,-0.16617)
(-0.0299002,-0.0103032)
(0.0687689,0.0909317)
(-0.039708,-0.00482244)
(0.553511,-0.104209)
(-0.0151768,-0.0836692)
(0.0235794,-0.00686142)
(0.318307,-0.131553)
(0.257823,-0.132219)
(0.517765,-0.0945634)
(0.372385,-0.0502388)
(0.592599,-0.244753)
(0.477219,0.0539166)
(-0.0129905,-0.0724888)
(-0.0172162,-0.0703642)
(0.00187847,0.0200816)
(0.0343187,0.0818631)
(0.0256792,0.0914142)
(-0.0190296,-0.0247645)
(0.0290317,-0.00202521)
(0.314634,-0.118253)
(0.184915,-0.0348171)
(-0.0210541,0.000422298)
(0.194917,-0.0314855)
(0.00446988,-0.0320602)
(0.507166,-0.11261)
(0.518577,-0.0180314)
(-0.0524987,0.0344771)
(0.066807,0.0498521)
(0.0805454,0.0345801)
(0.0553988,-0.0549643)
(0.464015,-0.230018)
(-0.00415539,-0.0644577)
(0.166759,-0.110707)
(-0.0468852,0.0860756)
(0.289423,-0.119082)
(0.0130168,0.0572129)
(0.325166,-0.0501073)
(0.00663507,0.0390631)
(0.0299127,0.0382053)
(0.019372,-0.013871)
(0.00959496,0.00761012)
(0.481375,-0.067713)
(-0.0156088,0.014828)
(0.4869,-0.114296)
(0.463179,-0.0814928)
(-0.0333576,0.018584)
(0.475974,-0.0426655)
(0.588882,-0.0100036)
(0.543645,0.0165583)
(0.0237422,-0.000618134)
(0.493876,-0.140769)
(-0.0696075,0.0491067)
(-0.0570952,0.0387116)
(-0.0301089,0.0738611)
(-0.0435434,0.00771005)
(-0.0418271,0.0697099)
(-0.0416019,0.000390642)
(-0.051877,0.0255518)
(0.713678,-0.0116208)
(-0.0567748,0.00692644)
(0.114615,-0.030969)
(0.423135,-0.129803)
(0.453205,-0.113915)
(0.000307592,0.0159935)
(0.0467758,-0.0167051)
(-0.0123163,0.00187348)
(0.398096,-0.153674)
(-0.043096,0.00693453)
(0.485318,-0.225599)
(0.370177,-0.105361)
(-0.0697597,-0.0201034)
(-0.027567,-0.0192577)
(0.52415,-0.0222294)
(-0.0773501,-0.0210501)
(-0.00398398,-0.0136564)
(-0.0334274,0.0595892)
(0.453291,-0.111694)
(0.453091,-0.0993476)
(0.224144,-0.145842)
(0.447671,-0.142218)
(0.483114,-0.0659106)
(0.0942085,-0.00900014)
(0.505285,-0.100173)
(0.605826,-0.0132067)
(0.0383039,-0.105348)
(0.509459,-0.0315305)
(0.0386499,0.080512)
(0.497639,-0.0767692)
(0.0830056,0.0205778)
(0.00771104,0.0459546)
(-0.0168497,-0.0123946)
(0.0559127,0.0329774)
(0.00851138,0.0879431)
(0.0671743,0.102379)
(0.0294641,0.0728602)
(0.0527872,0.0253893)
(0.128749,-0.0678523)
(0.0293558,0.0142513)
(-0.0323464,-0.0139148)
(0.0240025,0.0389095)
(0.00338695,0.00674035)
(0.00510423,0.0334724)
(0.0222718,0.00949446)
(0.0304591,0.0635182)
(0.128406,-0.102158)
(0.00421154,-0.0106099)
(0.0478315,-0.0318759)
(0.615858,-0.0683929)
(0.383009,-0.173901)
(-0.0203038,0.0231802)
(0.0858661,0.151853)
(0.0142255,0.12764)
(0.142791,0.0289876)
(-0.0370343,-0.0182689)
(0.0984985,-0.00556049)
(0.223556,-0.0927964)
(0.642468,-0.140777)
(0.568077,-0.129923)
(0.0212545,0.0642929)
(0.0773239,-0.0524354)
(0.543179,-0.1377)
(0.0422745,0.0635226)
(0.0488396,0.0342618)
(0.0828945,-0.0120175)
(0.506217,-0.0263176)
(0.0809291,-0.0576114)
(0.234924,-0.158447)
(0.00940389,0.00365406)
(0.131846,-0.126832)
(0.179537,-0.0663955)
(0.280981,-0.0561181)
(0.334961,-0.102107)
(0.0662367,0.0458744)
(-0.0428361,0.0720615)
(0.376687,-0.12517)
(-0.0521147,0.0925439)
(0.0128089,-0.00192703)
(0.0357065,-0.0362955)
(0.485502,-0.17525)
(0.0111219,-0.0293234)
(0.421056,-0.120721)
(0.0259307,-0.00706053)
(-0.0139206,0.0238724)
(-0.00724999,-0.0263786)
(-0.0103705,0.0435664)
(-0.0240711,0.00769976)
(0.00267306,0.0301158)
(0.025188,0.0253954)
(-0.0226719,0.0168837)
(-0.0412344,0.0894781)
(0.528918,-0.115826)
(-0.012049,-0.0107414)
(0.0528533,0.0336188)
(0.509719,-0.0549293)
(0.0953381,0.0216863)
(-0.00560732,0.037866)
(-0.00554452,0.0122602)
(0.00202781,0.0225644)
(-0.0637041,0.0680678)
(0.112284,-0.0838958)
(-0.0136599,0.0736784)
(-0.046197,-0.0468215)
(-0.0501528,-0.0867948)
(0.0458018,-0.0260235)
(-0.0484469,-0.038032)
(0.478798,-0.000976737)
(-0.043337,0.0701665)
(0.632486,-0.12574)
(0.36526,-0.143859)
(0.4912,0.00863142)
(-0.042446,-0.00380485)
(0.379067,-0.00474923)
(0.39058,-0.155536)
(0.366869,-0.058486)
(-0.0644505,0.0477029)
(0.00773086,0.0578215)
(-0.08772,0.0575462)
(-0.0148049,0.0174207)
(0.578417,-0.19105)
(0.568269,-0.123361)
(-0.060155,0.00741603)
(-0.033935,-0.00410603)
(0.00900181,0.0109934)
(0.0467268,-0.00548396)
(0.331697,-0.075369)
(0.0467707,-0.00935335)
(0.0320748,0.0317266)
(0.0163634,0.0251441)
(0.070338,0.00268557)
(0.375417,-0.0750665)
(-0.0703237,-0.0970751)
(0.456499,-0.0330909)
(0.0254514,-0.00195757)
(0.0611739,0.0831227)
(0.0990145,0.0469275)
(0.654987,-0.157128)
(0.0133954,0.00585192)
(0.290194,-0.110693)
(0.539955,-0.125487)
(-0.043884,-0.0100792)
(0.00136712,0.0262285)
(0.130124,-0.0839943)
(-0.0212936,0.081763)
(-0.0907692,0.0233716)
(0.045059,-0.126732)
(0.377087,-0.167359)
(0.250223,-0.188746)
(0.0730385,-0.0469566)
(0.0149293,0.00844059)
(0.020929,-0.026318)
(-0.13637,0.0609791)
(0.0298371,0.0155059)
(0.00119307,-0.029233)
(0.420747,-0.0875602)
(0.536811,-0.0867523)
(0.624683,-0.0608832)
(-0.0384162,-0.0374547)
(0.346797,-0.0649807)
(-0.0468631,0.0225388)
(0.0519417,0.00399852)
(0.0506615,-0.00493869)
(-0.0265472,0.134648)
(-0.019968,0.0264748)
(0.0624042,-0.0714913)
(0.256998,-0.0703685)
(0.572696,-0.103147)
(0.546626,-0.122487)
(0.130836,-0.091261)
(0.530301,-0.150999)
(0.0443577,-0.162778)
(0.441417,-0.181918)
(0.48171,-0.0817817)
(-0.0191084,-0.096509)
(0.468421,-0.126526)
(0.454511,-0.143792)
(0.540719,-0.147552)
(0.405772,-0.117982)
(0.524637,-0.0800459)
(0.138732,-0.0619035)
(0.283758,-0.134863)
(0.219123,-0.0514548)
(0.438954,-0.069309)
(0.0235483,-0.058121)
(0.523895,-0.0497871)
(0.345529,-0.157073)
(0.0220234,0.000684689)
(-0.0671618,0.00532866)
(-0.0931178,0.0757016)
(-0.063056,-0.0774571)
(0.432418,-0.164962)
(-0.0220852,0.0312324)
(0.467273,-0.146096)
(-0.0190527,0.0245728)
(0.244052,-0.0445445)
(-0.0125852,-0.0483837)
(-0.0248901,-0.0460072)
(0.440456,-0.125976)
(0.0291396,0.105844)
(0.0840346,-0.0531355)
(0.53079,-0.144841)
(0.0325734,-0.0350274)
(-0.0108276,-0.0447967)
(-0.0622616,0.0437982)
(-0.0708188,-0.0254781)
(-0.0534211,0.0421108)
(-0.00614433,0.0053664)
(0.572753,-0.142489)
(0.570686,-0.163292)
(0.452691,-0.0965551)
(-0.032338,-0.0785613)
(0.0122388,0.0453966)
(0.354624,-0.202147)
(0.0023477,0.0288598)
(0.00684934,-0.0140428)
(0.0193955,-0.0507423)
(-0.0376425,-0.0543403)
(0.560187,-0.129387)
(0.441927,-0.038681)
(0.516131,-0.107373)
(0.425317,-0.0474184)
(0.395294,-0.0854581)
(-0.0910829,-0.0412668)
(0.414253,-0.0487029)
(0.303288,-0.115812)
(-0.0580418,-0.108927)
(0.375988,-0.0774248)
(0.504584,-0.103999)
(0.0104596,-0.063201)
(0.00311918,0.0859113)
(0.541406,-0.119086)
(0.0274207,0.0029967)
(0.068049,-0.0206454)
(0.42143,-0.131877)
(0.0556755,0.00222066)
(-0.0286987,-0.0496452)
(0.0520304,0.0348383)
(0.0776955,-0.0355825)
(0.500369,-0.0717905)
(-0.0265756,0.0493334)
(-0.0860228,0.102233)
(0.006428,0.0349643)
(0.383314,-0.0706219)
(-0.0296269,0.0521524)
(0.00123919,0.0153515)
(-0.0487926,0.0695797)
(0.0822466,-0.0423818)
(-0.0344738,-0.0844445)
(0.0299017,0.00965118)
(0.11375,0.0355743)
(0.101364,0.0202392)
(0.00966357,0.0679975)
(0.0701404,0.0753842)
(0.0956706,0.078123)
(0.515376,-0.0796155)
(-0.0780698,0.0316283)
(0.536502,0.00308923)
(-0.0110286,0.00123105)
(-0.0463748,-0.0713255)
(0.191287,-0.119807)
(0.534405,-0.140114)
(0.331885,-0.11238)
(-0.0890027,0.0527138)
(-0.0112766,-0.0304525)
(0.0571721,-0.0198405)
(0.0266274,-0.0388663)
(0.0128353,-0.000712259)
(-0.0219652,0.013158)
(-0.0483779,-0.0290308)
(0.0192694,0.0167397)
(-0.0581548,-0.0199963)
(0.0177847,0.0511819)
(0.0252275,-0.038336)
(0.386399,0.0555588)
(-0.00159891,0.0550131)
(0.0534873,0.00532321)
(0.0224063,0.0224239)
(0.0252105,0.0267823)
(0.187241,-0.0552619)
(0.116794,-0.0708842)
(-0.00557858,0.0420386)
(0.106435,-0.103671)
(0.524998,-0.0570686)
(-0.0527402,-0.124774)
(0.44557,-0.0709836)
(0.00300008,-0.174123)
(-0.00905581,0.0341655)
(0.103249,-0.0320929)
(0.0514795,-0.0822277)
(0.0861083,-0.0383377)
(-0.0436265,-0.0221045)
(0.0170497,-0.0090104)
(-0.039608,-0.0480593)
(-0.0424847,0.0422654)
(0.00580717,-0.00929604)
(0.341822,-0.150734)
(0.353809,-0.133429)
(0.0414322,0.00877689)
(0.15094,-0.0311831)
(0.171835,-0.0241929)
(0.590947,-0.095877)
(0.0259007,0.010087)
(0.130969,-0.0243827)
(0.504437,-0.151057)
(0.14679,0.000961467)
(0.113736,-0.103796)
(-0.0318707,-0.0221973)
(-0.00442282,-0.0549734)
(0.101767,-0.0514185)
(-0.0411385,-0.0040278)
(0.431213,-0.0594015)
(0.380004,-0.121838)
(0.0117652,0.00304396)
(0.0438164,0.0114692)
(0.169453,-0.0918409)
(0.0513295,-0.0457146)
(0.131679,-0.0554133)
(-0.0129458,0.0442708)
