1620
(-0.0225806,-0.132607)
(-0.0227651,0.047349)
(0.0538619,0.0629528)
(0.0175851,-0.149299)
(0.000519738,-0.0239238)
(-0.0362647,0.0484916)
(0.0388743,0.0724417)
(-0.0155588,-0.0064813)
(-0.00338418,0.0249166)
(-6.51791e-05,0.0381453)
(-0.0504839,0.0293211)
(0.00143604,0.0141293)
(0.0287249,-0.0345388)
(-0.0205498,0.00200306)
(-0.0180085,0.0542943)
(-0.0300092,0.030473)
(-0.0191696,-0.0795146)
(0.00379302,0.0320813)
(0.0168993,0.0206782)
(-0.0214856,-0.00410659)
(-0.0219013,-0.0178783)
(0.00912834,0.025349)
(-0.0643998,0.0171974)
(-0.019182,-0.0581242)
(0.00199051,0.0369184)
(0.0211165,0.0123536)
(-0.0326928,0.000709822)
(0.0776733,-0.062915)
(-0.0214456,-0.00782736)
(0.0559604,-0.00891603)
(0.0310302,0.0776113)
(0.0453194,-0.0242411)
(0.0049137,0.0471634)
(-0.105129,0.0357434)
(0.0615814,0.0271953)
(0.0146438,0.0681455)
(0.0696817,-0.0185286)
(-0.00755325,0.0372926)
(-0.0393905,0.00653909)
(0.0374044,-0.00134645)
(0.0415654,-0.0827393)
(0.0732065,0.0112484)
(0.0642159,0.0292141)
(0.129579,0.00648993)
(-0.0364937,0.0665001)
(0.132547,-0.0193891)
(0.0906039,-0.0200963)
(-0.0193991,-0.00377821)
(0.0499908,-0.0578611)
(-0.0134883,-0.0252631)
(0.0456297,0.00463541)
(0.0986888,-0.022483)
(0.0152122,0.0160054)
(0.0208406,-0.00179316)
(0.0018899,0.0326815)
(-0.0166661,0.0282028)
(0.0481476,0.0347677)
(0.0489021,0.0757575)
(-0.0154534,-0.0490848)
(0.0572901,-0.0401907)
(-0.0383215,-0.0222822)
(0.167716,-0.063269)
(-0.0193102,-0.0023191)
(0.38902,-0.0905202)
(-0.0259469,-0.00787304)
(-0.0178612,0.0285135)
(-0.00512419,-0.00693894)
(0.0248911,0.0122849)
(-0.000832079,0.14529)
(-0.043601,-0.0662314)
(0.0129576,0.0481352)
(0.0072724,0.0440466)
(-0.0349836,0.0722002)
(-0.0472157,0.0340296)
(0.0078628,-0.0170916)
(-0.0880962,0.073842)
(0.0185503,-0.030197)
(0.00418156,-0.0512937)
(-0.0192382,0.00541774)
(0.0834683,-0.0352816)
(-0.0199548,-0.061596)
(0.013475,0.012032)
(0.0265857,-0.0666036)
(0.0200029,-0.0160293)
(0.0341837,0.0215205)
(0.0274972,0.0303046)
(-0.0324851,-0.0533394)
(-0.0407526,0.0189695)
(0.0838178,0.0219308)
(0.0384635,-0.013509)
(-0.116508,-0.0140346)
(-0.0197886,0.0253402)
(0.455206,-0.0610855)
(0.00977963,0.101423)
(-0.0232508,0.061254)
(0.577026,-0.00489403)
(-0.0542758,0.0575575)
(0.442021,-0.142719)
(-0.00682881,-0.0995816)
(-0.0419343,-0.0878093)
(0.0536322,0.0199335)
(-0.0722819,-0.00799848)
(0.0481951,-0.0727704)
(0.00146534,-0.0286662)
(-0.0246796,-0.113984)
(0.447345,-0.105341)
(0.03582,0.0754935)
(-0.0704074,-0.010388)
(0.0127677,0.0187523)
(0.0408005,0.0725123)
(0.00535137,0.0286484)
(0.711864,-0.130397)
(0.366779,-0.047595)
(-0.0100093,-0.0130242)
(0.490626,-0.0466374)
(0.0111147,0.109199)
(-0.0061507,0.0776431)
(0.639938,-0.0779046)
(0.00412444,0.0189979)
(0.489014,-0.0691721)
(0.442357,-0.0663735)
(0.0230785,0.035427)
(0.389484,-0.0710101)
(0.283936,-0.115904)
(0.281737,-0.0769096)
(-0.00494483,-0.0243058)
(0.0476667,-0.03664)
(9.40213e-05,0.0378156)
(0.35305,-0.128945)
(0.0858002,0.0727755)
(0.11248,0.0976374)
(0.00956195,-0.00779123)
(-0.00614422,-0.0474628)
(0.00453442,0.0261354)
(0.00274362,0.018256)
(0.0206386,0.0291479)
(-0.0552749,0.00612161)
(0.00537553,0.0297547)
(0.384228,-0.0917045)
(0.0375744,-0.0195956)
(0.0219363,0.038872)
(-0.0153503,0.0584478)
(0.0203202,-0.0159652)
(0.0465801,-0.0744609)
(0.0901089,-0.0872012)
(0.0257891,-0.100999)
(0.015054,0.0010013)
(0.426759,-0.0835155)
(0.482063,-0.0999447)
(-0.056657,0.00429194)
(0.482468,-0.150469)
(0.192629,-0.0675393)
(0.542421,-0.0264417)
(0.462177,-0.122971)
(0.476882,-0.0775755)
(-0.0428954,0.0233344)
(0.0715307,0.0397747)
(0.417179,-0.161878)
(0.364992,-0.0203699)
(-0.0199085,0.0116716)
(-0.0296383,0.0437941)
(-0.00368761,0.029123)
(0.0102867,0.03325)
(-0.0380261,-0.0135422)
(-0.00785688,0.0210389)
(-0.0477782,-0.0374043)
(0.0141762,-0.0460077)
(-0.0168948,-0.0515989)
(0.0411979,0.0284382)
(-0.0140446,0.0865605)
(0.0401942,-0.017025)
(0.0543106,-0.00249843)
(0.42011,-0.175407)
(0.379917,-0.128289)
(0.571667,-0.115921)
(0.49752,-0.0612796)
(0.0679611,-0.0915589)
(0.151618,-0.0162233)
(-0.0938488,-0.0660669)
(-0.122317,0.0614815)
(-0.0513218,-0.0637035)
(0.0401903,0.0652385)
(0.0219693,0.0257215)
(0.0110794,0.0328131)
(0.0178235,0.0162236)
(-0.00277437,0.0456732)
(0.0436429,0.0287672)
(0.0690086,-0.104084)
(0.0116673,-0.0241319)
(0.4086,-0.154096)
(0.473372,-0.0766295)
(0.37257,-0.0877411)
(0.576657,-0.122831)
(-0.0527714,-0.0469379)
(-0.0449682,-0.0474888)
(0.0529279,0.0621989)
(0.0548207,0.0372169)
(-0.0304301,0.0468432)
(-0.0581742,-0.0529327)
(-0.00784932,0.0148124)
(0.0304913,-0.120251)
(0.0933871,-0.0884815)
(-0.0405538,-0.0475639)
(-0.071323,-0.0215308)
(-0.019955,-0.0209019)
(-0.060676,0.0276086)
(0.463008,-0.0861426)
(0.470632,-0.0239897)
(-0.0971166,0.0233783)
(0.376803,-0.094266)
(-0.0375571,-0.0144854)
(0.418138,-0.0826119)
(0.416144,-0.088589)
(-0.0953771,0.0238967)
(-0.077782,0.0398164)
(0.0855341,0.0819067)
(0.0828058,0.0107148)
(0.447751,-0.11399)
(0.566366,-0.145494)
(-0.0236246,-0.0439609)
(-0.00370452,-0.00629685)
(-0.0417049,0.0129088)
(0.04424,0.0774663)
(0.702385,-0.178111)
(-0.0572941,-0.0592165)
(-0.0798409,-0.0796835)
(0.410913,-0.165171)
(-0.0376718,0.0621331)
(-0.0104309,0.0349048)
(-0.0739248,-0.0373465)
(-0.019011,0.0133424)
(0.484248,-0.124597)
(0.470917,-0.172235)
(0.532385,-0.0541879)
(0.473506,-0.0592961)
(-0.0501043,0.0348843)
(-0.00810123,-0.0418975)
(-0.00490528,-0.0185392)
(0.192169,-0.0669561)
(0.000142979,0.0278842)
(0.0677419,-0.0022646)
(-0.0150429,-0.0405668)
(-0.00878339,0.0736755)
(-0.0151185,0.0745505)
(-0.0243887,-0.0564732)
(-0.0440096,0.0136962)
(0.0820942,0.00231711)
(-0.00775074,-0.0479757)
(0.0331276,0.00666218)
(-0.0464987,0.0352519)
(-0.0426024,-0.038866)
(-0.0323678,0.0179752)
(-0.0543745,-0.0318486)
(-0.0498208,-0.0508202)
(-0.0384482,0.0236944)
(0.0406887,-0.0486402)
(0.0624693,-0.0127323)
(0.0121699,-0.0115909)
(0.0394456,0.00787879)
(-0.0221502,-0.0950483)
(0.0645451,-0.106872)
(-0.0236105,0.0126972)
(0.00945165,0.00474999)
(-0.0384415,-0.026942)
(0.52371,-0.0624671)
(-0.0435117,-0.0665416)
(-0.0798571,-0.106841)
(-0.0155467,-0.022263)
(0.0176914,-0.0102505)
(0.0486986,0.032227)
(-0.0155795,0.0171847)
(0.0181174,-0.00983)
(-0.073196,-0.0221278)
(-0.0528564,0.0534989)
(0.012166,0.00645303)
(0.489641,0.00428946)
(-0.00546028,0.0646015)
(-0.0454599,-0.0169053)
(0.0556155,0.0707752)
(0.0191528,-0.0198187)
(0.0341249,0.0232287)
(0.0455372,0.0575549)
(0.0107885,-0.0392569)
(-0.00967888,-0.0589026)
(0.116806,0.0587279)
(0.0428319,0.0223229)
(0.0197274,0.00510471)
(-0.0642515,0.000268271)
(0.0447934,0.017316)
(0.112436,0.0311876)
(-0.0103893,0.0563178)
(0.00972797,-0.0388942)
(-0.0808735,0.0135711)
(-0.0406665,-0.0262625)
(-0.0312615,0.00644736)
(-0.0543913,0.0323203)
(0.0552455,-0.0442456)
(-0.00398788,0.019999)
(-0.0574781,-0.0285785)
(-0.0591556,0.00425249)
(0.00118935,0.0432013)
(-0.0980997,0.0151816)
(-0.039595,-0.0208534)
(-0.0407025,-0.00313432)
(-0.0449995,0.00187467)
(0.0141293,-0.0369627)
(0.0617445,0.0227543)
(0.375606,-0.139386)
(0.00374269,0.00815353)
(-0.00783803,0.0190704)
(-0.0341941,-0.0366678)
(-0.0686696,-0.0531672)
(-0.113726,-0.0795161)
(-0.0691504,-0.0336009)
(-0.0440955,-0.0494634)
(-0.0742315,-0.021915)
(0.0321953,-0.0813741)
(-0.0486497,-0.0880769)
(-0.0641927,-0.030475)
(0.449292,-0.216827)
(-0.0105613,-0.0241191)
(-0.0273452,0.0251742)
(0.0158724,-0.0176741)
(-0.00508208,-0.0298565)
(-0.0299036,-0.020822)
(-0.00539504,0.0220317)
(0.0848295,-0.0666595)
(0.00264971,-0.00477432)
(0.00126217,0.0550589)
(-0.0281312,-0.0524097)
(0.04821,-0.00669657)
(-0.0117612,-0.016892)
(-0.0456256,-0.021869)
(0.0444298,-0.0418931)
(-0.0112144,-0.0798033)
(0.473836,0.00996482)
(0.0333413,-0.0301386)
(0.0658508,0.0619382)
(-0.0915589,-0.0764733)
(0.0494097,-0.0337972)
(0.0205629,-0.0447126)
(-0.0556241,-0.0687442)
(0.0720922,0.0540543)
(-0.0176014,0.00361611)
(-0.0163919,-0.0113541)
(0.0444682,0.0511376)
(0.0372562,0.0426995)
(0.0019765,0.109586)
(-0.012124,0.00258537)
(0.145844,-0.024604)
(0.379532,-0.102478)
(0.441958,-0.111668)
(0.0961738,-0.0478962)
(-0.00140602,0.0169639)
(0.416901,-0.112259)
(-0.0928529,0.0978852)
(0.0624098,-0.0328799)
(-0.0256372,0.00154637)
(-0.0526439,-0.00353945)
(-0.00538048,-0.000882484)
(0.258565,-0.105276)
(0.130138,-0.0642978)
(0.0231052,0.0376335)
(-0.0289489,0.0118455)
(-0.0331967,0.0116932)
(0.0272354,0.0241193)
(0.465657,-0.186795)
(-0.04174,-0.0602042)
(-0.0410022,0.0110451)
(-0.00308089,0.0288398)
(-0.0142777,0.0649501)
(-0.00442734,-0.0509395)
(-0.0191182,-0.0291311)
(-0.0211664,0.0715605)
(0.467713,-0.122413)
(0.411272,-0.0811989)
(0.0246309,-0.0378509)
(0.0136476,-0.087698)
(0.0278813,0.0435217)
(0.070215,0.0375954)
(-0.0164844,0.0322142)
(0.146386,-0.0311658)
(0.362795,-0.0982343)
(-0.0476924,-0.0194361)
(0.0360784,-0.0590918)
(-0.0204175,0.00991272)
(0.0497958,0.012661)
(0.0378301,0.106768)
(0.0182253,0.0307301)
(0.0276146,-0.0399596)
(0.000957727,-0.0907547)
(0.048823,0.0222532)
(0.00994586,-0.0125161)
(-0.0375102,-0.0569919)
(0.040366,0.096092)
(0.0723986,0.0547634)
(-0.0770663,-0.0241545)
(-0.016065,-0.0838305)
(0.0340647,0.0552101)
(0.0546101,0.00734944)
(0.0430047,0.00661364)
(-0.0726004,0.0315112)
(-0.00593375,0.0501307)
(0.555927,-0.132743)
(-0.0472067,0.00966184)
(0.00402077,0.0215748)
(-0.0901618,-0.0955609)
(-0.108168,-0.0865596)
(-0.00380311,0.0110335)
(0.0210227,-0.014479)
(-0.0518128,-0.0378894)
(0.0319007,-0.0243959)
(0.00818893,0.0957035)
(0.0360136,-0.0214194)
(0.444365,-0.121655)
(0.0205609,0.100026)
(0.0118944,0.0290377)
(-0.0353593,0.0123591)
(0.0253072,0.0118306)
(0.026853,0.0200855)
(-0.0248722,-0.0435501)
(0.0302052,-0.0209135)
(0.0667627,-0.042472)
(-0.031024,-0.114746)
(-0.0125558,0.0199419)
(-0.0395286,0.0206481)
(0.417381,-0.097004)
(-0.0539882,-0.0280209)
(-0.00126802,0.0230261)
(0.0162901,0.0526956)
(-0.0531553,-0.0686176)
(-0.0585762,-0.0246124)
(0.0430594,0.00968844)
(0.0559739,0.0531027)
(0.0771637,0.035633)
(0.0645339,0.0313043)
(-0.022427,-0.0661354)
(0.0468651,0.012576)
(-0.0715606,-0.053281)
(-0.0176605,-0.069303)
(0.0017191,0.00296221)
(-0.0261403,-0.0319306)
(0.0973993,-0.0135433)
(-0.00901281,0.0159756)
(-0.020289,-0.0293397)
(-0.00287756,-0.0550798)
(-0.0505601,-0.0543083)
(0.0738046,-0.0364313)
(0.028741,0.00541431)
(0.196082,-0.126101)
(0.0513456,0.0392973)
(-0.034859,0.0883504)
(0.0192993,0.0821017)
(0.0211968,0.0135897)
(-0.0884299,0.0834054)
(0.0161262,-0.0160649)
(0.0118863,0.0462783)
(-0.0468391,-0.0220148)
(0.0204329,0.0364558)
(0.00229889,-0.0325176)
(0.011578,0.0358083)
(-0.0491186,-0.0336351)
(0.024513,-0.000148268)
(0.0467642,0.0329205)
(-0.0497236,0.00246396)
(-0.0555945,-0.0166768)
(-0.0736855,-0.043019)
(0.0355453,-0.0102865)
(0.42576,-0.112614)
(-0.111282,0.00738947)
(0.5622,-0.104847)
(0.0267857,0.0531298)
(-0.0687681,0.0733059)
(-0.0240444,0.0823133)
(-0.00427274,0.00506052)
(0.0710968,0.0617319)
(0.0410422,-0.0419063)
(0.00585169,-0.00741533)
(0.00381,-0.0203974)
(-0.036348,0.0625123)
(-0.0061782,-0.0207937)
(0.4512,-0.118529)
(-0.0166727,-0.0315581)
(-0.0284553,-0.019814)
(0.0925959,0.0345228)
(0.0773808,-0.0245005)
(-0.0343842,-0.041994)
(0.436682,-0.0579441)
(0.0350336,-0.0311408)
(0.00939851,-0.0506801)
(0.701377,-0.0837595)
(0.0391049,-0.0573102)
(-0.0575998,0.0296317)
(-0.0311769,0.0310806)
(0.0500402,-0.019453)
(0.392006,-0.0569448)
(0.518367,-0.174001)
(0.52879,-0.064692)
(0.462229,-0.0922105)
(-0.0466792,0.0139231)
(-0.0716995,0.0217185)
(-0.00266514,-0.00741454)
(0.00659969,-0.0671779)
(-0.023549,0.036499)
(-0.0669668,-0.00607818)
(-0.0783107,-0.029507)
(0.0854205,0.032095)
(-0.0134019,0.0257791)
(-0.0346262,0.0876735)
(0.0080902,-0.0227859)
(0.0436416,0.0148546)
(0.0580547,0.0256972)
(0.0549964,0.0335274)
(0.0763484,0.0492946)
(0.0462575,0.0102219)
(0.101456,-0.0418018)
(-0.00738124,0.0044985)
(-0.0378787,0.111078)
(-0.00373999,0.0706335)
(-0.0141475,0.0118517)
(-0.0377356,0.089453)
(-0.0514589,0.00820613)
(0.00109653,0.0255395)
(0.0231747,0.0537732)
(0.0262583,-0.0218876)
(0.0209996,0.0257036)
(-0.00940329,-0.0384358)
(-0.0596655,-0.0387056)
(0.0629112,0.0673405)
(0.0504734,0.0168402)
(0.0180748,0.0766668)
(0.0498107,-0.0109143)
(0.424479,0.007912)
(0.0386941,-0.000801451)
(0.543255,-0.11751)
(-0.03239,0.0641287)
(0.0284215,0.00737246)
(-0.0449181,0.00387336)
(-0.113296,0.054508)
(-0.00691684,0.0700583)
(-0.0475348,-0.0283685)
(0.0193185,0.0578544)
(0.0429731,-0.00575803)
(0.0362213,-0.00632284)
(-0.000489835,-0.0111043)
(0.00160102,-0.0688583)
(-0.03041,0.100299)
(0.020677,-0.0510727)
(0.0346744,0.0669265)
(-0.0534167,-0.0135455)
(-0.0363347,-0.0266838)
(0.0540474,-0.04055)
(0.0101366,-0.0902437)
(-0.0034894,0.0730724)
(0.0496191,0.0298837)
(0.061415,-0.0214654)
(0.185512,-0.084414)
(0.0730288,0.0542811)
(-0.026307,-0.0432039)
(0.00828377,-0.0366921)
(0.0788421,-0.00744893)
(0.411326,-0.109228)
(0.00959181,0.0630818)
(-0.0289519,0.0864345)
(0.0494954,-0.0632922)
(-0.0589015,0.0800484)
(0.0477283,0.0493305)
(0.121703,-0.0326983)
(0.251647,-0.114443)
(0.353191,-0.19934)
(-0.028192,0.0577706)
(-0.0103942,0.0436584)
(-0.0919109,0.0198485)
(0.193314,-0.129044)
(0.541714,-0.0696766)
(0.0626154,0.00928639)
(-0.0628981,-0.0567583)
(-0.0230784,0.0310452)
(-0.0868662,-0.0253749)
(-0.0315249,0.0512046)
(-0.0382023,0.0217602)
(-0.0216666,0.0347816)
(-0.0103498,0.00291882)
(0.0259401,-0.00300815)
(0.0600459,0.0196445)
(0.500829,-0.105053)
(0.0411646,-0.000746766)
(-0.0247355,-0.0270117)
(0.0470588,0.0240241)
(0.0150002,-0.0431851)
(-0.0219216,-0.0525836)
(0.0461061,-0.00241779)
(0.011075,-0.0167493)
(0.259091,-0.152549)
(0.0116974,0.0981145)
(-0.0207895,0.00645074)
(0.0234854,0.102567)
(0.0263589,-0.0269294)
(-0.0377161,0.029547)
(-0.0633261,-0.0044899)
(-0.0185971,0.0530224)
(0.269239,-0.089857)
(0.679033,-0.0124733)
(-0.0782473,0.0570063)
(-0.0844837,-0.00314453)
(0.0174553,0.0267431)
(-0.103488,0.061324)
(-0.131192,-0.0346217)
(-0.140018,-0.0199059)
(0.017407,0.0629418)
(-0.0203478,-0.0202094)
(0.0230691,0.006652)
(0.0547755,-0.018745)
(0.00580279,-0.0102597)
(0.0324247,6.08789e-07)
(-0.091059,-0.0270481)
(-0.0371336,0.0445896)
(-0.00453706,0.0665249)
(-0.0419644,0.0217456)
(-0.0311495,0.0486506)
(0.033815,-0.00423357)
(0.101979,-0.0549789)
(0.0635031,0.058705)
(0.0978672,0.0530237)
(-0.0691928,-0.0397627)
(-0.0580231,0.00091206)
(-0.0435628,0.0169491)
(-0.041626,0.0293208)
(-0.00180676,0.019862)
(0.0144854,0.000907755)
(0.0133338,0.00994687)
(0.05963,-0.0337508)
(-0.0258195,-0.0538064)
(0.0133411,-0.0372983)
(0.0294425,0.0136064)
(-0.0283867,0.0735)
(0.027294,0.0810405)
(-0.0256247,0.0334501)
(0.0495802,-0.00610287)
(0.618758,-0.106105)
(0.0666188,0.0588974)
(-0.0374106,-0.0467415)
(0.0114959,-0.0291815)
(0.0524334,0.0967535)
(0.0359245,-0.0411986)
(0.0236183,-0.0376526)
(0.0501518,0.0103106)
(0.0532988,-0.0578255)
(0.0011088,-0.0786029)
(0.0357107,-0.0287181)
(-0.0189577,-0.0365723)
(0.0783413,-0.00534758)
(0.0822056,0.0383159)
(-0.00806947,-0.0101417)
(0.045044,-0.0372837)
(0.0422952,-0.0365309)
(0.00341425,-0.0406503)
(-0.0116083,-0.0298189)
(-0.0154128,-0.0250855)
(-0.0443073,0.0428933)
(0.00198306,0.00228358)
(-0.00761869,0.015164)
(-0.0560834,-0.00444676)
(-0.0229009,-0.015826)
(-0.0128796,0.018523)
(-0.0358929,-0.115759)
(0.032307,-0.0958301)
(0.0118483,-0.05668)
(0.0111353,-0.0420797)
(-0.0145727,-0.0247625)
(0.0600347,-0.0472714)
(-0.0521737,0.00731449)
(0.0289401,-0.0763489)
(0.071929,-0.039316)
(0.0712729,-0.0883737)
(0.0190449,-0.101025)
(-0.039393,-0.144681)
(-0.0451302,-0.00615959)
(0.0654494,-0.0455372)
(0.0915429,-0.0201591)
(-0.035299,0.069366)
(-0.0635043,0.0320937)
(-0.0226431,0.0470422)
(-0.0112996,-0.0489477)
(0.00655082,0.0089092)
(-0.0252719,0.0794507)
(-0.0376568,0.106948)
(0.00636831,0.0297191)
(-0.087758,-0.0318831)
(0.015441,-0.0210178)
(0.0432229,0.0239435)
(-0.0185536,-0.094307)
(0.0170574,-0.021795)
(0.472518,-0.0694969)
(0.0321246,-0.0589801)
(0.0576201,-0.00128042)
(0.00638743,0.0444267)
(0.00235633,-0.0289726)
(0.0301007,0.045977)
(0.0129161,0.0532408)
(0.0438577,0.0604597)
(0.0348779,0.0237394)
(0.0614654,-0.0264009)
(0.0161121,0.00385422)
(0.0308257,-0.00387806)
(0.0397231,-0.0111904)
(0.0280853,0.0409393)
(-0.0470499,0.0946531)
(-0.0229087,0.0123078)
(0.0591279,0.0586293)
(0.065296,0.0165467)
(-0.0158642,0.0354888)
(0.0295328,0.0319399)
(-0.0212962,-0.00615886)
(0.0114774,-0.0760095)
(-0.00498308,-0.049553)
(-0.0117677,-0.136661)
(0.094776,0.00133012)
(0.557866,-0.11427)
(0.461541,-0.0828229)
(-0.00415382,0.125373)
(0.446546,-0.0594583)
(0.0645149,-0.0679813)
(0.434736,-0.0573763)
(0.278725,-0.137942)
(-0.00331727,0.0420221)
(0.505737,-0.130643)
(0.555306,-0.106523)
(0.537172,-0.0957027)
(-0.0142752,0.0515051)
(-0.0494554,0.0436055)
(-0.0441764,0.00400931)
(-0.0530022,0.0188676)
(0.0269286,0.0569796)
(-0.0235324,0.0142059)
(-0.0330931,0.0365223)
(-0.05182,0.021863)
(-0.0462892,0.00749075)
(0.0142987,-0.0642711)
(0.0382964,0.00298185)
(0.0429215,-0.0421589)
(-0.0450173,0.0399302)
(-0.0361497,-0.0089198)
(0.0346496,0.0451352)
(-0.0245368,-0.0819919)
(-0.0457388,0.071973)
(-0.0351475,0.0321237)
(0.0193317,0.0220388)
(0.0089702,-0.0259597)
(-0.0358725,-0.0889837)
(-0.0013512,0.0231734)
(-0.0364244,-0.0404995)
(0.0184379,-0.0163036)
(-0.00026202,0.0251015)
(0.0272907,-0.010696)
(0.0354184,0.0872951)
(-0.0313495,-0.00428463)
(0.0112809,0.0388102)
(-0.00883366,-0.00467594)
(0.0205902,0.0363881)
(-0.00684245,-0.0353512)
(-0.0152825,-0.0288755)
(-0.0406975,-0.0360264)
(-0.0326423,-0.0142503)
(-0.030225,-0.0672381)
(0.00604352,0.0265091)
(0.554096,-0.257618)
(0.0382626,-0.0322817)
(0.00584599,0.00704971)
(0.00211755,0.00315906)
(0.0135186,-0.00308718)
(0.0155945,0.0623653)
(-0.0189593,0.0500475)
(0.442733,-0.132987)
(0.633972,-0.186416)
(0.453496,-0.106333)
(-0.0230171,-0.00424497)
(0.406543,-0.0747813)
(-0.00434945,0.0255813)
(0.0899374,-0.0303079)
(0.00825109,0.0465885)
(0.0136154,0.0112586)
(0.184814,-0.0857846)
(0.00151017,0.0213881)
(-0.00840981,0.0491975)
(-0.0271999,0.0269999)
(0.109192,-0.0588802)
(0.0286132,-0.000320392)
(-0.121135,-0.0298768)
(0.44406,-0.0711571)
(0.00643721,0.00011852)
(-0.0481123,0.0141021)
(-0.0184152,0.015528)
(0.0195252,0.0379535)
(0.0107381,-0.00988792)
(4.79421e-05,0.0577025)
(0.0644616,-0.0588747)
(0.00288304,0.0455229)
(0.0658328,0.0248492)
(0.195362,-0.0459344)
(0.0694901,0.0235806)
(0.020017,0.00991207)
(-0.0700572,0.0599081)
(-0.0941441,0.0185268)
(0.00501976,0.0745793)
(0.0145904,-0.00818553)
(0.00672217,-0.053789)
(-0.0432078,0.0323663)
(-0.0107477,-0.0154183)
(0.00749816,-0.00810068)
(0.0153638,0.0087596)
(-0.0135723,0.0443438)
(0.0592782,0.0459532)
(0.0319814,0.0497865)
(0.025722,0.0350832)
(0.0213229,-0.0116025)
(0.0487096,0.0154764)
(0.0178281,-0.112386)
(0.0288283,0.0339179)
(-0.0591248,-0.0224543)
(0.0282837,0.115161)
(-0.0030856,0.0375603)
(0.0335976,-0.125861)
(0.0829676,0.0736517)
(0.0120866,0.0467679)
(0.061805,-0.0839715)
(0.00163396,0.0540635)
(-0.0453146,-0.00978754)
(-0.0231372,-0.0429475)
(-0.0159392,0.0594812)
(-0.0597195,-0.0305119)
(-0.0494023,-0.0151852)
(0.0582806,0.0590324)
(-0.0305433,-0.0201183)
(-0.105319,0.0770721)
(-0.00329623,0.00957777)
(0.00171146,0.029454)
(-0.0295881,0.0084348)
(0.0465502,-0.00321379)
(0.00356693,0.036592)
(0.137888,-0.0824431)
(0.087697,0.000341965)
(-0.024995,-0.0634254)
(-0.0394713,0.0556393)
(-0.0527849,-0.0970677)
(-0.0153532,0.0990231)
(-0.033151,0.0198887)
(0.0612142,0.0790334)
(0.0615968,0.0891606)
(0.0116309,-0.0284096)
(0.0189973,0.0433718)
(-0.0517472,0.00859907)
(-0.0239946,0.0755739)
(0.0165466,0.0101318)
(-0.0581161,-0.0406155)
(0.0182348,-0.101913)
(0.0834626,-0.0196645)
(0.0420009,0.0573796)
(0.0229706,0.0571448)
(-0.0469335,0.0405923)
(-0.0563631,-0.021234)
(-0.0147217,-0.0322994)
(0.0552289,-0.0116456)
(0.0572141,-0.0369877)
(0.455801,-0.0956555)
(0.0261983,-0.00210571)
(-0.0573914,-0.0488761)
(0.013634,-0.0189088)
(-0.0327169,-0.0335696)
(0.00620921,-0.0594266)
(0.0495507,-0.0342205)
(-0.0308278,0.0169176)
(0.0247824,-0.0467072)
(0.550424,-0.130685)
(0.0327347,-0.102202)
(0.0548907,0.00660328)
(0.0624314,-0.0630319)
(0.522625,-0.124783)
(-0.0246749,0.00216588)
(-0.0411297,-0.00483841)
(0.0421551,0.0146115)
(-0.0167465,-0.00643463)
(-0.0387473,-0.0136654)
(0.0145666,-0.022255)
(-0.0522116,-0.020666)
(0.312013,-0.0826725)
(0.166863,-0.0864946)
(0.0177854,-0.0074157)
(-0.0131774,0.0380081)
(-0.0472325,-0.0638671)
(0.0413453,0.0759394)
(-0.011593,-0.0824078)
(0.399034,-0.0490546)
(-0.0447022,-0.0170351)
(-0.00878162,0.0112232)
(0.005664,-0.00212711)
(0.0290916,0.00252947)
(0.0716541,-0.0156531)
(0.0156062,0.0104351)
(0.490828,-0.107302)
(-0.0249873,-0.00409635)
(0.492929,-0.0879729)
(-0.0809734,0.0620048)
(-0.0590926,-0.0253006)
(-0.00897587,-0.0559149)
(0.0327301,0.0325937)
(0.479734,-0.195544)
(0.104004,0.00938401)
(0.286232,-0.112237)
(0.0294072,-0.0182029)
(-0.0275795,0.00483222)
(-0.0610131,-0.00821033)
(0.207391,-0.0335115)
(0.270014,-0.104411)
(0.000415217,0.0117624)
(-0.0116538,0.0107398)
(0.306823,-0.129276)
(-0.02514,0.0159791)
(-0.0755641,-0.0300859)
(0.240072,-0.0977721)
(-0.0464086,0.0201305)
(-0.0121872,0.0220229)
(0.350702,-0.081789)
(-0.0711046,-0.0758395)
(0.15128,0.00138159)
(0.208742,-0.0571829)
(0.0229614,0.0583172)
(0.224555,0.0156801)
(0.073443,-0.0573266)
(0.0104041,-0.0511423)
(-0.0212387,0.0498895)
(-0.0779426,0.0321205)
(-0.0135483,-0.00181641)
(0.0650464,-0.0621656)
(0.0303933,-0.0349898)
(0.0431905,0.0626805)
(-0.0466688,0.0671371)
(0.0615797,0.0589819)
(-0.0371144,0.0142583)
(0.0855983,0.0776257)
(-0.0964672,0.0196414)
(-0.0249022,0.038244)
(-0.0252886,0.0268159)
(-0.026228,-0.0336941)
(-0.0332436,-0.0135152)
(0.308704,-0.0814956)
(0.011273,0.0811973)
(0.00428396,0.0469267)
(0.112957,-0.0647873)
(-0.136893,0.0510955)
(-0.0745798,0.0299659)
(0.541254,-0.0805403)
(-0.00779155,0.0137722)
(0.558098,-0.127018)
(-0.0354419,-0.0246579)
(0.0145765,0.0130401)
(0.191419,-0.101166)
(-0.0431903,-0.00164843)
(0.0203069,0.0160272)
(0.451713,-0.124238)
(-0.0375021,-0.0246706)
(0.0575906,0.045726)
(0.00641891,0.00244197)
(0.00425041,0.096367)
(0.142723,0.0448651)
(0.0330083,-0.0645565)
(0.11701,-0.0375208)
(0.0470693,-0.039766)
(-0.118479,-0.0474739)
(0.238276,-0.156942)
(0.0225648,0.0360525)
(0.301077,-0.144627)
(-0.0199034,-0.069912)
(-0.0410888,-0.0206924)
(0.468069,-0.117364)
(-0.0731102,0.104796)
(0.00178332,0.0520885)
(-0.0290868,-0.0123583)
(0.380262,-0.0815053)
(0.0101785,-0.0183081)
(-0.0450093,-0.0505296)
(0.0605988,0.035157)
(0.00484354,0.0335785)
(0.0376125,0.0359059)
(0.0875023,0.0151633)
(-0.124743,0.0158304)
(0.0261003,-0.0034362)
(-0.0412809,0.0267066)
(0.0849291,-0.0452901)
(-0.076731,0.0342119)
(0.00314247,0.0483765)
(0.0776694,0.0272772)
(0.0684889,0.0433808)
(0.0539265,-0.0741969)
(-0.0428096,-0.0698233)
(0.0194727,-0.0915419)
(0.0201645,-0.0141847)
(0.00776978,-0.0433243)
(-0.0124547,0.0157602)
(0.0502201,0.0175129)
(0.0604129,0.0155429)
(0.0343593,0.0782643)
(0.010645,0.0158837)
(0.0185328,0.0300178)
(-0.0190723,-0.0796927)
(-0.0624931,-0.114457)
(-0.0764356,-0.117349)
(-0.0444791,-0.0607966)
(0.0143327,-0.0130328)
(0.0201085,-0.0189605)
(0.0175763,-0.00214183)
(0.456203,-0.112208)
(-0.0682245,0.00318789)
(0.0282727,0.0101753)
(8.13431e-06,0.00237911)
(0.41243,-0.0729054)
(0.0310403,-0.00654136)
(0.0226516,-0.0300624)
(-0.0127639,-0.0257587)
(0.0116479,-0.000304615)
(0.0144803,-0.0173127)
(-0.0136031,-0.0445181)
(0.049568,-0.00735111)
(0.385168,-0.0870971)
(0.0296793,-0.0248345)
(-0.109349,-0.0348663)
(0.619387,-0.139988)
(0.0143592,0.00737401)
(-0.00284801,0.0126176)
(0.030152,-0.0569325)
(0.447988,-0.0812234)
(0.0555643,0.0307578)
(-0.0596637,-0.0568798)
(-0.0100566,-0.0618997)
(-0.119968,-0.0114483)
(-0.000515756,-0.0194335)
(-0.0807207,-0.0807757)
(-0.00699865,-0.0526852)
(-0.0153016,0.037636)
(0.00531757,-0.0369988)
(0.00244065,-0.0615461)
(0.00771363,-0.0489854)
(0.437092,-0.0484428)
(0.0549751,0.0100706)
(-0.0447465,0.0465402)
(-0.0389488,-0.0175192)
(0.00441062,0.00141477)
(0.00456193,-0.0637962)
(-0.0234318,0.0621943)
(-0.0194827,-0.0608388)
(-0.00541358,-0.000366499)
(0.00492594,-0.0779825)
(0.00408446,0.0397149)
(0.0146506,0.0734269)
(0.41663,-0.0970004)
(-0.00953483,0.0121683)
(0.00261679,0.00347434)
(-0.0130125,0.0742995)
(0.0215011,-0.0294406)
(-0.0614081,0.103995)
(-0.0122614,0.00484745)
(0.148465,-0.16831)
(0.206254,-0.105486)
(0.14934,-0.150375)
(0.0133534,0.00897692)
(-0.0114442,0.0255721)
(0.60799,-0.166161)
(0.345064,-0.13185)
(-0.0145557,0.0200739)
(0.405031,-0.0787207)
(0.477538,-0.0450991)
(0.199471,-0.108025)
(0.0524788,-0.0143433)
(0.0410447,-0.019515)
(0.0349775,0.0454894)
(0.0855462,-0.00516387)
(-0.00690632,0.0376403)
(0.00881242,0.0572787)
(-0.088331,-0.00143554)
(0.0783195,0.00266468)
(-0.0924525,0.0231487)
(-0.0239195,-0.0460108)
(0.047464,-0.0207794)
(0.477808,-0.135089)
(-0.0439443,0.043111)
(0.00536966,-0.0137593)
(-0.0487387,0.0169259)
(0.540226,-0.0925724)
(-0.0405717,0.0852034)
(-0.00943259,0.00553317)
(0.541485,-0.166834)
(0.511818,-0.0799145)
(-0.0277146,0.0258089)
(0.344698,-0.0775901)
(-0.00126493,0.0592505)
(-0.039039,0.0941786)
(0.471488,0.0195065)
(0.264937,-0.0834201)
(0.398567,-0.104336)
(0.477894,-0.0479219)
(0.0369062,-0.00791927)
(0.75579,-0.0287368)
(-0.042566,0.0131269)
(-0.0215888,0.0834866)
(0.0632455,0.0031895)
(0.164755,-0.0514283)
(-0.041234,0.057814)
(0.0974358,-0.0651793)
(0.0149377,-0.00466778)
(0.0252661,0.000245551)
(0.0313467,-0.0107174)
(0.0173895,0.00436313)
(0.0594713,-0.00466661)
(-0.0165772,0.0421455)
(0.0700016,0.0479522)
(0.107367,-0.0467634)
(-0.0880869,0.00313146)
(0.0272878,-0.0611036)
(0.0357534,0.0439553)
(0.0308368,0.0428753)
(0.0126145,0.0121467)
(0.461819,-0.0748723)
(-0.0529212,0.113949)
(0.0226095,0.00737264)
(-0.00338904,-0.0166917)
(0.00567665,0.0307475)
(0.0502691,0.010268)
(0.0160542,0.0322906)
(-0.0374094,-0.0947547)
(-0.0316014,-0.0257691)
(0.550171,-0.0918071)
(-0.0238131,0.011401)
(0.333017,-0.0388815)
(-0.00097993,0.0184119)
(0.0460421,0.036348)
(0.00752081,0.00934674)
(0.111845,-0.0311479)
(-0.0234862,-0.0407875)
(0.0325345,-0.101535)
(0.0362161,-0.0334978)
(0.021604,-0.0425063)
(0.0414125,0.0272573)
(0.0275448,-0.0323438)
(0.0632774,0.00659541)
(0.0341245,0.0406314)
(0.478058,-0.131663)
(0.277139,-0.0549147)
(-0.0145662,-0.0318129)
(0.0394181,-0.0386429)
(0.0351184,-0.0261286)
(0.0610321,-0.0475193)
(0.454925,-0.156085)
(0.0494591,0.0498431)
(0.0897636,0.0238451)
(0.0819898,0.0580084)
(0.0742322,0.0129659)
(0.324734,-0.164822)
(0.0725035,0.0272181)
(-0.0381384,0.00045431)
(-0.0233217,0.00164204)
(-0.0145083,0.0183057)
(0.501524,-0.0729752)
(0.0339871,-0.024284)
(-0.0188345,-0.00490979)
(0.0484335,0.0764954)
(0.0283691,0.015028)
(0.0436618,-0.00293335)
(0.473543,-0.0935687)
(0.399267,-0.135369)
(0.657942,-0.0827041)
(0.0342652,-0.0598915)
(0.0499924,-0.0159257)
(0.485014,-0.0583622)
(0.0438346,-0.0347034)
(0.0904706,-0.0840909)
(0.276838,-0.21071)
(-0.0606706,-0.0590057)
(-0.0586388,-0.00219507)
(-0.0512172,-0.0303843)
(-0.0665642,0.0400982)
(-0.0183571,0.0221484)
(0.144508,-0.0564443)
(0.164943,-0.116657)
(0.279183,-0.142164)
(0.272128,-0.045904)
(0.626842,-0.169668)
(-0.00267978,-0.0330927)
(-0.0795847,0.0137698)
(-0.0298855,0.00533991)
(0.0958012,0.0928511)
(0.547687,-0.0733607)
(0.540671,-0.139111)
(0.00938972,-0.0111811)
(-0.0360641,-0.0535104)
(0.00433332,-0.0449558)
(0.57408,-0.180858)
(-0.00956315,0.0857346)
(0.0681848,0.0360919)
(-0.055015,-0.0052885)
(0.597416,-0.0837377)
(0.063983,0.0476967)
(-0.0522215,0.0673114)
(0.546311,-0.113416)
(0.513894,-0.121546)
(-0.0188401,0.0609204)
(-0.00852608,0.0317212)
(-0.0432455,-0.0438034)
(0.0108917,-0.0285496)
(0.023906,-0.0512939)
(-0.00240693,0.013329)
(0.0272053,-0.0300801)
(0.481057,-0.147428)
(0.683421,-0.025078)
(0.599686,-0.120048)
(0.534095,-0.0592478)
(0.449932,-0.102042)
(0.176415,-0.10361)
(0.288274,-0.0282138)
(0.185787,-0.0631429)
(0.186759,-0.0933661)
(-0.0221849,-0.0297686)
(0.0183941,-0.0587836)
(0.281333,-0.0499538)
(0.535184,-0.146694)
(0.525585,-0.123576)
(0.431496,-0.0614998)
(0.521443,-0.136437)
(0.00781263,0.0547104)
(0.538749,-0.0713049)
(-0.0543975,0.0855071)
(0.0110008,-0.0126372)
(-0.00677312,-0.041446)
(-0.0253053,0.0697954)
(-0.042494,-0.02781)
(-0.0037217,-0.0587629)
(-0.028227,0.0120814)
(0.0312443,-0.0192975)
(0.0263985,0.0791695)
(0.401947,-0.0973937)
(-0.00168363,-0.0446942)
(0.49823,-0.20631)
(0.45626,-0.0206482)
(0.466584,-0.165095)
(-0.0306087,-0.00851211)
(0.0683952,0.0879431)
(-0.0392836,-0.00133418)
(0.552399,-0.101501)
(-0.0188295,-0.0808683)
(0.0240093,-0.00644129)
(0.320733,-0.131244)
(0.25709,-0.133169)
(0.520066,-0.0937233)
(0.373696,-0.0498447)
(0.593928,-0.241948)
(0.478626,0.0524627)
(-0.0127701,-0.0715013)
(-0.0173285,-0.0692707)
(0.00270022,0.0211668)
(0.0346673,0.0820409)
(0.0252759,0.0900848)
(-0.0182421,-0.023678)
(0.0282467,2.53274e-05)
(0.312441,-0.117421)
(0.18655,-0.0355264)
(-0.02305,-0.00101348)
(0.195054,-0.0317986)
(0.00200707,-0.0315685)
(0.504732,-0.11391)
(0.520555,-0.0174321)
(-0.053377,0.0349478)
(0.0635745,0.049222)
(0.0788625,0.0321404)
(0.0577495,-0.0538912)
(0.461525,-0.228481)
(-0.00145806,-0.0650432)
(0.165013,-0.108959)
(-0.0484392,0.0857135)
(0.287463,-0.122865)
(0.0119176,0.0581472)
(0.328328,-0.0542521)
(0.00509408,0.0398779)
(0.0297303,0.0380478)
(0.019329,-0.0122029)
(0.0112757,0.00921266)
(0.482794,-0.0675507)
(-0.0138326,0.0170754)
(0.489014,-0.116108)
(0.463694,-0.0812652)
(-0.0327672,0.0170387)
(0.478537,-0.0432455)
(0.588598,-0.0116374)
(0.542547,0.0156495)
(0.02359,0.00133781)
(0.491052,-0.141677)
(-0.0687503,0.0507996)
(-0.0571325,0.0383363)
(-0.0311647,0.0728104)
(-0.0425308,0.0081473)
(-0.0392399,0.0708111)
(-0.0409961,0.000197382)
(-0.0529296,0.026147)
(0.716217,-0.0130024)
(-0.0552469,0.00802911)
(0.112999,-0.0293503)
(0.420472,-0.129088)
(0.45174,-0.111962)
(0.000100101,0.0145714)
(0.0489541,-0.0154569)
(-0.0133258,0.000577012)
(0.397679,-0.153396)
(-0.0437231,0.00608113)
(0.483972,-0.225808)
(0.370865,-0.106818)
(-0.0683806,-0.0212394)
(-0.0242515,-0.017786)
(0.525097,-0.0236846)
(-0.0748212,-0.0218157)
(-0.00482396,-0.015767)
(-0.0321252,0.0583239)
(0.453243,-0.112908)
(0.452871,-0.0988782)
(0.222071,-0.142274)
(0.448463,-0.14117)
(0.482952,-0.0663392)
(0.0938281,-0.00959162)
(0.503302,-0.0989745)
(0.603168,-0.0157673)
(0.0376288,-0.104407)
(0.50957,-0.0318449)
(0.0427508,0.0775781)
(0.499174,-0.0767478)
(0.0827764,0.0159321)
(0.00688416,0.046024)
(-0.0174186,-0.0131585)
(0.0555342,0.0343748)
(0.00805422,0.0879264)
(0.0668752,0.10092)
(0.0273497,0.0725822)
(0.051795,0.025477)
(0.13047,-0.0713021)
(0.0296335,0.0118514)
(-0.0283925,-0.0134305)
(0.0253539,0.0389997)
(0.00462385,0.00438044)
(0.00577862,0.0310767)
(0.025512,0.00852029)
(0.0278492,0.0620038)
(0.127339,-0.0980955)
(0.00238834,-0.00905009)
(0.0472029,-0.0305976)
(0.616478,-0.0712817)
(0.383056,-0.173975)
(-0.0208064,0.0229789)
(0.0865886,0.149406)
(0.0134754,0.125066)
(0.141862,0.0278127)
(-0.0374741,-0.0157289)
(0.0998497,-0.00718317)
(0.223049,-0.0938056)
(0.640386,-0.142845)
(0.567066,-0.129255)
(0.0207677,0.0645768)
(0.0751895,-0.0513018)
(0.543651,-0.138282)
(0.0390898,0.0603732)
(0.0472848,0.032405)
(0.0815532,-0.0147245)
(0.506054,-0.0263682)
(0.0801238,-0.0591868)
(0.23556,-0.159915)
(0.00794942,0.00170552)
(0.130044,-0.126302)
(0.180539,-0.0691807)
(0.279948,-0.0539975)
(0.334378,-0.099826)
(0.0684227,0.044145)
(-0.0428622,0.0682757)
(0.377362,-0.125676)
(-0.0495382,0.0902981)
(0.0145686,-0.00289188)
(0.0350977,-0.0362726)
(0.483002,-0.172498)
(0.0114958,-0.0298507)
(0.420679,-0.117924)
(0.0276666,-0.00779385)
(-0.0110898,0.0260225)
(-0.00829642,-0.0243475)
(-0.00934551,0.044946)
(-0.0246299,0.00968873)
(0.00230415,0.0293509)
(0.0249344,0.0250614)
(-0.0229024,0.0167545)
(-0.0414568,0.0878765)
(0.528785,-0.116164)
(-0.0122356,-0.0117405)
(0.0498346,0.0324002)
(0.510367,-0.0544537)
(0.0921246,0.0194607)
(-0.00712411,0.0371826)
(-0.00583895,0.0116832)
(0.000884551,0.0229148)
(-0.0634594,0.0679653)
(0.113172,-0.0855481)
(-0.0124847,0.0720188)
(-0.0465833,-0.0457357)
(-0.0492623,-0.0840541)
(0.0440446,-0.0251844)
(-0.0480657,-0.0384566)
(0.480544,-9.63706e-05)
(-0.0452376,0.0700151)
(0.631537,-0.125929)
(0.365658,-0.143531)
(0.492748,0.010425)
(-0.0427559,-0.00471918)
(0.379611,-0.00606648)
(0.392051,-0.153617)
(0.369017,-0.0580561)
(-0.0661241,0.0457384)
(0.00864621,0.0561009)
(-0.0840183,0.0585209)
(-0.0136133,0.0173836)
(0.576862,-0.187844)
(0.568614,-0.12077)
(-0.0596056,0.00596231)
(-0.0340899,-0.00256848)
(0.00871872,0.0119941)
(0.0483805,-0.00438006)
(0.330219,-0.0755965)
(0.0479444,-0.00773391)
(0.0348021,0.0313163)
(0.0181248,0.0270444)
(0.0725075,0.00211646)
(0.375433,-0.0748282)
(-0.0695387,-0.0947102)
(0.455279,-0.0337323)
(0.023331,-0.00101476)
(0.0599342,0.081065)
(0.0963539,0.0453785)
(0.653759,-0.15781)
(0.0129854,0.00480111)
(0.290258,-0.109552)
(0.540897,-0.126386)
(-0.0444582,-0.0096737)
(0.00305634,0.0270484)
(0.124552,-0.0869608)
(-0.018663,0.0799988)
(-0.0881556,0.0246789)
(0.0423172,-0.127061)
(0.377166,-0.16765)
(0.251978,-0.189625)
(0.0704001,-0.0479303)
(0.0144291,0.00718125)
(0.0194519,-0.0254849)
(-0.13111,0.0649167)
(0.0274921,0.0144553)
(0.000936393,-0.0298714)
(0.419186,-0.0874371)
(0.536331,-0.087875)
(0.625432,-0.0623174)
(-0.0358366,-0.038394)
(0.347436,-0.0655393)
(-0.0465748,0.0216788)
(0.0509248,0.00566263)
(0.0490525,-0.00365775)
(-0.0218251,0.134576)
(-0.0193304,0.0268099)
(0.0613826,-0.0697227)
(0.258623,-0.070938)
(0.574327,-0.103941)
(0.546303,-0.122834)
(0.126108,-0.0917253)
(0.530027,-0.151807)
(0.0412359,-0.159536)
(0.438162,-0.181325)
(0.478731,-0.0817739)
(-0.0186733,-0.0954289)
(0.469568,-0.126454)
(0.452476,-0.144385)
(0.541054,-0.146707)
(0.407918,-0.117944)
(0.525073,-0.0823522)
(0.134183,-0.0596)
(0.2787,-0.133747)
(0.217895,-0.0483634)
(0.435851,-0.0697025)
(0.0239395,-0.0550867)
(0.522568,-0.0512219)
(0.347183,-0.155743)
(0.0193712,0.00146308)
(-0.0673187,0.00570213)
(-0.091347,0.075371)
(-0.0632692,-0.0751492)
(0.430309,-0.163835)
(-0.0226337,0.0269652)
(0.467811,-0.145688)
(-0.0161523,0.0215808)
(0.246343,-0.0441764)
(-0.0130083,-0.0484843)
(-0.0256419,-0.0452601)
(0.439583,-0.123266)
(0.0305688,0.103061)
(0.0848054,-0.0554878)
(0.530661,-0.144161)
(0.0326955,-0.0368373)
(-0.0100927,-0.0453277)
(-0.0587116,0.0425193)
(-0.0686566,-0.0246797)
(-0.0492652,0.040351)
(-0.00656864,0.00498308)
(0.571364,-0.142595)
(0.571026,-0.162511)
(0.451492,-0.0980489)
(-0.0338034,-0.0804116)
(0.0127662,0.0488608)
(0.353987,-0.200908)
(-0.000464911,0.0302789)
(0.0072825,-0.0137699)
(0.0192813,-0.0494673)
(-0.0372678,-0.0518428)
(0.561387,-0.129892)
(0.442869,-0.0418848)
(0.514066,-0.10649)
(0.42396,-0.0476369)
(0.396022,-0.0849349)
(-0.091059,-0.0398828)
(0.414963,-0.0474265)
(0.303571,-0.115591)
(-0.0587937,-0.107785)
(0.376095,-0.0781252)
(0.504243,-0.103379)
(0.0109405,-0.0646862)
(0.00256018,0.0848088)
(0.543639,-0.120602)
(0.0248414,0.00329178)
(0.0641681,-0.0213956)
(0.422043,-0.132721)
(0.0543543,0.00038888)
(-0.0279231,-0.0482264)
(0.0511036,0.0342619)
(0.0774614,-0.0350382)
(0.499487,-0.0710816)
(-0.0246077,0.0464191)
(-0.0822745,0.101446)
(0.00556238,0.0328665)
(0.386221,-0.0701031)
(-0.0288589,0.0512511)
(0.00364097,0.0182033)
(-0.047191,0.0683304)
(0.0819905,-0.043179)
(-0.0347753,-0.0829545)
(0.0295855,0.00906713)
(0.11395,0.0337203)
(0.102303,0.0187489)
(0.0103855,0.0667328)
(0.0702684,0.0725036)
(0.0963165,0.0758931)
(0.512417,-0.0803963)
(-0.0762582,0.032281)
(0.535177,0.00139405)
(-0.0123756,0.00119922)
(-0.0449529,-0.0696327)
(0.189316,-0.118188)
(0.531602,-0.138327)
(0.330684,-0.111724)
(-0.0866249,0.0519406)
(-0.0114678,-0.0309098)
(0.0570517,-0.0199057)
(0.0275281,-0.0391945)
(0.0107878,-0.000410719)
(-0.0216316,0.0144103)
(-0.0464086,-0.0289551)
(0.0198129,0.017452)
(-0.0572768,-0.0200572)
(0.0171003,0.0531408)
(0.0243894,-0.0357447)
(0.388018,0.0550802)
(-0.00163124,0.0555944)
(0.0535626,0.00533003)
(0.0218655,0.0210595)
(0.0270935,0.02756)
(0.188511,-0.0541184)
(0.119053,-0.0709208)
(-0.0060066,0.0412498)
(0.107472,-0.103397)
(0.525715,-0.0571636)
(-0.051699,-0.119152)
(0.445762,-0.0712758)
(9.8455e-05,-0.169051)
(-0.00950992,0.0348828)
(0.103033,-0.0300577)
(0.0520171,-0.079865)
(0.0858586,-0.0366546)
(-0.0448747,-0.0192296)
(0.0178438,-0.00960349)
(-0.0414941,-0.0469689)
(-0.0408797,0.0443793)
(0.00660557,-0.00873511)
(0.341914,-0.149741)
(0.35469,-0.133319)
(0.0418985,0.00913426)
(0.154787,-0.0315775)
(0.176326,-0.0264389)
(0.590413,-0.0979365)
(0.0239042,0.0104152)
(0.129082,-0.024562)
(0.503569,-0.151439)
(0.145395,-6.77877e-05)
(0.112813,-0.102113)
(-0.0322602,-0.0241353)
(-0.00480996,-0.0568339)
(0.100809,-0.0512132)
(-0.0406565,-0.00516647)
(0.431279,-0.0586507)
(0.379327,-0.123006)
(0.0128569,0.00216416)
(0.0444334,0.0108944)
(0.168924,-0.0921171)
(0.0515901,-0.0465074)
(0.130676,-0.0551045)
(-0.0105603,0.0436032)
