1620
(-0.0244427,-0.123088)
(-0.0197767,0.0361679)
(0.0562576,0.0590875)
(0.0155319,-0.146065)
(-0.0166304,-0.0283826)
(-0.0312523,0.0417318)
(0.0444669,0.0521276)
(-0.0166359,-0.0187814)
(0.00155657,0.0152835)
(-0.00452585,0.0336302)
(-0.0513118,0.0432291)
(-0.00246274,0.0207722)
(0.0112183,-0.042136)
(-0.0167676,-8.49009e-05)
(0.00405936,0.0518)
(-0.0355713,0.0257296)
(-0.0269895,-0.0857335)
(0.0170431,0.030378)
(0.0196855,0.0169592)
(-0.00661335,0.0146819)
(-0.0220667,-0.0180754)
(0.00241628,0.0193599)
(-0.0619001,0.0107911)
(-0.0323907,-0.045802)
(0.00479828,0.0337837)
(0.0344287,0.0151255)
(-0.0267679,0.0156312)
(0.0750017,-0.082575)
(-0.032681,-0.00633303)
(0.0659246,-0.0227582)
(0.0444893,0.0671741)
(0.0427321,-0.0158591)
(-0.00135722,0.0498135)
(-0.0893802,0.0369678)
(0.055142,0.0298466)
(0.012383,0.0612271)
(0.0628353,-0.00645782)
(-0.0132863,0.0280228)
(-0.0491648,0.00081368)
(0.0444484,0.0107567)
(0.0300661,-0.0779946)
(0.082682,0.0122132)
(0.0522631,0.0234881)
(0.127841,0.0024403)
(-0.0379474,0.0654855)
(0.128841,-0.0189141)
(0.099269,-0.0289329)
(-0.0207373,-0.00118363)
(0.0541773,-0.0606758)
(-0.0148074,-0.0236544)
(0.040514,0.00407875)
(0.0898278,-0.0275049)
(0.0126523,0.00986409)
(0.0200874,-0.00602905)
(-0.0124122,0.0223093)
(-0.0289735,0.0251919)
(0.0495066,0.0274067)
(0.0469023,0.059877)
(-0.0153626,-0.0441915)
(0.0490879,-0.0311269)
(-0.0368613,-0.0152636)
(0.171245,-0.0749284)
(-0.00978563,0.00162738)
(0.396307,-0.0824934)
(-0.0200914,-0.00249029)
(-0.00934356,0.0414469)
(0.000423685,-0.00797157)
(0.0264955,0.0130852)
(0.0293924,0.134465)
(-0.0381482,-0.0685114)
(0.0086504,0.060793)
(0.00629162,0.0533845)
(-0.022038,0.0689222)
(-0.041143,0.02931)
(-0.00447801,-0.0046737)
(-0.0905046,0.0593526)
(0.00622186,-0.0435425)
(0.00889665,-0.0502802)
(-0.0190279,0.0118318)
(0.0766853,-0.0429158)
(-0.00988905,-0.067914)
(-0.0038114,0.00710164)
(0.0260274,-0.0701132)
(0.0341693,-0.0227836)
(0.0440432,0.0250003)
(0.0152469,0.0177624)
(-0.0338185,-0.0323487)
(-0.0388789,0.0104433)
(0.0782772,0.0239438)
(0.0266532,-0.0147941)
(-0.108753,-0.0198459)
(-0.024521,0.0203248)
(0.457789,-0.0704842)
(0.0148301,0.106954)
(-0.0184233,0.0698744)
(0.571779,-0.0155728)
(-0.0584223,0.0635506)
(0.443172,-0.140336)
(-0.0102488,-0.0958704)
(-0.0479246,-0.0857223)
(0.063664,0.00541712)
(-0.0755396,-0.0132204)
(0.0457179,-0.0826665)
(-0.00568817,-0.0472388)
(-0.022433,-0.114614)
(0.441082,-0.0925992)
(0.022053,0.064908)
(-0.0741609,-0.00790263)
(0.011171,0.0225602)
(0.0408047,0.0559399)
(0.00311977,0.0319338)
(0.697907,-0.147591)
(0.365488,-0.0349542)
(-0.0105731,-0.0146795)
(0.47187,-0.0452257)
(0.0215932,0.101793)
(0.00528741,0.081624)
(0.631575,-0.099499)
(0.00635015,0.0104622)
(0.473707,-0.061376)
(0.427295,-0.0625707)
(0.0242476,0.0498725)
(0.388907,-0.0742449)
(0.279943,-0.117893)
(0.278714,-0.0829636)
(0.0124687,-0.026677)
(0.0532429,-0.0203622)
(0.00362651,0.0496872)
(0.357229,-0.128756)
(0.0763979,0.0414807)
(0.116743,0.0703182)
(0.0155121,-0.0110064)
(-0.00467667,-0.0478086)
(-0.0022462,0.0195003)
(-0.00303039,0.0140576)
(0.0194318,0.0172288)
(-0.0530831,0.00923377)
(0.00291254,0.0324814)
(0.384576,-0.0889876)
(0.0155784,-0.00624049)
(0.00707644,0.0556109)
(-0.0103912,0.0541728)
(0.0132202,-0.0152371)
(0.0476779,-0.0646583)
(0.0876833,-0.0851072)
(0.0231724,-0.0906512)
(0.0136182,-0.000164711)
(0.432515,-0.0889968)
(0.48456,-0.11347)
(-0.0636404,0.0011654)
(0.482711,-0.142696)
(0.200103,-0.0666047)
(0.541239,-0.0336625)
(0.474848,-0.0968707)
(0.467642,-0.0791253)
(-0.042753,0.0168425)
(0.0789563,0.049682)
(0.416503,-0.143599)
(0.380884,-0.00704421)
(-0.0144425,0.0024684)
(-0.0293611,0.028958)
(0.0044021,0.0388332)
(0.0127842,0.0447342)
(-0.0385757,-0.0204171)
(-0.0127928,0.0291178)
(-0.0464381,-0.0291305)
(0.0180063,-0.0408794)
(-0.00737109,-0.0491673)
(0.037279,0.0282963)
(-0.0188491,0.0810422)
(0.0421173,-0.0137444)
(0.0580276,0.00339055)
(0.421044,-0.163973)
(0.392354,-0.117955)
(0.56315,-0.127739)
(0.496291,-0.07808)
(0.0627187,-0.0942514)
(0.147492,-0.0280344)
(-0.0848039,-0.065375)
(-0.110938,0.051185)
(-0.0590027,-0.0486244)
(0.0338653,0.0428698)
(0.0071121,0.00778173)
(0.0143152,0.0467186)
(0.0137199,0.0371578)
(0.00202644,0.0300675)
(0.0327291,0.0134552)
(0.0556666,-0.097556)
(-0.00273055,-0.0281357)
(0.410741,-0.151894)
(0.480015,-0.0797233)
(0.377454,-0.0850173)
(0.585926,-0.113824)
(-0.0381894,-0.044242)
(-0.0430094,-0.0337997)
(0.0460318,0.0511916)
(0.0400246,0.0338273)
(-0.0407678,0.0494329)
(-0.0450421,-0.0597339)
(-0.00476115,0.00797119)
(0.0173246,-0.121385)
(0.0728789,-0.10113)
(-0.0451855,-0.0473931)
(-0.0589336,-0.0179005)
(-0.00930302,-0.00880854)
(-0.0416826,0.0258203)
(0.471502,-0.102725)
(0.494758,-0.0382263)
(-0.0864916,0.0201089)
(0.381746,-0.0992218)
(-0.0361156,-0.00896387)
(0.411611,-0.0887914)
(0.405373,-0.0916771)
(-0.0772731,0.0104182)
(-0.0510595,0.0343716)
(0.0946942,0.065546)
(0.0739412,-0.00100587)
(0.453299,-0.112392)
(0.571942,-0.137279)
(-0.0112333,-0.0459715)
(0.000956728,-0.0157052)
(-0.0339145,0.011202)
(0.0406378,0.0686924)
(0.716228,-0.168493)
(-0.0503509,-0.0510992)
(-0.0734931,-0.0719636)
(0.418631,-0.162186)
(-0.0387915,0.0615497)
(-0.0209422,0.0347556)
(-0.0716264,-0.0377345)
(-0.0237035,0.00800927)
(0.485417,-0.133323)
(0.468193,-0.182256)
(0.556217,-0.0529061)
(0.502675,-0.0579125)
(-0.0445728,0.0264673)
(-0.0273501,-0.0488445)
(-0.0133056,-0.0284732)
(0.179778,-0.0634482)
(0.0058584,0.0243898)
(0.0685605,-0.0164549)
(-0.00436403,-0.0542993)
(-0.0126178,0.067212)
(-0.0194112,0.0712444)
(-0.00235601,-0.0588965)
(-0.0322428,0.0255143)
(0.0785199,-0.00235414)
(-0.00130708,-0.0342713)
(0.0316852,0.00840928)
(-0.0367654,0.0277427)
(-0.0475996,-0.0233321)
(-0.0278932,0.021052)
(-0.0558307,-0.017386)
(-0.0518479,-0.0406282)
(-0.0397551,0.0192987)
(0.0343516,-0.0565704)
(0.0503696,-0.0127099)
(0.00715683,-0.00370034)
(0.0407572,0.000138335)
(-0.0217355,-0.0913723)
(0.0608613,-0.108843)
(-0.0220551,0.0147721)
(0.00716121,0.0119849)
(-0.0508212,-0.0233317)
(0.519765,-0.0820896)
(-0.0553308,-0.0531398)
(-0.0844852,-0.0975799)
(-0.0211251,-0.0244172)
(0.0236769,-0.0071294)
(0.0581633,0.0298053)
(-0.0123532,0.0182408)
(0.0230338,-0.00534365)
(-0.0655128,-0.0175254)
(-0.0458509,0.0496521)
(0.0119636,0.000475845)
(0.505915,0.00636192)
(3.57835e-05,0.0555251)
(-0.037332,-0.0111728)
(0.062356,0.0583755)
(0.0117447,0.000576532)
(0.0226895,0.0332358)
(0.0328232,0.0571548)
(0.0151004,-0.0402369)
(-0.00789295,-0.0660194)
(0.104933,0.0550888)
(0.038876,0.028923)
(0.0244036,0.0135713)
(-0.0747116,0.00621176)
(0.0615236,0.0186032)
(0.0993317,0.0233812)
(-0.0053588,0.061412)
(0.0152455,-0.0330466)
(-0.0772012,0.0137438)
(-0.0569111,-0.00650291)
(-0.0345752,0.00803823)
(-0.0444729,0.0399978)
(0.052431,-0.0441664)
(0.00416861,0.0312552)
(-0.0575028,-0.0278565)
(-0.048844,0.00427576)
(0.012262,0.0360121)
(-0.0933066,0.0246504)
(-0.0362634,-0.0223206)
(-0.0290401,-0.00107757)
(-0.0356586,0.00852405)
(0.00682192,-0.0453702)
(0.0655561,0.0331864)
(0.369436,-0.123841)
(0.00310062,0.0157944)
(-0.0052918,0.0258047)
(-0.0414805,-0.0150863)
(-0.0682649,-0.0644051)
(-0.117121,-0.0692005)
(-0.0603947,-0.0330747)
(-0.0391028,-0.0355841)
(-0.0574933,-0.0164407)
(0.0250321,-0.0854091)
(-0.0625043,-0.0849395)
(-0.0519458,-0.0392298)
(0.433925,-0.206746)
(-0.00746369,-0.0285837)
(-0.031473,0.0171328)
(0.00464296,-0.0223391)
(0.00399226,-0.0226787)
(-0.0201797,-0.0119737)
(-0.000957106,0.01688)
(0.0830116,-0.0686408)
(0.0105658,-0.00138596)
(0.015455,0.0597317)
(-0.0292385,-0.0468097)
(0.0263452,-0.0048811)
(-0.0233906,-0.0203151)
(-0.0489384,-0.00916569)
(0.041908,-0.0374439)
(-0.0299596,-0.0726144)
(0.470729,0.0133892)
(0.0345656,-0.0335609)
(0.068836,0.0553633)
(-0.0984169,-0.0570347)
(0.0539646,-0.0353862)
(0.0398811,-0.0468688)
(-0.0575813,-0.062538)
(0.0746342,0.0441336)
(-0.0177865,0.00622922)
(-0.0190467,-0.00894484)
(0.0456465,0.0524157)
(0.0408255,0.0414468)
(0.0137404,0.103882)
(-0.0161413,0.0105153)
(0.154417,-0.0249127)
(0.397509,-0.103799)
(0.456938,-0.107246)
(0.0964723,-0.0456916)
(-9.4201e-05,0.0193632)
(0.411069,-0.125564)
(-0.0791979,0.103265)
(0.057008,-0.0385041)
(-0.0338695,0.00276134)
(-0.0453226,-0.0116243)
(-0.00405325,-0.00641794)
(0.260471,-0.113378)
(0.109419,-0.0635941)
(0.031243,0.0465966)
(-0.0288067,0.00888628)
(-0.0287796,0.00814114)
(0.0270319,0.0263434)
(0.450956,-0.174162)
(-0.0485923,-0.0507223)
(-0.0386784,-0.00758182)
(-0.00753285,0.0166878)
(-0.00215717,0.070483)
(-0.00601981,-0.0521263)
(-0.0159491,-0.0266385)
(0.00457969,0.0816541)
(0.459995,-0.105403)
(0.410419,-0.06887)
(0.02836,-0.027668)
(0.0125446,-0.0781337)
(0.0223763,0.0363892)
(0.0680373,0.0388347)
(-0.00975913,0.038362)
(0.142285,-0.0277003)
(0.355391,-0.110826)
(-0.0382337,-0.0239082)
(0.0333695,-0.0590296)
(-0.0298095,0.0228918)
(0.063539,0.01097)
(0.0357437,0.0874581)
(0.0139859,0.0232074)
(0.0312012,-0.0381034)
(-0.00256282,-0.077008)
(0.0386479,0.016328)
(0.00960781,-0.0218845)
(-0.0385995,-0.0624002)
(0.039912,0.0837237)
(0.0680791,0.0512059)
(-0.0724246,-0.0218798)
(-0.0155066,-0.0867541)
(0.0258613,0.0414476)
(0.0464094,0.0128408)
(0.0455528,0.0101179)
(-0.0678448,0.031285)
(-0.00545453,0.0463875)
(0.554273,-0.131986)
(-0.0486613,0.0151416)
(0.00594906,0.0175841)
(-0.0984919,-0.0898046)
(-0.114871,-0.0730241)
(-0.00334768,0.0209736)
(0.0217748,-0.00932052)
(-0.0547486,-0.0339488)
(0.0424748,-0.0201551)
(0.0104404,0.0955677)
(0.0298652,-0.0231467)
(0.450397,-0.125039)
(0.0198795,0.104696)
(0.00745744,0.0346233)
(-0.0319325,0.017187)
(0.0317964,0.00567022)
(0.0365159,0.0188472)
(-0.0310845,-0.0532848)
(0.0323879,-0.0270259)
(0.0562715,-0.0457286)
(-0.0394223,-0.106205)
(-0.0076374,0.0283753)
(-0.0500457,0.0178042)
(0.416964,-0.107003)
(-0.0667381,-0.0254321)
(0.00962012,0.0298969)
(0.0375691,0.0491463)
(-0.0653894,-0.0560623)
(-0.0598727,-0.0203062)
(0.0160944,-0.00774767)
(0.0650117,0.0428424)
(0.0754628,0.0354949)
(0.0594086,0.0311279)
(-0.0218791,-0.0579423)
(0.0454758,0.0128559)
(-0.0747848,-0.0480198)
(-0.0342644,-0.0737225)
(-0.00465928,0.000641017)
(-0.0260847,-0.0225511)
(0.0815537,-0.0174516)
(0.000620442,0.0113128)
(-0.0308212,-0.0306402)
(-0.011277,-0.0720071)
(-0.0499798,-0.0490302)
(0.0792199,-0.0417803)
(0.0296412,-0.00924413)
(0.206414,-0.13093)
(0.060682,0.0233565)
(-0.0229101,0.0819948)
(0.022478,0.0616967)
(0.0304802,0.0108192)
(-0.0864579,0.0867564)
(0.00564499,-0.0186434)
(0.00961367,0.0447513)
(-0.0462262,-0.0180715)
(0.0289145,0.03459)
(0.0115419,-0.022831)
(0.0166227,0.0313036)
(-0.0574771,-0.019329)
(0.0278132,0.00964063)
(0.0467115,0.0399941)
(-0.049196,0.0253444)
(-0.0575534,-0.0199079)
(-0.0782229,-0.0449501)
(0.0409352,-0.00913279)
(0.416128,-0.11427)
(-0.103583,0.000645265)
(0.572046,-0.117115)
(0.0277518,0.0654797)
(-0.0592375,0.0850543)
(-0.0127112,0.0866129)
(-0.00477761,0.00489048)
(0.061956,0.0517814)
(0.0286012,-0.0516693)
(0.00866592,-0.00279443)
(2.97855e-05,-0.0137299)
(-0.0423837,0.0722949)
(-0.00566908,-0.0221412)
(0.442768,-0.121231)
(-0.018475,-0.0298468)
(-0.0149792,-0.0113777)
(0.0827317,0.0305356)
(0.0669793,-0.0283051)
(-0.0346416,-0.0281931)
(0.430245,-0.0555353)
(0.0452186,-0.0236384)
(0.0195342,-0.0513492)
(0.709062,-0.084002)
(0.0440147,-0.0425053)
(-0.0561016,0.0218407)
(-0.0247555,0.030036)
(0.0448856,-0.0161303)
(0.394247,-0.0655149)
(0.512025,-0.176256)
(0.53303,-0.0557296)
(0.455579,-0.0843171)
(-0.0408619,0.0113805)
(-0.0655698,0.0224066)
(0.00212421,-0.00592289)
(-3.22759e-05,-0.063225)
(-0.0185076,0.0309689)
(-0.0607516,-0.00394792)
(-0.0721343,-0.0265618)
(0.0812412,0.0317676)
(-0.0232577,0.0197353)
(-0.03262,0.0826311)
(0.0125692,-0.0100675)
(0.0486045,0.0122604)
(0.0719598,0.0227282)
(0.0623949,0.0273281)
(0.0771185,0.0447886)
(0.0386956,0.00792852)
(0.0864594,-0.0373174)
(-0.0111881,0.00808112)
(-0.0365031,0.101717)
(-0.00645882,0.0740025)
(-0.0114092,0.0111054)
(-0.0351939,0.0825827)
(-0.0413842,0.0141889)
(0.00427809,0.0231405)
(0.0284943,0.0688456)
(0.00539975,-0.0198493)
(0.0368079,0.0291385)
(-0.0201013,-0.0349522)
(-0.0627567,-0.0416295)
(0.0696561,0.051848)
(0.0462379,0.0167087)
(0.0270195,0.0629231)
(0.043939,-0.0157337)
(0.429362,0.00948922)
(0.0352985,-0.00146755)
(0.536561,-0.123927)
(-0.0331146,0.0834041)
(0.033233,0.00344758)
(-0.0489515,0.00941957)
(-0.0893199,0.0729715)
(-0.00438477,0.0607051)
(-0.0461144,-0.000504205)
(0.0146371,0.0504196)
(0.0286382,-0.0138495)
(0.0313322,-0.00717816)
(0.00569945,-0.00407705)
(-0.00735057,-0.0564988)
(-0.0287118,0.0907763)
(0.0145861,-0.0458095)
(0.0253634,0.0433681)
(-0.0579641,-0.00989325)
(-0.0533296,-0.0392135)
(0.0553805,-0.0511389)
(0.00248741,-0.0932916)
(-0.0121636,0.0713251)
(0.0283854,0.0411976)
(0.0523371,-0.0199533)
(0.186528,-0.0807507)
(0.077708,0.0293997)
(-0.0277022,-0.0398864)
(0.00716463,-0.0343459)
(0.0714306,-0.0307691)
(0.407772,-0.0997656)
(0.00575963,0.0817467)
(-0.0298215,0.0812456)
(0.0274966,-0.0641033)
(-0.0621667,0.0737962)
(0.0533809,0.0343927)
(0.117177,-0.0308906)
(0.252301,-0.109134)
(0.342543,-0.186841)
(-0.0271056,0.0577587)
(-0.0104672,0.0384113)
(-0.0879145,0.0229136)
(0.192452,-0.120478)
(0.530031,-0.0759812)
(0.0611806,-0.00989566)
(-0.0617454,-0.0484229)
(-0.0157014,0.0251316)
(-0.0734025,-0.0230573)
(-0.0298011,0.0469333)
(-0.0383754,0.0221987)
(-0.0148756,0.0323083)
(-0.0079609,-0.00895104)
(0.0407776,-0.00822431)
(0.0577778,0.0270621)
(0.491866,-0.111238)
(0.039831,0.014725)
(-0.0147097,-0.0309865)
(0.0420984,0.0306045)
(0.00198994,-0.0343344)
(-0.0217916,-0.0400698)
(0.0403177,0.00806865)
(0.00772832,-0.0118134)
(0.252949,-0.166516)
(0.0349052,0.0933595)
(-0.0162121,0.009792)
(0.0509135,0.094855)
(0.0264406,-0.0255624)
(-0.0324844,0.0334261)
(-0.0608881,0.00178743)
(-0.00943621,0.0541935)
(0.269209,-0.0884722)
(0.668932,-0.0249074)
(-0.0663291,0.0565134)
(-0.077981,-0.000988539)
(0.0153566,0.0212669)
(-0.0849548,0.0611979)
(-0.125042,-0.0192431)
(-0.132257,-0.0102911)
(0.0306209,0.0557731)
(-0.0267235,-0.019774)
(0.0260446,0.0186618)
(0.0688975,-0.0266521)
(0.0163773,-0.0182309)
(0.0365201,-0.00490184)
(-0.0898205,-0.0123315)
(-0.0285116,0.0413795)
(-0.00340802,0.0599346)
(-0.040571,0.0248745)
(-0.0282102,0.0479526)
(0.0343529,-0.00827649)
(0.0922863,-0.0685626)
(0.0600842,0.0599226)
(0.0941025,0.0414784)
(-0.0612282,-0.0471625)
(-0.0595138,-0.014085)
(-0.0461325,0.0104373)
(-0.0279514,0.0327377)
(0.0034229,0.0135932)
(0.0189428,-0.00261539)
(-0.00105063,0.00197384)
(0.0660359,-0.0188932)
(-0.0195489,-0.0487099)
(0.0207177,-0.0299702)
(0.0262179,0.0194324)
(-0.0245338,0.0645998)
(0.0223474,0.0794222)
(-0.0192403,0.0345)
(0.0513862,-0.00117263)
(0.605717,-0.110442)
(0.0545132,0.0377866)
(-0.0356799,-0.034839)
(0.00512725,-0.0241694)
(0.0673774,0.0909042)
(0.0223584,-0.0396759)
(0.0329991,-0.0266885)
(0.0528054,0.0125878)
(0.0482643,-0.0532055)
(-0.00358194,-0.0637165)
(0.0354644,-0.0158113)
(-0.00190041,-0.0338764)
(0.0751204,-0.00147387)
(0.0701407,0.0320442)
(-0.0101084,0.00420543)
(0.0373731,-0.0279324)
(0.0298538,-0.0383177)
(-0.0051684,-0.0319144)
(-0.0138111,-0.0424125)
(-0.0200883,-0.0336712)
(-0.033602,0.0504347)
(0.00646307,0.00237592)
(-0.00966023,0.0217096)
(-0.0569683,0.00186541)
(-0.024454,-0.015522)
(-0.00876569,0.0257058)
(-0.0367173,-0.0999814)
(0.0293428,-0.0924152)
(0.00489373,-0.0531791)
(0.0144816,-0.0353873)
(-0.01508,-0.00604061)
(0.0640283,-0.0468626)
(-0.0492759,0.021312)
(0.0240928,-0.0734562)
(0.0768411,-0.0385996)
(0.0751595,-0.0882456)
(0.00623941,-0.0899346)
(-0.0485183,-0.126412)
(-0.0433143,-0.00513461)
(0.0554889,-0.0456293)
(0.0870897,-0.026308)
(-0.0310108,0.0675907)
(-0.0647392,0.0319177)
(-0.0167663,0.0474736)
(-0.0163961,-0.0292625)
(0.00883119,0.0040014)
(-0.018846,0.0740352)
(-0.0292393,0.090865)
(0.0144,0.0366002)
(-0.0841258,-0.0330106)
(0.0124868,-0.0196962)
(0.0516986,0.0195079)
(-0.0341673,-0.0853885)
(0.0166258,-0.0260657)
(0.467904,-0.0750767)
(0.0223046,-0.066077)
(0.0403864,0.0011532)
(-0.00616083,0.040235)
(-0.0144713,-0.0266436)
(0.0285235,0.0357061)
(0.0213672,0.0479632)
(0.0466698,0.0503174)
(0.0373446,0.0174077)
(0.0534466,-0.0143058)
(0.0145153,0.00171865)
(0.0278289,-0.00202711)
(0.037063,-0.0094661)
(0.0370822,0.0344496)
(-0.0508735,0.0660771)
(-0.0182024,0.019368)
(0.0533987,0.0500744)
(0.0750035,0.0220583)
(-0.0265012,0.0488686)
(0.0320502,0.0268708)
(-0.0336457,0.00694257)
(0.00141541,-0.0731878)
(-0.0124151,-0.0504736)
(-0.0227022,-0.123782)
(0.0913447,0.00139145)
(0.535868,-0.120268)
(0.470285,-0.0723779)
(0.0132686,0.127579)
(0.457485,-0.0505307)
(0.0578095,-0.0707264)
(0.439812,-0.0603967)
(0.262956,-0.133267)
(-0.0137884,0.037373)
(0.498673,-0.139504)
(0.558406,-0.111422)
(0.538744,-0.0971945)
(-0.0180511,0.0601985)
(-0.0420297,0.0363972)
(-0.0388189,-0.000385841)
(-0.053269,0.015142)
(0.0323377,0.0511091)
(-0.0220287,0.011031)
(-0.0295153,0.0295406)
(-0.0448395,0.021307)
(-0.0449026,0.00731369)
(0.00327676,-0.0606677)
(0.0295007,-0.00196212)
(0.030332,-0.038814)
(-0.0421967,0.0420231)
(-0.0386898,-0.00522332)
(0.0356006,0.0491298)
(-0.0274817,-0.075283)
(-0.0515983,0.0748648)
(-0.0346917,0.0303957)
(0.00935884,0.0328493)
(0.013028,-0.0259494)
(-0.0362849,-0.080201)
(-0.00315536,0.0341694)
(-0.0362214,-0.0343412)
(0.0192127,-0.0158919)
(-0.000887285,0.0203061)
(0.0260691,-0.00458261)
(0.0507156,0.0763566)
(-0.023073,-0.0056795)
(0.00973778,0.0266717)
(-0.00675964,-0.0186642)
(0.0182428,0.0344309)
(-0.0107055,-0.0219077)
(-0.0143313,-0.0194904)
(-0.0352829,-0.0413253)
(-0.021476,-0.0197504)
(-0.0249003,-0.0782486)
(0.00186251,0.0178214)
(0.537055,-0.257214)
(0.0262729,-0.0342758)
(0.00269838,0.0169654)
(0.00348025,0.0111737)
(0.00977117,-0.0112463)
(0.0130553,0.0587812)
(-0.0153632,0.0478993)
(0.45795,-0.128832)
(0.644842,-0.179791)
(0.450332,-0.11848)
(-0.0248698,-0.00498664)
(0.416145,-0.0850326)
(-0.00754412,0.0204926)
(0.0836778,-0.0207112)
(0.0138212,0.0393008)
(0.0209276,0.00951983)
(0.194515,-0.0831316)
(0.0115518,0.0264573)
(-0.00306753,0.0464826)
(-0.0177558,0.0290113)
(0.114529,-0.0560623)
(0.0256697,-0.00287433)
(-0.115978,-0.0269226)
(0.444281,-0.0631314)
(0.00732704,-0.00162095)
(-0.0349034,0.0153684)
(-0.00214358,0.0193448)
(0.0276195,0.0376234)
(0.0235094,-0.0146667)
(0.00173558,0.0531471)
(0.0637715,-0.0621017)
(-0.00270715,0.0444494)
(0.0612446,0.0180723)
(0.193527,-0.0441743)
(0.0684797,0.0310105)
(0.0313014,0.00573912)
(-0.0491411,0.0551699)
(-0.0839585,0.0254822)
(0.0103294,0.05569)
(0.0240283,-0.00415671)
(0.00428229,-0.044665)
(-0.0468233,0.0327696)
(-0.00919019,-0.0132073)
(0.0078436,-0.00791744)
(0.0121779,0.0178221)
(-0.0144743,0.0481651)
(0.0534521,0.0504521)
(0.022995,0.0525108)
(0.0223104,0.0430112)
(0.020822,-0.00827022)
(0.0372083,0.00550246)
(0.0179072,-0.108871)
(0.0244107,0.0349245)
(-0.0597878,-0.0207137)
(0.0412947,0.109184)
(9.60131e-05,0.0470873)
(0.0267024,-0.127038)
(0.0820389,0.0642778)
(0.00568651,0.0446894)
(0.0602019,-0.0919079)
(0.0136263,0.0433976)
(-0.0445913,-0.0153038)
(-0.0242551,-0.044056)
(-0.0126416,0.0485336)
(-0.0593815,-0.0283509)
(-0.0631873,-0.0203057)
(0.0513543,0.0450285)
(-0.0288626,-0.0288153)
(-0.0921144,0.0725699)
(-0.00407971,0.00609212)
(0.00239149,0.0292494)
(-0.023111,0.015054)
(0.0421765,-0.00234017)
(-0.000520964,0.0366172)
(0.12163,-0.0843337)
(0.0785405,5.80391e-06)
(-0.0281902,-0.0706236)
(-0.028882,0.0518307)
(-0.0522515,-0.0982459)
(-0.00534331,0.0945334)
(-0.0420093,0.0161581)
(0.0795082,0.0719959)
(0.0787919,0.0771534)
(0.00970181,-0.0334836)
(0.0226684,0.0449007)
(-0.0484887,0.00930807)
(-0.0230819,0.0728357)
(0.0102773,0.00858902)
(-0.0456653,-0.0312339)
(0.0150508,-0.0838656)
(0.0868021,-0.0242813)
(0.0388017,0.0436954)
(0.0254763,0.0562189)
(-0.0485258,0.0474332)
(-0.0605459,-0.0218752)
(-0.00240762,-0.0347901)
(0.0418656,-0.00134275)
(0.0624603,-0.0409982)
(0.453989,-0.090795)
(0.00731746,0.00270555)
(-0.0561719,-0.0470051)
(0.00121761,-0.0258227)
(-0.040428,-0.0238076)
(0.00524547,-0.0542415)
(0.0457188,-0.0316338)
(-0.0414136,0.0159455)
(0.0240379,-0.0477759)
(0.540844,-0.132034)
(0.0176772,-0.0982778)
(0.0459433,0.00278345)
(0.0564171,-0.0690247)
(0.520446,-0.123954)
(-0.0263863,-0.00999621)
(-0.0304828,-0.0159567)
(0.0382252,0.0145974)
(-0.017716,-0.0090715)
(-0.0281947,-0.0101573)
(0.007596,-0.0192207)
(-0.0492862,-0.0207883)
(0.307279,-0.0739086)
(0.168139,-0.0732968)
(0.0193104,-0.0020671)
(-0.01469,0.0368662)
(-0.0465275,-0.060589)
(0.0443026,0.0624238)
(-0.0129679,-0.0796817)
(0.402939,-0.0457543)
(-0.0508364,-0.0166688)
(-0.00667854,0.000219499)
(0.00836348,-0.00204511)
(0.036297,-0.00207789)
(0.0713776,-0.021355)
(0.00896243,0.00337623)
(0.493817,-0.111469)
(-0.0125228,-0.0154364)
(0.510714,-0.0968268)
(-0.0516312,0.0685334)
(-0.0450255,-0.00143669)
(-0.0159713,-0.056841)
(0.0349912,0.0393471)
(0.482505,-0.204644)
(0.10551,-0.0105257)
(0.278873,-0.128801)
(0.0267405,-0.00567612)
(-0.0194875,0.0116796)
(-0.0596727,-5.93898e-05)
(0.206245,-0.0493684)
(0.251856,-0.0902755)
(-0.00774133,0.0209365)
(-0.00927774,0.000133279)
(0.307888,-0.131654)
(-0.0209134,0.0218964)
(-0.0681981,-0.0282737)
(0.232027,-0.0957595)
(-0.0432583,0.024616)
(0.000768435,0.0183738)
(0.345841,-0.0643343)
(-0.0737918,-0.0505573)
(0.15017,0.00222239)
(0.204771,-0.0575189)
(0.0137262,0.0643943)
(0.231729,0.0151081)
(0.0663255,-0.0630765)
(0.00582632,-0.0577167)
(-0.0089187,0.0545111)
(-0.0601922,0.0453646)
(-0.0189582,0.00535212)
(0.0557681,-0.0537432)
(0.0297094,-0.0418044)
(0.0438404,0.0482131)
(-0.0264901,0.0671098)
(0.0550519,0.0459423)
(-0.0368583,0.00452114)
(0.0794431,0.0577831)
(-0.102273,0.0235476)
(-0.0304236,0.0284717)
(-0.0275974,0.0201605)
(-0.0289738,-0.0350826)
(-0.0456273,-0.0065634)
(0.312745,-0.077083)
(0.0164009,0.0710031)
(0.0131038,0.0549607)
(0.11528,-0.0574851)
(-0.119202,0.0515453)
(-0.0728925,0.0445285)
(0.548004,-0.0793744)
(-0.0117869,0.0108025)
(0.555663,-0.128361)
(-0.0146509,-0.0224265)
(0.0105251,0.031255)
(0.171039,-0.093988)
(-0.0287647,-0.00260879)
(0.0223652,0.0286224)
(0.453847,-0.112081)
(-0.0304784,-0.0185563)
(0.0686635,0.0426035)
(0.0111735,0.00213636)
(0.0184697,0.0804669)
(0.127532,0.02383)
(0.0392102,-0.0571928)
(0.0872618,-0.0525863)
(0.042745,-0.0210261)
(-0.114615,-0.045045)
(0.219011,-0.157492)
(0.0220789,0.0396969)
(0.289787,-0.155141)
(-0.0263359,-0.0637393)
(-0.0449946,-0.0189011)
(0.460886,-0.114755)
(-0.0640149,0.0923129)
(0.00401857,0.0504055)
(-0.034525,-0.00692553)
(0.38937,-0.0795906)
(0.00849837,-0.021275)
(-0.0476195,-0.0502621)
(0.0676078,0.0241803)
(0.0044408,0.0361415)
(0.042604,0.03707)
(0.0773768,0.00798385)
(-0.116679,0.0169091)
(0.0157801,-0.00197153)
(-0.0391916,0.0298146)
(0.0597958,-0.0508867)
(-0.0694067,0.0296282)
(0.000659152,0.0425993)
(0.0785987,0.0282283)
(0.0682358,0.0375513)
(0.0299738,-0.0606621)
(-0.0386989,-0.041083)
(0.00593414,-0.0866023)
(0.0031414,-0.0028986)
(0.00582886,-0.0422617)
(-0.0130401,0.0137321)
(0.0540292,0.0178585)
(0.0678577,0.0131783)
(0.0432373,0.0763087)
(0.0108518,0.0197311)
(0.0049367,0.0368099)
(-0.0180739,-0.0772151)
(-0.0625468,-0.107116)
(-0.0784921,-0.101082)
(-0.0526896,-0.0503227)
(0.012718,-0.0069494)
(0.0205536,-0.0297186)
(0.0136998,0.014398)
(0.462901,-0.109318)
(-0.0627524,0.0018719)
(0.0344328,0.0165535)
(0.00635006,0.00522719)
(0.42295,-0.0611722)
(0.0418687,0.000149582)
(0.0220529,-0.0194479)
(-0.0229378,-0.0276758)
(0.00496037,0.00589074)
(0.0192139,-0.0102368)
(-0.0163592,-0.039426)
(0.0319477,-0.00502623)
(0.383392,-0.0791846)
(0.0316469,-0.01109)
(-0.0906458,-0.00843887)
(0.624589,-0.156221)
(0.0129502,-0.00868964)
(-0.00771938,0.00716453)
(0.0252082,-0.0390332)
(0.462143,-0.0764049)
(0.0427166,0.0275578)
(-0.0459746,-0.036485)
(-0.0152781,-0.0486667)
(-0.122799,-0.00487262)
(-0.00278885,-0.0174361)
(-0.0789038,-0.0667438)
(-0.00393393,-0.0598525)
(-0.0126157,0.0316743)
(-0.00140189,-0.0385632)
(-0.00152774,-0.0592547)
(0.00914958,-0.0506101)
(0.425359,-0.0473236)
(0.0557033,0.00408256)
(-0.046992,0.0403072)
(-0.0334348,-0.0224424)
(0.00328613,-0.0024149)
(0.00652538,-0.0630888)
(-0.0141558,0.0668533)
(-0.019713,-0.0509233)
(-0.00959819,-0.0126301)
(0.00559667,-0.0753892)
(0.00693482,0.0432104)
(0.0099239,0.0661196)
(0.431335,-0.0873086)
(0.00504397,0.00184761)
(0.0132577,0.000334386)
(-0.0176522,0.0476703)
(0.0258128,-0.0246207)
(-0.0531914,0.0842793)
(-0.00277086,0.0051606)
(0.161691,-0.17726)
(0.208903,-0.107223)
(0.149161,-0.153056)
(0.00840713,0.00547489)
(-0.0151439,0.0233907)
(0.602738,-0.180005)
(0.345215,-0.127779)
(-0.0207949,0.00933359)
(0.397446,-0.0672991)
(0.461186,-0.0341486)
(0.197618,-0.113749)
(0.0483949,-0.0107891)
(0.0363407,-0.0227263)
(0.0513993,0.038536)
(0.101562,-0.00654973)
(0.00659237,0.0382296)
(0.0122572,0.0483255)
(-0.0728508,0.00392592)
(0.0781182,0.002441)
(-0.0898972,0.0143013)
(-0.0291533,-0.0305366)
(0.0528762,-0.00803961)
(0.469285,-0.133282)
(-0.0367663,0.0405483)
(0.000994616,0.00386917)
(-0.0432278,0.0171739)
(0.543408,-0.0938697)
(-0.041659,0.0792527)
(-0.0106756,-0.00177207)
(0.524944,-0.159432)
(0.500198,-0.077474)
(-0.0285625,0.0233463)
(0.33782,-0.0786176)
(-0.00391059,0.0435)
(-0.0303369,0.0774647)
(0.476942,0.0165328)
(0.266097,-0.0851451)
(0.400192,-0.111838)
(0.471972,-0.045455)
(0.021839,-0.0151964)
(0.757913,-0.022354)
(-0.0412628,0.00651365)
(-0.0228483,0.0838331)
(0.0601572,-0.00324622)
(0.176672,-0.0682802)
(-0.0387562,0.0496559)
(0.0994905,-0.070821)
(0.0130969,-0.00404976)
(0.0220772,-0.00369729)
(0.0326934,-0.0132858)
(0.018475,-0.00361548)
(0.0537175,-0.00147359)
(-0.00958794,0.0467148)
(0.0639373,0.0436229)
(0.10811,-0.0442867)
(-0.0794534,0.00622911)
(0.0217427,-0.0528323)
(0.0255978,0.0555997)
(0.0177605,0.0450515)
(0.0196687,0.0165466)
(0.457111,-0.0643385)
(-0.040078,0.101774)
(0.0276015,0.0021775)
(-0.00432813,-0.0173538)
(-0.00728642,0.0319901)
(0.0506228,0.00481377)
(0.0242064,0.038926)
(-0.0452497,-0.0877826)
(-0.0316404,-0.016407)
(0.552481,-0.0773196)
(-0.0209372,0.00982363)
(0.337782,-0.0305723)
(-0.00127739,0.0152964)
(0.0485771,0.0282564)
(0.00202531,0.00258508)
(0.0959252,-0.0367338)
(-0.0330464,-0.0324456)
(0.019846,-0.0985348)
(0.0228515,-0.0397475)
(0.0049817,-0.0422035)
(0.0370816,0.0198132)
(0.0306079,-0.0342503)
(0.0680414,-0.00186561)
(0.0396121,0.0293674)
(0.459765,-0.12291)
(0.302297,-0.061632)
(-0.0244103,-0.0194719)
(0.0456645,-0.0396497)
(0.0261003,-0.0188624)
(0.0688981,-0.0483651)
(0.458663,-0.138113)
(0.0479221,0.0382063)
(0.0840179,-0.000651189)
(0.0907064,0.0328602)
(0.0766061,-0.00764829)
(0.309194,-0.147517)
(0.0620222,0.0163476)
(-0.0365946,-1.37634e-06)
(-0.0227385,0.00160758)
(-0.0126503,0.0189233)
(0.497178,-0.0616251)
(0.034908,-0.0280796)
(-0.022305,-0.00313258)
(0.0432182,0.058386)
(0.0326759,0.0109649)
(0.0335458,-0.00721503)
(0.485199,-0.0798809)
(0.408295,-0.144318)
(0.659237,-0.0699878)
(0.0367242,-0.0614589)
(0.042968,-0.0118611)
(0.488065,-0.0575379)
(0.0391205,-0.0183899)
(0.0965168,-0.0646963)
(0.282944,-0.189506)
(-0.0580634,-0.0456316)
(-0.0625911,0.00851855)
(-0.0576473,-0.0167519)
(-0.0537884,0.0432356)
(-0.0280387,0.0301354)
(0.154418,-0.0638548)
(0.17661,-0.124685)
(0.284071,-0.147347)
(0.278387,-0.0526718)
(0.628879,-0.175652)
(-0.00793726,-0.0383017)
(-0.0647601,0.0107771)
(-0.0286969,0.00639523)
(0.0988135,0.0901638)
(0.553456,-0.0705956)
(0.542616,-0.127026)
(0.00499716,0.0023753)
(-0.0355106,-0.049362)
(-0.0064085,-0.0332852)
(0.583153,-0.183687)
(0.00811631,0.0851917)
(0.0617891,0.0345342)
(-0.0513213,-0.00615991)
(0.60948,-0.073043)
(0.0540855,0.0424914)
(-0.0416673,0.0600421)
(0.55527,-0.115995)
(0.520255,-0.115609)
(-0.0186425,0.0411642)
(-0.0172238,0.0173163)
(-0.0340693,-0.0427269)
(-0.000773522,-0.0356148)
(0.0305867,-0.0348509)
(0.00102363,-0.00189776)
(0.0226065,-0.0165504)
(0.469603,-0.148521)
(0.679097,-0.020877)
(0.606815,-0.12475)
(0.540897,-0.0539124)
(0.44295,-0.106925)
(0.178988,-0.10204)
(0.281493,-0.0323677)
(0.19168,-0.0697975)
(0.178774,-0.0908295)
(-0.0235643,-0.0401929)
(0.0202692,-0.0551498)
(0.286966,-0.0560764)
(0.543418,-0.156622)
(0.535385,-0.125092)
(0.434406,-0.0581897)
(0.520926,-0.14116)
(0.00765728,0.0417141)
(0.52624,-0.0698996)
(-0.0402593,0.0834719)
(0.0186049,-0.0264524)
(-0.0262076,-0.0460743)
(-0.0108655,0.0672318)
(-0.0529577,-0.0200588)
(-0.0102554,-0.0804177)
(-0.0168794,0.0159345)
(0.0319878,-0.0269304)
(0.0338631,0.0635247)
(0.402673,-0.102347)
(-0.00843958,-0.0512093)
(0.480117,-0.202931)
(0.457274,-0.0138807)
(0.451931,-0.155576)
(-0.0322025,0.000446903)
(0.0710588,0.0702085)
(-0.0289321,0.0189264)
(0.549037,-0.0900932)
(-0.0366372,-0.0562226)
(0.0189818,-0.00244053)
(0.322856,-0.133489)
(0.248171,-0.142093)
(0.525812,-0.0841918)
(0.377802,-0.0603074)
(0.587375,-0.229929)
(0.485159,0.0467763)
(-0.01147,-0.0654156)
(-0.0168609,-0.0695733)
(0.0142568,0.0211447)
(0.0297024,0.0776435)
(0.0198766,0.0801761)
(-0.0124125,-0.0281097)
(0.0262902,0.00800076)
(0.2893,-0.10988)
(0.196803,-0.0334162)
(-0.0374831,-0.00114406)
(0.192461,-0.0277475)
(-0.00962586,-0.0238789)
(0.482047,-0.124737)
(0.534063,-0.0179385)
(-0.053294,0.035297)
(0.0434017,0.0448074)
(0.0728912,0.0162393)
(0.0707681,-0.0434509)
(0.441667,-0.20951)
(0.0149224,-0.0634691)
(0.149632,-0.0958161)
(-0.0487892,0.081539)
(0.285053,-0.141258)
(0.0104652,0.0609584)
(0.343122,-0.0706272)
(0.00091228,0.0454164)
(0.0264518,0.0340002)
(0.0213836,-0.00123823)
(0.0153037,0.0236676)
(0.495085,-0.0674355)
(-0.0130332,0.0317222)
(0.500057,-0.126227)
(0.471398,-0.0801426)
(-0.0187756,0.0150514)
(0.483386,-0.0376094)
(0.588651,-0.0184864)
(0.538269,0.0224813)
(0.0199623,0.0157875)
(0.472722,-0.140065)
(-0.0579229,0.0613549)
(-0.0533389,0.0392508)
(-0.0378147,0.0664632)
(-0.033366,0.00323158)
(-0.0207955,0.0734261)
(-0.0340468,-0.00528839)
(-0.0581004,0.0288353)
(0.728193,-0.0171005)
(-0.0458923,0.0109674)
(0.113841,-0.0295386)
(0.407344,-0.121585)
(0.449266,-0.101528)
(2.18096e-05,0.00736883)
(0.0561344,-0.0110381)
(-0.021804,-0.00727064)
(0.398863,-0.156693)
(-0.0421616,0.00559295)
(0.475846,-0.222696)
(0.373785,-0.114861)
(-0.0569404,-0.0204434)
(-0.0113862,-0.00777302)
(0.536919,-0.0188334)
(-0.0588829,-0.0185459)
(-0.0140028,-0.0307861)
(-0.0237875,0.0511304)
(0.453949,-0.114021)
(0.46273,-0.100241)
(0.199514,-0.118656)
(0.449416,-0.144143)
(0.495809,-0.0674991)
(0.0881371,-0.0164689)
(0.490466,-0.0999273)
(0.586781,-0.0292416)
(0.0304921,-0.101006)
(0.511704,-0.0291469)
(0.0638068,0.0690602)
(0.506927,-0.0702477)
(0.0886028,-0.0062751)
(-0.00461309,0.0463199)
(-0.0234434,-0.0182964)
(0.054357,0.0369557)
(0.00182605,0.0863428)
(0.0587349,0.0923454)
(0.00971613,0.0737025)
(0.0439737,0.0307644)
(0.129155,-0.0908322)
(0.0222324,0.00603683)
(-0.015123,-0.0149165)
(0.0339596,0.0394716)
(0.0106738,-0.00761241)
(0.0119507,0.0218811)
(0.0408973,0.00520803)
(0.00500449,0.0561426)
(0.121671,-0.0848227)
(-0.0168811,0.00903815)
(0.0422309,-0.0147852)
(0.635578,-0.075155)
(0.385227,-0.18184)
(-0.0240731,0.018031)
(0.0866615,0.142731)
(0.000579312,0.114173)
(0.136568,0.0268296)
(-0.0470577,-0.00652532)
(0.102444,-0.0136975)
(0.217565,-0.0997588)
(0.622676,-0.148643)
(0.574806,-0.128841)
(0.0151293,0.0676729)
(0.0628804,-0.0455533)
(0.544273,-0.137791)
(0.0170289,0.0391426)
(0.046577,0.0190767)
(0.0858973,-0.0217297)
(0.494349,-0.0356652)
(0.0805961,-0.0690549)
(0.243501,-0.164051)
(0.00502851,-0.0117276)
(0.123591,-0.125893)
(0.191877,-0.0834313)
(0.276032,-0.0496309)
(0.342352,-0.100149)
(0.0872327,0.0400453)
(-0.037632,0.0469102)
(0.384168,-0.134631)
(-0.0304671,0.0837221)
(0.0248487,-0.0067221)
(0.0316516,-0.0295561)
(0.469248,-0.158114)
(0.0156637,-0.0276922)
(0.420324,-0.103388)
(0.040736,-0.0148756)
(0.00394376,0.0368508)
(-0.0173414,-0.0130394)
(-0.00719093,0.0526362)
(-0.0248708,0.0207886)
(-0.00109598,0.0329484)
(0.0247949,0.0263277)
(-0.0276554,0.0190248)
(-0.0292943,0.0756581)
(0.523973,-0.118079)
(-0.0104285,-0.00853416)
(0.0478325,0.024122)
(0.509233,-0.0515863)
(0.086686,0.0141097)
(-0.0137667,0.0300279)
(-0.00598771,0.0090543)
(-0.00339965,0.0237225)
(-0.0566267,0.0566686)
(0.124175,-0.0894153)
(-0.00413272,0.0687398)
(-0.0445562,-0.0376564)
(-0.0443765,-0.0694315)
(0.0354626,-0.020489)
(-0.0441894,-0.0348216)
(0.483969,0.00582313)
(-0.0428613,0.0692951)
(0.638281,-0.122324)
(0.362166,-0.149253)
(0.492336,0.0231446)
(-0.0372703,-0.00364693)
(0.389371,-0.0150198)
(0.401832,-0.139069)
(0.381965,-0.0504544)
(-0.0660785,0.0410442)
(0.0182976,0.057001)
(-0.0665345,0.0732304)
(-0.0139277,0.0233551)
(0.568447,-0.16693)
(0.577762,-0.103749)
(-0.0455444,0.00169959)
(-0.0311828,0.00545599)
(-0.00126221,0.0112684)
(0.0573757,0.00540583)
(0.333445,-0.0719627)
(0.0518546,-0.00134031)
(0.0469877,0.0318187)
(0.0238835,0.0359395)
(0.0820424,0.000547194)
(0.379272,-0.0761825)
(-0.0611915,-0.0856837)
(0.456207,-0.0363181)
(0.0101017,0.00369317)
(0.0515998,0.0701875)
(0.0822072,0.0391314)
(0.647265,-0.163056)
(0.0126003,0.00413616)
(0.290517,-0.110621)
(0.543085,-0.136663)
(-0.0477161,-0.000306749)
(0.00215883,0.0337402)
(0.0897738,-0.100881)
(-0.0121847,0.0657387)
(-0.0749272,0.0307318)
(0.0264498,-0.127586)
(0.381253,-0.169041)
(0.265585,-0.194253)
(0.0567845,-0.044622)
(0.0183847,-0.0106769)
(0.00947498,-0.0130375)
(-0.106151,0.0712312)
(0.00959195,-0.00336362)
(0.00756504,-0.0419549)
(0.416831,-0.0870836)
(0.533676,-0.0967289)
(0.633393,-0.0718473)
(-0.0189311,-0.0425355)
(0.349283,-0.066777)
(-0.0435304,0.0244396)
(0.0451456,0.0180629)
(0.0379685,0.00812178)
(0.00741674,0.137459)
(-0.0131267,0.0323455)
(0.0602926,-0.0566202)
(0.266399,-0.0762928)
(0.572903,-0.1088)
(0.544031,-0.131294)
(0.0976939,-0.0889371)
(0.526928,-0.159592)
(0.0258319,-0.135476)
(0.419939,-0.178642)
(0.463143,-0.0739726)
(-0.0126322,-0.091499)
(0.473249,-0.115093)
(0.435544,-0.147231)
(0.535581,-0.138356)
(0.412182,-0.113132)
(0.52516,-0.089143)
(0.111263,-0.0535993)
(0.258897,-0.132672)
(0.206612,-0.036837)
(0.432868,-0.0722472)
(0.025808,-0.0431784)
(0.524249,-0.0512665)
(0.363033,-0.148865)
(0.0100391,0.00207437)
(-0.0642464,0.0109606)
(-0.0802588,0.0735128)
(-0.0625838,-0.0582166)
(0.417354,-0.157471)
(-0.0266418,0.00737362)
(0.468631,-0.145397)
(-0.00250578,0.00325815)
(0.260474,-0.0485201)
(-0.0121398,-0.0474182)
(-0.0255262,-0.0393993)
(0.439033,-0.116734)
(0.0441836,0.091089)
(0.0947926,-0.0694547)
(0.526192,-0.142497)
(0.042521,-0.0386717)
(-0.00527116,-0.0498905)
(-0.0447051,0.0280741)
(-0.0596802,-0.0256764)
(-0.0293132,0.023773)
(-0.00817866,0.00396039)
(0.556649,-0.141142)
(0.564982,-0.158668)
(0.436478,-0.0979972)
(-0.0301979,-0.0894342)
(0.011347,0.0627248)
(0.349999,-0.194149)
(-0.0148425,0.0297049)
(0.00840554,-0.00632886)
(0.0184994,-0.0397565)
(-0.0328987,-0.0346511)
(0.564256,-0.118238)
(0.442254,-0.0550423)
(0.498243,-0.0992096)
(0.414195,-0.0447369)
(0.40464,-0.0841593)
(-0.0893569,-0.0279403)
(0.409954,-0.0385263)
(0.300945,-0.112912)
(-0.0623585,-0.0998275)
(0.365882,-0.078331)
(0.49044,-0.100153)
(0.0203868,-0.0654046)
(0.000729937,0.0747922)
(0.548674,-0.123454)
(0.0125022,0.0112876)
(0.0431669,-0.0260873)
(0.423513,-0.131682)
(0.0451487,-0.00216362)
(-0.024783,-0.0442937)
(0.0426421,0.0377855)
(0.0729318,-0.0265877)
(0.497549,-0.0511505)
(-0.0230013,0.0271064)
(-0.0695928,0.0881532)
(-0.00254653,0.0253718)
(0.394536,-0.0653381)
(-0.0278654,0.0447268)
(0.0103578,0.026928)
(-0.0414702,0.0640688)
(0.0843068,-0.043582)
(-0.0407401,-0.0782546)
(0.0295139,0.00870192)
(0.108188,0.0279611)
(0.110182,0.0133015)
(0.0148179,0.0591873)
(0.0718616,0.0690396)
(0.0944381,0.0648839)
(0.493435,-0.0886983)
(-0.0703202,0.0368231)
(0.533148,-0.00970523)
(-0.0202769,-0.00285839)
(-0.0317037,-0.0569205)
(0.185324,-0.100983)
(0.535761,-0.134945)
(0.324046,-0.102718)
(-0.0648994,0.0554969)
(-0.0140362,-0.0306222)
(0.0513378,-0.0201419)
(0.0282813,-0.0397218)
(-0.00431422,-0.00161726)
(-0.0265032,0.0229853)
(-0.0533286,-0.0307194)
(0.0183168,0.0264013)
(-0.0671708,-0.0160226)
(0.00594667,0.0567155)
(0.0134172,-0.0263714)
(0.403804,0.0594979)
(-4.87441e-05,0.0580693)
(0.0599899,0.00787547)
(0.0216822,0.0141524)
(0.0325221,0.0251405)
(0.188299,-0.0499356)
(0.125863,-0.0712377)
(-0.0135923,0.0366549)
(0.111479,-0.105557)
(0.535306,-0.064261)
(-0.0494709,-0.0979061)
(0.448343,-0.0771071)
(-0.0175806,-0.149454)
(-0.0107998,0.0308453)
(0.105254,-0.0242006)
(0.051595,-0.0699612)
(0.0904448,-0.0302769)
(-0.0547926,0.000167521)
(0.0258513,-0.0115681)
(-0.0559744,-0.0364991)
(-0.0302702,0.0602631)
(0.00160555,-0.00607947)
(0.342272,-0.142903)
(0.35625,-0.130251)
(0.0358,0.00738768)
(0.172796,-0.0423584)
(0.201711,-0.0493592)
(0.59035,-0.106813)
(0.0176737,0.00425868)
(0.114109,-0.0301015)
(0.495934,-0.152623)
(0.137634,-0.0112501)
(0.110642,-0.0883887)
(-0.0398336,-0.041004)
(-0.00825895,-0.0658131)
(0.0945808,-0.0424412)
(-0.0400973,-0.0120455)
(0.438336,-0.0542791)
(0.379262,-0.134376)
(0.0189232,0.000914521)
(0.0522259,0.00926376)
(0.168436,-0.0921618)
(0.0525298,-0.0483527)
(0.129907,-0.0537736)
(-0.00193735,0.0441244)
