1620
(-0.0231253,-0.128618)
(-0.019918,0.0400555)
(0.0549625,0.0607991)
(0.0140458,-0.149802)
(-0.00961921,-0.0270883)
(-0.0314827,0.0445446)
(0.0429192,0.0599227)
(-0.0182824,-0.0153113)
(0.00214064,0.0195368)
(-0.003736,0.0346432)
(-0.0510971,0.0369908)
(-0.00160205,0.016926)
(0.0193128,-0.040487)
(-0.0190023,0.00124077)
(-0.00218738,0.0517378)
(-0.0328025,0.025451)
(-0.0240439,-0.0858147)
(0.0139042,0.0314437)
(0.0159595,0.0202668)
(-0.0116267,0.00860822)
(-0.0213423,-0.0166471)
(0.00525724,0.0199979)
(-0.0615686,0.0129285)
(-0.0302268,-0.0501065)
(0.00497691,0.0352115)
(0.0309065,0.0128909)
(-0.0280622,0.0102173)
(0.0753226,-0.0745297)
(-0.0311328,-0.00876513)
(0.0616044,-0.016963)
(0.0397326,0.0719258)
(0.0419153,-0.0170408)
(0.00338548,0.0470845)
(-0.0941309,0.03707)
(0.0575158,0.029059)
(0.0122589,0.0651352)
(0.0639041,-0.0111975)
(-0.0115535,0.0324534)
(-0.0447361,0.00384298)
(0.0411484,0.00600887)
(0.0353331,-0.0799873)
(0.0777137,0.0127035)
(0.0594551,0.0237644)
(0.129475,0.00312214)
(-0.0352154,0.0654015)
(0.131553,-0.0189782)
(0.0969762,-0.0257893)
(-0.0198874,-0.00372054)
(0.0525566,-0.0595124)
(-0.0136153,-0.025796)
(0.0432442,0.00520595)
(0.091989,-0.026391)
(0.0131872,0.0146889)
(0.0195078,-0.00279535)
(-0.00891784,0.0263574)
(-0.0250804,0.0262204)
(0.0483285,0.0279284)
(0.0478733,0.0649123)
(-0.0155334,-0.0473634)
(0.0503855,-0.0324135)
(-0.0387991,-0.0180448)
(0.170579,-0.0684645)
(-0.013707,0.0022323)
(0.394256,-0.0830132)
(-0.0224988,-0.00298251)
(-0.0108885,0.0373136)
(-0.00183295,-0.00542558)
(0.0252314,0.0158229)
(0.0196787,0.139517)
(-0.0399255,-0.0679559)
(0.00883708,0.0556174)
(0.00714049,0.0485368)
(-0.0260158,0.0709235)
(-0.042885,0.0289211)
(0.00268747,-0.0129869)
(-0.0887371,0.0636162)
(0.0108634,-0.0404712)
(0.00704462,-0.0488141)
(-0.0197189,0.00872404)
(0.0780587,-0.0384415)
(-0.0134445,-0.0665092)
(0.00292162,0.00901625)
(0.0254979,-0.0675448)
(0.0278981,-0.021687)
(0.0401725,0.0217633)
(0.0207517,0.0234249)
(-0.0335858,-0.0395943)
(-0.0376035,0.0137446)
(0.0802603,0.023684)
(0.0307603,-0.0150622)
(-0.111078,-0.018967)
(-0.0209947,0.0224094)
(0.458097,-0.0689389)
(0.0122243,0.10676)
(-0.0197357,0.0687346)
(0.573316,-0.0142248)
(-0.0580893,0.0602396)
(0.444257,-0.142293)
(-0.0110121,-0.0976747)
(-0.047392,-0.0875384)
(0.0611919,0.00908409)
(-0.0740542,-0.0141442)
(0.0439869,-0.0800039)
(-0.00695168,-0.0412237)
(-0.0240538,-0.114934)
(0.441902,-0.0927019)
(0.0260831,0.067357)
(-0.0724898,-0.0083743)
(0.0117612,0.0207677)
(0.0407898,0.0606687)
(0.0051107,0.0304025)
(0.705149,-0.139049)
(0.365669,-0.0370221)
(-0.00974049,-0.0126339)
(0.476679,-0.0479168)
(0.0188987,0.104075)
(0.00257527,0.0807111)
(0.637431,-0.0921557)
(0.00533089,0.0158474)
(0.485522,-0.0640914)
(0.432807,-0.064674)
(0.0228698,0.0459012)
(0.387417,-0.070989)
(0.282107,-0.118854)
(0.277456,-0.0783311)
(0.00727793,-0.0274492)
(0.0502964,-0.0241377)
(0.00155778,0.046302)
(0.352133,-0.130638)
(0.0808709,0.0511201)
(0.116387,0.0797142)
(0.0134089,-0.00985374)
(-0.00502412,-0.0493523)
(0.000382361,0.0226453)
(-7.09187e-05,0.016255)
(0.020342,0.0222579)
(-0.0520674,0.00763407)
(0.0048814,0.0310744)
(0.382462,-0.0914273)
(0.0217155,-0.0110986)
(0.00955459,0.0490014)
(-0.013874,0.0551471)
(0.01937,-0.0155001)
(0.0452319,-0.0665428)
(0.0891797,-0.0851808)
(0.0248783,-0.0941744)
(0.012845,-0.00036929)
(0.428199,-0.0855721)
(0.484393,-0.107684)
(-0.0598843,0.00199807)
(0.485877,-0.145712)
(0.197858,-0.065783)
(0.545737,-0.0348583)
(0.470766,-0.108436)
(0.473102,-0.0746365)
(-0.0400956,0.0187955)
(0.0760659,0.0468225)
(0.41536,-0.153599)
(0.375442,-0.0131915)
(-0.0164291,0.00506773)
(-0.0300711,0.0343294)
(0.00332768,0.0353972)
(0.012026,0.0404457)
(-0.0388822,-0.0189695)
(-0.0103885,0.0286447)
(-0.0456557,-0.0310535)
(0.0179285,-0.0429552)
(-0.00915455,-0.0506592)
(0.0383557,0.0294364)
(-0.0193751,0.0840894)
(0.0418755,-0.0142103)
(0.056443,0.00229504)
(0.418161,-0.16913)
(0.383304,-0.122983)
(0.56804,-0.126942)
(0.499755,-0.0765745)
(0.0649094,-0.0932183)
(0.149072,-0.0239925)
(-0.0871636,-0.0650975)
(-0.113953,0.0558407)
(-0.0562603,-0.054459)
(0.03853,0.0497579)
(0.0116576,0.0136116)
(0.01354,0.0417919)
(0.013441,0.0295971)
(0.00161589,0.0341909)
(0.0369081,0.0166769)
(0.0605971,-0.0982223)
(0.00156988,-0.0250752)
(0.413385,-0.150734)
(0.480738,-0.0775245)
(0.376894,-0.0886039)
(0.58473,-0.118614)
(-0.0430648,-0.0472968)
(-0.0435165,-0.0395635)
(0.04781,0.0527006)
(0.0442626,0.0347088)
(-0.0371918,0.0481199)
(-0.0504987,-0.059064)
(-0.00841774,0.0103181)
(0.0227283,-0.121041)
(0.0797139,-0.0956821)
(-0.0446581,-0.0447115)
(-0.0629125,-0.0201196)
(-0.0112722,-0.0139138)
(-0.0489644,0.0256033)
(0.466538,-0.100408)
(0.482168,-0.0375976)
(-0.0914055,0.0197162)
(0.381978,-0.0984763)
(-0.0368564,-0.0103568)
(0.411876,-0.0879105)
(0.406836,-0.0903278)
(-0.0824338,0.0156534)
(-0.0594793,0.036656)
(0.091628,0.0758606)
(0.0817708,0.00635357)
(0.452439,-0.115051)
(0.572186,-0.141635)
(-0.0165873,-0.0461466)
(-0.00113842,-0.0134866)
(-0.0357177,0.00954076)
(0.0441386,0.0720351)
(0.706892,-0.175681)
(-0.0523643,-0.0527464)
(-0.0749275,-0.0736847)
(0.414546,-0.163856)
(-0.03578,0.0628911)
(-0.0173834,0.0347269)
(-0.0737698,-0.035712)
(-0.0195851,0.0121881)
(0.483946,-0.130958)
(0.468406,-0.179894)
(0.545344,-0.0553748)
(0.487877,-0.0610444)
(-0.0464442,0.0320561)
(-0.0211922,-0.0461173)
(-0.0115605,-0.0248223)
(0.182521,-0.0636048)
(0.00205579,0.0254943)
(0.0693751,-0.0116792)
(-0.00710087,-0.0478649)
(-0.0135639,0.0707178)
(-0.0198834,0.0751253)
(-0.00898527,-0.0574971)
(-0.0349552,0.019937)
(0.0777369,-0.00125224)
(-0.00422309,-0.0386348)
(0.0309646,0.0075798)
(-0.0399786,0.0271651)
(-0.0454161,-0.027628)
(-0.0284741,0.0188854)
(-0.0551416,-0.0215069)
(-0.0507817,-0.0437365)
(-0.0386501,0.0214022)
(0.033719,-0.0553616)
(0.0516801,-0.0117848)
(0.00872828,-0.00664617)
(0.0387589,0.000924569)
(-0.0242238,-0.0956584)
(0.0639444,-0.109545)
(-0.0247312,0.0124349)
(0.00762018,0.00915212)
(-0.0458349,-0.0243615)
(0.523257,-0.0715554)
(-0.0506733,-0.058377)
(-0.0825761,-0.0996886)
(-0.0194749,-0.0241286)
(0.0224017,-0.00880539)
(0.0545871,0.0287709)
(-0.0154387,0.0186192)
(0.0223066,-0.00689608)
(-0.0673543,-0.0188879)
(-0.0490192,0.0511558)
(0.0113324,0.00470242)
(0.49803,0.00515715)
(-0.0018727,0.059996)
(-0.0398071,-0.0128253)
(0.0613083,0.0640102)
(0.0143917,-0.00584566)
(0.0261261,0.0309497)
(0.0357721,0.0587289)
(0.0145194,-0.0391524)
(-0.00656077,-0.0638554)
(0.108807,0.0555879)
(0.04204,0.0255118)
(0.0242302,0.00750888)
(-0.0693721,0.00268943)
(0.0573684,0.016736)
(0.103239,0.0245102)
(-0.00596967,0.0574962)
(0.0138867,-0.0348352)
(-0.0769783,0.0119908)
(-0.0522559,-0.0130729)
(-0.0340314,0.00692654)
(-0.0485339,0.0387219)
(0.052753,-0.0446606)
(-0.000210693,0.0274485)
(-0.0555234,-0.0271895)
(-0.0513222,0.00336935)
(0.0100911,0.0372134)
(-0.0952867,0.0228088)
(-0.0358826,-0.0202165)
(-0.0335286,0.000566677)
(-0.0395252,0.00799787)
(0.0100077,-0.0424833)
(0.0638071,0.030416)
(0.376151,-0.128488)
(0.00200271,0.0127222)
(-0.00825733,0.022366)
(-0.0401526,-0.0236842)
(-0.0694139,-0.0585103)
(-0.117116,-0.0725873)
(-0.0621915,-0.0348896)
(-0.0418894,-0.040485)
(-0.0641283,-0.0177459)
(0.0300965,-0.0845928)
(-0.0567079,-0.0867554)
(-0.0569488,-0.0346619)
(0.441757,-0.209658)
(-0.00797966,-0.0264149)
(-0.0280254,0.0221212)
(0.0129523,-0.0194658)
(0.0013371,-0.0253127)
(-0.0221579,-0.01424)
(7.84896e-05,0.0211781)
(0.0829736,-0.0688437)
(0.00813971,-0.00193997)
(0.0111857,0.0597121)
(-0.0289646,-0.0504813)
(0.031845,-0.00726981)
(-0.0193553,-0.0177465)
(-0.0485299,-0.0122372)
(0.0428564,-0.0393232)
(-0.0239508,-0.0772957)
(0.4716,0.0119528)
(0.0349366,-0.0333236)
(0.0686263,0.0577969)
(-0.0969534,-0.0659761)
(0.0540515,-0.0346364)
(0.0315542,-0.0456073)
(-0.0567156,-0.0645003)
(0.0742505,0.0470576)
(-0.016756,0.00509873)
(-0.0178717,-0.00984551)
(0.0440327,0.0518111)
(0.0407857,0.0421123)
(0.0109662,0.107246)
(-0.0133797,0.00882137)
(0.148815,-0.0222592)
(0.393142,-0.100777)
(0.453542,-0.107446)
(0.0952482,-0.0451093)
(-0.000418019,0.0146951)
(0.413271,-0.118173)
(-0.0841336,0.101958)
(0.0574411,-0.0380025)
(-0.0316767,0.00124145)
(-0.0477285,-0.0105729)
(-0.00531968,-0.0063112)
(0.259819,-0.110262)
(0.117018,-0.0643717)
(0.0294364,0.0425736)
(-0.0269556,0.0109959)
(-0.0307884,0.00857186)
(0.0235772,0.0275466)
(0.453796,-0.175395)
(-0.0434211,-0.0565971)
(-0.0405447,-0.00367735)
(-0.00755504,0.020203)
(-0.00475355,0.0684998)
(-0.00650562,-0.0513069)
(-0.0186966,-0.0269199)
(-0.00349669,0.078102)
(0.460575,-0.109714)
(0.415392,-0.0740232)
(0.0276785,-0.032057)
(0.0142304,-0.0809113)
(0.0222105,0.0407427)
(0.0693613,0.0364894)
(-0.0124315,0.0341518)
(0.142203,-0.0267777)
(0.356192,-0.102077)
(-0.0447977,-0.0206858)
(0.0327223,-0.0595445)
(-0.0265925,0.0180372)
(0.0575776,0.0109833)
(0.0376561,0.0940279)
(0.0143038,0.023635)
(0.0286298,-0.0384102)
(-0.00264701,-0.0815166)
(0.0401195,0.016503)
(0.00947783,-0.0196856)
(-0.0402262,-0.0614548)
(0.0416874,0.0882953)
(0.071011,0.0525264)
(-0.0724221,-0.0245813)
(-0.0176429,-0.0851935)
(0.0287247,0.0458972)
(0.0483403,0.0115512)
(0.0452064,0.00877684)
(-0.0696588,0.0296255)
(-0.00875895,0.0479018)
(0.551526,-0.130182)
(-0.0486805,0.0129298)
(0.0034251,0.0193911)
(-0.0975052,-0.0940194)
(-0.114679,-0.0805844)
(-0.00497277,0.0185663)
(0.0198575,-0.0102179)
(-0.0569754,-0.0375531)
(0.0360005,-0.0232721)
(0.0077332,0.0975814)
(0.0323813,-0.0208504)
(0.449914,-0.122659)
(0.0197679,0.101795)
(0.00619504,0.0321637)
(-0.0315649,0.0171629)
(0.0303441,0.0078104)
(0.0342335,0.0198219)
(-0.0302735,-0.0494238)
(0.0312845,-0.025395)
(0.0610126,-0.0454154)
(-0.0369939,-0.108511)
(-0.00759058,0.0266352)
(-0.0484138,0.016592)
(0.415199,-0.100885)
(-0.0617098,-0.0261487)
(0.00626259,0.0269121)
(0.0312377,0.0491497)
(-0.0614193,-0.0607512)
(-0.0578799,-0.0195645)
(0.025247,-0.00240172)
(0.0628417,0.0466266)
(0.0766397,0.0374775)
(0.0608512,0.0315925)
(-0.021087,-0.0601367)
(0.0448175,0.0127035)
(-0.0738698,-0.0494209)
(-0.0278498,-0.073365)
(-0.00360707,0.000232446)
(-0.0237221,-0.0242604)
(0.0858623,-0.0176473)
(-0.0011746,0.0133517)
(-0.0288349,-0.0292592)
(-0.00737112,-0.0656624)
(-0.0500736,-0.0507824)
(0.0793071,-0.0405005)
(0.0305884,-0.00475007)
(0.204912,-0.130306)
(0.0578836,0.0288807)
(-0.0275034,0.0851868)
(0.0234393,0.0689921)
(0.0247973,0.0127488)
(-0.0861237,0.0857228)
(0.00951805,-0.0202855)
(0.0117852,0.0446526)
(-0.0449405,-0.0182274)
(0.0226276,0.0359412)
(0.00835171,-0.0262451)
(0.0152493,0.0337285)
(-0.0561668,-0.0225224)
(0.0267372,0.00632222)
(0.0471949,0.0363492)
(-0.0501485,0.018466)
(-0.0559956,-0.0194669)
(-0.0769862,-0.0437824)
(0.0391831,-0.00799669)
(0.418545,-0.115675)
(-0.105054,0.00379774)
(0.569955,-0.109295)
(0.0290274,0.0612883)
(-0.0624987,0.0816862)
(-0.0155823,0.0851311)
(-0.00352941,0.00467658)
(0.0669314,0.0542281)
(0.0335121,-0.0501978)
(0.00828683,-0.00470119)
(0.000697737,-0.0155861)
(-0.0428034,0.0698789)
(-0.0047209,-0.0215946)
(0.443176,-0.122159)
(-0.0187309,-0.0293623)
(-0.0227233,-0.0162008)
(0.0844173,0.0330102)
(0.0674868,-0.0265987)
(-0.0340456,-0.0371686)
(0.431606,-0.0583827)
(0.0418782,-0.0255362)
(0.0165595,-0.0502265)
(0.704944,-0.0824426)
(0.0409862,-0.0470238)
(-0.0563821,0.023572)
(-0.0258536,0.0293915)
(0.0458226,-0.0168397)
(0.39378,-0.0601683)
(0.51328,-0.174274)
(0.528696,-0.0601539)
(0.455384,-0.0912218)
(-0.0433011,0.013526)
(-0.0680931,0.0226588)
(-0.000995616,-0.00476226)
(0.00167179,-0.0630768)
(-0.0197011,0.0330698)
(-0.0633589,-0.00457913)
(-0.0740979,-0.026838)
(0.0831844,0.0318473)
(-0.0186229,0.0239751)
(-0.0334198,0.0831521)
(0.00939412,-0.0135017)
(0.0482107,0.0139726)
(0.0688548,0.0234536)
(0.0611207,0.0300961)
(0.0774982,0.0467677)
(0.0413163,0.00746291)
(0.0909361,-0.0397144)
(-0.00984265,0.00655632)
(-0.0363324,0.104555)
(-0.0047653,0.0720855)
(-0.0118786,0.0110366)
(-0.0386771,0.0864491)
(-0.0445424,0.0123799)
(0.00149147,0.0243973)
(0.0277411,0.0642842)
(0.0116826,-0.0243992)
(0.0316637,0.0289111)
(-0.0167995,-0.0401172)
(-0.061133,-0.0400494)
(0.0679305,0.0569996)
(0.0478475,0.0165211)
(0.0244479,0.0683022)
(0.0452289,-0.015477)
(0.432058,0.00836458)
(0.0363464,-0.00213782)
(0.538595,-0.119148)
(-0.0323839,0.0763957)
(0.0316137,0.00544432)
(-0.0483056,0.00792055)
(-0.095289,0.0675776)
(-0.00695727,0.0636637)
(-0.045993,-0.00953506)
(0.0148964,0.0533086)
(0.0345114,-0.010142)
(0.0332641,-0.00679603)
(0.00409918,-0.00668602)
(-0.00404252,-0.0601889)
(-0.0295291,0.0929446)
(0.0166823,-0.0466892)
(0.0317604,0.0501916)
(-0.0549908,-0.0100339)
(-0.0465604,-0.038696)
(0.0560313,-0.0484684)
(0.00543847,-0.0922277)
(-0.0111564,0.0705373)
(0.0338995,0.0366476)
(0.0551776,-0.0213129)
(0.18688,-0.0820304)
(0.0774447,0.0378061)
(-0.0262734,-0.0426422)
(0.00839855,-0.0366451)
(0.0753113,-0.0237303)
(0.41141,-0.104226)
(0.00682435,0.0752374)
(-0.0307854,0.0831075)
(0.0342289,-0.0638907)
(-0.0632349,0.0759366)
(0.0511246,0.040967)
(0.11917,-0.0328117)
(0.252492,-0.1098)
(0.343642,-0.192269)
(-0.0265262,0.0588845)
(-0.0130293,0.0405185)
(-0.0875794,0.0231351)
(0.192742,-0.122223)
(0.530358,-0.0746969)
(0.0608573,-0.00125218)
(-0.0610712,-0.0534399)
(-0.020762,0.0272848)
(-0.0803892,-0.0249484)
(-0.0307385,0.0494213)
(-0.0387525,0.0230607)
(-0.0173343,0.0333172)
(-0.00979548,-0.00661924)
(0.0373976,-0.00509351)
(0.0563547,0.0252128)
(0.493614,-0.107709)
(0.0394813,0.0114123)
(-0.0183503,-0.0313187)
(0.0429214,0.0278922)
(0.00628473,-0.035252)
(-0.0186981,-0.0415874)
(0.0406839,0.00615737)
(0.00768608,-0.0131827)
(0.255752,-0.157571)
(0.0279219,0.0953779)
(-0.0174383,0.00841491)
(0.0429612,0.0973662)
(0.0265387,-0.0264279)
(-0.0350917,0.0317573)
(-0.0604637,-0.00183492)
(-0.0144486,0.0537524)
(0.269328,-0.0882432)
(0.67384,-0.0200015)
(-0.0690238,0.0570442)
(-0.0790852,-0.00104136)
(0.0152097,0.0264673)
(-0.090313,0.0628656)
(-0.127087,-0.0223359)
(-0.134187,-0.0118259)
(0.0269384,0.0574421)
(-0.0247339,-0.0200724)
(0.0255091,0.0145514)
(0.064723,-0.0253956)
(0.0142205,-0.0153978)
(0.0323311,-0.00307181)
(-0.0923033,-0.0173878)
(-0.0325275,0.0438494)
(-0.00429362,0.0632489)
(-0.0414236,0.0235639)
(-0.0307787,0.0483244)
(0.0322119,-0.00606008)
(0.0963036,-0.0644435)
(0.0619142,0.0597928)
(0.0953424,0.0441369)
(-0.0629341,-0.0430935)
(-0.0580009,-0.00772851)
(-0.0448192,0.014042)
(-0.0322015,0.0328514)
(0.00222047,0.0163223)
(0.0143233,-0.00113626)
(0.000300138,0.0051194)
(0.0637536,-0.0241936)
(-0.0214894,-0.0506429)
(0.0184631,-0.0323523)
(0.0285969,0.014164)
(-0.0246907,0.0678434)
(0.0274255,0.0786893)
(-0.0200066,0.0343159)
(0.0499357,-0.0054398)
(0.606658,-0.109768)
(0.0586961,0.0438149)
(-0.035585,-0.0367856)
(0.00576631,-0.0252693)
(0.0605807,0.0951305)
(0.0282018,-0.0415926)
(0.0298076,-0.0306241)
(0.0512547,0.0124721)
(0.0492907,-0.0552013)
(-0.0012653,-0.069377)
(0.03605,-0.020748)
(-0.00735431,-0.0339871)
(0.0757903,-0.00505428)
(0.0758855,0.0336728)
(-0.0106717,-0.00113163)
(0.0405546,-0.026996)
(0.0332099,-0.0327701)
(-0.00252682,-0.035819)
(-0.0128555,-0.0373521)
(-0.0197822,-0.030877)
(-0.0374358,0.0477705)
(0.00650523,0.001151)
(-0.0092453,0.0189516)
(-0.0557451,-0.00117726)
(-0.0226308,-0.0159865)
(-0.0105162,0.0245878)
(-0.036318,-0.107369)
(0.0320897,-0.0910327)
(0.00636733,-0.051832)
(0.0141205,-0.0380879)
(-0.0165641,-0.010908)
(0.0625215,-0.0478508)
(-0.0498087,0.016127)
(0.0236821,-0.0737245)
(0.075765,-0.0405747)
(0.0725286,-0.0907357)
(0.0113837,-0.0931096)
(-0.0454188,-0.133199)
(-0.0436114,-0.00458818)
(0.0604727,-0.0441113)
(0.0907351,-0.0229529)
(-0.0338104,0.0695874)
(-0.0626058,0.0317906)
(-0.017112,0.0483937)
(-0.0144775,-0.0360899)
(0.00784709,0.00442635)
(-0.0194081,0.0768355)
(-0.0306497,0.0966766)
(0.0128463,0.0331075)
(-0.0830371,-0.0312997)
(0.0121253,-0.0204347)
(0.0477288,0.0211103)
(-0.0298426,-0.087249)
(0.01533,-0.0241729)
(0.469447,-0.0731555)
(0.0255047,-0.0636425)
(0.0458404,-0.000191127)
(-0.00235167,0.0414813)
(-0.00756761,-0.0284775)
(0.0296831,0.040792)
(0.0184451,0.0498279)
(0.0462298,0.0550734)
(0.038269,0.0212288)
(0.0562919,-0.0186797)
(0.0146294,0.000755439)
(0.0276084,-0.00437344)
(0.036225,-0.0100935)
(0.0340104,0.0369092)
(-0.0485296,0.0757147)
(-0.0186143,0.0157075)
(0.0547261,0.0524197)
(0.0703223,0.0197797)
(-0.0220726,0.0448447)
(0.0317429,0.0266949)
(-0.0293512,0.000765574)
(0.0026436,-0.074022)
(-0.0113362,-0.049925)
(-0.0183256,-0.129909)
(0.0911599,-0.000233979)
(0.54379,-0.115646)
(0.468244,-0.0744247)
(0.00900176,0.125777)
(0.453368,-0.0529659)
(0.0616452,-0.0701497)
(0.441292,-0.0591006)
(0.268538,-0.130644)
(-0.00831477,0.0402259)
(0.503444,-0.134355)
(0.557451,-0.104187)
(0.540803,-0.090078)
(-0.0177363,0.0571356)
(-0.0445333,0.0393778)
(-0.0408119,0.000163719)
(-0.0540983,0.0156378)
(0.0284766,0.0537879)
(-0.0232911,0.0140933)
(-0.0331254,0.0346076)
(-0.0467013,0.0208091)
(-0.0468778,0.00826269)
(0.00569492,-0.0610771)
(0.0313575,-0.00103103)
(0.0323155,-0.0394765)
(-0.042817,0.0414925)
(-0.0369108,-0.00580896)
(0.0345477,0.0476682)
(-0.0254046,-0.0775346)
(-0.0508866,0.073132)
(-0.0329601,0.0320388)
(0.0133203,0.0294957)
(0.0114396,-0.0247522)
(-0.0354282,-0.084139)
(-0.00204673,0.0301546)
(-0.0366272,-0.037335)
(0.018399,-0.0148654)
(-0.000415992,0.0207041)
(0.0254111,-0.00622827)
(0.046215,0.0793255)
(-0.0240482,-0.00476691)
(0.00862827,0.0290955)
(-0.00927527,-0.0156288)
(0.0194906,0.034951)
(-0.0103714,-0.0262383)
(-0.0135766,-0.0220357)
(-0.0357998,-0.0382445)
(-0.0244332,-0.015386)
(-0.0253241,-0.0759014)
(0.000292422,0.018799)
(0.543783,-0.258783)
(0.0286859,-0.0319104)
(0.00218942,0.013413)
(0.00211321,0.0090967)
(0.0116099,-0.00764333)
(0.0133561,0.0613058)
(-0.0164379,0.0492933)
(0.452391,-0.129233)
(0.642668,-0.181245)
(0.449132,-0.117837)
(-0.0246017,-0.00481699)
(0.41199,-0.0819035)
(-0.00841292,0.0215071)
(0.0864549,-0.0242859)
(0.0125492,0.0431974)
(0.019228,0.00989881)
(0.188827,-0.0827164)
(0.00917153,0.023854)
(-0.00486244,0.0470855)
(-0.0210516,0.0286467)
(0.112364,-0.0547382)
(0.0264337,-0.00173807)
(-0.115911,-0.0287638)
(0.443894,-0.0652909)
(0.00771747,-0.000911011)
(-0.0399252,0.0157157)
(-0.00644818,0.0157932)
(0.025284,0.0395103)
(0.0201064,-0.0117117)
(0.00125313,0.0554221)
(0.0648686,-0.0612895)
(-0.00136573,0.045226)
(0.0617565,0.0217063)
(0.193494,-0.0432714)
(0.0672874,0.0300429)
(0.0263667,0.00785715)
(-0.0546659,0.0575583)
(-0.0866388,0.0229915)
(0.00992008,0.061044)
(0.0202745,-0.00501289)
(0.00413475,-0.0476233)
(-0.0451183,0.0318265)
(-0.00887667,-0.0139257)
(0.00859514,-0.00890031)
(0.0120206,0.0142132)
(-0.0147885,0.0460768)
(0.0540338,0.0495173)
(0.0252912,0.0521379)
(0.0221883,0.0397446)
(0.0199401,-0.00948134)
(0.0404736,0.00879469)
(0.0185894,-0.110409)
(0.0260599,0.0346257)
(-0.0578226,-0.021736)
(0.0387429,0.110184)
(-0.000877747,0.0437123)
(0.0283949,-0.127201)
(0.0815003,0.0694627)
(0.00737601,0.045143)
(0.0601322,-0.0891731)
(0.0100583,0.0462555)
(-0.0445657,-0.0127436)
(-0.0258671,-0.0433501)
(-0.0156556,0.0532877)
(-0.0599329,-0.0286065)
(-0.0579195,-0.0194545)
(0.057206,0.0494721)
(-0.0293027,-0.0253029)
(-0.0950309,0.0752787)
(-0.00265649,0.0080653)
(0.000592585,0.0299421)
(-0.0271705,0.0112243)
(0.044298,-0.00498043)
(-0.00210213,0.0361654)
(0.128864,-0.0839547)
(0.0834486,0.00192077)
(-0.0265227,-0.0676741)
(-0.0318147,0.0524131)
(-0.0520916,-0.0979285)
(-0.00801465,0.094715)
(-0.0390789,0.0171538)
(0.0716325,0.0755065)
(0.0734097,0.0813439)
(0.00979362,-0.0304663)
(0.0230091,0.0436412)
(-0.0491057,0.00790443)
(-0.022165,0.0720268)
(0.0111954,0.00991782)
(-0.0472767,-0.0341283)
(0.0160912,-0.0899658)
(0.0861423,-0.0231687)
(0.0401726,0.0489927)
(0.0265013,0.0566644)
(-0.0472938,0.0443448)
(-0.0583215,-0.0244341)
(-0.00476701,-0.0342571)
(0.046936,-0.0085388)
(0.0601464,-0.0402799)
(0.457132,-0.0957813)
(0.0150054,0.00281001)
(-0.0564663,-0.0483786)
(0.00550645,-0.022108)
(-0.0374339,-0.0272467)
(0.00452455,-0.0579335)
(0.0468001,-0.0339021)
(-0.0370194,0.0177371)
(0.0255111,-0.0476801)
(0.551467,-0.1315)
(0.0219469,-0.0994246)
(0.0505157,0.00478278)
(0.0564479,-0.0681553)
(0.525999,-0.126283)
(-0.0262915,-0.00497023)
(-0.0357186,-0.0121158)
(0.0396544,0.0148863)
(-0.0202344,-0.00869345)
(-0.0338504,-0.0138838)
(0.012775,-0.0217731)
(-0.0506155,-0.02087)
(0.305887,-0.076319)
(0.165661,-0.0760104)
(0.0176531,-0.00420094)
(-0.0152902,0.0378184)
(-0.0474688,-0.0621823)
(0.0449437,0.067132)
(-0.013804,-0.0811039)
(0.401032,-0.0461896)
(-0.0491891,-0.0155654)
(-0.00650955,0.00514737)
(0.00602382,-0.00259751)
(0.034021,-0.0002141)
(0.0709659,-0.0209757)
(0.0112022,0.00456996)
(0.492493,-0.105416)
(-0.0174703,-0.011191)
(0.502472,-0.0903173)
(-0.0613151,0.068415)
(-0.0512002,-0.00761947)
(-0.0130945,-0.0544973)
(0.0342499,0.0386706)
(0.480369,-0.200952)
(0.104077,-0.00247728)
(0.279987,-0.123439)
(0.0293348,-0.00967568)
(-0.0207685,0.00872664)
(-0.0599873,-0.00284535)
(0.206592,-0.041744)
(0.255686,-0.099482)
(-0.00470254,0.0172922)
(-0.0106063,0.00506095)
(0.306159,-0.129206)
(-0.0234535,0.0214153)
(-0.070275,-0.0276658)
(0.233933,-0.0964914)
(-0.0442316,0.0248351)
(-0.00492293,0.0205479)
(0.343899,-0.074554)
(-0.0721561,-0.0595665)
(0.151835,0.00158893)
(0.20815,-0.0579033)
(0.0167894,0.0623485)
(0.230235,0.0143398)
(0.0667947,-0.0617304)
(0.00665826,-0.0554475)
(-0.012608,0.0503824)
(-0.0667453,0.0382284)
(-0.0178416,0.00237096)
(0.0596129,-0.0562701)
(0.0284925,-0.039756)
(0.044349,0.0549135)
(-0.0326175,0.0677592)
(0.0584183,0.0512951)
(-0.03675,0.00921714)
(0.0812782,0.0645279)
(-0.0988099,0.0229223)
(-0.0281339,0.033404)
(-0.0250601,0.0242142)
(-0.0272523,-0.0342507)
(-0.0405681,-0.0083434)
(0.307312,-0.0803194)
(0.0156882,0.074319)
(0.0110447,0.0520489)
(0.1143,-0.0568335)
(-0.123234,0.0517663)
(-0.0735465,0.0387306)
(0.53966,-0.0835443)
(-0.0092975,0.0143906)
(0.556662,-0.130983)
(-0.022746,-0.023545)
(0.0137986,0.025922)
(0.177146,-0.100766)
(-0.0354651,-0.00212338)
(0.0231809,0.024609)
(0.455539,-0.114018)
(-0.0341986,-0.0210831)
(0.0650928,0.0441287)
(0.0101351,0.000976058)
(0.0128745,0.0842787)
(0.129827,0.0292549)
(0.0347978,-0.0609909)
(0.0966517,-0.0465602)
(0.0455502,-0.0282735)
(-0.115209,-0.045904)
(0.223143,-0.158919)
(0.0228801,0.0389194)
(0.29313,-0.15359)
(-0.0264536,-0.0649127)
(-0.0450341,-0.0189926)
(0.463289,-0.112584)
(-0.0664145,0.0956433)
(0.00388345,0.0510127)
(-0.0336627,-0.00711379)
(0.388732,-0.0800201)
(0.00779326,-0.020407)
(-0.0465014,-0.0498513)
(0.0633762,0.0280748)
(0.0053348,0.0367322)
(0.0400391,0.0396322)
(0.078263,0.00870324)
(-0.117418,0.0159436)
(0.0197928,-0.00259783)
(-0.0405483,0.0279184)
(0.067293,-0.0504697)
(-0.0708267,0.0292153)
(0.000218855,0.0448876)
(0.0773078,0.0292597)
(0.0682109,0.0406573)
(0.0356738,-0.0665826)
(-0.0422166,-0.0499052)
(0.0100281,-0.0885729)
(0.00929971,-0.00761675)
(0.00583393,-0.0395546)
(-0.0123481,0.0175251)
(0.0542025,0.0164569)
(0.0660651,0.0133473)
(0.0421277,0.0764603)
(0.0122732,0.0205137)
(0.00983649,0.0371915)
(-0.0193736,-0.075916)
(-0.0620009,-0.108948)
(-0.0772865,-0.104063)
(-0.0512921,-0.0530222)
(0.0104741,-0.00895438)
(0.0212376,-0.0259458)
(0.0140147,0.0079635)
(0.464511,-0.108604)
(-0.0634157,0.00265496)
(0.0314569,0.0148567)
(0.00295321,0.00583785)
(0.417858,-0.0655363)
(0.0389185,-0.000728943)
(0.022162,-0.024597)
(-0.0197646,-0.0296298)
(0.00704847,0.0014812)
(0.0180117,-0.0146885)
(-0.0154493,-0.0438242)
(0.0410312,-0.00705714)
(0.385405,-0.0812229)
(0.0304714,-0.0144985)
(-0.0982282,-0.0165774)
(0.624768,-0.146713)
(0.014446,-0.00283183)
(-0.0067165,0.00895079)
(0.0270888,-0.0457338)
(0.457493,-0.0758026)
(0.0472016,0.0269605)
(-0.0495893,-0.0423563)
(-0.0126376,-0.0516264)
(-0.119929,-0.00760594)
(-0.0028021,-0.0191495)
(-0.0798045,-0.0714484)
(-0.00493028,-0.0573434)
(-0.0137073,0.0340521)
(0.00365872,-0.0351647)
(0.000675828,-0.0575954)
(0.0074055,-0.0499463)
(0.42951,-0.0452902)
(0.0548566,0.00638572)
(-0.0492014,0.0431767)
(-0.0371324,-0.0211478)
(0.0042531,-0.00106002)
(0.00570434,-0.0634714)
(-0.0173335,0.0656746)
(-0.0183991,-0.0549726)
(-0.00831617,-0.00865415)
(0.0047835,-0.0771399)
(0.00523379,0.0415331)
(0.00936024,0.069611)
(0.425282,-0.0893555)
(0.000302557,0.00382447)
(0.0104455,0.00092607)
(-0.017194,0.0582565)
(0.0249427,-0.0249303)
(-0.0569486,0.0921531)
(-0.00541117,0.00490675)
(0.154659,-0.177083)
(0.204775,-0.106662)
(0.145224,-0.152934)
(0.0112674,0.0100938)
(-0.0118694,0.0266817)
(0.608409,-0.173269)
(0.34223,-0.129087)
(-0.0187549,0.0128084)
(0.402086,-0.0711025)
(0.46926,-0.0369649)
(0.19978,-0.111067)
(0.0507032,-0.0117404)
(0.0379609,-0.0206662)
(0.0446493,0.0410989)
(0.0943649,-0.00613909)
(0.00190156,0.0387266)
(0.0105986,0.050573)
(-0.0773933,0.00216985)
(0.0782515,0.0019108)
(-0.0900464,0.0159311)
(-0.0291927,-0.0358526)
(0.0489805,-0.0111557)
(0.468558,-0.130156)
(-0.0385816,0.0411674)
(0.00293791,-0.00324991)
(-0.0448862,0.0164975)
(0.54249,-0.0892909)
(-0.0405796,0.0813231)
(-0.0111847,0.00187575)
(0.529268,-0.158284)
(0.504547,-0.0752004)
(-0.0287271,0.0248474)
(0.341575,-0.0802563)
(-0.00270901,0.0486112)
(-0.0321856,0.0834186)
(0.475224,0.015538)
(0.266254,-0.0836804)
(0.399126,-0.105171)
(0.474239,-0.049312)
(0.0269586,-0.0142532)
(0.75743,-0.0286612)
(-0.0416585,0.00964725)
(-0.021346,0.0848727)
(0.0637999,-0.000706093)
(0.173584,-0.0624481)
(-0.0378556,0.0531693)
(0.0990215,-0.0680473)
(0.0136285,-0.00530804)
(0.0225177,-0.0030414)
(0.030628,-0.0134398)
(0.0186091,-0.000302856)
(0.0567621,-0.00238745)
(-0.0123937,0.0461796)
(0.0665455,0.0455145)
(0.106656,-0.0471564)
(-0.0834934,0.00558044)
(0.0217258,-0.054802)
(0.0302383,0.0532347)
(0.0219031,0.0450848)
(0.0179002,0.0165742)
(0.457886,-0.0684892)
(-0.0439442,0.106949)
(0.0272535,0.00403206)
(-0.00342391,-0.0176721)
(-0.00151878,0.0300011)
(0.0514217,0.00709795)
(0.0205857,0.0363304)
(-0.0418698,-0.0894758)
(-0.0312487,-0.0178289)
(0.551357,-0.081103)
(-0.0200853,0.0102501)
(0.333607,-0.0354211)
(-0.00240725,0.0155092)
(0.0466332,0.0316055)
(0.00373778,0.00533041)
(0.100633,-0.0348168)
(-0.0307292,-0.0361851)
(0.0239917,-0.0992956)
(0.0273629,-0.0388219)
(0.00996117,-0.0425479)
(0.0406522,0.0249928)
(0.0299228,-0.0347369)
(0.0674028,0.000102678)
(0.0394312,0.0327368)
(0.466965,-0.127562)
(0.294782,-0.0580599)
(-0.0215841,-0.0244881)
(0.0442936,-0.0384936)
(0.0283395,-0.0214638)
(0.0656157,-0.0476714)
(0.458133,-0.143908)
(0.0497787,0.0456298)
(0.086851,0.00723571)
(0.0889434,0.0408265)
(0.0765029,-0.0014842)
(0.316085,-0.155974)
(0.0679306,0.0224393)
(-0.0356829,0.000467529)
(-0.0207807,0.00197652)
(-0.013387,0.0185131)
(0.499008,-0.0659686)
(0.034537,-0.0267277)
(-0.0192441,-0.0036569)
(0.0475857,0.064351)
(0.0321235,0.013135)
(0.0378193,-0.00650712)
(0.480929,-0.083399)
(0.40793,-0.143958)
(0.654258,-0.0727914)
(0.0379545,-0.0608073)
(0.0491084,-0.011793)
(0.487158,-0.0618297)
(0.0387068,-0.0244188)
(0.0935516,-0.0713551)
(0.279179,-0.196603)
(-0.0595451,-0.0504372)
(-0.0605129,0.00562353)
(-0.0550765,-0.022225)
(-0.0588773,0.0425612)
(-0.0252025,0.02649)
(0.151976,-0.0622344)
(0.174064,-0.122222)
(0.282845,-0.144573)
(0.2771,-0.0512042)
(0.62743,-0.172572)
(-0.00534622,-0.036013)
(-0.0681035,0.012633)
(-0.02879,0.00579751)
(0.0994223,0.0894557)
(0.54833,-0.0730478)
(0.539016,-0.132765)
(0.0036247,-0.00281275)
(-0.0334687,-0.0493056)
(-0.00434676,-0.0383464)
(0.582683,-0.182834)
(0.00558883,0.0855019)
(0.0646346,0.0349674)
(-0.0501593,-0.00481101)
(0.60299,-0.0767866)
(0.057737,0.0446589)
(-0.0428246,0.0636085)
(0.554745,-0.116849)
(0.519925,-0.118289)
(-0.0175986,0.0467061)
(-0.014223,0.0201892)
(-0.0365114,-0.0424802)
(0.0015589,-0.0320964)
(0.0311681,-0.0421162)
(0.00110765,0.00346471)
(0.0263515,-0.0247692)
(0.47224,-0.150427)
(0.679899,-0.0263103)
(0.602975,-0.12429)
(0.538381,-0.0552094)
(0.445362,-0.101755)
(0.178391,-0.100098)
(0.284332,-0.0301925)
(0.190376,-0.0659597)
(0.184906,-0.0900868)
(-0.0250159,-0.0371561)
(0.0189337,-0.0577968)
(0.285681,-0.0532028)
(0.540706,-0.148159)
(0.534594,-0.120199)
(0.436399,-0.0588942)
(0.524658,-0.140646)
(0.00843807,0.0469272)
(0.530031,-0.0734995)
(-0.0445255,0.0847836)
(0.0164456,-0.0216084)
(-0.0198383,-0.0424863)
(-0.0144232,0.0679067)
(-0.0507637,-0.0227972)
(-0.00851183,-0.0714329)
(-0.0186408,0.0153349)
(0.0309259,-0.0230585)
(0.0318916,0.0688444)
(0.40199,-0.0974349)
(-0.0063166,-0.0482515)
(0.486229,-0.20648)
(0.45614,-0.0167924)
(0.457452,-0.160775)
(-0.0316073,-0.00278169)
(0.0695746,0.0741762)
(-0.0330368,0.0134183)
(0.551911,-0.0920287)
(-0.0321751,-0.0650439)
(0.0216623,-0.00478637)
(0.32664,-0.133891)
(0.253487,-0.137566)
(0.525446,-0.089809)
(0.377231,-0.0536161)
(0.587169,-0.233273)
(0.487917,0.0487086)
(-0.0125896,-0.0676025)
(-0.0154829,-0.0674438)
(0.0104774,0.022665)
(0.0323093,0.079248)
(0.0210357,0.0831242)
(-0.0122904,-0.0247912)
(0.0275701,0.00745607)
(0.297038,-0.116366)
(0.190614,-0.0366282)
(-0.0333439,-0.00358318)
(0.192538,-0.0322133)
(-0.00706834,-0.0273659)
(0.488578,-0.124795)
(0.538017,-0.0145135)
(-0.054484,0.0347625)
(0.0486578,0.0445012)
(0.0732577,0.0187588)
(0.0665691,-0.0467681)
(0.447851,-0.219119)
(0.0104395,-0.0640362)
(0.155945,-0.102431)
(-0.0513612,0.0835173)
(0.288096,-0.132904)
(0.00929255,0.0606667)
(0.340438,-0.0673722)
(0.00113024,0.0430248)
(0.028322,0.0355966)
(0.0211067,-0.00571265)
(0.0135178,0.0186961)
(0.487477,-0.0678962)
(-0.0125294,0.0264744)
(0.494501,-0.123596)
(0.465918,-0.0821471)
(-0.0261799,0.0170461)
(0.480822,-0.0402641)
(0.584561,-0.0164041)
(0.539063,0.019248)
(0.0201352,0.0108724)
(0.477502,-0.143166)
(-0.0626798,0.055332)
(-0.0540818,0.037208)
(-0.034528,0.0675231)
(-0.0358647,0.00708626)
(-0.0296418,0.0709229)
(-0.0362795,-0.00195278)
(-0.0576835,0.0267916)
(0.719602,-0.0159328)
(-0.0478767,0.0105706)
(0.112384,-0.0281414)
(0.410801,-0.125609)
(0.449558,-0.10525)
(-0.00038691,0.00848342)
(0.0546596,-0.0116758)
(-0.019909,-0.00654663)
(0.399938,-0.157386)
(-0.0435352,0.00427747)
(0.478771,-0.226746)
(0.373789,-0.112121)
(-0.061118,-0.0228714)
(-0.0133036,-0.0118718)
(0.528024,-0.0212732)
(-0.063776,-0.0217726)
(-0.0111882,-0.0278895)
(-0.0291236,0.0538035)
(0.452454,-0.115325)
(0.457539,-0.0968371)
(0.208512,-0.129537)
(0.447745,-0.1415)
(0.490163,-0.0644455)
(0.09144,-0.0139286)
(0.496628,-0.0973755)
(0.593207,-0.0277894)
(0.0347143,-0.103092)
(0.508929,-0.0314962)
(0.0602238,0.0715203)
(0.503889,-0.0743836)
(0.0892887,0.00260782)
(-0.000341501,0.0451782)
(-0.0207994,-0.0169724)
(0.0554826,0.0383275)
(0.00426648,0.0867573)
(0.0623611,0.0947067)
(0.0156707,0.0710927)
(0.0445155,0.0270384)
(0.131983,-0.0863351)
(0.0243165,0.00684386)
(-0.0189015,-0.0154257)
(0.0282033,0.038009)
(0.00850764,-0.0054548)
(0.00934828,0.0235564)
(0.0363782,0.00491638)
(0.0130774,0.0578205)
(0.125726,-0.0897823)
(-0.010701,0.00243339)
(0.0421885,-0.0205351)
(0.622155,-0.0785486)
(0.382447,-0.180489)
(-0.022368,0.0205361)
(0.0860204,0.144108)
(0.00508402,0.116822)
(0.13737,0.0268533)
(-0.0427272,-0.00866055)
(0.103582,-0.0119149)
(0.220161,-0.0968993)
(0.628518,-0.150288)
(0.569804,-0.12543)
(0.0184164,0.0662367)
(0.0646534,-0.0469422)
(0.542798,-0.138379)
(0.0250881,0.0465945)
(0.0465903,0.0236126)
(0.0828813,-0.0200875)
(0.502108,-0.0325121)
(0.0801467,-0.0650983)
(0.241757,-0.164379)
(0.00557582,-0.00617538)
(0.126027,-0.124772)
(0.187624,-0.0786357)
(0.277558,-0.0504042)
(0.339068,-0.0989198)
(0.0807625,0.041225)
(-0.0396271,0.0548207)
(0.382706,-0.128251)
(-0.0363014,0.0857094)
(0.0191278,-0.00612237)
(0.0310196,-0.0326692)
(0.476111,-0.158646)
(0.0122555,-0.0289042)
(0.4263,-0.104395)
(0.0371963,-0.012255)
(-0.00106382,0.0331525)
(-0.0138358,-0.0169432)
(-0.00655301,0.049895)
(-0.0247523,0.0187135)
(0.000148989,0.0289636)
(0.0244815,0.0251506)
(-0.0252966,0.0178023)
(-0.0354321,0.0810177)
(0.52709,-0.120517)
(-0.0124314,-0.0111251)
(0.0465727,0.0282888)
(0.509538,-0.0550499)
(0.0864608,0.0150485)
(-0.0128719,0.0329968)
(-0.00760167,0.00886487)
(-0.0040214,0.0231818)
(-0.0589523,0.0627106)
(0.122203,-0.0888702)
(-0.00535834,0.0709405)
(-0.0462407,-0.0416177)
(-0.0447628,-0.0765718)
(0.0400411,-0.0209376)
(-0.0463895,-0.0383068)
(0.484972,0.00353577)
(-0.0471356,0.0714155)
(0.634549,-0.120686)
(0.359733,-0.145896)
(0.495713,0.019076)
(-0.0413701,-0.00369921)
(0.385371,-0.0112603)
(0.396677,-0.142992)
(0.376256,-0.0523817)
(-0.0695711,0.0434661)
(0.0141427,0.0567992)
(-0.0706881,0.067793)
(-0.0148682,0.021117)
(0.568389,-0.177258)
(0.570878,-0.112196)
(-0.05295,0.00448457)
(-0.0321669,0.00423259)
(0.00375595,0.0112401)
(0.0551568,0.00189848)
(0.330275,-0.0717029)
(0.0517447,-0.00482138)
(0.04458,0.0305598)
(0.0230078,0.0318139)
(0.0802016,-0.000373086)
(0.378119,-0.0740981)
(-0.0634276,-0.0878451)
(0.454503,-0.0348789)
(0.0135545,0.00204647)
(0.0542671,0.0732743)
(0.0867531,0.0414158)
(0.649426,-0.16066)
(0.0123156,0.00259019)
(0.293747,-0.110874)
(0.54459,-0.133593)
(-0.04747,-0.00521748)
(0.00303609,0.030587)
(0.102115,-0.0976196)
(-0.0114037,0.0703564)
(-0.0780878,0.0297664)
(0.0328762,-0.127821)
(0.377109,-0.17102)
(0.259685,-0.195124)
(0.0588045,-0.0470152)
(0.0164781,-0.00270101)
(0.0126855,-0.0167729)
(-0.110701,0.0700442)
(0.0161567,0.00417989)
(0.00452655,-0.0364825)
(0.414579,-0.0881578)
(0.533389,-0.0943926)
(0.629812,-0.0694392)
(-0.0233665,-0.0405086)
(0.350753,-0.0695469)
(-0.0452252,0.0218665)
(0.0468915,0.0134732)
(0.0423765,0.00368445)
(-0.00292111,0.137107)
(-0.0159312,0.0300706)
(0.0599911,-0.0593278)
(0.264715,-0.0737505)
(0.574622,-0.108764)
(0.545588,-0.124976)
(0.10557,-0.0912362)
(0.532004,-0.155962)
(0.0287793,-0.14332)
(0.425465,-0.178323)
(0.467493,-0.0771163)
(-0.0149106,-0.0923027)
(0.471729,-0.120576)
(0.441966,-0.146151)
(0.538347,-0.143408)
(0.411119,-0.116106)
(0.52188,-0.0898228)
(0.117735,-0.0542809)
(0.265626,-0.129729)
(0.20984,-0.0397479)
(0.430422,-0.0711476)
(0.0253296,-0.0470519)
(0.518572,-0.0529221)
(0.356891,-0.149288)
(0.0126684,0.00212031)
(-0.0653634,0.0100843)
(-0.0825171,0.0755777)
(-0.0634991,-0.0642193)
(0.423134,-0.157876)
(-0.0267189,0.0138709)
(0.467524,-0.146307)
(-0.00818615,0.00907331)
(0.256575,-0.045161)
(-0.0136466,-0.0488417)
(-0.0268147,-0.0420283)
(0.439118,-0.114904)
(0.0399379,0.093729)
(0.0900921,-0.0677946)
(0.530155,-0.143802)
(0.036467,-0.0381363)
(-0.00736852,-0.0490244)
(-0.0476518,0.032866)
(-0.0616733,-0.0257107)
(-0.0359568,0.0290973)
(-0.00908809,0.00268339)
(0.562621,-0.14456)
(0.571954,-0.16098)
(0.441516,-0.102346)
(-0.0333064,-0.0850428)
(0.0119546,0.0575162)
(0.352939,-0.194623)
(-0.0111478,0.0311037)
(0.00685992,-0.00926653)
(0.0203882,-0.0440023)
(-0.0331579,-0.0428421)
(0.561418,-0.126269)
(0.442882,-0.0541666)
(0.502139,-0.105489)
(0.415365,-0.0478596)
(0.401514,-0.0825599)
(-0.0895949,-0.0330442)
(0.41398,-0.0402198)
(0.302752,-0.113065)
(-0.0600509,-0.102943)
(0.372351,-0.0816019)
(0.501958,-0.103466)
(0.0146556,-0.0652928)
(0.00113372,0.0779649)
(0.545739,-0.125945)
(0.014713,0.00843795)
(0.049391,-0.0242323)
(0.422743,-0.135049)
(0.0465578,-0.00219335)
(-0.0261301,-0.0442562)
(0.0452101,0.035824)
(0.0745672,-0.0310262)
(0.494196,-0.0600629)
(-0.0226627,0.0318883)
(-0.0722198,0.0916549)
(-0.00142067,0.0263702)
(0.393537,-0.0669511)
(-0.0285716,0.0471768)
(0.0109947,0.0254087)
(-0.0426277,0.066357)
(0.0854622,-0.0430962)
(-0.0376163,-0.0800429)
(0.0312427,0.0101879)
(0.111282,0.0287851)
(0.108583,0.0159988)
(0.013396,0.0622946)
(0.0706905,0.0672957)
(0.0967039,0.0680638)
(0.499783,-0.0874854)
(-0.0727712,0.0346575)
(0.533506,-0.00595158)
(-0.0184521,-0.00149251)
(-0.0381706,-0.0610384)
(0.184919,-0.105437)
(0.531896,-0.134331)
(0.325825,-0.105549)
(-0.074815,0.0532489)
(-0.013331,-0.0304146)
(0.0541501,-0.0208479)
(0.028327,-0.0395214)
(0.000692027,-0.000517587)
(-0.0249692,0.0199156)
(-0.045834,-0.0311019)
(0.01968,0.0235203)
(-0.0592068,-0.0206238)
(0.0121172,0.0558221)
(0.0189678,-0.0279172)
(0.396277,0.0594703)
(-0.000290709,0.0583318)
(0.0577281,0.00854492)
(0.0209364,0.0166142)
(0.0325027,0.0271695)
(0.188453,-0.0512176)
(0.123737,-0.0710681)
(-0.00985929,0.037022)
(0.111721,-0.106335)
(0.538075,-0.0589555)
(-0.0485235,-0.103401)
(0.450704,-0.0752241)
(-0.0106064,-0.15421)
(-0.0110293,0.0334038)
(0.104581,-0.0244657)
(0.0530996,-0.0727735)
(0.0883868,-0.0308859)
(-0.0521047,-0.00718978)
(0.0242486,-0.0110694)
(-0.0514856,-0.0419719)
(-0.034413,0.0546368)
(0.00365455,-0.00641853)
(0.339917,-0.147484)
(0.352072,-0.135381)
(0.0386628,0.00800249)
(0.168284,-0.0406346)
(0.194703,-0.0420453)
(0.590069,-0.101764)
(0.0194938,0.00904163)
(0.120267,-0.0283922)
(0.498741,-0.151088)
(0.141459,-0.00676523)
(0.110324,-0.0932768)
(-0.0369123,-0.0364948)
(-0.00808671,-0.0644511)
(0.0958077,-0.0466568)
(-0.040244,-0.0106659)
(0.433661,-0.0546322)
(0.379348,-0.127173)
(0.0166001,0.0011025)
(0.0484182,0.0102758)
(0.16843,-0.0916347)
(0.0522933,-0.0478365)
(0.129257,-0.053433)
(-0.00444416,0.0430905)
