1620
(-0.0218752,-0.134256)
(-0.0247276,0.0496239)
(0.0544284,0.064295)
(0.0187781,-0.149538)
(0.00423642,-0.0234415)
(-0.0385363,0.0483267)
(0.0365855,0.0767128)
(-0.0135684,-0.00529438)
(-0.00689844,0.0250026)
(0.000631654,0.0396077)
(-0.0495762,0.0274971)
(0.00304827,0.0138725)
(0.0313525,-0.0334438)
(-0.0203956,0.00342622)
(-0.022588,0.0557337)
(-0.0307623,0.0315022)
(-0.0185896,-0.0780034)
(0.00138918,0.0319816)
(0.0172675,0.0206235)
(-0.0236613,-0.00716313)
(-0.0211218,-0.0182038)
(0.00962815,0.0265762)
(-0.0655499,0.0175874)
(-0.0162069,-0.0602962)
(-0.000708934,0.0363502)
(0.0181494,0.0119544)
(-0.034462,-0.00231367)
(0.0803858,-0.0597571)
(-0.0194341,-0.00783985)
(0.0558072,-0.00515032)
(0.0281869,0.0787506)
(0.046899,-0.0261996)
(0.00439507,0.0466475)
(-0.107682,0.0351476)
(0.0622013,0.026247)
(0.0151208,0.0684964)
(0.070514,-0.0206577)
(-0.0071069,0.0389016)
(-0.038622,0.0074964)
(0.0363058,-0.000963234)
(0.0424915,-0.084118)
(0.0716732,0.0104821)
(0.0645797,0.0312486)
(0.129886,0.00860776)
(-0.0377646,0.0660246)
(0.133214,-0.0194345)
(0.0885569,-0.0183381)
(-0.0189163,-0.00331873)
(0.0494907,-0.0585547)
(-0.01319,-0.0244244)
(0.0465375,0.00470906)
(0.101889,-0.0209548)
(0.0163024,0.0155549)
(0.0218504,-0.0018222)
(0.0046268,0.0337049)
(-0.014743,0.0277142)
(0.0475179,0.0378276)
(0.0497003,0.0801065)
(-0.015414,-0.0489999)
(0.0598793,-0.042858)
(-0.0381832,-0.0229134)
(0.166636,-0.0627559)
(-0.0201788,-0.00416883)
(0.389087,-0.093519)
(-0.0268521,-0.00929955)
(-0.0205371,0.0266356)
(-0.0050464,-0.00739134)
(0.0260407,0.0103044)
(-0.00571453,0.147235)
(-0.0443563,-0.0662308)
(0.0132259,0.0463189)
(0.0062551,0.0423636)
(-0.0380131,0.0729116)
(-0.049488,0.0359564)
(0.0072965,-0.0174012)
(-0.0891406,0.0759189)
(0.0199963,-0.0287122)
(0.00369328,-0.0516033)
(-0.0187314,0.0047899)
(0.0864017,-0.03328)
(-0.0220233,-0.0599855)
(0.0167773,0.0135318)
(0.0277558,-0.0665255)
(0.0196505,-0.0145596)
(0.0335648,0.0228544)
(0.0293048,0.0323119)
(-0.0315857,-0.0567199)
(-0.0413105,0.020151)
(0.0840442,0.0222217)
(0.0399178,-0.0138247)
(-0.117909,-0.0141025)
(-0.0195887,0.0253542)
(0.4543,-0.0588434)
(0.00846038,0.101078)
(-0.0247066,0.0599174)
(0.578553,-0.00237904)
(-0.0537182,0.0575228)
(0.442717,-0.143952)
(-0.00537826,-0.0992317)
(-0.040301,-0.0877406)
(0.052019,0.0225512)
(-0.0729654,-0.00553244)
(0.0501344,-0.0696042)
(0.00434922,-0.0249)
(-0.0245574,-0.11422)
(0.450087,-0.109247)
(0.0376549,0.0770452)
(-0.0714468,-0.0115168)
(0.0124607,0.0183323)
(0.0409477,0.0750949)
(0.00509756,0.0277672)
(0.715051,-0.128174)
(0.366932,-0.0516414)
(-0.010325,-0.0135158)
(0.4948,-0.0455634)
(0.00935984,0.110956)
(-0.00862086,0.0775461)
(0.64168,-0.0742958)
(0.00486997,0.0197456)
(0.490989,-0.0707607)
(0.444697,-0.0665832)
(0.0236754,0.0323757)
(0.391005,-0.0712404)
(0.285237,-0.114656)
(0.283332,-0.0767188)
(-0.00741151,-0.0224897)
(0.0470788,-0.0396767)
(-0.00107892,0.0355288)
(0.353129,-0.129314)
(0.0874442,0.0782783)
(0.112198,0.102648)
(0.00891235,-0.00693773)
(-0.00611476,-0.0475809)
(0.00598139,0.0261112)
(0.00353662,0.0174641)
(0.0209378,0.0309078)
(-0.0565321,0.00476383)
(0.00509305,0.0297593)
(0.383789,-0.0922782)
(0.0417693,-0.0215472)
(0.0249009,0.0369899)
(-0.0146384,0.0601187)
(0.0191204,-0.0168307)
(0.0467933,-0.0768755)
(0.090769,-0.0881126)
(0.0255497,-0.10303)
(0.0158149,0.00312767)
(0.426985,-0.0817989)
(0.482292,-0.0973794)
(-0.0563697,0.00395753)
(0.481445,-0.15148)
(0.19214,-0.0669406)
(0.540104,-0.0246177)
(0.458369,-0.127337)
(0.477533,-0.0780348)
(-0.045455,0.0241892)
(0.0705909,0.0389797)
(0.416765,-0.164987)
(0.360355,-0.0214368)
(-0.0208821,0.0135827)
(-0.0292465,0.0465489)
(-0.00608233,0.0276772)
(0.0092611,0.0307546)
(-0.0372205,-0.0112989)
(-0.00675511,0.0177314)
(-0.0490248,-0.0390565)
(0.0134212,-0.046414)
(-0.018521,-0.0510406)
(0.0421774,0.0277615)
(-0.0120645,0.0867373)
(0.0397564,-0.0177337)
(0.0536171,-0.00380916)
(0.420012,-0.177437)
(0.378339,-0.129365)
(0.572235,-0.114187)
(0.496407,-0.0584984)
(0.0694209,-0.0911692)
(0.152984,-0.013692)
(-0.0950315,-0.0672084)
(-0.124129,0.0614734)
(-0.0505342,-0.0649031)
(0.0397566,0.0697654)
(0.0243023,0.0302015)
(0.0104627,0.0306724)
(0.0190793,0.0134937)
(-0.0056589,0.0477146)
(0.0433237,0.0324323)
(0.0725431,-0.106918)
(0.0154479,-0.0248576)
(0.408241,-0.15527)
(0.471539,-0.076511)
(0.371602,-0.0876033)
(0.574665,-0.124559)
(-0.0558608,-0.0458043)
(-0.0449742,-0.0504372)
(0.0536555,0.0654705)
(0.0574226,0.0380793)
(-0.0303777,0.0462701)
(-0.0603454,-0.04986)
(-0.00799829,0.01562)
(0.0326102,-0.120424)
(0.097642,-0.0863182)
(-0.0376852,-0.0494778)
(-0.0737185,-0.0230926)
(-0.0235308,-0.0226763)
(-0.064248,0.0268459)
(0.462487,-0.0834664)
(0.468568,-0.0200838)
(-0.0979813,0.025227)
(0.373871,-0.0937236)
(-0.0378092,-0.0151546)
(0.419352,-0.0810686)
(0.420015,-0.0882965)
(-0.098609,0.0255145)
(-0.0824321,0.0409729)
(0.0853346,0.0831464)
(0.08225,0.00991335)
(0.444413,-0.114211)
(0.56354,-0.147604)
(-0.0260918,-0.0422366)
(-0.00355633,-0.0038803)
(-0.0433092,0.0139812)
(0.0444293,0.0780833)
(0.701652,-0.177852)
(-0.0586232,-0.061894)
(-0.0813094,-0.0825492)
(0.410614,-0.166308)
(-0.0380257,0.0603864)
(-0.00882316,0.034482)
(-0.0723032,-0.0382607)
(-0.018603,0.0114172)
(0.484229,-0.123033)
(0.470947,-0.169988)
(0.529394,-0.0539827)
(0.469919,-0.0582364)
(-0.0514052,0.0353312)
(-0.00449798,-0.0414282)
(-0.0025368,-0.0169156)
(0.195065,-0.0679258)
(-0.000185921,0.0280569)
(0.0672398,-0.000136465)
(-0.0161654,-0.0387116)
(-0.00801377,0.0744724)
(-0.014395,0.0752808)
(-0.027604,-0.0553211)
(-0.0477836,0.0131556)
(0.0843893,0.00388502)
(-0.0087167,-0.0496466)
(0.0333892,0.00613059)
(-0.0483062,0.0382413)
(-0.0425685,-0.0415419)
(-0.0338609,0.0185315)
(-0.0547544,-0.0340378)
(-0.0501071,-0.0527537)
(-0.0388251,0.0243905)
(0.042793,-0.0470162)
(0.0659467,-0.012169)
(0.0125743,-0.0130719)
(0.0402605,0.0108045)
(-0.0214104,-0.0941873)
(0.064078,-0.106523)
(-0.0230189,0.0134762)
(0.00877911,0.00346686)
(-0.0369335,-0.027504)
(0.524395,-0.0606058)
(-0.0422728,-0.0682683)
(-0.0796386,-0.108765)
(-0.014615,-0.0219643)
(0.0166733,-0.0110986)
(0.0464544,0.0334985)
(-0.0146542,0.0171202)
(0.0172413,-0.011127)
(-0.0753925,-0.0235422)
(-0.0542343,0.054293)
(0.0130186,0.00683611)
(0.486481,0.00611887)
(-0.00587656,0.0660689)
(-0.0475079,-0.0182855)
(0.0551011,0.0727664)
(0.0202367,-0.0235319)
(0.0367208,0.0210804)
(0.0493808,0.0569147)
(0.0099016,-0.0390457)
(-0.0109005,-0.0575186)
(0.118992,0.0605108)
(0.0422653,0.0213461)
(0.0183084,0.00515209)
(-0.0637283,-0.000115481)
(0.0410672,0.0168784)
(0.114678,0.0332084)
(-0.0128268,0.0551364)
(0.00846222,-0.0396731)
(-0.0828299,0.0125608)
(-0.0381704,-0.0302023)
(-0.0303666,0.00653077)
(-0.0550292,0.0323023)
(0.0566925,-0.0435858)
(-0.00511884,0.0196593)
(-0.0580895,-0.0296318)
(-0.0620664,0.00425145)
(-0.0020701,0.0447478)
(-0.0976204,0.0137936)
(-0.0401946,-0.021793)
(-0.0414493,-0.00383626)
(-0.0458428,0.0012913)
(0.0154185,-0.0366814)
(0.0614154,0.0202114)
(0.376508,-0.141937)
(0.00461594,0.00697218)
(-0.00644913,0.0185799)
(-0.0332217,-0.0396279)
(-0.0665901,-0.0512731)
(-0.111758,-0.0809963)
(-0.0722062,-0.0332671)
(-0.0466586,-0.0516221)
(-0.0784226,-0.0213625)
(0.0323539,-0.08106)
(-0.0466483,-0.0886297)
(-0.0654954,-0.0279152)
(0.45176,-0.218328)
(-0.0105399,-0.022835)
(-0.0275935,0.025908)
(0.0152898,-0.019861)
(-0.00648852,-0.0315784)
(-0.0317002,-0.0232735)
(-0.00705698,0.0220733)
(0.0853909,-0.0653923)
(0.00117546,-0.00548145)
(-0.000413669,0.0535306)
(-0.02733,-0.0528898)
(0.0522177,-0.00583226)
(-0.0105491,-0.017001)
(-0.0453961,-0.0242685)
(0.0446629,-0.0420452)
(-0.00835099,-0.0794546)
(0.475825,0.0103832)
(0.0321619,-0.0284661)
(0.0652457,0.0631248)
(-0.0903213,-0.0782198)
(0.0478353,-0.0341554)
(0.0198138,-0.044742)
(-0.0556178,-0.0686079)
(0.0716369,0.0558627)
(-0.0179552,0.00308347)
(-0.0161877,-0.0118325)
(0.0454561,0.0524602)
(0.0358094,0.0420067)
(0.000233156,0.110022)
(-0.0111675,-0.000153232)
(0.147155,-0.0266111)
(0.376648,-0.104357)
(0.439768,-0.113995)
(0.0979874,-0.0481622)
(-0.00153746,0.018428)
(0.417788,-0.110412)
(-0.0943555,0.0974007)
(0.0643976,-0.0303048)
(-0.0244545,0.00130586)
(-0.0546889,-0.00129339)
(-0.00480502,0.00104782)
(0.258075,-0.103618)
(0.133482,-0.0646427)
(0.0198781,0.0364561)
(-0.0301951,0.0117164)
(-0.0339113,0.0127598)
(0.0295966,0.023455)
(0.470068,-0.189972)
(-0.0439957,-0.0624329)
(-0.0418364,0.0160944)
(-0.00175732,0.0320824)
(-0.0183582,0.0625121)
(-0.00332378,-0.0510453)
(-0.0182366,-0.0299319)
(-0.0258074,0.070272)
(0.471161,-0.125322)
(0.410935,-0.0830903)
(0.0240146,-0.03918)
(0.0136637,-0.0892028)
(0.0311669,0.0439375)
(0.0695636,0.0388791)
(-0.0167888,0.033135)
(0.147612,-0.0317299)
(0.365047,-0.0968673)
(-0.0464279,-0.0188542)
(0.0381731,-0.0582019)
(-0.0198741,0.00756382)
(0.0476961,0.0148176)
(0.0384544,0.110488)
(0.0187313,0.0337272)
(0.027747,-0.0407548)
(0.00248474,-0.0922701)
(0.0510561,0.0247798)
(0.0102701,-0.00932514)
(-0.0366361,-0.0555192)
(0.0400772,0.098348)
(0.0723028,0.0553456)
(-0.0785693,-0.0248511)
(-0.0145796,-0.0825566)
(0.0363666,0.0577365)
(0.0568844,0.00596301)
(0.0429236,0.00553073)
(-0.0741363,0.0323689)
(-0.00600959,0.051184)
(0.554778,-0.133197)
(-0.0468666,0.00924011)
(0.00418046,0.0219547)
(-0.0878848,-0.095991)
(-0.106486,-0.0889665)
(-0.00320752,0.00972613)
(0.0222083,-0.0151575)
(-0.0512636,-0.0383874)
(0.0304931,-0.0227828)
(0.00772333,0.0963512)
(0.0370699,-0.0217642)
(0.443631,-0.121234)
(0.0209105,0.100296)
(0.0137132,0.0286313)
(-0.035507,0.0113451)
(0.0240229,0.0126915)
(0.0248211,0.019893)
(-0.0222927,-0.0427851)
(0.0299987,-0.0205583)
(0.0679069,-0.0423621)
(-0.0296853,-0.117026)
(-0.0134823,0.0189197)
(-0.0373633,0.0218915)
(0.415291,-0.097604)
(-0.0525209,-0.0280776)
(-0.00309979,0.0221361)
(0.0126757,0.0538879)
(-0.051269,-0.0695577)
(-0.0577511,-0.0265841)
(0.0468758,0.0113452)
(0.053646,0.0548085)
(0.0763137,0.0350383)
(0.0659615,0.0323993)
(-0.0225231,-0.0690673)
(0.0480193,0.0142856)
(-0.0718791,-0.0558973)
(-0.0152441,-0.0690141)
(0.00308134,0.00383839)
(-0.0264311,-0.0337693)
(0.100017,-0.0124098)
(-0.0107228,0.0161603)
(-0.017874,-0.0294553)
(-0.00125404,-0.0530337)
(-0.0505854,-0.0540507)
(0.0725644,-0.0364367)
(0.0273747,0.00740603)
(0.193043,-0.12533)
(0.0486215,0.0412798)
(-0.0369847,0.0885656)
(0.0175576,0.0846725)
(0.0199197,0.0141048)
(-0.0906864,0.0817146)
(0.0180856,-0.014439)
(0.0117074,0.0465659)
(-0.0476691,-0.0230803)
(0.0194593,0.037162)
(0.00116286,-0.0338631)
(0.0108626,0.0362524)
(-0.0476728,-0.0365718)
(0.0241304,-0.00153703)
(0.0469111,0.0326137)
(-0.050072,-0.00173356)
(-0.0560304,-0.0173178)
(-0.0719006,-0.0440019)
(0.0345914,-0.0109336)
(0.428113,-0.111545)
(-0.113359,0.00748017)
(0.561993,-0.10354)
(0.0252473,0.0504157)
(-0.069212,0.0702459)
(-0.0251333,0.0801797)
(-0.00434196,0.00481839)
(0.0720835,0.0635416)
(0.0428797,-0.0401286)
(0.00581735,-0.00829241)
(0.00406412,-0.0215824)
(-0.0338932,0.0599293)
(-0.00668811,-0.0211007)
(0.453559,-0.117652)
(-0.015787,-0.0322406)
(-0.0306449,-0.0185601)
(0.0940289,0.0355972)
(0.0797308,-0.0234278)
(-0.0373979,-0.0432756)
(0.438033,-0.0575034)
(0.0329471,-0.0325646)
(0.00656331,-0.050748)
(0.698435,-0.082921)
(0.0393033,-0.0595521)
(-0.0579483,0.0304184)
(-0.033189,0.0318708)
(0.0504814,-0.020332)
(0.391717,-0.0571522)
(0.517648,-0.176008)
(0.529429,-0.0627964)
(0.462824,-0.0905137)
(-0.0474896,0.0141944)
(-0.072636,0.0216017)
(-0.00263236,-0.00790358)
(0.00800478,-0.0683704)
(-0.0240817,0.0365424)
(-0.0685297,-0.00679672)
(-0.0802417,-0.0306211)
(0.0859993,0.0311843)
(-0.0121391,0.0261064)
(-0.0351991,0.0885263)
(0.00863289,-0.024931)
(0.0422551,0.0148973)
(0.0547547,0.025656)
(0.0527699,0.0341791)
(0.0765468,0.0497318)
(0.0471906,0.011303)
(0.104572,-0.0414965)
(-0.00717952,0.00392191)
(-0.0386851,0.111947)
(-0.00378549,0.0703162)
(-0.0150868,0.0118883)
(-0.0374335,0.0899837)
(-0.0537634,0.00680598)
(0.00110219,0.0255788)
(0.0216717,0.0507532)
(0.0306023,-0.0199368)
(0.0187678,0.0251777)
(-0.00727256,-0.0366758)
(-0.0582662,-0.0395663)
(0.0618367,0.0699172)
(0.0506464,0.0176207)
(0.0167333,0.0785837)
(0.0511068,-0.00845378)
(0.422951,0.00815867)
(0.0392552,0.0003376)
(0.543679,-0.116403)
(-0.0334087,0.0616874)
(0.0285638,0.00762635)
(-0.0428983,0.00226214)
(-0.116949,0.0493778)
(-0.00593065,0.0723037)
(-0.0468241,-0.0329942)
(0.0213301,0.0593199)
(0.0459095,-0.00654249)
(0.0372209,-0.00602773)
(-0.00162527,-0.0127211)
(0.00272325,-0.0707533)
(-0.0316397,0.101498)
(0.0215562,-0.0521339)
(0.0341229,0.0705933)
(-0.053706,-0.0155663)
(-0.0349322,-0.0236463)
(0.0536259,-0.0392101)
(0.0111319,-0.0904115)
(-0.00243769,0.0740626)
(0.0533329,0.0280143)
(0.0629476,-0.0215926)
(0.185216,-0.0845526)
(0.0717241,0.0586809)
(-0.0265464,-0.0442193)
(0.00821724,-0.0370549)
(0.0791315,-0.00317574)
(0.411765,-0.111013)
(0.00997207,0.0606622)
(-0.028822,0.0869263)
(0.0536745,-0.0629384)
(-0.0575614,0.0809544)
(0.046428,0.0520294)
(0.121776,-0.0318827)
(0.251804,-0.115775)
(0.355834,-0.200508)
(-0.0291515,0.0574264)
(-0.0102799,0.0444535)
(-0.0929953,0.0181697)
(0.193786,-0.130937)
(0.544685,-0.0680621)
(0.0639144,0.0129116)
(-0.0649119,-0.0576743)
(-0.022265,0.0327318)
(-0.0882973,-0.0242739)
(-0.0321891,0.0517503)
(-0.0377454,0.0216371)
(-0.0230265,0.0353298)
(-0.0125029,0.0069493)
(0.0240782,-0.00346811)
(0.0608246,0.0194551)
(0.502811,-0.103989)
(0.0421384,-0.00241121)
(-0.0283938,-0.025757)
(0.0475811,0.0239481)
(0.0187179,-0.0439522)
(-0.0213823,-0.057247)
(0.0481852,-0.00369551)
(0.0123109,-0.0171594)
(0.259141,-0.151295)
(0.0074983,0.0989975)
(-0.0214267,0.00591919)
(0.0186149,0.104215)
(0.0263107,-0.0275191)
(-0.0379193,0.0294295)
(-0.0641264,-0.00443056)
(-0.0189045,0.0536135)
(0.269773,-0.0901109)
(0.68112,-0.00894585)
(-0.0815329,0.0578799)
(-0.0868452,-0.00364643)
(0.018172,0.0259987)
(-0.106562,0.0601269)
(-0.132304,-0.0385233)
(-0.141778,-0.022011)
(0.0157974,0.0655618)
(-0.0192352,-0.0203215)
(0.0220414,0.00597197)
(0.0532408,-0.016303)
(0.00170794,-0.00974765)
(0.0330084,0.000481462)
(-0.0896994,-0.0278067)
(-0.0366338,0.0455811)
(-0.00547105,0.0675442)
(-0.0418357,0.0214633)
(-0.0312847,0.0487355)
(0.0350181,-0.00403317)
(0.103914,-0.0525345)
(0.0638032,0.0591047)
(0.098423,0.0553881)
(-0.0718944,-0.0393103)
(-0.0590819,0.00286251)
(-0.043147,0.0181546)
(-0.0435129,0.0276365)
(-0.00272798,0.0199349)
(0.0137779,0.00137669)
(0.0174186,0.0103673)
(0.058251,-0.035674)
(-0.0270686,-0.0542261)
(0.0119672,-0.038296)
(0.0274118,0.0128688)
(-0.0287065,0.0745192)
(0.0259376,0.0800539)
(-0.0267612,0.0335991)
(0.0481491,-0.00576934)
(0.622322,-0.104911)
(0.0685065,0.0631454)
(-0.0372029,-0.0510781)
(0.0145689,-0.0302563)
(0.0515597,0.0979107)
(0.0374889,-0.0411352)
(0.0219463,-0.0388405)
(0.0500173,0.00959213)
(0.0549409,-0.058368)
(0.00132799,-0.0809214)
(0.035535,-0.0301071)
(-0.0216807,-0.0368787)
(0.0776973,-0.00562669)
(0.0835375,0.0379417)
(-0.0066793,-0.0119341)
(0.0460068,-0.0391454)
(0.0440631,-0.0365164)
(0.00490651,-0.0412862)
(-0.0114808,-0.0283378)
(-0.0138403,-0.0235273)
(-0.0481258,0.0424408)
(-0.000151699,0.0024359)
(-0.00733374,0.0141621)
(-0.0564297,-0.00514337)
(-0.0223569,-0.0159697)
(-0.0131871,0.0182597)
(-0.0360104,-0.118351)
(0.0328244,-0.0977855)
(0.0145322,-0.0584681)
(0.0103708,-0.0423981)
(-0.0132005,-0.0275875)
(0.0592718,-0.0455599)
(-0.0548218,0.00526225)
(0.0318434,-0.0753905)
(0.06996,-0.0379849)
(0.070069,-0.0864335)
(0.020473,-0.102875)
(-0.0384519,-0.14723)
(-0.0445514,-0.00622088)
(0.0666949,-0.0462895)
(0.0921479,-0.0200231)
(-0.0340103,0.0688045)
(-0.0628578,0.0317332)
(-0.0245094,0.0460763)
(-0.0111591,-0.0522462)
(0.00652172,0.0100862)
(-0.026853,0.0801304)
(-0.0392011,0.109956)
(0.00307342,0.0290374)
(-0.0895593,-0.0321798)
(0.0163586,-0.020544)
(0.0417683,0.0257171)
(-0.0155104,-0.0968038)
(0.0183849,-0.0211754)
(0.473719,-0.0679944)
(0.0338958,-0.0583338)
(0.0598934,-0.00212074)
(0.00820974,0.0445318)
(0.0052218,-0.0304994)
(0.0295186,0.047681)
(0.0121503,0.0548237)
(0.0422256,0.0620086)
(0.0336231,0.0244541)
(0.0619392,-0.0276568)
(0.0172098,0.00505403)
(0.0324191,-0.00332269)
(0.0413219,-0.0114308)
(0.0269663,0.0422576)
(-0.0471118,0.0992276)
(-0.0247026,0.0105735)
(0.0601076,0.0614995)
(0.063466,0.015363)
(-0.0138866,0.0320862)
(0.0283449,0.0325819)
(-0.0196713,-0.0087734)
(0.0138367,-0.0775317)
(-0.00399151,-0.049952)
(-0.0105716,-0.1385)
(0.0951605,0.00151583)
(0.562081,-0.112523)
(0.460526,-0.0847535)
(-0.00988599,0.125112)
(0.444016,-0.0605957)
(0.0651386,-0.0680015)
(0.432953,-0.0571014)
(0.282073,-0.138866)
(-0.00114122,0.0413305)
(0.505969,-0.12932)
(0.556064,-0.107228)
(0.536757,-0.0969581)
(-0.0143327,0.0496875)
(-0.051161,0.0446041)
(-0.045215,0.00557665)
(-0.0528452,0.0199314)
(0.0266151,0.0571565)
(-0.022611,0.01477)
(-0.0315664,0.0384016)
(-0.0540613,0.0223553)
(-0.0453811,0.00846971)
(0.016884,-0.064993)
(0.0401106,0.00492411)
(0.0462572,-0.0426556)
(-0.0456298,0.0390736)
(-0.0355768,-0.00979837)
(0.034015,0.0447058)
(-0.0247442,-0.0841391)
(-0.0452685,0.0709657)
(-0.0365918,0.031034)
(0.0198405,0.0207117)
(0.00862941,-0.0254122)
(-0.0369685,-0.0908845)
(-0.00241766,0.0219395)
(-0.0368745,-0.0415722)
(0.0187974,-0.0164001)
(-0.000793484,0.0270935)
(0.0278294,-0.0115635)
(0.0316257,0.0890866)
(-0.0338105,-0.00630378)
(0.0123324,0.041977)
(-0.00790834,-0.00165642)
(0.0201575,0.0373594)
(-0.00552521,-0.0379762)
(-0.0155974,-0.0307496)
(-0.0411984,-0.0373162)
(-0.0336857,-0.0156766)
(-0.0323618,-0.0646484)
(0.00823807,0.0289276)
(0.556362,-0.256838)
(0.0425832,-0.0317883)
(0.00685283,0.00488976)
(0.00214744,0.00128821)
(0.015519,-0.00249245)
(0.0159021,0.0628084)
(-0.0191843,0.0503352)
(0.442508,-0.133914)
(0.635361,-0.187941)
(0.453606,-0.104801)
(-0.022594,-0.00373664)
(0.406138,-0.073692)
(-0.00276635,0.0273897)
(0.090425,-0.0322768)
(0.00809611,0.0481815)
(0.0119203,0.0124668)
(0.184181,-0.0855186)
(-0.00138565,0.021878)
(-0.00998052,0.0504267)
(-0.0294031,0.0269298)
(0.1089,-0.0592949)
(0.0295286,0.00119421)
(-0.122758,-0.031749)
(0.445107,-0.0729164)
(0.00590793,0.00051692)
(-0.0507942,0.0139969)
(-0.0223386,0.0168807)
(0.0188702,0.0380241)
(0.00943198,-0.0101887)
(-0.000191856,0.0586278)
(0.0638889,-0.0577215)
(0.00358075,0.0456369)
(0.066886,0.0247622)
(0.19682,-0.0473951)
(0.0707322,0.0221744)
(0.0180695,0.0123311)
(-0.0736725,0.0598292)
(-0.0962915,0.0169847)
(0.00361892,0.0774068)
(0.0125127,-0.00754343)
(0.00744704,-0.0550746)
(-0.0426145,0.0315352)
(-0.0110201,-0.0157065)
(0.00623384,-0.0074816)
(0.015673,0.00763093)
(-0.0128106,0.0442613)
(0.0610346,0.045673)
(0.0338068,0.0498102)
(0.0256023,0.0339537)
(0.0219277,-0.012449)
(0.0517361,0.0159284)
(0.0177663,-0.114143)
(0.0291763,0.0332869)
(-0.0595206,-0.0229871)
(0.0236025,0.116699)
(-0.00457276,0.0352633)
(0.0352466,-0.126324)
(0.0845411,0.0751841)
(0.0128775,0.0463707)
(0.0633592,-0.0822757)
(-0.000548469,0.0564964)
(-0.0461641,-0.00908732)
(-0.0220622,-0.0437059)
(-0.0145619,0.0605817)
(-0.0609199,-0.0314536)
(-0.0480181,-0.0146871)
(0.057351,0.061098)
(-0.0309848,-0.0188597)
(-0.10792,0.0779796)
(-0.00344452,0.00922069)
(0.00267641,0.0289724)
(-0.0309191,0.00868627)
(0.047366,-0.00247183)
(0.00566895,0.036531)
(0.139857,-0.0821802)
(0.0887012,-0.00129834)
(-0.0243852,-0.0624991)
(-0.0420693,0.05569)
(-0.0522616,-0.0969047)
(-0.0174441,0.0996407)
(-0.0320972,0.021901)
(0.0589637,0.0800851)
(0.0581388,0.0922853)
(0.0126713,-0.027219)
(0.0165588,0.0433586)
(-0.0518581,0.00835921)
(-0.0244008,0.0760663)
(0.0184606,0.0109613)
(-0.0616821,-0.0418076)
(0.0196058,-0.104852)
(0.082902,-0.0178278)
(0.0434349,0.0584997)
(0.0209655,0.0570225)
(-0.0467839,0.0395176)
(-0.0566041,-0.0197648)
(-0.0172907,-0.0315564)
(0.0580503,-0.0120707)
(0.055822,-0.0354099)
(0.454264,-0.0953444)
(0.0283177,-0.00369106)
(-0.0568788,-0.0492565)
(0.0158914,-0.0188231)
(-0.0316699,-0.0353409)
(0.00634775,-0.0604162)
(0.049932,-0.0346177)
(-0.0280128,0.0158539)
(0.0243375,-0.0460688)
(0.551423,-0.130724)
(0.0369493,-0.1026)
(0.0555769,0.00701667)
(0.0650911,-0.0603126)
(0.521657,-0.124615)
(-0.0229891,0.00450661)
(-0.0423998,-0.0015581)
(0.0425155,0.0141492)
(-0.014368,-0.00669758)
(-0.0415844,-0.0122328)
(0.0148669,-0.0235339)
(-0.0517658,-0.0214785)
(0.315164,-0.0826328)
(0.168759,-0.0874538)
(0.0180185,-0.00753272)
(-0.0127982,0.0374066)
(-0.0459761,-0.064762)
(0.0390736,0.0781195)
(-0.00958785,-0.0830269)
(0.39884,-0.0498092)
(-0.0433525,-0.0184535)
(-0.0083188,0.0130015)
(0.00603485,-0.000856216)
(0.0283321,0.00406179)
(0.0715019,-0.0142303)
(0.0165012,0.0107118)
(0.492012,-0.108816)
(-0.0267546,-0.00129153)
(0.493204,-0.08825)
(-0.0854562,0.0603296)
(-0.0605378,-0.0294863)
(-0.00685036,-0.0573665)
(0.0326645,0.0322252)
(0.480917,-0.195886)
(0.104114,0.0129194)
(0.288759,-0.109692)
(0.0294935,-0.0198213)
(-0.0307144,0.00354854)
(-0.0601347,-0.00929959)
(0.208604,-0.0310416)
(0.273693,-0.105603)
(0.00125851,0.00951038)
(-0.0102389,0.0125143)
(0.306672,-0.128952)
(-0.0253535,0.0148471)
(-0.0773263,-0.0307705)
(0.240802,-0.0983129)
(-0.04684,0.018844)
(-0.0130673,0.0233481)
(0.351611,-0.0832197)
(-0.0721862,-0.0798483)
(0.150556,0.000950523)
(0.210015,-0.0564538)
(0.023318,0.0569079)
(0.221837,0.0155187)
(0.0763597,-0.0563162)
(0.0115521,-0.0506672)
(-0.0248902,0.0509884)
(-0.0821853,0.0321436)
(-0.0130895,-0.00307068)
(0.067759,-0.06405)
(0.0317523,-0.0334462)
(0.0427537,0.0645846)
(-0.0512877,0.0664904)
(0.0629182,0.0616647)
(-0.0369598,0.015179)
(0.0866971,0.0819224)
(-0.0963877,0.0165626)
(-0.0238147,0.038848)
(-0.0251429,0.0260383)
(-0.0253186,-0.03436)
(-0.0320881,-0.0172268)
(0.308201,-0.0817376)
(0.0104636,0.0831896)
(0.00178407,0.045896)
(0.112358,-0.0667755)
(-0.142038,0.0504136)
(-0.0739105,0.0274206)
(0.540808,-0.0793014)
(-0.00689019,0.012425)
(0.558084,-0.126366)
(-0.0393119,-0.0235579)
(0.0136013,0.0104591)
(0.195818,-0.101226)
(-0.0447456,-0.000614947)
(0.0187423,0.014934)
(0.451562,-0.128151)
(-0.0383955,-0.024935)
(0.0564931,0.0466308)
(0.0056767,0.00301506)
(0.00177699,0.100572)
(0.147741,0.0496686)
(0.031509,-0.0644808)
(0.12415,-0.0358357)
(0.0467269,-0.0426394)
(-0.119933,-0.049338)
(0.242377,-0.15504)
(0.0219868,0.0362938)
(0.302953,-0.141236)
(-0.0168782,-0.0705768)
(-0.0395063,-0.0217245)
(0.471371,-0.119581)
(-0.0758723,0.108883)
(0.000814758,0.0530538)
(-0.0269794,-0.0144399)
(0.37834,-0.0827135)
(0.0105793,-0.0188941)
(-0.0444028,-0.052296)
(0.0599033,0.0365796)
(0.00503501,0.0323184)
(0.0371887,0.0347423)
(0.0909959,0.0178044)
(-0.127138,0.0148848)
(0.0285443,-0.00437683)
(-0.0420717,0.0274587)
(0.0894478,-0.0441603)
(-0.0789483,0.0358191)
(0.00411864,0.0486232)
(0.0783798,0.0261779)
(0.0686169,0.0433033)
(0.0584713,-0.0759179)
(-0.0429136,-0.0748114)
(0.0221049,-0.0931195)
(0.0239976,-0.0164315)
(0.010011,-0.0450639)
(-0.0117769,0.0139342)
(0.0481247,0.0175671)
(0.0583047,0.0167931)
(0.0318953,0.07808)
(0.00934334,0.0133986)
(0.0215841,0.0270391)
(-0.0178588,-0.0806402)
(-0.0621079,-0.117279)
(-0.0763582,-0.121515)
(-0.0430521,-0.063871)
(0.0148142,-0.0130755)
(0.0205613,-0.0179343)
(0.0190516,-0.00471929)
(0.453165,-0.114065)
(-0.0696474,0.00263236)
(0.0277957,0.00882382)
(-4.21505e-05,0.00152073)
(0.410368,-0.0745737)
(0.0297608,-0.00799541)
(0.023089,-0.0310681)
(-0.0108489,-0.023203)
(0.0118495,-0.000548872)
(0.013734,-0.0178164)
(-0.0126353,-0.0439268)
(0.0511832,-0.00933753)
(0.386004,-0.0888518)
(0.0299901,-0.0267557)
(-0.112886,-0.0399801)
(0.616952,-0.139836)
(0.0148802,0.00981756)
(-0.00190223,0.015268)
(0.031442,-0.0593701)
(0.446984,-0.0823422)
(0.057545,0.0319553)
(-0.061843,-0.0604938)
(-0.00886607,-0.0646461)
(-0.120873,-0.0129614)
(-0.00050423,-0.0206435)
(-0.0813958,-0.084304)
(-0.00759791,-0.0515383)
(-0.0159383,0.0387345)
(0.00510039,-0.038421)
(0.00327268,-0.0623611)
(0.00812265,-0.049188)
(0.439271,-0.0495904)
(0.0553394,0.0109843)
(-0.0423562,0.0466722)
(-0.0391193,-0.0163713)
(0.00448911,0.00138008)
(0.0047915,-0.0636256)
(-0.0256938,0.0613616)
(-0.0209021,-0.0631342)
(-0.00554366,0.00178441)
(0.00579917,-0.0780858)
(0.00302067,0.0389611)
(0.0157997,0.0736284)
(0.414878,-0.0986958)
(-0.0119951,0.0150112)
(0.000545688,0.00486968)
(-0.00986691,0.0791005)
(0.0203712,-0.03133)
(-0.0622738,0.107888)
(-0.0152845,0.00488327)
(0.14656,-0.16724)
(0.206329,-0.105883)
(0.149643,-0.150928)
(0.0134515,0.00749868)
(-0.0118378,0.0236556)
(0.606648,-0.165385)
(0.345794,-0.131797)
(-0.0132096,0.0213948)
(0.406335,-0.0808725)
(0.480514,-0.0474611)
(0.199088,-0.10691)
(0.0533293,-0.0146624)
(0.0425089,-0.0193986)
(0.0324635,0.0467857)
(0.0833313,-0.00420923)
(-0.00944815,0.0374562)
(0.00887629,0.0590415)
(-0.092693,-0.00237904)
(0.078449,0.003158)
(-0.0932454,0.022993)
(-0.0225105,-0.0483138)
(0.0480628,-0.0230633)
(0.479206,-0.135655)
(-0.0455806,0.0426807)
(0.00603941,-0.0172911)
(-0.0493002,0.0163066)
(0.541269,-0.0921918)
(-0.041007,0.0851345)
(-0.00847516,0.00613986)
(0.544302,-0.168774)
(0.513715,-0.0817056)
(-0.0272137,0.0262287)
(0.346318,-0.0763928)
(-0.000386062,0.0619138)
(-0.0404964,0.0968653)
(0.469268,0.019912)
(0.26472,-0.0831858)
(0.398085,-0.104319)
(0.478557,-0.0473487)
(0.0388792,-0.00565848)
(0.753573,-0.0291053)
(-0.0425442,0.0128501)
(-0.0204991,0.0831857)
(0.0610457,0.00305232)
(0.162193,-0.048813)
(-0.0430945,0.0576944)
(0.0971482,-0.0641142)
(0.0149734,-0.005025)
(0.0265099,0.000758421)
(0.0318317,-0.0104037)
(0.0171702,0.00570359)
(0.0604287,-0.0056298)
(-0.0163438,0.0409873)
(0.0708238,0.0480036)
(0.107761,-0.0473792)
(-0.0895834,0.00280113)
(0.0286101,-0.0614058)
(0.0358769,0.0403341)
(0.0319218,0.041558)
(0.012575,0.0122985)
(0.463917,-0.0768481)
(-0.0552584,0.115453)
(0.0207049,0.00806152)
(-0.00398715,-0.0166921)
(0.00679799,0.0307266)
(0.0494868,0.0105842)
(0.0136907,0.0323601)
(-0.0357809,-0.0975834)
(-0.0314371,-0.0275379)
(0.551558,-0.095261)
(-0.0259014,0.0112618)
(0.333344,-0.0400218)
(-0.000510668,0.0188445)
(0.0464077,0.0380913)
(0.00869976,0.0117151)
(0.115467,-0.0296306)
(-0.0210909,-0.0410218)
(0.0354758,-0.10287)
(0.0384247,-0.0316435)
(0.0248648,-0.0441903)
(0.0422121,0.027015)
(0.0269054,-0.0314516)
(0.0616532,0.00902659)
(0.0315399,0.0429757)
(0.481731,-0.133901)
(0.273094,-0.0553005)
(-0.0121705,-0.0328692)
(0.0378203,-0.038897)
(0.0367031,-0.0273784)
(0.0587775,-0.0473594)
(0.455136,-0.160502)
(0.0510659,0.050662)
(0.0905709,0.0283763)
(0.080521,0.0625828)
(0.0739841,0.0165137)
(0.32664,-0.168904)
(0.075431,0.0274006)
(-0.03942,-0.000118314)
(-0.0241958,0.00032166)
(-0.0154996,0.0181338)
(0.503926,-0.0750385)
(0.0347015,-0.023561)
(-0.0185508,-0.0067593)
(0.0477284,0.0791375)
(0.0272648,0.0147431)
(0.0438844,-0.00220726)
(0.473466,-0.0967317)
(0.396275,-0.133636)
(0.658967,-0.085264)
(0.0332208,-0.0607898)
(0.049264,-0.0182356)
(0.484723,-0.0580247)
(0.045372,-0.0364053)
(0.0899788,-0.0867283)
(0.276564,-0.213755)
(-0.0617305,-0.0604383)
(-0.0579047,-0.00454846)
(-0.0504796,-0.0330153)
(-0.0698245,0.040003)
(-0.0172602,0.0206711)
(0.141685,-0.054552)
(0.160573,-0.115178)
(0.277402,-0.141326)
(0.270501,-0.0442084)
(0.623125,-0.169874)
(-0.00193155,-0.0339262)
(-0.0823534,0.0139576)
(-0.0310484,0.00364978)
(0.0924015,0.0959551)
(0.54655,-0.0733442)
(0.540215,-0.140614)
(0.0109488,-0.0125987)
(-0.0365556,-0.0549613)
(0.00569186,-0.0461329)
(0.570914,-0.179605)
(-0.0141258,0.0873196)
(0.0683396,0.0359738)
(-0.0567648,-0.0055122)
(0.597549,-0.0820377)
(0.0651964,0.0482693)
(-0.0550274,0.0694454)
(0.54277,-0.111684)
(0.512522,-0.122516)
(-0.0194542,0.0646549)
(-0.00754385,0.0348337)
(-0.0442728,-0.044228)
(0.0145628,-0.0255223)
(0.0192805,-0.0538425)
(-0.00325148,0.0146133)
(0.0245378,-0.0322913)
(0.482425,-0.146013)
(0.684803,-0.0252419)
(0.597347,-0.118739)
(0.531733,-0.0611002)
(0.450646,-0.10231)
(0.176044,-0.104598)
(0.290152,-0.0280023)
(0.184559,-0.0623242)
(0.18833,-0.0959269)
(-0.0215925,-0.0258937)
(0.0179384,-0.0586246)
(0.280349,-0.0490514)
(0.533448,-0.146284)
(0.523204,-0.124127)
(0.430125,-0.0620147)
(0.521088,-0.135584)
(0.00784951,0.0562475)
(0.541362,-0.0708216)
(-0.0556129,0.0849294)
(0.010221,-0.00987344)
(-0.00291622,-0.0425655)
(-0.028041,0.0711682)
(-0.0398933,-0.0292088)
(-0.000823584,-0.0563226)
(-0.0303488,0.0115604)
(0.0330516,-0.0178024)
(0.0247065,0.0819652)
(0.402227,-0.0974569)
(0.00107486,-0.0440823)
(0.500856,-0.205806)
(0.456808,-0.0218866)
(0.469231,-0.166313)
(-0.0297677,-0.0105383)
(0.068869,0.0914068)
(-0.0397538,-0.00530737)
(0.553638,-0.104326)
(-0.0146985,-0.0839896)
(0.023547,-0.0068807)
(0.318227,-0.131753)
(0.257941,-0.131982)
(0.51754,-0.0947348)
(0.372182,-0.0504062)
(0.592406,-0.245204)
(0.47706,0.0542584)
(-0.0130389,-0.0726563)
(-0.0172018,-0.0705187)
(0.00180333,0.0199407)
(0.0342423,0.0819185)
(0.0257102,0.0915616)
(-0.0191011,-0.0249648)
(0.02913,-0.00223813)
(0.314927,-0.118441)
(0.184615,-0.0346715)
(-0.0208272,0.000690462)
(0.194809,-0.0314197)
(0.00482603,-0.0320163)
(0.507652,-0.112452)
(0.518355,-0.0179148)
(-0.0524304,0.0343942)
(0.0673159,0.0498454)
(0.0808377,0.0348787)
(0.0550329,-0.0550751)
(0.464393,-0.230266)
(-0.00455257,-0.0643302)
(0.167044,-0.111003)
(-0.0466786,0.0860994)
(0.289683,-0.118435)
(0.0131626,0.0570659)
(0.324728,-0.0494429)
(0.00685508,0.0389367)
(0.0299584,0.0382058)
(0.0193638,-0.0141133)
(0.0092882,0.00744439)
(0.481198,-0.0678411)
(-0.0158915,0.0145079)
(0.486605,-0.114074)
(0.4631,-0.081563)
(-0.0334677,0.0188541)
(0.475558,-0.042519)
(0.588908,-0.00997936)
(0.543783,0.0167997)
(0.0236671,-0.00082226)
(0.494229,-0.140673)
(-0.0696197,0.0488178)
(-0.0570573,0.0387698)
(-0.0299873,0.0740031)
(-0.0436305,0.00766483)
(-0.0421341,0.0694106)
(-0.0416735,0.000484042)
(-0.0518077,0.025416)
(0.713267,-0.0116691)
(-0.056894,0.00679718)
(0.114891,-0.0311607)
(0.423472,-0.129912)
(0.453395,-0.114167)
(0.000350789,0.0161964)
(0.0464807,-0.0168278)
(-0.0121711,0.00204246)
(0.398213,-0.15377)
(-0.0429847,0.00703195)
(0.48554,-0.22567)
(0.370068,-0.10518)
(-0.0699199,-0.0199663)
(-0.0279815,-0.0194734)
(0.523991,-0.0221884)
(-0.0776631,-0.0209565)
(-0.00388137,-0.0134022)
(-0.0335841,0.0596911)
(0.453355,-0.111732)
(0.453104,-0.0993741)
(0.224402,-0.146417)
(0.447599,-0.142395)
(0.48311,-0.0658334)
(0.0942486,-0.00877887)
(0.505445,-0.100234)
(0.606215,-0.0128435)
(0.038496,-0.105339)
(0.509493,-0.0316349)
(0.0380253,0.0809927)
(0.497521,-0.0769191)
(0.0829811,0.0213255)
(0.00778437,0.0459061)
(-0.0167886,-0.0123179)
(0.0559282,0.0327932)
(0.00858672,0.0878548)
(0.0672248,0.102495)
(0.0296795,0.0728851)
(0.0528315,0.0253389)
(0.128591,-0.067633)
(0.0291863,0.0146659)
(-0.0329018,-0.014127)
(0.0237467,0.0387727)
(0.00320835,0.00703306)
(0.00499788,0.0338071)
(0.0218412,0.00958151)
(0.0308233,0.0636812)
(0.128558,-0.102645)
(0.00444157,-0.0108932)
(0.0478789,-0.0320214)
(0.615594,-0.0683652)
(0.383054,-0.174138)
(-0.0202005,0.0232046)
(0.0856952,0.152236)
(0.0142941,0.127957)
(0.142895,0.0292321)
(-0.036955,-0.0186741)
(0.0984109,-0.00555316)
(0.223534,-0.0928311)
(0.642766,-0.140573)
(0.568094,-0.129979)
(0.0213449,0.064226)
(0.0775628,-0.0527034)
(0.543022,-0.137702)
(0.0427702,0.0639552)
(0.0491127,0.0345607)
(0.0830822,-0.0115641)
(0.506178,-0.0261998)
(0.081035,-0.0574027)
(0.23495,-0.158279)
(0.00959147,0.00391775)
(0.132096,-0.126904)
(0.17938,-0.0660171)
(0.281046,-0.0563229)
(0.335073,-0.102327)
(0.0658924,0.046108)
(-0.0428589,0.0725696)
(0.376401,-0.125178)
(-0.0525199,0.0928503)
(0.0124422,-0.00190191)
(0.0357209,-0.0363014)
(0.485703,-0.175588)
(0.0109534,-0.0293032)
(0.421029,-0.120959)
(0.02571,-0.00698058)
(-0.0143351,0.0236233)
(-0.00696902,-0.0265906)
(-0.0103396,0.0433676)
(-0.0240115,0.00742934)
(0.00272102,0.0302169)
(0.0252313,0.0254404)
(-0.0226535,0.0168925)
(-0.0411785,0.0897373)
(0.529072,-0.115771)
(-0.0120081,-0.0106319)
(0.0533111,0.0338581)
(0.509719,-0.0549839)
(0.095803,0.0220918)
(-0.00538866,0.0379397)
(-0.00544816,0.0123087)
(0.00221839,0.0224948)
(-0.0637268,0.0680851)
(0.112235,-0.0836534)
(-0.0138929,0.073924)
(-0.0461292,-0.0469191)
(-0.0500937,-0.0871096)
(0.0460441,-0.0260842)
(-0.0484713,-0.0379684)
(0.478644,-0.000992175)
(-0.0431715,0.0703188)
(0.632654,-0.125553)
(0.365177,-0.144062)
(0.49102,0.00858355)
(-0.0425485,-0.00371052)
(0.379113,-0.00439334)
(0.390372,-0.155717)
(0.366562,-0.0584013)
(-0.0644385,0.0480445)
(0.00755462,0.0580759)
(-0.0883003,0.0573957)
(-0.0150007,0.0174147)
(0.578624,-0.191459)
(0.56817,-0.123693)
(-0.0602602,0.00764249)
(-0.0338599,-0.0042787)
(0.0090854,0.010891)
(0.0466033,-0.00572121)
(0.331903,-0.0753763)
(0.0466114,-0.0095382)
(0.0316836,0.0318169)
(0.0161216,0.024909)
(0.0700341,0.00280111)
(0.375454,-0.0751522)
(-0.0704693,-0.0973868)
(0.456697,-0.0330879)
(0.0256742,-0.00212464)
(0.0613765,0.0834389)
(0.0993794,0.0472036)
(0.655099,-0.157046)
(0.0133844,0.00596604)
(0.290214,-0.110776)
(0.539945,-0.125338)
(-0.0438208,-0.0101393)
(0.00115214,0.0261046)
(0.130955,-0.0837359)
(-0.0214842,0.0819045)
(-0.0911887,0.0232062)
(0.0455046,-0.126769)
(0.377108,-0.167417)
(0.250061,-0.188712)
(0.0732201,-0.0468511)
(0.0150524,0.00863404)
(0.0210922,-0.0262032)
(-0.136914,0.0603635)
(0.0302066,0.0156097)
(0.00124465,-0.0291488)
(0.420861,-0.0876184)
(0.536829,-0.0867241)
(0.62452,-0.0607248)
(-0.0387823,-0.0372868)
(0.346773,-0.0649661)
(-0.0469186,0.022664)
(0.0520588,0.00378539)
(0.0508451,-0.00508657)
(-0.0272787,0.134721)
(-0.0200871,0.0264265)
(0.062492,-0.0716777)
(0.256773,-0.0702115)
(0.57254,-0.103145)
(0.546722,-0.122237)
(0.131464,-0.0913088)
(0.530523,-0.150717)
(0.0447468,-0.163246)
(0.441812,-0.182051)
(0.482088,-0.0818075)
(-0.01912,-0.096659)
(0.468187,-0.126691)
(0.4548,-0.143781)
(0.540675,-0.147896)
(0.40545,-0.118109)
(0.524616,-0.0798043)
(0.139419,-0.0622231)
(0.284509,-0.134949)
(0.219376,-0.0519272)
(0.439431,-0.0692641)
(0.0235428,-0.0586004)
(0.524154,-0.0495746)
(0.345136,-0.157224)
(0.0224568,0.000610051)
(-0.067185,0.00532666)
(-0.093371,0.0757763)
(-0.0630374,-0.07782)
(0.432637,-0.165096)
(-0.0222235,0.0317954)
(0.467269,-0.146176)
(-0.0195823,0.0248519)
(0.24373,-0.0445263)
(-0.0125759,-0.0483059)
(-0.024814,-0.0460298)
(0.440459,-0.126277)
(0.0289099,0.106324)
(0.0839729,-0.0528579)
(0.530957,-0.144975)
(0.0325452,-0.0347535)
(-0.0109047,-0.0447523)
(-0.062619,0.0438905)
(-0.0709555,-0.0255898)
(-0.0539654,0.0422156)
(-0.00602895,0.00540814)
(0.572994,-0.142671)
(0.570829,-0.163304)
(0.452867,-0.0965233)
(-0.032165,-0.0782839)
(0.0121771,0.044941)
(0.354729,-0.202297)
(0.00274099,0.0286671)
(0.00676168,-0.0140855)
(0.0194587,-0.0508648)
(-0.0375601,-0.0546428)
(0.560021,-0.129536)
(0.441826,-0.0381914)
(0.516449,-0.107489)
(0.425536,-0.0474246)
(0.395093,-0.0856901)
(-0.091096,-0.0415392)
(0.414121,-0.0487382)
(0.303239,-0.115802)
(-0.0578968,-0.109172)
(0.376119,-0.0773928)
(0.504856,-0.104001)
(0.0103766,-0.0630023)
(0.00311077,0.0859534)
(0.54114,-0.11902)
(0.0277674,0.00296423)
(0.0685307,-0.0205276)
(0.421373,-0.131883)
(0.0557353,0.00249816)
(-0.0287844,-0.0498112)
(0.0520988,0.0349291)
(0.0776782,-0.0356264)
(0.500563,-0.0718278)
(-0.0268928,0.0495237)
(-0.0865474,0.102156)
(0.00639003,0.0351526)
(0.382904,-0.0706945)
(-0.0297648,0.0521951)
(0.000973032,0.0149552)
(-0.0490946,0.0696988)
(0.0823451,-0.042247)
(-0.0342576,-0.0845662)
(0.0299648,0.0097538)
(0.113718,0.0357901)
(0.101267,0.0204904)
(0.00954039,0.06821)
(0.0700838,0.0758469)
(0.0956087,0.0784099)
(0.515997,-0.0794354)
(-0.0784241,0.0314637)
(0.536878,0.00352419)
(-0.010823,0.00118276)
(-0.046568,-0.0715352)
(0.191489,-0.119962)
(0.534895,-0.14035)
(0.332005,-0.112399)
(-0.0893497,0.0528327)
(-0.0112487,-0.0303568)
(0.0571664,-0.0198072)
(0.0264686,-0.0387969)
(0.0130708,-0.000766496)
(-0.0220282,0.0129093)
(-0.0485921,-0.0290497)
(0.0191507,0.0167298)
(-0.0582058,-0.0200953)
(0.017933,0.0509683)
(0.025346,-0.0386909)
(0.38628,0.0557069)
(-0.0015795,0.0549263)
(0.053481,0.00537223)
(0.0224357,0.0226648)
(0.0250176,0.0266552)
(0.187133,-0.0554763)
(0.116509,-0.0709002)
(-0.00551804,0.0421175)
(0.106301,-0.103662)
(0.525036,-0.0569053)
(-0.052798,-0.125649)
(0.445714,-0.0708987)
(0.00354177,-0.174906)
(-0.0089322,0.0340619)
(0.103265,-0.0323959)
(0.0513718,-0.0826301)
(0.0861391,-0.0385594)
(-0.0434712,-0.0225229)
(0.0169833,-0.00890786)
(-0.0393448,-0.0482213)
(-0.0427412,0.0419521)
(0.00571544,-0.00942196)
(0.341858,-0.150876)
(0.353698,-0.13344)
(0.0414269,0.0086692)
(0.1505,-0.0310841)
(0.171308,-0.023812)
(0.59086,-0.0956307)
(0.0261767,0.0100805)
(0.131285,-0.0243655)
(0.504483,-0.15104)
(0.147013,0.00112958)
(0.11387,-0.10401)
(-0.0317973,-0.0220206)
(-0.00435949,-0.0547804)
(0.101892,-0.0514823)
(-0.0411929,-0.00386516)
(0.431169,-0.0594625)
(0.380072,-0.121563)
(0.0116759,0.00317434)
(0.0437885,0.0115478)
(0.169586,-0.0917892)
(0.0513443,-0.0455943)
(0.131866,-0.055456)
(-0.0132108,0.0443761)
