1620
(-0.0249967,-0.124516)
(-0.0196398,0.0369344)
(0.0570477,0.0592466)
(0.0140174,-0.146241)
(-0.0152304,-0.0285169)
(-0.0314292,0.0416417)
(0.0442525,0.054537)
(-0.0173505,-0.0171236)
(0.001661,0.0153745)
(-0.00513068,0.0337023)
(-0.0513203,0.0413004)
(-0.0016029,0.0192909)
(0.0127367,-0.0422297)
(-0.0165875,0.000403681)
(0.00148223,0.0512469)
(-0.0362962,0.024932)
(-0.0264489,-0.0866546)
(0.0162526,0.0309859)
(0.01873,0.019773)
(-0.00821157,0.0132421)
(-0.0202494,-0.0181391)
(0.0023596,0.0191542)
(-0.0623767,0.0109693)
(-0.0321689,-0.0474974)
(0.00469484,0.0350986)
(0.0329995,0.0153676)
(-0.0276223,0.0142458)
(0.0752506,-0.0801599)
(-0.0325822,-0.00713134)
(0.0652135,-0.0212378)
(0.0432756,0.0696418)
(0.0411461,-0.0165225)
(-0.000312592,0.048287)
(-0.0902369,0.0367761)
(0.0558452,0.030084)
(0.012347,0.0626271)
(0.0630194,-0.00584617)
(-0.0114542,0.0284313)
(-0.0472048,0.000619259)
(0.0437772,0.00900564)
(0.032093,-0.0782401)
(0.0814562,0.0137986)
(0.054359,0.0216202)
(0.128034,0.000940623)
(-0.0374774,0.0651372)
(0.128289,-0.0195518)
(0.0990497,-0.0285406)
(-0.0209391,-0.00222008)
(0.0535766,-0.0595852)
(-0.0149353,-0.024573)
(0.040551,0.0038733)
(0.0899509,-0.0272365)
(0.0141416,0.0117332)
(0.0209083,-0.00471309)
(-0.0111227,0.0236408)
(-0.0276287,0.0256429)
(0.0499853,0.0275094)
(0.0469269,0.0608678)
(-0.0149912,-0.0442314)
(0.0492523,-0.0310547)
(-0.0366788,-0.0149224)
(0.17305,-0.073661)
(-0.0100765,0.00269679)
(0.39575,-0.0826749)
(-0.020176,-0.00149404)
(-0.0103538,0.0393472)
(0.000455873,-0.00779985)
(0.0268797,0.0131213)
(0.0278182,0.136187)
(-0.0380313,-0.0690229)
(0.00943155,0.0600572)
(0.00564774,0.0526081)
(-0.0229051,0.0703603)
(-0.0408691,0.0288669)
(-0.00270678,-0.00818437)
(-0.0896635,0.059607)
(0.00740901,-0.0427625)
(0.0104847,-0.0505224)
(-0.0201488,0.0114433)
(0.0789884,-0.0435331)
(-0.010693,-0.0676724)
(-0.00171333,0.00758849)
(0.0260206,-0.0692383)
(0.0322185,-0.0212519)
(0.0421115,0.0245818)
(0.0177579,0.0186841)
(-0.0334099,-0.0348265)
(-0.0377392,0.0108102)
(0.0786823,0.0240606)
(0.0276384,-0.0143653)
(-0.109585,-0.0197349)
(-0.0230214,0.0207025)
(0.45847,-0.0708299)
(0.0159386,0.108342)
(-0.0172762,0.0703496)
(0.571413,-0.0157785)
(-0.0586846,0.0628248)
(0.440726,-0.142265)
(-0.010017,-0.0971013)
(-0.0479518,-0.0869294)
(0.0619678,0.00560568)
(-0.075218,-0.0146847)
(0.0458926,-0.0818927)
(-0.00527901,-0.0453583)
(-0.0217196,-0.115107)
(0.441952,-0.0910574)
(0.0222892,0.0649431)
(-0.0731327,-0.00809437)
(0.0111862,0.021903)
(0.040073,0.0557269)
(0.00381164,0.0315439)
(0.702314,-0.147742)
(0.366062,-0.0348212)
(-0.00972212,-0.0138483)
(0.470248,-0.0463133)
(0.02129,0.101852)
(0.00560099,0.0809013)
(0.634569,-0.100166)
(0.00634825,0.0124804)
(0.474639,-0.0688823)
(0.426892,-0.0641174)
(0.0235378,0.049636)
(0.391845,-0.0710727)
(0.278768,-0.118176)
(0.280884,-0.0798917)
(0.0110839,-0.0271062)
(0.0523517,-0.0215037)
(0.00291613,0.0489475)
(0.355948,-0.126051)
(0.077569,0.0435109)
(0.116505,0.0723816)
(0.0147822,-0.0106682)
(-0.00494438,-0.0484551)
(-0.00155307,0.0199213)
(-0.00239463,0.0147867)
(0.0202536,0.0182625)
(-0.0533634,0.00808293)
(0.00270416,0.0315601)
(0.383984,-0.0887917)
(0.0161906,-0.00721574)
(0.00751778,0.0548145)
(-0.0112303,0.0543082)
(0.0142787,-0.0162511)
(0.0473042,-0.0636247)
(0.0895839,-0.0850512)
(0.0250566,-0.091524)
(0.0130516,-0.000555506)
(0.431292,-0.085911)
(0.48584,-0.11214)
(-0.0630999,0.000610759)
(0.481758,-0.146684)
(0.20043,-0.0670963)
(0.538901,-0.0384866)
(0.471203,-0.0988399)
(0.472241,-0.0801942)
(-0.0418892,0.0161978)
(0.0778511,0.0496752)
(0.412569,-0.145351)
(0.37813,-0.00706072)
(-0.0150825,0.00351393)
(-0.0290892,0.03061)
(0.00333348,0.037057)
(0.0115416,0.0433137)
(-0.0387977,-0.0193064)
(-0.0122836,0.0281043)
(-0.0458049,-0.0294494)
(0.0183136,-0.0417251)
(-0.00745045,-0.0501789)
(0.0379541,0.0294026)
(-0.0192737,0.0831283)
(0.0425915,-0.0135476)
(0.0580376,0.00355726)
(0.419199,-0.16422)
(0.388291,-0.116509)
(0.564033,-0.128739)
(0.495764,-0.0797429)
(0.0626384,-0.0940887)
(0.147042,-0.0273463)
(-0.0853887,-0.0651192)
(-0.110997,0.0525518)
(-0.0580573,-0.0514555)
(0.0355022,0.045796)
(0.00977179,0.00958259)
(0.0127343,0.0466307)
(0.012672,0.0362025)
(0.00142943,0.0315045)
(0.0334152,0.0140449)
(0.0573177,-0.098342)
(-0.000733716,-0.0276819)
(0.41239,-0.152163)
(0.48164,-0.0797587)
(0.375631,-0.0866888)
(0.583445,-0.116138)
(-0.0398834,-0.0442346)
(-0.044673,-0.0350972)
(0.0467464,0.0514232)
(0.041395,0.0341015)
(-0.0399339,0.0486993)
(-0.0464932,-0.0581638)
(-0.00486536,0.0101304)
(0.0175535,-0.123042)
(0.0740948,-0.101359)
(-0.0443689,-0.0465872)
(-0.0613715,-0.0182831)
(-0.0101823,-0.00993614)
(-0.0446246,0.0269512)
(0.468044,-0.0981012)
(0.488923,-0.0334156)
(-0.0892643,0.0193831)
(0.382291,-0.0988768)
(-0.0356383,-0.00900261)
(0.411043,-0.0880489)
(0.406235,-0.0911366)
(-0.0783047,0.0108813)
(-0.0529926,0.034507)
(0.0941867,0.0690795)
(0.0764134,0.000514218)
(0.452016,-0.112808)
(0.571002,-0.138549)
(-0.0125081,-0.0449334)
(0.000166524,-0.0152409)
(-0.0347881,0.0106891)
(0.0415701,0.0689177)
(0.709828,-0.165962)
(-0.0513118,-0.0515229)
(-0.0737503,-0.0721003)
(0.41592,-0.159178)
(-0.0371844,0.0609834)
(-0.0191215,0.035642)
(-0.0721784,-0.036099)
(-0.0217848,0.00892588)
(0.483741,-0.131738)
(0.467013,-0.181904)
(0.550815,-0.0510215)
(0.496054,-0.0549424)
(-0.0451154,0.0279874)
(-0.0250468,-0.0484063)
(-0.012536,-0.0273511)
(0.183043,-0.062176)
(0.00506834,0.0247228)
(0.069623,-0.0155004)
(-0.00429397,-0.0531376)
(-0.0111967,0.0690103)
(-0.017338,0.0729845)
(-0.00339895,-0.0584682)
(-0.0322609,0.0246279)
(0.0784673,-0.00216198)
(-0.00185429,-0.0345651)
(0.0313563,0.00945738)
(-0.0381492,0.0276809)
(-0.0471506,-0.0247134)
(-0.0270097,0.0200137)
(-0.0555121,-0.0183596)
(-0.0513049,-0.0409923)
(-0.0386425,0.0193365)
(0.0327583,-0.0554921)
(0.0522928,-0.0115437)
(0.00670693,-0.00446176)
(0.0399449,0.000358865)
(-0.0240441,-0.0930705)
(0.0611709,-0.109979)
(-0.0235917,0.01386)
(0.00733876,0.0117194)
(-0.0492728,-0.024775)
(0.524501,-0.0815275)
(-0.0540886,-0.0560528)
(-0.0843507,-0.0973686)
(-0.020394,-0.024093)
(0.0231273,-0.00778883)
(0.0560055,0.0294601)
(-0.0118635,0.0189903)
(0.0225291,-0.00595)
(-0.0650262,-0.0174067)
(-0.0465266,0.0504245)
(0.0122057,0.00160848)
(0.503072,0.00924107)
(-0.0002078,0.0566995)
(-0.0366923,-0.0107469)
(0.062452,0.0595269)
(0.0120571,9.0904e-05)
(0.0233528,0.0333568)
(0.0340518,0.0580309)
(0.0145651,-0.0398066)
(-0.00764353,-0.0659528)
(0.10492,0.054371)
(0.0396952,0.0275698)
(0.023859,0.0112449)
(-0.0743677,0.00397925)
(0.0602026,0.0185892)
(0.0991523,0.0232038)
(-0.00709941,0.0603694)
(0.0144656,-0.0328792)
(-0.0785163,0.013189)
(-0.0551039,-0.00816946)
(-0.034632,0.00770683)
(-0.0440997,0.0391485)
(0.0519448,-0.0449221)
(0.00412157,0.0300609)
(-0.0574305,-0.0282499)
(-0.0491575,0.0039497)
(0.0119941,0.0361974)
(-0.0927218,0.0240449)
(-0.0355672,-0.0220699)
(-0.0289681,-0.000499544)
(-0.0357736,0.00848027)
(0.00856622,-0.0450816)
(0.0650896,0.032873)
(0.371744,-0.128333)
(0.00228835,0.0150695)
(-0.00725287,0.0252809)
(-0.0412675,-0.0178736)
(-0.0679519,-0.0632599)
(-0.116997,-0.0694427)
(-0.0603151,-0.0335287)
(-0.0400652,-0.0361784)
(-0.0592484,-0.016617)
(0.0264571,-0.0854979)
(-0.0605708,-0.0850899)
(-0.0528939,-0.0382375)
(0.435867,-0.209112)
(-0.00680129,-0.0281425)
(-0.0299013,0.0179306)
(0.00741196,-0.0225608)
(0.00253356,-0.0224623)
(-0.0216127,-0.0118696)
(-0.000308205,0.0179174)
(0.0827889,-0.0687166)
(0.0105269,-0.00175025)
(0.0143921,0.0597414)
(-0.0298923,-0.0482111)
(0.0261613,-0.00503979)
(-0.0219134,-0.0191783)
(-0.0482806,-0.00944485)
(0.0423442,-0.038268)
(-0.0282623,-0.0746604)
(0.470085,0.0124567)
(0.0355597,-0.0336209)
(0.068856,0.0555773)
(-0.0981188,-0.0599551)
(0.0545739,-0.0355947)
(0.0376859,-0.0443511)
(-0.0571007,-0.0626761)
(0.0743881,0.0447757)
(-0.0170585,0.00570485)
(-0.0182587,-0.00919548)
(0.0457906,0.0522531)
(0.0410731,0.0412569)
(0.0131794,0.105004)
(-0.0151825,0.0109685)
(0.15343,-0.0227358)
(0.39809,-0.102802)
(0.457503,-0.106847)
(0.0953303,-0.0459926)
(-0.00135506,0.0172487)
(0.414318,-0.124282)
(-0.0806895,0.103232)
(0.0563548,-0.0389015)
(-0.0330946,0.00282988)
(-0.0452296,-0.0116908)
(-0.00533769,-0.00667571)
(0.261139,-0.112246)
(0.110674,-0.0650272)
(0.0302785,0.0451243)
(-0.0280285,0.0090904)
(-0.0287322,0.00818125)
(0.0268671,0.027776)
(0.452257,-0.174067)
(-0.047662,-0.0538516)
(-0.0383695,-0.00766944)
(-0.00698369,0.0169744)
(-0.00311906,0.0690773)
(-0.00589148,-0.0514391)
(-0.0163661,-0.025741)
(0.00287074,0.0809098)
(0.459942,-0.105782)
(0.412224,-0.0740983)
(0.027219,-0.0294803)
(0.0128569,-0.0804496)
(0.0227808,0.0382071)
(0.067889,0.0381406)
(-0.0113045,0.0373737)
(0.14278,-0.0265117)
(0.358649,-0.107963)
(-0.0405359,-0.0217458)
(0.0326687,-0.0576234)
(-0.0292746,0.0206584)
(0.0619487,0.0108755)
(0.0370297,0.0874686)
(0.0141069,0.0227659)
(0.0309119,-0.0376783)
(-0.00178246,-0.0783634)
(0.0387106,0.0161108)
(0.00952436,-0.0210059)
(-0.0389814,-0.0611804)
(0.0412716,0.0831515)
(0.0695053,0.0498821)
(-0.0733243,-0.0227434)
(-0.0151202,-0.085179)
(0.0267615,0.0413943)
(0.0468374,0.0123531)
(0.0451516,0.00901873)
(-0.0691077,0.0309387)
(-0.00522988,0.0485795)
(0.557529,-0.130518)
(-0.0496499,0.0143725)
(0.00603992,0.0180175)
(-0.0993673,-0.0905593)
(-0.116929,-0.0741358)
(-0.00364702,0.0204677)
(0.0203153,-0.00915298)
(-0.056509,-0.0331202)
(0.0401674,-0.0200782)
(0.0117555,0.0975775)
(0.0309989,-0.0225982)
(0.450392,-0.125991)
(0.0198011,0.105153)
(0.00637515,0.0354334)
(-0.0309119,0.0162572)
(0.0306129,0.00608165)
(0.035606,0.0190583)
(-0.0317324,-0.0525548)
(0.0314468,-0.0262876)
(0.0578236,-0.0458367)
(-0.0393298,-0.107062)
(-0.00634637,0.0270769)
(-0.0508437,0.0182065)
(0.420167,-0.102717)
(-0.0648792,-0.0267999)
(0.00850121,0.0285979)
(0.0353999,0.0485924)
(-0.0637455,-0.05848)
(-0.058721,-0.0205915)
(0.0194144,-0.00660104)
(0.0643663,0.0431956)
(0.0757513,0.0369874)
(0.0590273,0.0306009)
(-0.0215151,-0.059858)
(0.0456076,0.0123408)
(-0.0741117,-0.0481479)
(-0.0332949,-0.0748733)
(-0.00500062,0.000289457)
(-0.0245305,-0.0248641)
(0.0813134,-0.0176018)
(9.32014e-05,0.00936748)
(-0.0301283,-0.029732)
(-0.00980974,-0.0712562)
(-0.0502189,-0.0507356)
(0.0787508,-0.0426244)
(0.0299069,-0.00842966)
(0.206035,-0.131632)
(0.0596679,0.0247962)
(-0.0250756,0.0829703)
(0.0228471,0.0635742)
(0.0297275,0.0131767)
(-0.0874245,0.0866141)
(0.00500513,-0.01929)
(0.010703,0.0444192)
(-0.0450495,-0.018779)
(0.0271078,0.0363118)
(0.0108551,-0.0233947)
(0.016565,0.0316417)
(-0.0562935,-0.019261)
(0.0275269,0.00969303)
(0.0468654,0.0407102)
(-0.0484752,0.0241647)
(-0.0579014,-0.0205033)
(-0.0780436,-0.044924)
(0.0418287,-0.00758111)
(0.414964,-0.11404)
(-0.104251,0.00130382)
(0.573507,-0.116881)
(0.0275119,0.0640835)
(-0.0610385,0.0838369)
(-0.014783,0.0867995)
(-0.00393977,0.005017)
(0.0638811,0.0519489)
(0.0282387,-0.0512624)
(0.0086295,-0.00279335)
(0.000339054,-0.0132272)
(-0.0430982,0.0719309)
(-0.00488376,-0.0212797)
(0.441596,-0.119796)
(-0.0186617,-0.0303295)
(-0.0177912,-0.0121478)
(0.082931,0.0320235)
(0.0666999,-0.0266361)
(-0.0353832,-0.0318651)
(0.429006,-0.0557398)
(0.045035,-0.0239384)
(0.019953,-0.0513886)
(0.710082,-0.0812632)
(0.0432284,-0.0441699)
(-0.0561842,0.0225978)
(-0.0250206,0.0303232)
(0.0454037,-0.0147837)
(0.395701,-0.0630538)
(0.514445,-0.174757)
(0.530276,-0.0539911)
(0.452201,-0.0844159)
(-0.0406872,0.0123492)
(-0.0662364,0.0226305)
(0.00161745,-0.00442211)
(0.00105423,-0.0627277)
(-0.019315,0.0320395)
(-0.0615472,-0.0035287)
(-0.0723571,-0.0260844)
(0.0815017,0.0316553)
(-0.0212438,0.0201525)
(-0.0327038,0.0822281)
(0.011671,-0.00978714)
(0.0490064,0.0125512)
(0.0716837,0.0232537)
(0.0631893,0.0283155)
(0.078179,0.0446734)
(0.0388898,0.00756268)
(0.0877447,-0.0380114)
(-0.00994109,0.00767691)
(-0.0357411,0.101827)
(-0.00537402,0.0733592)
(-0.012109,0.0110532)
(-0.0360521,0.0843919)
(-0.0428176,0.0144986)
(0.00373583,0.024493)
(0.0275774,0.0674737)
(0.00423931,-0.0207703)
(0.0349088,0.0290621)
(-0.0217054,-0.0364182)
(-0.0620099,-0.0415603)
(0.0693234,0.0534116)
(0.0463868,0.0165311)
(0.0267092,0.0644856)
(0.0434858,-0.0161955)
(0.430229,0.00530938)
(0.0348497,-0.00203897)
(0.539457,-0.122792)
(-0.0335541,0.0815955)
(0.0330801,0.00456174)
(-0.0496745,0.0093966)
(-0.0913431,0.0716021)
(-0.00413772,0.0612951)
(-0.0473846,-0.00332916)
(0.0154261,0.0510642)
(0.0299964,-0.0125178)
(0.0309316,-0.00745028)
(0.00492664,-0.00447774)
(-0.00591842,-0.0578282)
(-0.0278178,0.091816)
(0.0156514,-0.0460054)
(0.0272096,0.0447102)
(-0.058095,-0.0107443)
(-0.052382,-0.0397728)
(0.0545051,-0.0512662)
(0.00233395,-0.0930414)
(-0.0109989,0.0717973)
(0.0284213,0.0411219)
(0.0519505,-0.0203451)
(0.187598,-0.0821365)
(0.0779486,0.0315291)
(-0.0283273,-0.0407647)
(0.00676084,-0.0352545)
(0.073261,-0.0293109)
(0.409297,-0.102685)
(0.00522001,0.0805073)
(-0.0298561,0.0826282)
(0.0288557,-0.0644308)
(-0.0628966,0.075426)
(0.0537489,0.0351412)
(0.118395,-0.0321502)
(0.253424,-0.109943)
(0.342025,-0.188679)
(-0.0270484,0.058232)
(-0.0100225,0.0402714)
(-0.0878535,0.0229627)
(0.193276,-0.121696)
(0.529928,-0.0729784)
(0.0614424,-0.0087066)
(-0.0623846,-0.0505838)
(-0.0171449,0.0260377)
(-0.0761259,-0.023305)
(-0.0280117,0.0491775)
(-0.0370736,0.023119)
(-0.0149259,0.0344007)
(-0.00789909,-0.00766328)
(0.0406788,-0.00754835)
(0.0572557,0.0264605)
(0.494473,-0.109198)
(0.039119,0.0138349)
(-0.0157885,-0.02979)
(0.0420033,0.0292251)
(0.0031604,-0.0359812)
(-0.0215657,-0.0418916)
(0.0409411,0.00737441)
(0.00795066,-0.012641)
(0.256198,-0.16578)
(0.0333029,0.0941217)
(-0.0165269,0.00912504)
(0.0489069,0.0955515)
(0.0261786,-0.0259946)
(-0.0334178,0.0328388)
(-0.0610207,0.000540833)
(-0.011162,0.054111)
(0.269105,-0.0884951)
(0.668874,-0.0255444)
(-0.0660984,0.0559286)
(-0.077516,-0.00127814)
(0.0163482,0.0236324)
(-0.085298,0.0618425)
(-0.125098,-0.0190807)
(-0.132432,-0.00973015)
(0.0297054,0.055937)
(-0.0259539,-0.0197399)
(0.026278,0.0168158)
(0.0671744,-0.0259423)
(0.016081,-0.0192256)
(0.0344715,-0.00306779)
(-0.0906642,-0.0134955)
(-0.0297072,0.0421514)
(-0.00119308,0.0614994)
(-0.0399713,0.0244717)
(-0.0277716,0.0480034)
(0.0337661,-0.00719382)
(0.0944836,-0.0678978)
(0.0603295,0.059144)
(0.0936797,0.0419553)
(-0.0606133,-0.0464409)
(-0.0585691,-0.0124309)
(-0.0459342,0.0109228)
(-0.0285627,0.0327068)
(0.00326881,0.0143039)
(0.0184424,-0.000392851)
(-0.000593014,0.00335079)
(0.0654001,-0.0204466)
(-0.0195141,-0.0490971)
(0.0205485,-0.0301974)
(0.0260999,0.0169812)
(-0.0255027,0.065065)
(0.0236271,0.0776942)
(-0.0196525,0.0334919)
(0.0501215,-0.00211177)
(0.607127,-0.10745)
(0.0548666,0.0385896)
(-0.0349298,-0.0357095)
(0.00542197,-0.0246446)
(0.0651909,0.0923099)
(0.0233018,-0.0408421)
(0.0320136,-0.0278551)
(0.0515472,0.0125341)
(0.0482512,-0.0544261)
(-0.00308736,-0.0664785)
(0.0352086,-0.0175062)
(-0.00303612,-0.0338533)
(0.074268,-0.00175244)
(0.0709923,0.0326661)
(-0.0115883,0.00267054)
(0.0398624,-0.0277384)
(0.0330379,-0.037393)
(-0.00538681,-0.0336213)
(-0.0142637,-0.0408704)
(-0.0208087,-0.0327697)
(-0.0352405,0.0504861)
(0.00554861,0.00184727)
(-0.00935863,0.021011)
(-0.0562452,0.00102422)
(-0.0240609,-0.0159279)
(-0.00906616,0.0251371)
(-0.0369612,-0.101661)
(0.0312427,-0.0932182)
(0.00579861,-0.0531556)
(0.0138037,-0.0366874)
(-0.0153975,-0.00561352)
(0.0643246,-0.0470568)
(-0.0494919,0.0205862)
(0.024786,-0.074124)
(0.0770208,-0.0387269)
(0.0751996,-0.0886335)
(0.00806984,-0.091272)
(-0.0476598,-0.128785)
(-0.043881,-0.00435429)
(0.0574751,-0.0456141)
(0.0889179,-0.0259821)
(-0.0319802,0.069482)
(-0.0647214,0.032417)
(-0.0159924,0.0468081)
(-0.0152074,-0.0307448)
(0.00843989,0.00408786)
(-0.0181692,0.0737353)
(-0.0287291,0.0916835)
(0.0135378,0.0363108)
(-0.08309,-0.03252)
(0.0127168,-0.0204304)
(0.0515339,0.0209984)
(-0.0335423,-0.0854841)
(0.0165157,-0.024933)
(0.467316,-0.0749947)
(0.0221882,-0.0654977)
(0.0420649,0.000782675)
(-0.00480335,0.040978)
(-0.0122786,-0.0279205)
(0.0303871,0.0365716)
(0.0203523,0.0482286)
(0.0487648,0.0518779)
(0.038354,0.0180453)
(0.0547408,-0.0159211)
(0.0147573,0.000196627)
(0.0281102,-0.00369331)
(0.0370297,-0.0101107)
(0.0363589,0.0349879)
(-0.050135,0.0671664)
(-0.0190466,0.0179389)
(0.0541292,0.0498332)
(0.0734869,0.0223858)
(-0.0257264,0.0471287)
(0.0315078,0.0264914)
(-0.0327814,0.00442698)
(0.00152659,-0.072354)
(-0.0119019,-0.0501965)
(-0.0210447,-0.126169)
(0.0910261,0.00135355)
(0.537642,-0.120217)
(0.471084,-0.0734472)
(0.0111546,0.126984)
(0.457628,-0.0502622)
(0.0597366,-0.0712164)
(0.441375,-0.0623359)
(0.265589,-0.132651)
(-0.0123223,0.0374986)
(0.50101,-0.140448)
(0.563656,-0.108115)
(0.544032,-0.0970281)
(-0.0179836,0.0600876)
(-0.0425803,0.0370364)
(-0.0399988,-0.000820624)
(-0.0539287,0.0154956)
(0.0321596,0.0534627)
(-0.0209905,0.012552)
(-0.0295001,0.0318056)
(-0.0443163,0.0211666)
(-0.0454475,0.00807962)
(0.00311686,-0.0605745)
(0.0296947,-0.002247)
(0.0301416,-0.0387362)
(-0.0420883,0.0414374)
(-0.0377547,-0.00561412)
(0.0357456,0.0497223)
(-0.0269718,-0.0750845)
(-0.0514452,0.074923)
(-0.0336936,0.0298544)
(0.0106099,0.0312584)
(0.0142916,-0.0255641)
(-0.0357271,-0.0807612)
(-0.00295075,0.0330712)
(-0.0363185,-0.0348692)
(0.0201265,-0.0155376)
(-0.00122986,0.0202625)
(0.0266121,-0.00517586)
(0.0498488,0.0772215)
(-0.0232399,-0.0062946)
(0.00969769,0.0279551)
(-0.00839179,-0.0175819)
(0.0183591,0.0345558)
(-0.011301,-0.023885)
(-0.0143651,-0.0211823)
(-0.0347483,-0.0408006)
(-0.0211593,-0.0179825)
(-0.0249605,-0.0785342)
(0.00108477,0.0188492)
(0.537637,-0.259307)
(0.0272415,-0.034025)
(0.00181037,0.0157116)
(0.00315036,0.0107946)
(0.0102541,-0.0105214)
(0.0127852,0.0597859)
(-0.0157883,0.0478558)
(0.454238,-0.13)
(0.641157,-0.182788)
(0.448058,-0.117606)
(-0.023702,-0.00430122)
(0.413047,-0.0844163)
(-0.00660815,0.021541)
(0.0841181,-0.0225296)
(0.0141553,0.0398728)
(0.0202425,0.00956301)
(0.194361,-0.0823457)
(0.0108339,0.0262469)
(-0.00246155,0.0464513)
(-0.0172954,0.0293739)
(0.11553,-0.0553598)
(0.0261744,-0.00326881)
(-0.116837,-0.027249)
(0.444098,-0.0640207)
(0.00748364,-0.0023911)
(-0.035135,0.0161408)
(-0.00261777,0.0195821)
(0.0271205,0.0385641)
(0.0231141,-0.0137735)
(0.00172966,0.054364)
(0.0634687,-0.0619847)
(-0.00181406,0.0451533)
(0.0622822,0.0194561)
(0.19307,-0.0435151)
(0.0672197,0.0306199)
(0.0315698,0.00702818)
(-0.0499928,0.0560129)
(-0.0850272,0.0247581)
(0.0103049,0.056683)
(0.0244943,-0.00390552)
(0.00425404,-0.0455072)
(-0.0468875,0.0335393)
(-0.00901236,-0.0140967)
(0.00713784,-0.00851839)
(0.0123691,0.0181318)
(-0.015047,0.048487)
(0.0532446,0.0501576)
(0.023823,0.0525448)
(0.0218634,0.0440514)
(0.0200071,-0.00881504)
(0.0372489,0.00723078)
(0.0175028,-0.108506)
(0.0254318,0.0345467)
(-0.0584999,-0.0210477)
(0.0398254,0.109502)
(-0.000588123,0.0454977)
(0.0263373,-0.127071)
(0.0832269,0.0659971)
(0.00528802,0.0459563)
(0.0602367,-0.0911947)
(0.0125198,0.0442808)
(-0.0444663,-0.0148332)
(-0.0263322,-0.0435996)
(-0.0132899,0.0492201)
(-0.060203,-0.0280673)
(-0.0621751,-0.0205986)
(0.0545302,0.0450635)
(-0.0292045,-0.0282388)
(-0.0920996,0.0732629)
(-0.00273981,0.00649681)
(0.00295845,0.0300652)
(-0.0246783,0.013888)
(0.0430137,-0.00155563)
(-0.000774169,0.0372876)
(0.122792,-0.0859523)
(0.0811024,9.80095e-05)
(-0.0273792,-0.0696527)
(-0.0297721,0.0501978)
(-0.0524691,-0.0977955)
(-0.00636041,0.0929685)
(-0.0417327,0.0165241)
(0.0777023,0.0754947)
(0.0775304,0.0795853)
(0.00952153,-0.0329102)
(0.0231819,0.0439663)
(-0.0489009,0.0086583)
(-0.0229587,0.0720914)
(0.0103286,0.00890426)
(-0.0464023,-0.032027)
(0.0157297,-0.0848836)
(0.0864735,-0.0248691)
(0.0388242,0.0447465)
(0.0265503,0.055199)
(-0.048524,0.0465151)
(-0.0614093,-0.0236133)
(-0.00346341,-0.0344274)
(0.0435606,-0.00449496)
(0.0622513,-0.0409821)
(0.4504,-0.0933898)
(0.0105679,0.00200968)
(-0.0565853,-0.0471284)
(0.00377941,-0.0246945)
(-0.039782,-0.0247284)
(0.0036064,-0.0544674)
(0.0451937,-0.0320084)
(-0.0401982,0.0157752)
(0.0240652,-0.0487949)
(0.540766,-0.137324)
(0.0191099,-0.0981351)
(0.0477908,0.00216246)
(0.0562229,-0.0683358)
(0.518013,-0.126842)
(-0.0263622,-0.00853949)
(-0.0320087,-0.0143554)
(0.0389184,0.0140558)
(-0.0199707,-0.00835705)
(-0.0301704,-0.0110037)
(0.0084071,-0.0209528)
(-0.0499995,-0.0208222)
(0.305669,-0.0735577)
(0.167526,-0.0734828)
(0.0196717,-0.00177548)
(-0.0149245,0.0371691)
(-0.0472785,-0.0606491)
(0.0454098,0.0629923)
(-0.0137779,-0.0794645)
(0.402952,-0.0453371)
(-0.0512219,-0.0169352)
(-0.00632285,0.00131037)
(0.00860578,-0.00203026)
(0.0361964,-0.000756871)
(0.0702688,-0.0212594)
(0.00873295,0.0035592)
(0.498111,-0.109166)
(-0.0138384,-0.0139091)
(0.50642,-0.0937105)
(-0.0528712,0.0697175)
(-0.0457156,-0.00111741)
(-0.0149216,-0.056065)
(0.034446,0.039422)
(0.479696,-0.203361)
(0.105798,-0.00810938)
(0.279105,-0.127779)
(0.0282896,-0.00708862)
(-0.019472,0.0107962)
(-0.0591471,-0.00138774)
(0.20764,-0.0484773)
(0.25003,-0.0922505)
(-0.00712906,0.0200641)
(-0.00957015,0.00139042)
(0.306752,-0.129557)
(-0.0207204,0.0223634)
(-0.0680316,-0.0283437)
(0.230667,-0.0949017)
(-0.0430153,0.024909)
(-0.000991113,0.0190061)
(0.341705,-0.0649854)
(-0.0731485,-0.0526478)
(0.149666,0.00113634)
(0.203901,-0.0581943)
(0.0146035,0.0650501)
(0.231247,0.013998)
(0.0661203,-0.062385)
(0.00659762,-0.0573357)
(-0.0104496,0.0536403)
(-0.0628109,0.0438941)
(-0.0183838,0.00508856)
(0.0567026,-0.0551696)
(0.0298503,-0.0412905)
(0.0444532,0.0507253)
(-0.0283499,0.0678134)
(0.0561421,0.0472403)
(-0.0367146,0.00551696)
(0.0800215,0.0591552)
(-0.101702,0.0227122)
(-0.029292,0.029256)
(-0.0264445,0.0214542)
(-0.0284555,-0.0355048)
(-0.0445236,-0.0068786)
(0.310464,-0.0756145)
(0.0166713,0.0715234)
(0.0131293,0.054157)
(0.115191,-0.0569621)
(-0.120218,0.0510201)
(-0.0730862,0.0424908)
(0.543942,-0.076377)
(-0.00944794,0.0114268)
(0.553349,-0.128392)
(-0.016297,-0.0228701)
(0.0113884,0.0283597)
(0.172007,-0.0970119)
(-0.0297261,-0.00295046)
(0.0222605,0.0262933)
(0.45697,-0.113656)
(-0.0306667,-0.0194601)
(0.0685461,0.043771)
(0.0107953,0.00176856)
(0.0167012,0.0806399)
(0.127263,0.0241198)
(0.0374882,-0.0568584)
(0.0892928,-0.0520499)
(0.0437512,-0.0229184)
(-0.114296,-0.0456601)
(0.219037,-0.157734)
(0.0219464,0.0397713)
(0.288772,-0.153671)
(-0.025931,-0.0648861)
(-0.0452866,-0.0192863)
(0.465092,-0.114561)
(-0.0646026,0.0923268)
(0.00386678,0.0510989)
(-0.0343103,-0.00771638)
(0.390679,-0.0805439)
(0.00771547,-0.0200915)
(-0.0478897,-0.0496518)
(0.0663033,0.0262197)
(0.00499916,0.0367393)
(0.0435826,0.038474)
(0.0774848,0.00785974)
(-0.117417,0.0167743)
(0.0165784,-0.00224917)
(-0.0389946,0.0291652)
(0.060959,-0.051057)
(-0.0703926,0.0295603)
(-2.47887e-05,0.0441597)
(0.0785404,0.0300345)
(0.068413,0.0395897)
(0.0305627,-0.061161)
(-0.038941,-0.0415305)
(0.00702485,-0.0872395)
(0.00388867,-0.00461761)
(0.00658145,-0.0404536)
(-0.0116871,0.0152759)
(0.0537989,0.0183228)
(0.067589,0.0136029)
(0.0422326,0.0772033)
(0.0128432,0.0194271)
(0.00609661,0.0364288)
(-0.0170317,-0.0762531)
(-0.0619745,-0.107886)
(-0.078821,-0.10066)
(-0.0520627,-0.049511)
(0.0117455,-0.00616928)
(0.020644,-0.0289137)
(0.0126403,0.0128932)
(0.465159,-0.110168)
(-0.0634331,0.0019565)
(0.033491,0.0174184)
(0.00622507,0.00674144)
(0.422433,-0.0615107)
(0.0417704,-0.000107958)
(0.0209139,-0.0215206)
(-0.0231081,-0.0288122)
(0.0048869,0.00531439)
(0.0179206,-0.0118179)
(-0.0171233,-0.041288)
(0.0347945,-0.00639557)
(0.384664,-0.0814994)
(0.0313537,-0.0119898)
(-0.0913969,-0.00938192)
(0.629939,-0.15305)
(0.0131267,-0.00713907)
(-0.00767129,0.00747846)
(0.025709,-0.0397149)
(0.462505,-0.0768528)
(0.0430791,0.0273953)
(-0.0465461,-0.0368184)
(-0.0149426,-0.0485703)
(-0.122972,-0.00631342)
(-0.00362315,-0.0170731)
(-0.0786137,-0.0677561)
(-0.00493111,-0.0597978)
(-0.0125075,0.032253)
(0.00072108,-0.0384435)
(-0.00081501,-0.0588296)
(0.00744499,-0.0507306)
(0.428401,-0.0499687)
(0.0553538,0.00505684)
(-0.0475333,0.0404338)
(-0.0339311,-0.0224487)
(0.0037517,-0.00136608)
(0.00590387,-0.0631848)
(-0.0140066,0.0674136)
(-0.0183382,-0.0513191)
(-0.00875265,-0.0112186)
(0.00459551,-0.0756003)
(0.00662591,0.0437583)
(0.0110294,0.0680586)
(0.431219,-0.0883299)
(0.00286102,0.00213491)
(0.0118975,-9.27474e-05)
(-0.0166601,0.0488757)
(0.0261956,-0.0243523)
(-0.053429,0.0854473)
(-0.00257796,0.00569589)
(0.158078,-0.174371)
(0.208333,-0.104328)
(0.147223,-0.149662)
(0.0103472,0.00652942)
(-0.0130612,0.0234564)
(0.607095,-0.178967)
(0.344562,-0.127163)
(-0.0203718,0.0101455)
(0.398906,-0.0714505)
(0.463897,-0.0399032)
(0.198267,-0.113277)
(0.0493875,-0.0111342)
(0.036968,-0.0220161)
(0.0500991,0.03969)
(0.100209,-0.00621133)
(0.00646595,0.0388785)
(0.0110277,0.0485864)
(-0.0737525,0.00438153)
(0.077985,0.0024599)
(-0.0909459,0.0144352)
(-0.0297554,-0.0308143)
(0.0520532,-0.00753273)
(0.47178,-0.130894)
(-0.0374415,0.0396564)
(0.000891237,0.00235503)
(-0.0439608,0.0164386)
(0.545037,-0.0946007)
(-0.0425514,0.0801836)
(-0.0106269,-0.000392715)
(0.527949,-0.157249)
(0.504318,-0.0798165)
(-0.028572,0.0239641)
(0.336779,-0.079637)
(-0.00331315,0.0442144)
(-0.0299942,0.0785602)
(0.47646,0.0152078)
(0.266552,-0.0846226)
(0.403006,-0.110638)
(0.470764,-0.0470169)
(0.0227924,-0.0154954)
(0.756079,-0.0249934)
(-0.0415757,0.00738749)
(-0.0230893,0.0840783)
(0.0605004,-0.00304239)
(0.176778,-0.0675881)
(-0.0387302,0.0501777)
(0.100989,-0.070966)
(0.0123882,-0.00381342)
(0.0215978,-0.00407278)
(0.0308127,-0.0127624)
(0.0196248,-0.00325339)
(0.0548919,-0.00179053)
(-0.0109092,0.0473526)
(0.0651894,0.0439372)
(0.105874,-0.0451254)
(-0.0812168,0.00622168)
(0.0216495,-0.0531079)
(0.0267146,0.0554332)
(0.0190678,0.0456734)
(0.0197227,0.0169488)
(0.45658,-0.0650877)
(-0.04129,0.103608)
(0.0274791,0.00215634)
(-0.00385024,-0.0171069)
(-0.00555595,0.0311159)
(0.0511478,0.00584893)
(0.0229359,0.0398931)
(-0.0437906,-0.0884697)
(-0.0308857,-0.0159135)
(0.551688,-0.0786213)
(-0.0214367,0.00924736)
(0.334552,-0.0315226)
(-0.00225678,0.0159217)
(0.0487111,0.0291492)
(0.00263147,0.00309931)
(0.0975291,-0.0367099)
(-0.032875,-0.03371)
(0.0212211,-0.0991361)
(0.0241357,-0.0400376)
(0.00626934,-0.0416478)
(0.0386339,0.0213425)
(0.029717,-0.0345402)
(0.0677853,-0.00210806)
(0.0396903,0.0294142)
(0.45994,-0.124546)
(0.300182,-0.0608079)
(-0.0246045,-0.0211986)
(0.0466011,-0.0386952)
(0.0262991,-0.0194105)
(0.0692238,-0.047217)
(0.458188,-0.139854)
(0.0492223,0.040827)
(0.0844833,0.0010788)
(0.0896321,0.0345741)
(0.0755028,-0.00657131)
(0.309029,-0.149769)
(0.064674,0.0181961)
(-0.0353848,4.02756e-05)
(-0.021095,0.00223794)
(-0.0127297,0.0188293)
(0.49618,-0.0631341)
(0.0358758,-0.0271669)
(-0.0213655,-0.00247754)
(0.0446411,0.0599182)
(0.0325885,0.0117332)
(0.0345114,-0.00659935)
(0.483228,-0.0804936)
(0.407164,-0.145146)
(0.65866,-0.0659306)
(0.0378046,-0.0611694)
(0.0454709,-0.0123989)
(0.485377,-0.0591464)
(0.0382314,-0.0194844)
(0.0942879,-0.0659017)
(0.2811,-0.192115)
(-0.0573922,-0.0467318)
(-0.0618669,0.00784599)
(-0.0573808,-0.0176713)
(-0.0539039,0.0433657)
(-0.0277572,0.0301282)
(0.154488,-0.0641909)
(0.176762,-0.125285)
(0.284236,-0.146505)
(0.278785,-0.0524831)
(0.631778,-0.173458)
(-0.00750651,-0.038543)
(-0.0649231,0.0112034)
(-0.02895,0.00656835)
(0.0985123,0.0898094)
(0.551824,-0.0677371)
(0.541764,-0.127165)
(0.00401622,0.00236147)
(-0.0340558,-0.0502575)
(-0.00647106,-0.0336475)
(0.580718,-0.186361)
(0.00732643,0.0838369)
(0.0621839,0.0336025)
(-0.0497243,-0.00664265)
(0.606971,-0.0722756)
(0.0543486,0.042157)
(-0.0409589,0.0594632)
(0.551094,-0.119865)
(0.517264,-0.11818)
(-0.0192934,0.0415203)
(-0.0180704,0.0169767)
(-0.0335068,-0.0427462)
(0.00106496,-0.03586)
(0.0313069,-0.0376767)
(0.0013811,-0.000890675)
(0.0234473,-0.0195963)
(0.469922,-0.149985)
(0.677612,-0.0223242)
(0.606104,-0.125419)
(0.541402,-0.0541462)
(0.446505,-0.10722)
(0.179435,-0.101658)
(0.282856,-0.0336025)
(0.192041,-0.0686959)
(0.179495,-0.0924013)
(-0.0227377,-0.0391375)
(0.0192699,-0.0544776)
(0.287523,-0.0550947)
(0.545795,-0.155684)
(0.537692,-0.125914)
(0.435299,-0.0607975)
(0.520818,-0.143146)
(0.00798641,0.0428456)
(0.526125,-0.0705952)
(-0.0413114,0.084077)
(0.017716,-0.0253448)
(-0.0245136,-0.045247)
(-0.0113336,0.0657836)
(-0.053146,-0.0200703)
(-0.0100415,-0.0783141)
(-0.0168674,0.013309)
(0.0323576,-0.0252184)
(0.0342245,0.0647071)
(0.405633,-0.10036)
(-0.0071939,-0.0504777)
(0.480781,-0.205454)
(0.45693,-0.0145195)
(0.453089,-0.15794)
(-0.0326987,-1.56586e-05)
(0.0697443,0.0704936)
(-0.0299251,0.0171844)
(0.551807,-0.0929094)
(-0.0356878,-0.0593668)
(0.0187146,-0.00408697)
(0.321535,-0.134101)
(0.249852,-0.142108)
(0.523467,-0.0856149)
(0.379954,-0.0564847)
(0.590006,-0.230289)
(0.485065,0.0429374)
(-0.0111924,-0.0662294)
(-0.0151465,-0.0687903)
(0.013745,0.0233485)
(0.0310101,0.0770124)
(0.019755,0.0804026)
(-0.0106761,-0.0258347)
(0.0276927,0.00884398)
(0.290628,-0.111)
(0.194838,-0.0336797)
(-0.0380101,-0.00248319)
(0.19187,-0.0284199)
(-0.0101065,-0.0255111)
(0.48274,-0.124224)
(0.535429,-0.0229266)
(-0.0535991,0.0356097)
(0.0432951,0.0452519)
(0.0714737,0.0175287)
(0.0702561,-0.0443869)
(0.444074,-0.212457)
(0.0145318,-0.0640596)
(0.151984,-0.0981204)
(-0.0504605,0.0828573)
(0.286868,-0.14089)
(0.00964604,0.061522)
(0.341455,-0.0710345)
(0.000128575,0.0451315)
(0.0275301,0.0341804)
(0.0206051,-0.00223348)
(0.0154282,0.0228826)
(0.492756,-0.064463)
(-0.0132436,0.0307357)
(0.498058,-0.125278)
(0.468569,-0.0783618)
(-0.0208983,0.0166216)
(0.483118,-0.0382597)
(0.587615,-0.0137733)
(0.537914,0.0214168)
(0.0206384,0.0145641)
(0.473596,-0.140836)
(-0.0609687,0.0602075)
(-0.0541251,0.0381824)
(-0.0368109,0.0660903)
(-0.0337141,0.00457132)
(-0.0245531,0.0745214)
(-0.0348122,-0.00441939)
(-0.0579954,0.028788)
(0.727067,-0.0112792)
(-0.0463447,0.0108347)
(0.11385,-0.0280483)
(0.407741,-0.122214)
(0.44906,-0.101647)
(-6.71914e-05,0.00746417)
(0.0570687,-0.0119471)
(-0.0213347,-0.00724611)
(0.39842,-0.1572)
(-0.0433671,0.00571596)
(0.47645,-0.223845)
(0.374644,-0.114633)
(-0.0589643,-0.0208703)
(-0.0124271,-0.00985936)
(0.53265,-0.0151644)
(-0.0612992,-0.0201626)
(-0.013253,-0.0302778)
(-0.0253392,0.0523175)
(0.451592,-0.111884)
(0.462838,-0.097939)
(0.201175,-0.121209)
(0.450892,-0.14224)
(0.494871,-0.065401)
(0.089456,-0.0175593)
(0.492684,-0.101362)
(0.586762,-0.0309922)
(0.030756,-0.10382)
(0.509571,-0.0273476)
(0.0626922,0.0684972)
(0.503865,-0.069349)
(0.0898634,-0.00606482)
(-0.00325227,0.0467499)
(-0.0223662,-0.0177621)
(0.0556818,0.0375176)
(0.0021352,0.0871054)
(0.0594271,0.0935939)
(0.0112875,0.0725057)
(0.043741,0.0300286)
(0.128488,-0.0891268)
(0.0227362,0.0061642)
(-0.0167548,-0.0140727)
(0.0318565,0.0404385)
(0.0100287,-0.00754109)
(0.0114065,0.0218817)
(0.0392254,0.00468298)
(0.00742904,0.0559744)
(0.121441,-0.0876669)
(-0.0150712,0.00710263)
(0.0415256,-0.0164225)
(0.629427,-0.0705629)
(0.383209,-0.177544)
(-0.0237634,0.0185182)
(0.0865618,0.142579)
(0.0020392,0.114157)
(0.13607,0.0264553)
(-0.0466368,-0.00743949)
(0.102574,-0.0111102)
(0.220827,-0.0971307)
(0.624044,-0.148667)
(0.57599,-0.12634)
(0.0157711,0.0668885)
(0.0626841,-0.0441442)
(0.543764,-0.137053)
(0.0191952,0.0399542)
(0.0456746,0.0204446)
(0.0845415,-0.0212116)
(0.497512,-0.0377282)
(0.0811363,-0.0676391)
(0.241217,-0.163534)
(0.00601734,-0.0101969)
(0.124876,-0.125478)
(0.191307,-0.0812874)
(0.277907,-0.0496393)
(0.341768,-0.0990499)
(0.0854025,0.0411751)
(-0.037456,0.0492151)
(0.387758,-0.132843)
(-0.0322009,0.0846263)
(0.0233721,-0.00552796)
(0.0312197,-0.0302238)
(0.472928,-0.158586)
(0.014611,-0.0274295)
(0.423473,-0.107182)
(0.0394215,-0.0143752)
(0.00219942,0.0364289)
(-0.0180938,-0.0137069)
(-0.00853859,0.0530207)
(-0.0242124,0.0202156)
(-0.00144332,0.0312178)
(0.0241177,0.0257722)
(-0.0266014,0.0185658)
(-0.0320134,0.0781356)
(0.523299,-0.119485)
(-0.012029,-0.00944991)
(0.0465084,0.0266549)
(0.509383,-0.0529326)
(0.0850151,0.0158304)
(-0.013122,0.0309417)
(-0.00668902,0.00930659)
(-0.00379079,0.0237032)
(-0.0568338,0.0588417)
(0.122498,-0.0890688)
(-0.00408014,0.068971)
(-0.0458678,-0.0391002)
(-0.0462989,-0.0725823)
(0.0371524,-0.0217012)
(-0.0460901,-0.0363586)
(0.485311,0.00394178)
(-0.0437535,0.0710104)
(0.638625,-0.123591)
(0.36311,-0.145059)
(0.494145,0.0194129)
(-0.0386161,-0.00277268)
(0.387418,-0.0144799)
(0.400448,-0.140496)
(0.380072,-0.0513703)
(-0.066494,0.0423544)
(0.0176703,0.0567888)
(-0.0683444,0.0718159)
(-0.0138763,0.0224173)
(0.566636,-0.168206)
(0.57357,-0.103382)
(-0.0478702,0.00334968)
(-0.0313722,0.00578534)
(0.000283764,0.0105281)
(0.0554289,0.00592328)
(0.332529,-0.071226)
(0.0506245,-0.00288034)
(0.0455833,0.0311298)
(0.0225079,0.0346533)
(0.0806531,-0.000236034)
(0.380045,-0.0753642)
(-0.0612758,-0.0862799)
(0.455751,-0.0352377)
(0.011691,0.00352523)
(0.0517899,0.0704991)
(0.0830573,0.0392308)
(0.646915,-0.161037)
(0.013506,0.00405098)
(0.290573,-0.112455)
(0.544349,-0.136658)
(-0.0487965,-0.00207242)
(0.00231362,0.0322832)
(0.0928587,-0.100269)
(-0.0127386,0.0680346)
(-0.0752282,0.0314598)
(0.0278274,-0.127725)
(0.37892,-0.167155)
(0.262319,-0.192495)
(0.0570922,-0.0449329)
(0.0188998,-0.00707882)
(0.00983667,-0.0147076)
(-0.107266,0.0707672)
(0.0127584,-0.00096346)
(0.00766785,-0.0390168)
(0.417543,-0.0844402)
(0.532858,-0.0930774)
(0.630996,-0.0687914)
(-0.0192267,-0.0423702)
(0.347559,-0.0690876)
(-0.0450609,0.0234432)
(0.0452012,0.0167845)
(0.0388376,0.00659926)
(0.00572498,0.137734)
(-0.0143315,0.031657)
(0.0613075,-0.0575893)
(0.266331,-0.0762066)
(0.574414,-0.108525)
(0.546125,-0.132333)
(0.0998614,-0.0891043)
(0.527365,-0.161718)
(0.0266937,-0.136385)
(0.421351,-0.178504)
(0.463924,-0.0744819)
(-0.0138167,-0.0915644)
(0.472065,-0.115904)
(0.437479,-0.147046)
(0.535241,-0.139558)
(0.411196,-0.113477)
(0.522222,-0.0885102)
(0.112842,-0.0538207)
(0.261205,-0.132509)
(0.207504,-0.0369763)
(0.431049,-0.0713506)
(0.024777,-0.0443718)
(0.52064,-0.0506687)
(0.36298,-0.149836)
(0.0100138,0.00121989)
(-0.0642364,0.0107145)
(-0.0801229,0.0735959)
(-0.0629893,-0.0592382)
(0.419142,-0.157477)
(-0.0252801,0.00914398)
(0.468586,-0.145323)
(-0.00331771,0.00574692)
(0.259928,-0.0479414)
(-0.0124701,-0.0482576)
(-0.0260568,-0.0406248)
(0.440136,-0.116747)
(0.0429433,0.0907544)
(0.0920894,-0.0675707)
(0.524454,-0.144602)
(0.0409199,-0.0373534)
(-0.00562879,-0.0496386)
(-0.0461319,0.0302051)
(-0.0615986,-0.025468)
(-0.0311906,0.0264175)
(-0.00875353,0.00372716)
(0.555738,-0.142551)
(0.563216,-0.163305)
(0.434411,-0.0993224)
(-0.0303329,-0.0879771)
(0.0103567,0.0612659)
(0.351745,-0.193948)
(-0.0134538,0.0299111)
(0.0085049,-0.0070703)
(0.018877,-0.0415198)
(-0.0343379,-0.0377035)
(0.559062,-0.118584)
(0.441425,-0.0552964)
(0.498419,-0.10008)
(0.414375,-0.0437973)
(0.403989,-0.0807955)
(-0.0893182,-0.0292712)
(0.412319,-0.0406345)
(0.302247,-0.112909)
(-0.0616883,-0.100605)
(0.363671,-0.0814028)
(0.489207,-0.106705)
(0.0188944,-0.0643486)
(0.00155739,0.0758427)
(0.546126,-0.123492)
(0.0121815,0.0115695)
(0.0445172,-0.026001)
(0.422255,-0.132447)
(0.0460712,-0.00314013)
(-0.0247667,-0.0434636)
(0.0432288,0.0362786)
(0.072511,-0.0272993)
(0.495605,-0.0529229)
(-0.0225305,0.0288702)
(-0.0693969,0.0894772)
(-0.00167473,0.0261767)
(0.394106,-0.0655915)
(-0.0281194,0.045549)
(0.0102625,0.0250976)
(-0.0411935,0.0645828)
(0.0836602,-0.0437247)
(-0.0418297,-0.0792007)
(0.029507,0.00870514)
(0.109475,0.0278983)
(0.110446,0.0132232)
(0.0144769,0.059762)
(0.0701658,0.0691226)
(0.0952761,0.0653729)
(0.49417,-0.0886288)
(-0.0702233,0.0369495)
(0.532341,-0.00936457)
(-0.0196321,-0.00231751)
(-0.0345282,-0.0577463)
(0.18546,-0.101861)
(0.533174,-0.134143)
(0.323869,-0.103574)
(-0.0690825,0.0555209)
(-0.013977,-0.0311539)
(0.0520066,-0.0206982)
(0.0287987,-0.0401081)
(-0.0020482,-0.00163175)
(-0.0262403,0.0223955)
(-0.0512569,-0.0326647)
(0.0185372,0.0249098)
(-0.0654451,-0.0186148)
(0.00738467,0.0558277)
(0.0157843,-0.0267568)
(0.400447,0.0608062)
(0.000121398,0.0582058)
(0.0598949,0.00786956)
(0.022238,0.0147695)
(0.0324913,0.0249548)
(0.188724,-0.0497068)
(0.12611,-0.0707848)
(-0.012332,0.0369458)
(0.110914,-0.106627)
(0.535699,-0.0672329)
(-0.0484399,-0.0992344)
(0.447187,-0.078891)
(-0.0153641,-0.150515)
(-0.0112388,0.0316869)
(0.106142,-0.0230497)
(0.0533733,-0.0701281)
(0.0908289,-0.0295608)
(-0.0543186,-0.0020402)
(0.0253202,-0.0113559)
(-0.0558486,-0.0387493)
(-0.0315921,0.0588413)
(0.00252471,-0.00468567)
(0.340054,-0.14354)
(0.353559,-0.130502)
(0.0364898,0.00830185)
(0.170286,-0.0420102)
(0.199606,-0.0479867)
(0.591518,-0.104676)
(0.0186389,0.00615661)
(0.115635,-0.0304406)
(0.496665,-0.151962)
(0.139419,-0.0112853)
(0.110968,-0.0904516)
(-0.0391884,-0.0402295)
(-0.00836772,-0.0654009)
(0.0955876,-0.0439459)
(-0.0407733,-0.0126274)
(0.437094,-0.0534648)
(0.380448,-0.133051)
(0.0174614,0.0017166)
(0.0504114,0.0110769)
(0.167644,-0.0918236)
(0.0517938,-0.0479508)
(0.128732,-0.052987)
(-0.00359031,0.044192)
