1620
(-0.0269119,-0.117847)
(-0.0153559,0.0324945)
(0.0607156,0.0604752)
(0.00600495,-0.142973)
(-0.0207876,-0.0320895)
(-0.0309169,0.035584)
(0.0495873,0.0466116)
(-0.0204715,-0.0232164)
(0.001747,0.00914377)
(-0.00610619,0.0314362)
(-0.0510066,0.0447679)
(-0.0025914,0.0190629)
(0.00526035,-0.0456678)
(-0.0156822,-9.90644e-05)
(0.0109082,0.0486975)
(-0.039624,0.0202782)
(-0.0330709,-0.0896023)
(0.0193738,0.0264958)
(0.0181518,0.0189355)
(-0.0046919,0.0165585)
(-0.015965,-0.016168)
(-0.000876823,0.0179031)
(-0.06242,0.00877908)
(-0.0391999,-0.0432823)
(-0.00140819,0.0333683)
(0.0328433,0.0163865)
(-0.0221654,0.0169397)
(0.071302,-0.0909771)
(-0.0403272,-0.00756441)
(0.0688181,-0.0303672)
(0.0450052,0.0629501)
(0.0413292,-0.0170344)
(-0.00745108,0.0477709)
(-0.0840787,0.0331296)
(0.0540301,0.0326275)
(0.0109664,0.0625018)
(0.0602347,0.00204701)
(-0.0105336,0.0267735)
(-0.0485178,-0.000282041)
(0.0494518,0.0126066)
(0.0261014,-0.077953)
(0.082287,0.0118174)
(0.0516885,0.0222715)
(0.130062,-0.00116035)
(-0.0426012,0.0626529)
(0.130267,-0.0223955)
(0.104048,-0.0326116)
(-0.0221936,-0.00189853)
(0.0513489,-0.0611514)
(-0.0165399,-0.0242308)
(0.0419954,0.00249227)
(0.0871675,-0.0291025)
(0.015739,0.0107979)
(0.0233325,-0.00558359)
(-0.0172617,0.0191871)
(-0.0322072,0.0232543)
(0.0498206,0.0256399)
(0.0468635,0.0574292)
(-0.0166007,-0.0404591)
(0.0458326,-0.0281225)
(-0.0378261,-0.0109727)
(0.173103,-0.0732709)
(-0.00498286,0.00302473)
(0.397211,-0.0811688)
(-0.0182244,0.000116455)
(-0.00315635,0.0442298)
(0.00496486,-0.0107493)
(0.0279681,0.00963446)
(0.0384618,0.125512)
(-0.0358931,-0.0677905)
(0.010086,0.0687644)
(0.00508499,0.0557275)
(-0.0185465,0.0671692)
(-0.0411924,0.0300141)
(-0.00813869,0.00178338)
(-0.088627,0.0551435)
(0.00346595,-0.0462127)
(0.0120549,-0.0474471)
(-0.0212877,0.0120191)
(0.077451,-0.0445355)
(-0.00505066,-0.0685646)
(-0.00921427,0.00796348)
(0.0253599,-0.0721049)
(0.0361762,-0.027555)
(0.0448295,0.0239045)
(0.013014,0.0147887)
(-0.0288735,-0.0256986)
(-0.0382978,0.00626811)
(0.0737824,0.024312)
(0.024204,-0.0140915)
(-0.108551,-0.0246045)
(-0.0272152,0.0177306)
(0.457906,-0.0763602)
(0.019464,0.112998)
(-0.0138513,0.0771292)
(0.567566,-0.0214227)
(-0.0581451,0.0642035)
(0.435627,-0.149588)
(-0.010456,-0.0966898)
(-0.0505393,-0.0878966)
(0.0648617,-0.000949632)
(-0.0733803,-0.0164774)
(0.0430575,-0.0815003)
(-0.00926304,-0.050878)
(-0.023099,-0.109683)
(0.443589,-0.0870811)
(0.0120519,0.0585414)
(-0.075048,-0.00665118)
(0.0116314,0.024327)
(0.03647,0.0434359)
(0.00313469,0.0341191)
(0.699576,-0.153313)
(0.366362,-0.0344833)
(-0.0100631,-0.0132077)
(0.463859,-0.0468274)
(0.0279392,0.101511)
(0.016327,0.0831547)
(0.627597,-0.111025)
(0.00679154,0.00632224)
(0.474245,-0.0820395)
(0.42274,-0.0659173)
(0.0227208,0.0541023)
(0.395327,-0.0663774)
(0.278883,-0.120326)
(0.28025,-0.0764498)
(0.0176111,-0.0300042)
(0.0573462,-0.0127443)
(0.00570677,0.0567466)
(0.3502,-0.124485)
(0.0704089,0.0322488)
(0.114744,0.0573208)
(0.0171779,-0.0136836)
(-0.00501581,-0.0498104)
(-0.00596832,0.0148252)
(-0.00823783,0.0109652)
(0.0194606,0.0122966)
(-0.0530469,0.00956318)
(0.00361188,0.0343352)
(0.384126,-0.0886616)
(0.00735744,-0.00601561)
(0.00240513,0.0581501)
(-0.003765,0.0539986)
(0.00936916,-0.0134151)
(0.04496,-0.0596271)
(0.0855843,-0.0796534)
(0.0226032,-0.0815689)
(0.0139341,-3.35148e-05)
(0.431068,-0.0858968)
(0.483754,-0.117861)
(-0.0664923,0.00102917)
(0.48179,-0.15673)
(0.205659,-0.0673226)
(0.54352,-0.0506668)
(0.466623,-0.0886916)
(0.483247,-0.0721729)
(-0.0379451,0.0147112)
(0.0808383,0.0531939)
(0.402314,-0.138257)
(0.378688,0.00094838)
(-0.0153607,0.00147938)
(-0.0301368,0.0278335)
(0.00782974,0.0381301)
(0.0114127,0.0466646)
(-0.0415849,-0.0204263)
(-0.0123353,0.0286699)
(-0.0425273,-0.0248585)
(0.0226501,-0.0402423)
(-0.00145807,-0.0499472)
(0.0402586,0.0290367)
(-0.0183024,0.0802005)
(0.0462028,-0.0113662)
(0.0611276,0.00797233)
(0.416718,-0.160288)
(0.391906,-0.110982)
(0.559028,-0.135012)
(0.495562,-0.0891624)
(0.0595095,-0.0958884)
(0.1431,-0.0354631)
(-0.0815121,-0.065755)
(-0.107678,0.0456166)
(-0.0571979,-0.0441814)
(0.0343081,0.0490423)
(0.012659,0.0140697)
(0.0100731,0.0495885)
(0.00983474,0.0404526)
(0.001081,0.0281025)
(0.0311857,0.012794)
(0.0537137,-0.0936729)
(-0.00591402,-0.0251303)
(0.419279,-0.153144)
(0.489642,-0.0854389)
(0.378326,-0.0869384)
(0.58278,-0.117367)
(-0.0368941,-0.042319)
(-0.0440217,-0.0309549)
(0.0412529,0.0482616)
(0.0341549,0.031385)
(-0.0460385,0.0491012)
(-0.0447312,-0.0590993)
(-0.00664616,0.00838261)
(0.00953589,-0.127442)
(0.0656094,-0.108184)
(-0.0448627,-0.0454933)
(-0.06246,-0.019618)
(-0.0076012,-0.00528959)
(-0.0437699,0.026374)
(0.460314,-0.099103)
(0.494632,-0.0373024)
(-0.0854594,0.0175434)
(0.381833,-0.103618)
(-0.0334795,-0.00443188)
(0.408772,-0.08979)
(0.405224,-0.0923854)
(-0.07003,0.00329677)
(-0.0419648,0.0296062)
(0.0924745,0.0583951)
(0.0656081,-0.00470431)
(0.44829,-0.111998)
(0.565728,-0.137642)
(-0.00939132,-0.0455214)
(-0.000296802,-0.0192298)
(-0.0305177,0.0110937)
(0.0336901,0.0644064)
(0.703399,-0.161697)
(-0.0503044,-0.0506864)
(-0.0731743,-0.0705249)
(0.410651,-0.156605)
(-0.0429432,0.0572871)
(-0.0225079,0.0400942)
(-0.0708874,-0.0407625)
(-0.0292149,0.00361475)
(0.476482,-0.1353)
(0.459316,-0.184342)
(0.553432,-0.0562595)
(0.505351,-0.0557232)
(-0.0427621,0.0279331)
(-0.0352876,-0.0477757)
(-0.0192078,-0.0290854)
(0.185729,-0.0583132)
(0.00722826,0.0229549)
(0.0645095,-0.0205408)
(-0.00135375,-0.0600183)
(-0.0137993,0.071907)
(-0.0184919,0.0783478)
(0.00599547,-0.0611293)
(-0.0302529,0.0314541)
(0.0787603,-0.00624751)
(0.00512173,-0.0287533)
(0.027116,0.0120906)
(-0.0326733,0.0285209)
(-0.0462141,-0.0151716)
(-0.0260048,0.0223002)
(-0.0533858,-0.00825931)
(-0.0510232,-0.0339104)
(-0.0386507,0.0163356)
(0.0216478,-0.0582086)
(0.0565071,-0.00692848)
(0.00420324,-0.00211067)
(0.0415739,-0.0015692)
(-0.0181834,-0.0909037)
(0.062056,-0.110189)
(-0.0206641,0.015481)
(0.00623596,0.0136197)
(-0.051604,-0.0236086)
(0.525884,-0.0913607)
(-0.0557196,-0.0510968)
(-0.0850811,-0.0937742)
(-0.0245316,-0.0237149)
(0.0265791,-0.00619367)
(0.0590467,0.028309)
(-0.00848627,0.0194743)
(0.0250715,-0.00398464)
(-0.0644487,-0.0143248)
(-0.0397395,0.0497047)
(0.0139742,-0.00229067)
(0.505988,0.016372)
(0.00453828,0.0499864)
(-0.0360845,-0.00676329)
(0.0638121,0.0497686)
(0.00665299,0.00822651)
(0.0176834,0.0355652)
(0.0303804,0.0560882)
(0.0140617,-0.041042)
(-0.00794282,-0.0683853)
(0.101761,0.0528628)
(0.0408735,0.0298298)
(0.0284577,0.0121946)
(-0.0774802,0.00714068)
(0.0627974,0.0193378)
(0.0935998,0.0191949)
(-0.00697545,0.0609872)
(0.0147939,-0.0301813)
(-0.0803735,0.0114195)
(-0.0589202,0.00185588)
(-0.0351658,0.00832215)
(-0.0375693,0.0392238)
(0.0511009,-0.0461979)
(0.0114903,0.0349002)
(-0.0588774,-0.0315742)
(-0.0484636,0.00500654)
(0.0127346,0.0343789)
(-0.0894165,0.0239624)
(-0.0346327,-0.0244493)
(-0.0228173,0.000173255)
(-0.0295452,0.0137239)
(0.00580027,-0.0475832)
(0.0639816,0.0364581)
(0.377878,-0.1286)
(0.00198473,0.0177554)
(-0.00777924,0.0261482)
(-0.0444189,-0.0071109)
(-0.0638088,-0.070328)
(-0.114383,-0.0667565)
(-0.0584167,-0.0290068)
(-0.0355326,-0.023984)
(-0.0488777,-0.0119534)
(0.025565,-0.0854283)
(-0.0625007,-0.079759)
(-0.0434523,-0.0431372)
(0.433444,-0.207823)
(-0.00600417,-0.0294573)
(-0.0298449,0.0147564)
(-0.00343783,-0.0235281)
(0.00375175,-0.019568)
(-0.01915,-0.00883445)
(0.00203974,0.0158646)
(0.0825765,-0.0689978)
(0.0121161,-0.00148178)
(0.0206791,0.0606987)
(-0.0260456,-0.0466627)
(0.017744,-0.00243345)
(-0.0285325,-0.0212232)
(-0.0497645,-0.00519935)
(0.0433255,-0.0368502)
(-0.032763,-0.0688188)
(0.46876,0.00694522)
(0.0370255,-0.0321269)
(0.0690462,0.0511258)
(-0.0964486,-0.0518919)
(0.0564473,-0.0334405)
(0.0438122,-0.0485586)
(-0.0548167,-0.0604399)
(0.073113,0.0396896)
(-0.015754,0.0060126)
(-0.0186703,-0.00832753)
(0.0492073,0.0553489)
(0.0376903,0.0392366)
(0.0155613,0.100995)
(-0.0205952,0.0100366)
(0.156702,-0.026123)
(0.404038,-0.100383)
(0.465619,-0.102263)
(0.0976344,-0.0479675)
(0.001139,0.0156923)
(0.421037,-0.121523)
(-0.0739552,0.100312)
(0.0549932,-0.0405477)
(-0.0389113,0.00524802)
(-0.0418834,-0.00990341)
(-0.0053993,-0.00970888)
(0.264521,-0.111466)
(0.101812,-0.0641562)
(0.030881,0.0477696)
(-0.0272371,0.00965153)
(-0.0253684,0.00993119)
(0.0319903,0.0282034)
(0.45196,-0.166164)
(-0.0514726,-0.0446271)
(-0.0353914,-0.00950625)
(-0.00672877,0.0139058)
(-0.00133401,0.0670967)
(-0.00787922,-0.0517003)
(-0.016603,-0.0252009)
(0.0150108,0.0824416)
(0.460601,-0.098025)
(0.418884,-0.0758583)
(0.0259828,-0.0280509)
(0.0119591,-0.0771367)
(0.0222522,0.0330513)
(0.0674988,0.039216)
(-0.0110587,0.0385235)
(0.141131,-0.0202829)
(0.360991,-0.103912)
(-0.0353506,-0.0274664)
(0.0312632,-0.0582542)
(-0.0307201,0.0286626)
(0.0693159,0.00871026)
(0.0368446,0.0812845)
(0.0120223,0.0219289)
(0.0321131,-0.0363102)
(0.000691143,-0.0711727)
(0.0341486,0.0147978)
(0.0101121,-0.0242445)
(-0.0393685,-0.0637916)
(0.0412192,0.0801679)
(0.067901,0.050129)
(-0.0707261,-0.0219856)
(-0.0159289,-0.0834154)
(0.0247304,0.0357377)
(0.0438995,0.0129093)
(0.047051,0.00882079)
(-0.0643078,0.0321441)
(-0.00638234,0.0488323)
(0.558506,-0.121698)
(-0.0496234,0.017316)
(0.00822671,0.0173897)
(-0.0994973,-0.0900147)
(-0.119992,-0.0713979)
(0.00175379,0.0238682)
(0.0215409,-0.00611106)
(-0.060711,-0.0332044)
(0.0487623,-0.0172727)
(0.013853,0.101354)
(0.0291741,-0.0232777)
(0.45165,-0.130826)
(0.0189377,0.105294)
(0.00495636,0.0364996)
(-0.0223435,0.0171086)
(0.0333649,0.00268472)
(0.0386469,0.01761)
(-0.0353762,-0.0585713)
(0.0284471,-0.029365)
(0.0542125,-0.0490119)
(-0.0417268,-0.102233)
(0.00458963,0.0288644)
(-0.0551026,0.0177194)
(0.412784,-0.0960308)
(-0.06688,-0.0242761)
(0.0136677,0.02874)
(0.0440057,0.0449198)
(-0.0640752,-0.0512149)
(-0.0528602,-0.0192769)
(0.00650529,-0.00830889)
(0.0679867,0.0380499)
(0.071767,0.038849)
(0.0588026,0.031432)
(-0.020921,-0.0626127)
(0.0470383,0.0137989)
(-0.077389,-0.0480706)
(-0.0400616,-0.0749033)
(-0.00675114,0.00031673)
(-0.0188473,-0.020686)
(0.0750355,-0.0192025)
(0.00435532,0.000135019)
(-0.0361936,-0.0279637)
(-0.0161989,-0.0767324)
(-0.0474459,-0.0474438)
(0.0816701,-0.0435794)
(0.0250061,-0.0163267)
(0.208957,-0.137249)
(0.0590112,0.014875)
(-0.0184017,0.0769457)
(0.0183273,0.052844)
(0.0295271,0.0166882)
(-0.0881421,0.088125)
(-0.0015106,-0.0209269)
(0.0130039,0.0436701)
(-0.0417485,-0.0152704)
(0.0281542,0.0391353)
(0.0124986,-0.0211332)
(0.0180195,0.0276808)
(-0.0597268,-0.0114521)
(0.027246,0.0142515)
(0.0441467,0.0444144)
(-0.0457174,0.0340923)
(-0.0583209,-0.0248906)
(-0.0780439,-0.0469796)
(0.0405256,-0.0062664)
(0.410959,-0.114519)
(-0.103283,-0.00195182)
(0.579072,-0.122691)
(0.0252592,0.0665752)
(-0.0526766,0.085363)
(-0.0119455,0.0848258)
(-0.00195284,0.0055544)
(0.0648888,0.0475046)
(0.0178747,-0.0553919)
(0.012316,0.000548613)
(-0.00251746,-0.00971544)
(-0.0430809,0.072179)
(-0.00609838,-0.0225261)
(0.435446,-0.119092)
(-0.0183106,-0.0313862)
(-0.00546086,-0.00792475)
(0.0716551,0.0297452)
(0.0544008,-0.0282064)
(-0.0336359,-0.0202749)
(0.425816,-0.0553394)
(0.0476158,-0.0194733)
(0.0231829,-0.0485141)
(0.709516,-0.0795815)
(0.0501841,-0.0346483)
(-0.0560444,0.0184203)
(-0.0214915,0.0277561)
(0.0440788,-0.0138637)
(0.394703,-0.0652006)
(0.509274,-0.170281)
(0.535737,-0.046731)
(0.445144,-0.0761774)
(-0.0374069,0.0131107)
(-0.0636389,0.0227361)
(0.00368615,-0.00103801)
(-0.00110678,-0.0611791)
(-0.0207858,0.0287125)
(-0.0588444,0.000461121)
(-0.0691681,-0.0224577)
(0.0763865,0.0303306)
(-0.0223087,0.016364)
(-0.0338938,0.0825621)
(0.0117826,-0.00847896)
(0.0510885,0.0126452)
(0.0751149,0.0240139)
(0.0653472,0.028408)
(0.0775991,0.0429605)
(0.036829,0.0076504)
(0.0840346,-0.036148)
(-0.0102771,0.00976455)
(-0.0382906,0.0980132)
(-0.00278386,0.0752426)
(-0.0111209,0.0118298)
(-0.0371325,0.0857478)
(-0.0399766,0.0175793)
(0.000906391,0.0261557)
(0.0280736,0.0705902)
(-0.00433882,-0.0206686)
(0.0412541,0.0284298)
(-0.0271965,-0.0358749)
(-0.0617789,-0.0443062)
(0.0686131,0.0471548)
(0.043759,0.0170245)
(0.027947,0.0571104)
(0.0417109,-0.0165143)
(0.436898,0.000517074)
(0.0335902,-0.00210868)
(0.540859,-0.123692)
(-0.0333855,0.0871664)
(0.031115,0.0025927)
(-0.0519999,0.00722556)
(-0.0809394,0.0709786)
(0.00182279,0.0600823)
(-0.0412855,0.000929633)
(0.0165137,0.0486275)
(0.0189956,-0.0144685)
(0.0286932,-0.00972279)
(0.00650265,-0.00516175)
(-0.00565238,-0.0496627)
(-0.0267124,0.0889967)
(0.0141969,-0.0419277)
(0.016597,0.0378099)
(-0.0607631,-0.0107876)
(-0.0630029,-0.0417312)
(0.0547207,-0.0547812)
(-0.00107313,-0.093302)
(-0.0127004,0.0719363)
(0.0154111,0.0500865)
(0.0481722,-0.0215495)
(0.189208,-0.0802586)
(0.0762228,0.0216654)
(-0.0299791,-0.0418915)
(0.00538425,-0.0363426)
(0.0654958,-0.0359463)
(0.412625,-0.101035)
(0.00300386,0.0876393)
(-0.0266372,0.0786394)
(0.0214673,-0.0624665)
(-0.0612052,0.0716846)
(0.056395,0.0282926)
(0.117856,-0.0284972)
(0.255481,-0.108267)
(0.34316,-0.183992)
(-0.0283332,0.0606288)
(-0.0120021,0.040506)
(-0.083979,0.0265962)
(0.194753,-0.118243)
(0.523342,-0.0709372)
(0.0611876,-0.0161787)
(-0.0601515,-0.0432299)
(-0.00969904,0.0231799)
(-0.0654121,-0.0215329)
(-0.0264073,0.0514334)
(-0.0351577,0.0248377)
(-0.0149573,0.0361683)
(-0.00655597,-0.00879048)
(0.0442083,-0.0137742)
(0.0584303,0.0289198)
(0.496415,-0.106737)
(0.0414355,0.0171162)
(-0.0133104,-0.0301477)
(0.0432553,0.0321591)
(0.000511142,-0.0365565)
(-0.0241451,-0.0438428)
(0.0394811,0.00760723)
(0.00773455,-0.0134227)
(0.255282,-0.16758)
(0.042293,0.0887342)
(-0.0140936,0.00848649)
(0.0597819,0.0893294)
(0.0256471,-0.0282167)
(-0.0305705,0.0333488)
(-0.0619165,0.00406683)
(-0.00682718,0.0536429)
(0.270698,-0.0876749)
(0.662078,-0.0287226)
(-0.0566681,0.0580543)
(-0.071946,0.00231787)
(0.0159831,0.0225418)
(-0.0759052,0.0619358)
(-0.121729,-0.0131487)
(-0.129027,-0.00684453)
(0.03746,0.0507597)
(-0.0279602,-0.0196551)
(0.0315537,0.0193127)
(0.0729463,-0.0313333)
(0.0220368,-0.0253695)
(0.0353718,-0.00447894)
(-0.0850748,-0.0032876)
(-0.023493,0.0407911)
(0.00185827,0.0627516)
(-0.0378761,0.0258076)
(-0.0241601,0.0482505)
(0.0360233,-0.0082674)
(0.0874669,-0.0657495)
(0.0605705,0.0595284)
(0.0897263,0.0361733)
(-0.0575036,-0.0463186)
(-0.06036,-0.0125934)
(-0.0467288,0.0113717)
(-0.0206916,0.0339324)
(0.00586496,0.0123423)
(0.0162051,0.00521803)
(-0.00861745,0.00784028)
(0.0689664,-0.0134345)
(-0.0171478,-0.0461645)
(0.0224738,-0.0261773)
(0.0224099,0.0238213)
(-0.0229507,0.057555)
(0.0144909,0.0778364)
(-0.0130855,0.0294026)
(0.0508827,0.00362732)
(0.604723,-0.104088)
(0.0469663,0.0292771)
(-0.0353618,-0.0314081)
(0.00426249,-0.0258375)
(0.0689285,0.086391)
(0.01734,-0.0394358)
(0.0368599,-0.0242041)
(0.0504438,0.00954747)
(0.0471304,-0.0552066)
(-0.00332295,-0.0624198)
(0.0375887,-0.0128194)
(0.0034338,-0.035093)
(0.0706587,0.00508674)
(0.0591647,0.0331053)
(-0.0110657,0.00436986)
(0.0398291,-0.020339)
(0.0296982,-0.0319182)
(-0.00756856,-0.0306422)
(-0.0168913,-0.0456347)
(-0.0243788,-0.0354731)
(-0.032139,0.0555561)
(0.00611647,0.0015588)
(-0.0100299,0.0236149)
(-0.0567693,0.00468012)
(-0.0237137,-0.0135774)
(-0.00460486,0.0311797)
(-0.0358572,-0.0919796)
(0.0302464,-0.0899406)
(0.00405072,-0.0515037)
(0.019268,-0.0354436)
(-0.0151351,0.00203667)
(0.0669104,-0.0427201)
(-0.0515926,0.028881)
(0.0256305,-0.0704839)
(0.0772369,-0.0337611)
(0.0738376,-0.0834103)
(0.00698648,-0.0831798)
(-0.0450563,-0.118547)
(-0.0462118,-0.00547264)
(0.0539913,-0.0451226)
(0.0847898,-0.0296202)
(-0.0348617,0.0681806)
(-0.0709257,0.0337314)
(-0.0144023,0.0485077)
(-0.0179943,-0.0203977)
(0.00735849,-4.23967e-05)
(-0.0157956,0.0726179)
(-0.0251864,0.0862422)
(0.015843,0.0367613)
(-0.0822757,-0.030001)
(0.0133022,-0.0210392)
(0.0544224,0.0173691)
(-0.0394864,-0.0807177)
(0.016643,-0.027424)
(0.462553,-0.0743411)
(0.0168927,-0.0674702)
(0.0347611,0.00474076)
(-0.0107266,0.0413575)
(-0.0213514,-0.0265655)
(0.032091,0.0346021)
(0.022843,0.0428014)
(0.0513052,0.0516852)
(0.0401561,0.0165443)
(0.0543154,-0.0106969)
(0.0145177,0.00114542)
(0.0293271,0.000651741)
(0.0394754,-0.00826824)
(0.0370135,0.0301291)
(-0.0505107,0.0558559)
(-0.0161601,0.0200613)
(0.0541676,0.0479486)
(0.076805,0.0223258)
(-0.0306292,0.0498037)
(0.0317317,0.0256282)
(-0.0381321,0.0106778)
(-0.00437343,-0.0703316)
(-0.0154675,-0.0480893)
(-0.0238947,-0.118395)
(0.0890394,0.00329128)
(0.529818,-0.122609)
(0.477152,-0.0736242)
(0.0092781,0.126125)
(0.461226,-0.0480455)
(0.0538886,-0.0707422)
(0.448246,-0.0658284)
(0.262922,-0.126906)
(-0.0169138,0.0314212)
(0.502348,-0.146371)
(0.574922,-0.0971633)
(0.558881,-0.0840774)
(-0.0204781,0.066206)
(-0.0424441,0.0337023)
(-0.0375641,-0.00198913)
(-0.053112,0.014354)
(0.0313271,0.0529232)
(-0.018419,0.0125966)
(-0.0244091,0.0307691)
(-0.0436216,0.0232856)
(-0.0430455,0.00938369)
(0.00149038,-0.0601751)
(0.0284114,-0.00355347)
(0.0260525,-0.0381021)
(-0.0367018,0.0402789)
(-0.0368315,-0.00333808)
(0.0350171,0.0501051)
(-0.0296742,-0.0717805)
(-0.0556332,0.0776514)
(-0.0285771,0.0286714)
(0.00865095,0.0359826)
(0.0189183,-0.0249437)
(-0.038524,-0.0758883)
(-0.00423266,0.0380805)
(-0.0365691,-0.0306365)
(0.023477,-0.0150679)
(-0.00143923,0.022156)
(0.0295127,-0.00236332)
(0.0552081,0.0761403)
(-0.0200851,-0.0114411)
(0.00845793,0.0241797)
(-0.0100659,-0.0244349)
(0.0161685,0.0362156)
(-0.0140183,-0.019349)
(-0.012515,-0.0190334)
(-0.0309235,-0.0462322)
(-0.0155481,-0.0233885)
(-0.0221565,-0.0809541)
(-0.00165954,0.0155447)
(0.528135,-0.25987)
(0.0228183,-0.0324211)
(-0.00230902,0.0205542)
(0.00501989,0.0134014)
(0.010087,-0.0147215)
(0.00675472,0.0583025)
(-0.0142128,0.0466956)
(0.456617,-0.141325)
(0.642769,-0.194645)
(0.430569,-0.131745)
(-0.0232528,-0.00262525)
(0.405488,-0.100672)
(-0.00631929,0.0211786)
(0.0817254,-0.0202237)
(0.0144517,0.0336104)
(0.0231532,0.00630728)
(0.202346,-0.075374)
(0.0134024,0.0275456)
(-0.00122174,0.0474287)
(-0.0157736,0.0318736)
(0.121214,-0.0481172)
(0.0261925,-0.00326504)
(-0.1129,-0.0248619)
(0.447237,-0.0626389)
(0.00615813,-0.00342041)
(-0.0335465,0.0172417)
(0.000774378,0.024036)
(0.0290964,0.0369544)
(0.0260605,-0.0182601)
(0.00148356,0.0528838)
(0.0622396,-0.0607039)
(-0.00501787,0.0462354)
(0.0588426,0.0209744)
(0.191224,-0.0432925)
(0.0681823,0.0310265)
(0.0357227,0.00458158)
(-0.044074,0.0518003)
(-0.0820117,0.0223927)
(0.0098799,0.0495415)
(0.0297297,-0.00301359)
(0.0041875,-0.0412662)
(-0.0482535,0.0340224)
(-0.00541751,-0.0158544)
(0.0050175,-0.00692208)
(0.00967646,0.0258293)
(-0.0146733,0.051139)
(0.0525233,0.051342)
(0.0212967,0.0550484)
(0.0168578,0.0511304)
(0.0206758,-0.0070217)
(0.0284804,0.00395559)
(0.0139056,-0.108199)
(0.0243479,0.0343026)
(-0.0569662,-0.0185964)
(0.0369812,0.105925)
(0.000511056,0.0473195)
(0.0225284,-0.126302)
(0.0858732,0.0597446)
(-0.000689935,0.0466093)
(0.0597898,-0.095954)
(0.0162551,0.0392198)
(-0.0432488,-0.0169275)
(-0.0277656,-0.0423551)
(-0.00810089,0.0377536)
(-0.0617429,-0.0245065)
(-0.0668887,-0.0194406)
(0.0523848,0.042448)
(-0.0263742,-0.0322038)
(-0.0867701,0.0711611)
(-0.00272419,0.00484195)
(0.00443726,0.0290145)
(-0.0191139,0.0185178)
(0.0382095,0.000938694)
(-0.00203329,0.0361801)
(0.116599,-0.0852956)
(0.0806362,-0.000102035)
(-0.0303991,-0.0719026)
(-0.0236021,0.0445134)
(-0.0526083,-0.0968704)
(-0.00122749,0.0880287)
(-0.0406157,0.0186582)
(0.0790542,0.0741672)
(0.0773596,0.0759173)
(0.00754839,-0.0370995)
(0.0238791,0.047146)
(-0.0477182,0.00877938)
(-0.0241479,0.0715162)
(0.00757961,0.00662969)
(-0.037431,-0.0298706)
(0.0161927,-0.0778142)
(0.0890169,-0.0266817)
(0.0368811,0.0339635)
(0.0268304,0.0574253)
(-0.0516057,0.0478227)
(-0.0606695,-0.0231584)
(0.00169984,-0.0362656)
(0.0358679,-0.00316257)
(0.0636983,-0.0425766)
(0.440324,-0.0916442)
(0.00747532,0.00705151)
(-0.0560403,-0.0452339)
(2.27174e-05,-0.0251657)
(-0.0399784,-0.0212799)
(-0.000114652,-0.0540977)
(0.0414262,-0.0340716)
(-0.043959,0.0120417)
(0.0282082,-0.0481855)
(0.540466,-0.146491)
(0.0141621,-0.096629)
(0.0467355,0.00193362)
(0.0532404,-0.0682546)
(0.51199,-0.128457)
(-0.0243012,-0.0141673)
(-0.0237679,-0.017071)
(0.0385771,0.014287)
(-0.0228074,-0.0105277)
(-0.0223571,-0.0043752)
(0.00770109,-0.0202367)
(-0.048657,-0.0229499)
(0.309049,-0.0691145)
(0.174155,-0.0693612)
(0.0208603,0.0039247)
(-0.0163122,0.0352633)
(-0.0460662,-0.0590909)
(0.0452275,0.0591935)
(-0.0128036,-0.0775623)
(0.406926,-0.0426904)
(-0.0544913,-0.0188429)
(-0.00433366,-0.00606751)
(0.0120327,0.00182051)
(0.0385795,-0.00264242)
(0.0685414,-0.0218476)
(0.00350648,0.00286055)
(0.503677,-0.106639)
(-0.00586071,-0.0182462)
(0.513466,-0.101275)
(-0.0417956,0.0685355)
(-0.0391406,0.00791519)
(-0.0138387,-0.0574252)
(0.0360671,0.040646)
(0.473771,-0.209018)
(0.106845,-0.0175977)
(0.272342,-0.136621)
(0.0356309,-0.00479569)
(-0.0177378,0.0165275)
(-0.0552223,0.00299571)
(0.209483,-0.0514813)
(0.237482,-0.0870078)
(-0.00979206,0.022137)
(-0.00605579,-0.00416746)
(0.304673,-0.129807)
(-0.0190764,0.02391)
(-0.0639535,-0.027304)
(0.223186,-0.0936219)
(-0.0407285,0.025913)
(0.0070919,0.016476)
(0.332872,-0.0566269)
(-0.0753176,-0.035541)
(0.150607,-0.0018547)
(0.207424,-0.0618638)
(0.00740099,0.0710055)
(0.233462,0.0111185)
(0.0630075,-0.0648542)
(0.00516203,-0.0585138)
(-0.00518905,0.057957)
(-0.0536954,0.0518744)
(-0.0214652,0.0116186)
(0.0552888,-0.0538192)
(0.0309583,-0.0424381)
(0.0422641,0.0461938)
(-0.0210455,0.0626224)
(0.0538612,0.0449615)
(-0.0350761,-0.00160839)
(0.0753606,0.0494758)
(-0.104249,0.0239966)
(-0.0312976,0.0219421)
(-0.0310443,0.0156689)
(-0.0280532,-0.038454)
(-0.0517345,-5.76566e-05)
(0.311202,-0.0710447)
(0.0193882,0.0708657)
(0.0216904,0.058001)
(0.115639,-0.0532549)
(-0.112995,0.0475294)
(-0.0684044,0.0464067)
(0.542985,-0.070781)
(-0.00630135,0.0121967)
(0.548523,-0.127585)
(-0.00395587,-0.0201787)
(0.0160217,0.0353717)
(0.15993,-0.0964523)
(-0.0186574,-0.00561403)
(0.0271604,0.0284852)
(0.458942,-0.109523)
(-0.0241891,-0.0170066)
(0.0735194,0.0424832)
(0.0130221,0.00138566)
(0.021968,0.0700233)
(0.121151,0.0105438)
(0.0423456,-0.0484194)
(0.0766914,-0.0590181)
(0.0489958,-0.0168428)
(-0.110493,-0.0437101)
(0.216916,-0.155013)
(0.0226898,0.04064)
(0.285399,-0.152169)
(-0.0256117,-0.0637747)
(-0.0457491,-0.0212356)
(0.468014,-0.112813)
(-0.0598174,0.0908545)
(0.00511651,0.0501123)
(-0.0342663,-0.00844305)
(0.398587,-0.0792201)
(0.00210266,-0.0218576)
(-0.0487592,-0.0500713)
(0.0625169,0.0238264)
(0.00521822,0.0374419)
(0.0453243,0.037836)
(0.0739355,0.00214113)
(-0.112114,0.0211503)
(0.0135821,-0.00307465)
(-0.0365449,0.0347151)
(0.0477245,-0.0499742)
(-0.0664371,0.0328937)
(-0.00158983,0.0407024)
(0.0769876,0.0292029)
(0.066233,0.0372243)
(0.0200999,-0.0510331)
(-0.0358012,-0.0275558)
(0.000661649,-0.0825664)
(-0.00138159,-0.00398773)
(0.00453446,-0.041498)
(-0.0143753,0.0119886)
(0.0515853,0.0209056)
(0.0709395,0.0148225)
(0.0438399,0.0767632)
(0.00930848,0.019619)
(0.00115777,0.038172)
(-0.0177785,-0.0731482)
(-0.0603681,-0.105375)
(-0.0757967,-0.0965167)
(-0.0565851,-0.0435769)
(0.00790137,-0.00374897)
(0.0212358,-0.0328344)
(0.012054,0.0146436)
(0.466267,-0.106179)
(-0.0619628,0.00235301)
(0.0353388,0.0167822)
(0.00832403,0.00902734)
(0.427008,-0.0572567)
(0.0445279,-0.000673278)
(0.0202165,-0.0208567)
(-0.022745,-0.0307555)
(-0.00124456,0.00832598)
(0.0198619,-0.0113186)
(-0.0135785,-0.041005)
(0.0227205,-0.00384799)
(0.385134,-0.0860792)
(0.0329735,-0.00863245)
(-0.0810433,0.00265451)
(0.633124,-0.146449)
(0.0128424,-0.0154092)
(-0.007064,0.00776243)
(0.0242295,-0.0305693)
(0.472289,-0.0764206)
(0.0372098,0.0279381)
(-0.0400148,-0.02814)
(-0.0130831,-0.0435057)
(-0.125117,-0.00707994)
(-0.00946253,-0.0184857)
(-0.0762652,-0.059698)
(-0.000681931,-0.0614974)
(-0.0089008,0.0281834)
(-0.00265397,-0.0379971)
(-0.00564147,-0.0590459)
(0.00942691,-0.049776)
(0.425675,-0.0573997)
(0.0538586,0.00263249)
(-0.0429626,0.0321347)
(-0.0270776,-0.0255216)
(0.00245956,-0.00119409)
(0.00745601,-0.0625334)
(-0.0117326,0.072535)
(-0.0195722,-0.0439536)
(-0.0110294,-0.0108699)
(0.0059898,-0.0730511)
(0.00425779,0.0449688)
(0.0074186,0.0701408)
(0.442441,-0.0853805)
(0.00729286,-0.00432217)
(0.0166228,-0.00486447)
(-0.0178464,0.0436724)
(0.0266736,-0.0208772)
(-0.0495526,0.0810506)
(-0.00121152,0.00741396)
(0.150977,-0.175353)
(0.202353,-0.101519)
(0.134663,-0.14416)
(0.00956407,0.00612422)
(-0.0100121,0.0234605)
(0.605664,-0.173759)
(0.344917,-0.12149)
(-0.0215569,0.00544524)
(0.398403,-0.0793987)
(0.462491,-0.051176)
(0.197705,-0.111865)
(0.0521345,-0.0118631)
(0.0363913,-0.0243478)
(0.053892,0.0409622)
(0.10831,-0.004015)
(0.0111244,0.044129)
(0.0100952,0.0457912)
(-0.0687661,0.00487139)
(0.0789332,0.00114198)
(-0.0935893,0.0101345)
(-0.0320687,-0.0275512)
(0.0528206,-0.00588216)
(0.467418,-0.119504)
(-0.034189,0.0349405)
(-0.000426256,0.00881037)
(-0.0413593,0.0140991)
(0.554486,-0.0950909)
(-0.0447721,0.0765696)
(-0.0128802,-0.00523732)
(0.522943,-0.145352)
(0.502105,-0.0871898)
(-0.0315346,0.0218265)
(0.337814,-0.0831246)
(-0.00312317,0.0381935)
(-0.0256652,0.0727158)
(0.474862,0.0119183)
(0.268374,-0.0830205)
(0.405387,-0.108547)
(0.468904,-0.048649)
(0.0195019,-0.0142596)
(0.751673,-0.0256288)
(-0.0430462,0.00123248)
(-0.0237258,0.0846241)
(0.0546176,-0.00643803)
(0.17783,-0.0757667)
(-0.0412167,0.0434064)
(0.10127,-0.0752187)
(0.00832442,-0.00375031)
(0.0193236,-0.00583499)
(0.0291864,-0.0136446)
(0.0193901,-0.00587168)
(0.0571434,-0.00313225)
(-0.00903884,0.0459225)
(0.0672649,0.0381744)
(0.107331,-0.0480569)
(-0.0732894,0.00466764)
(0.0169481,-0.0509351)
(0.0206244,0.0597212)
(0.0124918,0.0462325)
(0.0257734,0.0190693)
(0.458249,-0.0617638)
(-0.0382329,0.0929729)
(0.029028,0.00112858)
(-0.00505132,-0.0156225)
(-0.0125683,0.0320469)
(0.0495175,0.00503143)
(0.0235754,0.0451008)
(-0.0476526,-0.0876107)
(-0.0282005,-0.00953098)
(0.554723,-0.0761209)
(-0.0220394,0.00814332)
(0.337997,-0.0319794)
(-7.52631e-05,0.0161565)
(0.0528973,0.029672)
(0.00294318,0.00265462)
(0.0914736,-0.0396078)
(-0.0327244,-0.0275375)
(0.0161685,-0.0973638)
(0.0199443,-0.0372119)
(-0.00450025,-0.0387479)
(0.0335162,0.0162406)
(0.0308586,-0.0340621)
(0.0691946,-0.00386752)
(0.0400804,0.0264118)
(0.448778,-0.124365)
(0.306895,-0.064458)
(-0.0232514,-0.0166166)
(0.0466306,-0.0387905)
(0.022677,-0.015858)
(0.0695713,-0.0445335)
(0.456469,-0.135019)
(0.0470013,0.0307532)
(0.0797982,-0.00762173)
(0.0905183,0.0238462)
(0.0741999,-0.0148336)
(0.302453,-0.143424)
(0.0569065,0.00918132)
(-0.0344603,0.00143567)
(-0.0220158,0.0039432)
(-0.0117701,0.0204985)
(0.4923,-0.0632315)
(0.0365598,-0.0270441)
(-0.0251756,-0.00428535)
(0.036816,0.0557199)
(0.0326889,0.0115434)
(0.0266249,-0.00423808)
(0.487078,-0.077165)
(0.409887,-0.153365)
(0.658672,-0.0578241)
(0.0368043,-0.0648219)
(0.0370184,-0.00804037)
(0.488627,-0.0637607)
(0.037546,-0.0155945)
(0.0961356,-0.0611645)
(0.288592,-0.186602)
(-0.0550698,-0.0347664)
(-0.0602008,0.0128294)
(-0.0567913,-0.00883839)
(-0.0474144,0.0474037)
(-0.029021,0.0369097)
(0.160964,-0.0677825)
(0.183693,-0.129782)
(0.285064,-0.149029)
(0.28242,-0.0556976)
(0.634595,-0.162642)
(-0.0115218,-0.0407915)
(-0.0567678,0.00747809)
(-0.0306881,0.00907358)
(0.105327,0.090493)
(0.545239,-0.0643448)
(0.541377,-0.121751)
(0.00262922,0.00625332)
(-0.0316343,-0.0491954)
(-0.0116278,-0.0281324)
(0.580931,-0.195643)
(0.017454,0.08016)
(0.0593078,0.031417)
(-0.0460188,-0.00656665)
(0.619562,-0.0708787)
(0.0520163,0.0397337)
(-0.0333297,0.0560711)
(0.553017,-0.129904)
(0.515903,-0.124448)
(-0.0194318,0.030645)
(-0.0207903,0.0101198)
(-0.0284335,-0.0410449)
(-0.00130936,-0.0368847)
(0.0311862,-0.0230027)
(0.00101105,-0.00811414)
(0.0185994,-0.00645546)
(0.464229,-0.151516)
(0.681799,-0.0232109)
(0.605784,-0.129105)
(0.543258,-0.0576415)
(0.446634,-0.110515)
(0.18087,-0.101609)
(0.277792,-0.0360848)
(0.195119,-0.0717947)
(0.171626,-0.0940156)
(-0.0228238,-0.0391321)
(0.0191972,-0.0539644)
(0.291342,-0.0579408)
(0.550127,-0.152877)
(0.549184,-0.118873)
(0.443985,-0.0613413)
(0.524908,-0.148307)
(0.0061965,0.036513)
(0.526707,-0.0709767)
(-0.0337177,0.0803357)
(0.0204091,-0.0344297)
(-0.0306446,-0.0452357)
(-0.00219174,0.0624716)
(-0.0567531,-0.0204388)
(-0.012907,-0.0888484)
(-0.00798891,0.011135)
(0.0335949,-0.0316086)
(0.035653,0.0615102)
(0.410608,-0.0953363)
(-0.00995795,-0.0549237)
(0.472485,-0.205214)
(0.461092,-0.0125661)
(0.449973,-0.155031)
(-0.0360582,-0.00101829)
(0.0674987,0.0589079)
(-0.0205801,0.0243269)
(0.553563,-0.0984872)
(-0.0352966,-0.0480154)
(0.0156886,-0.00200925)
(0.315802,-0.132555)
(0.246784,-0.142269)
(0.519993,-0.0819323)
(0.378579,-0.0565346)
(0.592696,-0.219294)
(0.490228,0.0360944)
(-0.0120794,-0.0614308)
(-0.0147211,-0.0687623)
(0.0157344,0.0205548)
(0.0258459,0.0739604)
(0.0176515,0.0787697)
(-0.0108013,-0.0271494)
(0.0233167,0.00889925)
(0.279275,-0.109775)
(0.198829,-0.0337051)
(-0.0409158,-0.00505871)
(0.191278,-0.0289031)
(-0.0125903,-0.0255684)
(0.461386,-0.13312)
(0.553962,-0.030921)
(-0.0557357,0.0333105)
(0.0296674,0.0450825)
(0.0626922,0.0106047)
(0.0770548,-0.0380873)
(0.435511,-0.204944)
(0.0225409,-0.0628388)
(0.141329,-0.0902182)
(-0.0505139,0.0809502)
(0.289315,-0.145984)
(0.00838411,0.0637253)
(0.347421,-0.0780564)
(-0.00365562,0.048403)
(0.0270616,0.0312579)
(0.0227327,0.00126517)
(0.0186755,0.0276723)
(0.491384,-0.0631376)
(-0.0126411,0.0351562)
(0.496399,-0.12767)
(0.462546,-0.0809954)
(-0.00969169,0.0121238)
(0.494538,-0.0350678)
(0.579378,-0.011754)
(0.542645,0.0210155)
(0.0224244,0.0212713)
(0.468762,-0.140914)
(-0.0613044,0.0599451)
(-0.0534138,0.0355404)
(-0.040602,0.0624882)
(-0.031631,-0.00220204)
(-0.0248355,0.0755269)
(-0.0304128,-0.0114066)
(-0.0622498,0.0301682)
(0.718279,-0.00801851)
(-0.0442766,0.0112723)
(0.107184,-0.0279692)
(0.405505,-0.118399)
(0.450975,-0.0961576)
(-0.00102239,0.00265526)
(0.0587483,-0.0102213)
(-0.0257643,-0.0113033)
(0.40255,-0.161258)
(-0.045667,0.00625143)
(0.473789,-0.222093)
(0.373485,-0.119259)
(-0.0570393,-0.0204098)
(-0.00716885,-0.00675533)
(0.532745,-0.00798501)
(-0.0561537,-0.0193376)
(-0.0168517,-0.0358751)
(-0.0232074,0.0530385)
(0.446717,-0.109334)
(0.466436,-0.0988681)
(0.196612,-0.112929)
(0.448412,-0.138067)
(0.501585,-0.0690846)
(0.0885485,-0.0249888)
(0.49153,-0.104724)
(0.576343,-0.0394423)
(0.0258567,-0.108305)
(0.504919,-0.0254151)
(0.0724973,0.0620253)
(0.500883,-0.0660308)
(0.094783,-0.0138417)
(-0.0116372,0.05038)
(-0.02704,-0.0179144)
(0.0561666,0.037453)
(0.000325282,0.0873641)
(0.0554846,0.0906624)
(0.00287997,0.0739406)
(0.0387557,0.0339502)
(0.12623,-0.0899796)
(0.0228055,0.00594075)
(-0.0139412,-0.0148936)
(0.0310458,0.0433436)
(0.0117802,-0.0130599)
(0.0138042,0.0163573)
(0.0432519,0.0026558)
(-0.00160149,0.0581464)
(0.12147,-0.0859561)
(-0.0223622,0.0213936)
(0.0414052,-0.00939193)
(0.63121,-0.0693115)
(0.369991,-0.173673)
(-0.0265756,0.0167837)
(0.0867512,0.138137)
(-0.00211875,0.112094)
(0.133264,0.0235657)
(-0.0499878,-0.00437887)
(0.100784,-0.00565187)
(0.22075,-0.0924567)
(0.620903,-0.152579)
(0.583214,-0.126208)
(0.0147439,0.0698858)
(0.0522737,-0.0352997)
(0.546412,-0.137703)
(0.010452,0.0335675)
(0.0438239,0.0130319)
(0.0859474,-0.0249199)
(0.498307,-0.0493155)
(0.0813923,-0.0687876)
(0.243759,-0.166731)
(0.00514134,-0.0126985)
(0.123594,-0.122064)
(0.195828,-0.0847275)
(0.282711,-0.0528458)
(0.348669,-0.105032)
(0.0927772,0.0370606)
(-0.0350409,0.0422686)
(0.393619,-0.134581)
(-0.0237055,0.0779025)
(0.0260588,-0.00309866)
(0.0287905,-0.027189)
(0.477901,-0.151645)
(0.016189,-0.0254531)
(0.438531,-0.107136)
(0.043906,-0.0178571)
(0.00968416,0.0359066)
(-0.0251919,-0.0134145)
(-0.0126893,0.0540683)
(-0.0206065,0.0227243)
(-0.000582875,0.0312057)
(0.0254673,0.0253289)
(-0.0279121,0.0205325)
(-0.0233745,0.0658569)
(0.523354,-0.123817)
(-0.0114117,-0.00947065)
(0.0475029,0.0184412)
(0.512213,-0.0579428)
(0.084829,0.010212)
(-0.017689,0.0321953)
(-0.0117861,0.0100156)
(-0.009577,0.0271015)
(-0.0543464,0.0495076)
(0.129632,-0.0931368)
(0.00564857,0.0677627)
(-0.0468688,-0.0415982)
(-0.0488678,-0.0739149)
(0.0375877,-0.0187646)
(-0.0454736,-0.0380166)
(0.493881,-0.00151353)
(-0.0393706,0.0699615)
(0.647322,-0.123991)
(0.349622,-0.135164)
(0.505585,0.0186534)
(-0.0352798,-0.00294552)
(0.387251,-0.0282592)
(0.411405,-0.13911)
(0.392054,-0.0550866)
(-0.0593695,0.0428077)
(0.0231901,0.0574317)
(-0.0585259,0.0723282)
(-0.0141842,0.0278839)
(0.556485,-0.164675)
(0.567685,-0.104749)
(-0.0377309,-0.00115032)
(-0.0314073,0.00858363)
(-0.00514992,0.00964909)
(0.0547242,0.00980809)
(0.338547,-0.068862)
(0.0519836,-0.00349703)
(0.0500191,0.0286029)
(0.0238595,0.0352272)
(0.0840137,-0.00315464)
(0.384009,-0.0764306)
(-0.0563352,-0.0841382)
(0.458942,-0.0357812)
(0.0088805,0.0101403)
(0.047664,0.0668928)
(0.0808313,0.0373688)
(0.638585,-0.162379)
(0.0137624,0.00953515)
(0.294296,-0.116393)
(0.546373,-0.143311)
(-0.0474274,0.00106837)
(0.000232679,0.0355742)
(0.0762522,-0.0975086)
(-0.014818,0.0670273)
(-0.0686092,0.0320373)
(0.0199502,-0.123766)
(0.372971,-0.166914)
(0.25972,-0.194195)
(0.0558208,-0.0424895)
(0.016761,-0.0142451)
(0.0104257,-0.012952)
(-0.101467,0.0672021)
(0.00424118,-0.0039559)
(0.00818204,-0.0442118)
(0.415844,-0.08168)
(0.523593,-0.0899772)
(0.626102,-0.0726039)
(-0.0129348,-0.0451096)
(0.35326,-0.0732716)
(-0.0413343,0.0233453)
(0.0429354,0.0229106)
(0.0357674,0.0122752)
(0.0185552,0.134481)
(-0.0111906,0.0317658)
(0.0650843,-0.0554385)
(0.268894,-0.0811698)
(0.572908,-0.11479)
(0.546678,-0.137075)
(0.0870018,-0.0799679)
(0.529554,-0.168041)
(0.019209,-0.120678)
(0.416877,-0.172021)
(0.462436,-0.0684638)
(-0.0102383,-0.0922076)
(0.475268,-0.113615)
(0.432959,-0.141167)
(0.528249,-0.1381)
(0.412096,-0.112908)
(0.517795,-0.0904874)
(0.10414,-0.0499835)
(0.257226,-0.13137)
(0.201897,-0.0342115)
(0.431464,-0.0743237)
(0.0244148,-0.0434003)
(0.521028,-0.0532153)
(0.374957,-0.147904)
(0.0068661,-0.00201343)
(-0.0609351,0.0106662)
(-0.0751629,0.0721607)
(-0.0632009,-0.0476476)
(0.416646,-0.154565)
(-0.0186787,0.011374)
(0.468028,-0.146189)
(0.00190897,0.00655859)
(0.265274,-0.0515331)
(-0.0119563,-0.0501748)
(-0.0264239,-0.0429618)
(0.444864,-0.115484)
(0.0490043,0.081857)
(0.0890512,-0.0732936)
(0.516282,-0.152883)
(0.0486023,-0.0390913)
(-0.00473127,-0.0505792)
(-0.0463132,0.027538)
(-0.0641774,-0.0278184)
(-0.0284712,0.0250007)
(-0.0138153,0.00264451)
(0.542202,-0.144602)
(0.558102,-0.177317)
(0.421616,-0.0977793)
(-0.0253575,-0.0930451)
(0.0079877,0.0656574)
(0.354731,-0.188542)
(-0.0202629,0.0339318)
(0.00906522,-0.0029223)
(0.0214901,-0.0407083)
(-0.033532,-0.0371553)
(0.548683,-0.111119)
(0.440217,-0.0596832)
(0.487191,-0.0988857)
(0.408372,-0.0410692)
(0.405559,-0.0781148)
(-0.0896258,-0.0188664)
(0.420979,-0.0361878)
(0.305774,-0.109053)
(-0.0638766,-0.093227)
(0.353232,-0.0842338)
(0.482397,-0.119671)
(0.0262555,-0.0635682)
(0.00239881,0.0713894)
(0.541507,-0.123022)
(0.00839877,0.0154803)
(0.0376508,-0.0292313)
(0.421247,-0.130998)
(0.0464063,-0.00179637)
(-0.0245251,-0.0412079)
(0.0436465,0.0392401)
(0.0708367,-0.0255979)
(0.498068,-0.0494187)
(-0.0225794,0.0260648)
(-0.0666266,0.0853897)
(-0.00260486,0.0260937)
(0.394299,-0.0604832)
(-0.0261399,0.0463761)
(0.0145656,0.0264741)
(-0.0343907,0.0658697)
(0.0895312,-0.0462789)
(-0.0492676,-0.0815921)
(0.0352871,0.00733453)
(0.107507,0.0275561)
(0.114224,0.00916917)
(0.0152078,0.0548485)
(0.0726058,0.0670844)
(0.0932045,0.0605149)
(0.477804,-0.0972601)
(-0.0659389,0.0399159)
(0.525195,-0.023774)
(-0.0240901,-0.00267972)
(-0.0251095,-0.0560611)
(0.189817,-0.0974641)
(0.535032,-0.136343)
(0.324435,-0.102906)
(-0.0547037,0.0526835)
(-0.0142684,-0.0290991)
(0.0478696,-0.0191285)
(0.0283758,-0.0372375)
(-0.00680808,-9.54118e-06)
(-0.0301301,0.0278851)
(-0.0528684,-0.0294019)
(0.0201462,0.0267841)
(-0.071921,-0.0111008)
(0.000755452,0.0540706)
(0.00729049,-0.0210035)
(0.412967,0.057804)
(0.00256942,0.0576668)
(0.0650793,0.00680915)
(0.0235344,0.00970203)
(0.0350788,0.0233536)
(0.186212,-0.0486228)
(0.126492,-0.0698667)
(-0.0185478,0.038)
(0.112223,-0.113132)
(0.548073,-0.0763529)
(-0.0511508,-0.087758)
(0.446809,-0.0850792)
(-0.0258208,-0.138865)
(-0.0114507,0.0277376)
(0.103973,-0.0208761)
(0.0506464,-0.0630663)
(0.0900546,-0.0278699)
(-0.0546949,0.00597721)
(0.0286755,-0.0140021)
(-0.0588993,-0.0335191)
(-0.0245162,0.0622329)
(-0.00376625,-0.00246106)
(0.334739,-0.144668)
(0.34552,-0.135037)
(0.0286049,0.00763106)
(0.172914,-0.0441644)
(0.203116,-0.0567234)
(0.593017,-0.101349)
(0.0144341,0.00169812)
(0.106598,-0.0328063)
(0.494433,-0.146084)
(0.1352,-0.0153438)
(0.114128,-0.0815267)
(-0.0429284,-0.0440167)
(-0.0100984,-0.0657087)
(0.0973066,-0.034535)
(-0.0395966,-0.0154042)
(0.441946,-0.0505484)
(0.38228,-0.133756)
(0.0171141,0.00262085)
(0.0507666,0.0114606)
(0.167889,-0.0913339)
(0.0514072,-0.047119)
(0.128077,-0.0528735)
(-0.00497368,0.0454278)
