1620
(-0.019078,-0.0964587)
(0.0173198,0.0137762)
(0.0595284,0.0810969)
(0.00417568,-0.128636)
(-0.0445475,-0.0243998)
(-0.00642873,0.0349991)
(0.0986261,0.00950475)
(0.0149433,-0.00277796)
(0.0377136,-0.0141417)
(-0.00500253,0.0035238)
(-0.0737683,0.0628528)
(-0.0329668,0.040805)
(-0.0143785,-0.0295265)
(-0.0399724,-0.0112177)
(-0.00699253,0.0263865)
(-0.0237964,0.0217823)
(-0.0439848,-0.0466591)
(0.00846868,0.018672)
(0.0314966,-0.0139289)
(-0.0069743,0.00843811)
(-0.0450963,-0.0111671)
(0.0137098,0.0244143)
(-0.0412114,0.018891)
(-0.0505911,-0.0140984)
(0.0069594,0.0192697)
(0.0416145,0.0101333)
(-0.0168257,0.0347844)
(0.0447901,-0.0560666)
(-0.0430139,0.0200715)
(0.0328984,-0.0144485)
(0.037155,0.0309584)
(0.0546518,-0.0206453)
(0.0107773,0.0607751)
(-0.0645248,0.0339335)
(0.0406774,0.0256252)
(0.00706425,0.0526457)
(0.0537951,-0.0118278)
(-0.0169043,0.064135)
(-0.0452858,0.0171314)
(0.0185829,-0.00310959)
(0.00825068,-0.0803751)
(0.0596602,-0.00180652)
(0.0581682,0.04809)
(0.130015,0.00996078)
(-0.0266557,0.0749892)
(0.142541,-0.0373546)
(0.117796,-0.056696)
(-0.0223579,-0.00442325)
(0.0455987,-0.0455244)
(-0.0109843,-0.0264145)
(0.040894,0.00199172)
(0.0458048,-0.015431)
(0.00769949,-0.000797405)
(0.0256364,-0.015248)
(-0.0178406,0.0141871)
(-0.0294054,0.024105)
(0.00676782,0.0152411)
(0.0194069,0.0358406)
(-0.038653,-0.0276944)
(0.0690896,-0.0161827)
(-0.0380756,-0.00882505)
(0.158572,-0.0730708)
(-0.000644663,0.0152966)
(0.379831,-0.117342)
(-0.0124503,0.0126629)
(-0.00726529,0.024936)
(0.00236387,-0.0142891)
(-0.00195233,0.00684123)
(0.0207701,0.0915947)
(-0.0128741,-0.0719275)
(-0.0191063,0.0433678)
(-0.000319287,0.018758)
(-0.05024,0.0522405)
(-0.0668525,0.0324768)
(0.00991802,0.0204054)
(-0.0681579,0.0451434)
(0.00635111,-0.0255499)
(0.0404989,-0.0578462)
(-0.0303087,0.00357735)
(0.0765958,-0.0535328)
(0.0451147,-0.0532453)
(-0.0283424,-0.0231058)
(-0.002668,-0.084128)
(0.0224671,0.00814056)
(-0.000266922,0.0360479)
(0.00374305,-0.0313789)
(-0.00821527,0.00326346)
(-0.0530053,-0.013074)
(0.0527062,0.0214755)
(0.0174802,-0.00610264)
(-0.0955906,-0.0183806)
(-0.0422594,-0.00772152)
(0.447342,-0.0775318)
(-0.0200078,0.0619186)
(-0.0390824,0.0576907)
(0.577111,-0.0191202)
(-0.0383553,0.0419224)
(0.458644,-0.119448)
(-0.0268613,-0.069655)
(-0.0483049,-0.0532556)
(0.0622818,-0.0111824)
(-0.0341454,-0.0220768)
(0.0494388,-0.0645588)
(0.0037956,-0.0459191)
(0.00248105,-0.100371)
(0.429915,-0.0878586)
(-0.0275185,0.0433415)
(-0.0816688,-0.00196493)
(0.0119277,0.0234031)
(0.0116713,0.0123263)
(0.00170707,0.0363468)
(0.567106,-0.153348)
(0.343133,-0.0543765)
(-0.0146836,-0.00310876)
(0.464816,-0.0549159)
(0.0370335,0.0908028)
(0.029314,0.0720945)
(0.521448,-0.101002)
(-0.0027839,-0.0273044)
(0.492697,-0.106603)
(0.41106,-0.0767518)
(0.00877768,0.0399136)
(0.362953,-0.0806926)
(0.296591,-0.147831)
(0.253978,-0.0799928)
(0.00167852,-0.0260394)
(0.0803193,0.0187984)
(0.0391915,0.070201)
(0.323052,-0.137493)
(0.0617885,0.0153661)
(0.0804837,0.035522)
(0.0535764,-0.00850835)
(-0.0426623,-0.0321023)
(-0.025136,-0.00248906)
(-0.0223047,-0.0233316)
(0.0413592,-0.0149234)
(-0.0429238,0.0343239)
(0.00247275,0.0592765)
(0.389823,-0.120648)
(-0.00841444,-0.0056188)
(-0.0164657,0.0400039)
(0.0116916,0.0527889)
(0.0149231,0.0259434)
(0.0151997,-0.0479239)
(0.0809719,-0.0315899)
(0.0317963,-0.0282052)
(6.73715e-05,-0.0167898)
(0.412929,-0.125292)
(0.418007,-0.131601)
(-0.0622123,0.0139067)
(0.538221,-0.153195)
(0.206796,-0.0995948)
(0.647532,-0.0601797)
(0.458589,-0.0311763)
(0.512746,-0.0602033)
(-0.00275685,0.0142903)
(0.0723663,0.0434802)
(0.382395,-0.05981)
(0.385421,0.000971613)
(-0.0156203,0.0388324)
(-0.0232258,0.0704768)
(0.0111634,0.0119358)
(0.0255222,0.0522577)
(-0.0494144,-0.0360443)
(-0.0104846,0.0186865)
(-0.0565368,-0.0115197)
(0.0190897,-0.0247781)
(-0.00439179,-0.0356369)
(0.0316321,0.0284903)
(-0.0214275,0.0683898)
(0.0357833,-0.00235241)
(0.0446889,0.0185935)
(0.426981,-0.148845)
(0.411921,-0.126517)
(0.54966,-0.119221)
(0.518402,-0.0779497)
(0.0550902,-0.0694792)
(0.107493,-0.0254205)
(-0.0469941,-0.0455226)
(-0.0836037,0.0420973)
(-0.0392073,-0.0219247)
(0.0283795,-0.0207015)
(0.0137168,-0.0187585)
(0.00341405,0.0131861)
(-0.00523308,0.0163873)
(0.0105608,-0.029571)
(0.0123587,-0.0160161)
(0.0976818,-0.0237227)
(0.0215192,0.0536382)
(0.452076,-0.148416)
(0.492011,-0.113469)
(0.427392,-0.106156)
(0.64182,-0.148052)
(-0.0356991,-0.0402171)
(9.88643e-05,0.00230324)
(-0.00637747,0.056487)
(-0.000475196,0.0390962)
(-0.0678414,0.0467144)
(-0.0382229,-0.0641776)
(-0.0174049,0.00635639)
(0.0109823,-0.107418)
(0.0302048,-0.110581)
(-0.0543735,-0.0211204)
(-0.0224916,-0.00927987)
(-0.00491082,-0.00673615)
(-0.00786554,0.0210377)
(0.439048,-0.114127)
(0.450051,-0.105586)
(-0.0820242,0.0194912)
(0.369619,-0.12979)
(-0.00531518,-0.002616)
(0.429523,-0.111275)
(0.405521,-0.0891308)
(-0.065637,-0.0167345)
(-0.0373852,-0.00862463)
(0.0601007,0.0458831)
(0.0423546,0.0133482)
(0.476841,-0.149291)
(0.58396,-0.178662)
(0.0160942,-0.0355477)
(-0.0203228,-0.0178371)
(-0.0377738,-0.00623706)
(0.019755,0.0548063)
(0.536403,-0.297422)
(-0.0308805,-0.0489262)
(-0.0553658,-0.0659876)
(0.324226,-0.210658)
(-0.061491,0.0318018)
(-0.053276,0.012217)
(-0.0505275,-0.041454)
(-0.0346118,-0.00657917)
(0.46337,-0.100994)
(0.444968,-0.135624)
(0.55731,-0.0555536)
(0.513364,-0.0860394)
(-0.023185,0.027411)
(-0.0560705,-0.016726)
(-0.0433131,-0.0154807)
(0.158502,-0.0534539)
(0.00263406,0.045556)
(0.0221097,-0.00997685)
(-0.01341,-0.0578666)
(-0.0117727,0.0800223)
(-0.0261715,0.0792198)
(0.00656184,-0.0585639)
(-0.0679258,0.0315285)
(0.0374971,-0.0229186)
(0.0311888,-0.0324159)
(0.0106207,0.00102251)
(-0.0547094,-0.0156706)
(-0.0118617,0.00236659)
(-0.071031,0.0485831)
(-0.0104363,-0.00024722)
(-0.0194621,-0.0206865)
(-0.0560988,0.00820909)
(0.00865184,-0.0528908)
(0.0601505,-0.00752889)
(-0.0144651,0.002366)
(0.0028515,-0.0296234)
(-0.00501556,-0.0524041)
(0.0432725,-0.0948414)
(-0.0175543,0.0257163)
(0.0120126,0.0271823)
(-0.0438655,-0.0160104)
(0.473404,-0.0225729)
(-0.0381782,-0.0302007)
(-0.0752238,-0.0912971)
(-0.0474652,-0.0189664)
(0.040795,0.00693856)
(0.0510035,0.0426226)
(-0.00222534,0.0111906)
(0.043176,0.0170664)
(-0.0596678,-0.013611)
(-0.0110239,0.0439344)
(0.00118513,-0.0318182)
(0.489483,-0.0237367)
(-0.00332839,0.0227654)
(-0.0359456,-0.00547906)
(0.0193012,0.0241867)
(-0.00185238,0.0346396)
(-0.0097706,0.0412047)
(-0.00191346,0.0435997)
(0.0126051,-0.0295173)
(0.00148961,-0.0627494)
(0.105097,0.0469916)
(0.0314878,0.0307645)
(0.0208067,0.0141737)
(-0.04109,0.00708006)
(0.075327,0.0191134)
(0.0905098,0.01865)
(0.00253326,0.0540331)
(0.0280885,-0.0102122)
(-0.0603339,0.015687)
(-0.035182,0.0311545)
(-0.0290906,-0.000352018)
(-0.0654002,0.0314975)
(0.0241862,-0.037668)
(-0.0153986,0.0375744)
(-0.0726677,-0.0381154)
(-0.0523216,0.00671888)
(-0.0027282,0.0306289)
(-0.101489,0.0100289)
(-0.0437856,-0.0262267)
(-0.00970857,-0.0135728)
(0.00604802,0.000559717)
(0.0200884,-0.00738611)
(0.0358773,0.0405991)
(0.389842,-0.0726458)
(-0.01512,0.0324793)
(-0.0262085,0.0558994)
(-0.030546,-0.00827346)
(-0.0818006,-0.0625006)
(-0.0970274,-0.0553257)
(-0.0422713,-0.0642525)
(-0.00042596,-0.0167043)
(-0.0456667,-0.0379719)
(0.0058375,-0.081332)
(-0.0696963,-0.0671009)
(-0.0568956,-0.0555814)
(0.429277,-0.152458)
(0.0037357,-0.0434729)
(-0.0267049,0.00448856)
(-0.00162292,-0.00883635)
(0.0260589,-0.00837625)
(0.0183975,0.00556687)
(0.0126964,0.011882)
(0.065504,-0.0567229)
(0.00914579,0.0102939)
(0.0249189,0.0246588)
(-0.0132094,-0.0383338)
(0.0168045,-0.0229609)
(-0.0402279,-0.0258714)
(-0.042244,0.00647152)
(0.0344095,-0.034769)
(-0.0287819,-0.0268039)
(0.4458,-0.0137903)
(0.00265048,-0.0407863)
(0.0639789,0.0573465)
(-0.0608288,-0.0300637)
(0.0591074,-0.0399182)
(0.0345803,-0.015617)
(-0.0800789,-0.0690483)
(0.0627481,0.0425177)
(-0.0143324,-0.00334493)
(-0.0164781,-0.01831)
(0.0275808,0.059517)
(0.0274391,0.0485978)
(-0.00658615,0.0525391)
(-0.0386031,0.00306358)
(0.169052,-0.00084466)
(0.37161,-0.120793)
(0.438569,-0.0981858)
(0.094014,-0.0656323)
(0.00930488,0.0029054)
(0.434295,-0.118357)
(-0.0646523,0.045069)
(0.0158507,-0.0496451)
(-0.0605168,0.0184875)
(-0.0275048,-0.0458708)
(-0.00459338,-0.0209846)
(0.262577,-0.125359)
(0.10114,-0.0527639)
(0.0678506,0.0285788)
(-0.02184,0.0113751)
(-0.0111127,-0.0113282)
(0.0496206,0.0403578)
(0.415109,-0.172383)
(-0.00659484,-0.0175619)
(-0.0409426,-0.0482987)
(-0.0287257,-0.0128441)
(0.036798,0.0705923)
(-0.0440928,-0.0535901)
(-0.0634997,-0.0258715)
(0.0466952,0.0743085)
(0.436244,-0.111948)
(0.417948,-0.00238344)
(0.032155,-0.0234239)
(0.00875519,-0.0698126)
(0.00511204,0.00840263)
(0.0596767,0.0382146)
(-0.0504586,0.0455736)
(0.139904,-0.00499333)
(0.35804,-0.0902222)
(-0.00937814,-0.0201037)
(0.0194623,-0.0401737)
(-0.018492,0.016185)
(0.042286,0.0226362)
(0.0320841,0.0784225)
(-0.0242273,0.0294534)
(0.0319875,-0.0017845)
(0.000749847,-0.0253582)
(-0.00013966,0.027924)
(-0.0274311,-0.0428988)
(-0.0619833,-0.0725407)
(0.0374456,0.0738907)
(0.0589428,0.0484388)
(-0.0616206,-0.0271247)
(-0.0288282,-0.0661398)
(0.0151621,0.0407646)
(0.0423107,0.0209082)
(0.0565144,0.00888756)
(-0.0441035,0.0344402)
(-0.00934666,0.0186461)
(0.549642,-0.155103)
(-0.0139263,0.00213289)
(0.00682107,0.0570927)
(-0.0879129,-0.0812125)
(-0.0713868,-0.0459487)
(0.0159242,0.0208591)
(0.0402054,-0.027085)
(-0.0292781,-0.0484956)
(0.0617364,-0.037081)
(-0.0110969,0.0647052)
(0.0116111,-0.0434912)
(0.475506,-0.0896277)
(-0.00724545,0.0739724)
(0.0339295,0.0269135)
(-0.0122602,0.0339271)
(0.0645378,-0.0294544)
(0.0532981,0.00292032)
(-0.0238933,-0.0480257)
(0.0224097,-0.0220215)
(0.0355079,-0.0464926)
(-0.040054,-0.0737704)
(0.0101439,0.0370206)
(-0.00796096,0.0291409)
(0.413325,-0.101365)
(-0.0583364,-0.0027107)
(0.0270732,0.0311636)
(0.0574812,0.0355475)
(-0.0536139,-0.0149794)
(-0.0464777,0.0129835)
(0.0122798,-0.00737191)
(0.0824556,0.0181771)
(0.0798843,0.0538124)
(0.0612127,0.0155356)
(-0.01209,-0.054199)
(0.0171976,0.00501004)
(-0.0756676,-0.0444929)
(-0.0462941,-0.0513612)
(-0.00977859,-0.000603624)
(0.00560292,-0.000739434)
(0.0725084,-0.0106184)
(0.0131461,-0.0196644)
(-0.0403477,-0.0205167)
(-0.0405102,-0.0574212)
(-0.0395282,-0.0559869)
(0.0914425,-0.0523734)
(-0.00846285,-0.0184198)
(0.237167,-0.149659)
(0.0269107,-0.0115253)
(0.00712117,0.041034)
(-0.0230443,0.0255105)
(0.0162018,0.00197038)
(-0.0502615,0.0591131)
(-0.00891064,-0.0263176)
(0.00828551,0.0327456)
(-0.0221445,0.000357748)
(0.0165275,0.0188705)
(0.0139454,-0.0215781)
(0.0111136,0.0325924)
(-0.0473948,0.00768478)
(0.00314348,0.0091864)
(-0.00115772,0.027968)
(-0.0147023,0.0528642)
(-0.0443099,-0.0100043)
(-0.0838082,-0.0227981)
(0.0191441,-0.0201303)
(0.427629,-0.13754)
(-0.0803832,0.0105326)
(0.575509,-0.0419171)
(0.0492109,0.0676084)
(-0.0279735,0.0935305)
(-0.0228728,0.0839718)
(0.0178127,0.00541375)
(0.0457113,0.0351799)
(0.00202557,-0.0593451)
(0.0192204,0.0180762)
(-0.00115204,-0.0058205)
(-0.0178569,0.0397711)
(-1.79043e-05,-0.0114584)
(0.439169,-0.125396)
(-0.0284845,-0.0194472)
(0.0341226,-0.0405094)
(0.0365314,0.0259181)
(0.0218806,-0.0329168)
(0.0177626,-0.0138196)
(0.433905,-0.0875389)
(0.0198739,-0.000974601)
(0.00693742,-0.0145102)
(0.687855,-0.0477787)
(0.0684829,-0.00455488)
(-0.0327277,-0.00235081)
(-0.0157649,0.00306325)
(0.0390469,-0.0264811)
(0.35337,-0.089002)
(0.484719,-0.169536)
(0.428972,-0.165223)
(0.366058,-0.164051)
(-0.0189202,0.00349944)
(-0.0382555,0.0106644)
(0.00528852,-0.0159577)
(-0.0127105,-0.059107)
(0.000191623,0.00924141)
(-0.0378072,-0.00491173)
(-0.0479943,-0.0183064)
(0.0444474,0.0405479)
(-0.0262816,-0.00195669)
(-0.0191656,0.0735547)
(0.00492926,0.00682974)
(0.0509558,0.0243778)
(0.0790521,0.0291446)
(0.0554284,0.0344915)
(0.0768012,0.0591682)
(0.0255811,0.0134163)
(0.045535,-0.0167257)
(-0.0156338,-0.000754298)
(-0.0305259,0.0906948)
(-0.00823769,0.0624502)
(-0.0124515,0.0151252)
(-0.0346985,0.0767535)
(-0.0485793,0.0142938)
(-0.0148088,0.0193428)
(0.0362652,0.0768838)
(-0.00583261,-0.0308122)
(0.0335588,0.0248901)
(-0.0210128,-0.0375743)
(-0.0791649,-0.0212171)
(0.0517955,0.0490237)
(0.0302259,0.013801)
(0.0184404,0.0535119)
(0.0148143,-0.0263942)
(0.425969,0.045403)
(0.0257932,-0.00154656)
(0.571526,-0.0675794)
(-0.0436186,0.0833521)
(0.0375007,0.0139868)
(-0.0459142,0.00893442)
(-0.0451221,0.0757162)
(0.00514933,0.0348533)
(-0.0359791,0.0339447)
(-0.000125554,0.0272958)
(0.0306837,0.0154304)
(0.00716589,-0.0159652)
(-0.00617065,0.0201607)
(0.0085124,-0.037555)
(-0.0203082,0.0627744)
(0.00492011,-0.0529029)
(-0.0307077,0.0461481)
(-0.041789,-0.0121108)
(-0.0537484,0.0116901)
(0.0543361,-0.0608275)
(-0.00124756,-0.0891525)
(-0.0196335,0.0478039)
(-0.0099891,0.0782867)
(0.0260234,-0.00902814)
(0.186903,-0.0992834)
(0.037857,0.0104618)
(-0.0280248,-0.0404519)
(-0.00115138,-0.0350747)
(0.0162688,-0.0173631)
(0.401997,-0.0383422)
(-0.00882912,0.0905547)
(-0.0062842,0.0624649)
(0.00835534,-0.025711)
(-0.0494335,0.0601422)
(0.0584763,-0.00574406)
(0.118609,-0.0343637)
(0.258135,-0.125492)
(0.310156,-0.154508)
(-0.0335848,0.0550357)
(-0.012585,0.0352676)
(-0.0737088,0.0294928)
(0.189862,-0.114579)
(0.512068,-0.0667133)
(0.0318675,-0.0523558)
(-0.00474022,-0.0153843)
(0.0140273,0.00994823)
(0.00151193,-0.0314838)
(-0.0395529,0.0362619)
(-0.0363145,0.0125653)
(-0.0140346,0.0146555)
(-0.0531161,-0.0314508)
(0.038521,0.0113097)
(0.058415,0.00732968)
(0.515145,-0.0763581)
(0.00600801,0.0235161)
(-0.0314992,-0.0671071)
(0.0520984,0.0252632)
(-0.0338481,0.0231875)
(0.00482814,0.0246451)
(0.0421867,-0.0109092)
(0.0161916,-0.0143653)
(0.237055,-0.14708)
(0.0491634,0.0578792)
(-0.0164347,0.000124953)
(0.0695242,0.062242)
(0.00991477,-0.0291941)
(-0.0288677,0.0252353)
(-0.0744053,-0.0119198)
(-0.0104846,0.0478312)
(0.273093,-0.103439)
(0.631569,-0.0114699)
(-0.014687,0.047847)
(-0.0374411,0.00641004)
(0.0147925,0.00435528)
(-0.0241796,0.0593505)
(-0.068886,0.00399708)
(-0.0920179,-0.00647007)
(0.0402401,0.0333584)
(-0.0210925,-0.0362732)
(0.0157596,0.00856509)
(0.0768294,-0.0432942)
(0.0475966,-0.0584339)
(0.0530341,-0.0223273)
(-0.0600604,0.0173725)
(-0.0344481,0.0102994)
(-0.0238892,0.0686277)
(-0.0418005,0.0247786)
(-0.035555,0.0626672)
(0.0518446,-0.0114175)
(0.0938219,-0.017148)
(0.0735033,0.0638511)
(0.0827803,0.0355797)
(-0.0591387,-0.0347797)
(-0.0305987,-0.0114841)
(0.00612906,0.0223825)
(0.0106223,0.0250005)
(-0.000718711,0.00168249)
(0.0269827,0.00385836)
(0.00217733,0.0357653)
(0.0626665,0.0109662)
(-0.03335,-0.0333692)
(-0.00137438,-0.0167961)
(0.0404084,0.0226823)
(0.00849398,0.0526888)
(0.00269809,0.0597372)
(0.00151797,0.0282851)
(0.0709344,0.00253956)
(0.591555,-0.0939122)
(0.0268771,0.0201282)
(-0.0228242,-0.0282074)
(-0.024579,-0.0227534)
(0.0307379,0.0680166)
(0.00779529,-0.00608428)
(0.0439048,-0.00535438)
(0.00986135,0.00258564)
(0.026926,-0.044583)
(0.00754074,-0.0385435)
(0.0442275,0.0103689)
(0.0108769,-0.0374463)
(0.0983773,0.0158396)
(0.0733424,0.0475897)
(0.0136356,0.0075056)
(0.0143391,-0.00761639)
(0.0185947,-0.00903288)
(0.0100149,-0.00141533)
(0.00523241,-0.0777896)
(-0.0168375,-0.0506924)
(-0.0294033,0.0138325)
(0.00611596,-0.00266632)
(-0.0196235,0.0220503)
(-0.0534713,-0.00629674)
(-0.0254178,0.00297921)
(0.0284997,0.016696)
(-0.0135036,-0.0851736)
(0.0212414,-0.0812195)
(-0.00285413,-0.0398376)
(0.0408661,-0.00946675)
(-0.0217736,0.0155457)
(0.0545823,-0.0344768)
(-0.0404828,-0.0121863)
(0.00888764,-0.0570461)
(0.0757692,-0.0219283)
(0.0862113,-0.0571283)
(0.0301726,-0.0663897)
(0.0142294,-0.0951692)
(-0.0902321,0.00750891)
(0.0376632,-0.0486446)
(0.0474028,-0.028327)
(-0.0535602,0.101802)
(-0.108282,0.0755619)
(-0.00350404,0.0386291)
(-0.0218911,0.00773152)
(-0.0151267,0.0143346)
(-0.00746452,0.0595725)
(-0.010259,0.0774357)
(0.0145494,0.00450634)
(-0.0702217,-0.0247784)
(0.0220617,-0.0167697)
(0.0366112,-0.0181814)
(-0.0258342,-0.0466029)
(0.00376404,-0.0297464)
(0.467281,-0.051051)
(0.0095826,-0.0566278)
(0.03868,-0.020385)
(0.00695076,0.00677195)
(-0.0430533,0.0100268)
(0.0154641,0.0558425)
(-0.00245478,0.0277879)
(0.0251088,0.0632488)
(0.0366385,0.0272859)
(0.0391819,-0.0248807)
(-0.0161172,0.0623336)
(0.030146,0.0693954)
(0.0618836,0.0169945)
(0.0103238,0.019297)
(-0.0481684,0.0454229)
(-0.00548462,0.0388147)
(0.0202431,0.0479897)
(0.0692449,0.0120003)
(-0.0287742,0.0797396)
(0.0441199,0.0263846)
(-0.0319703,0.0518234)
(-0.0152137,-0.0726051)
(-3.38226e-05,-0.059212)
(-0.00286861,-0.0772577)
(0.0821116,-0.00254577)
(0.484073,-0.104904)
(0.478305,-0.0224531)
(0.04676,0.107392)
(0.446091,-0.0207346)
(0.0294572,-0.0426418)
(0.421192,-0.0345572)
(0.227336,-0.102611)
(-0.0126366,0.0535583)
(0.465931,-0.125943)
(0.569148,-0.0857117)
(0.578952,-0.0534869)
(-0.00633656,0.0823131)
(-0.0318236,0.0415354)
(-0.0351594,-0.00141718)
(-0.04788,0.0130595)
(0.0256961,0.0553403)
(-0.00875643,-0.0108166)
(-0.00671302,-0.0111259)
(-0.0567996,0.0219663)
(-0.0312143,-0.0148976)
(0.016818,-0.0516647)
(0.00660885,0.00235867)
(0.0302073,-0.0237012)
(-0.0401844,0.0423102)
(-0.0380142,0.0123861)
(0.00170324,0.0010698)
(-0.0167996,-0.0486574)
(-0.0498615,0.0856114)
(-0.0187272,0.0343758)
(0.0112913,0.00661608)
(0.0128622,-0.0373402)
(-0.0242906,-0.087697)
(-0.0044463,0.00603602)
(-0.0211765,-0.0386378)
(0.0294762,-0.0216852)
(-0.0199957,-0.00286535)
(0.0506417,0.00150262)
(0.0752086,0.0824875)
(0.000471178,0.00239867)
(0.00118503,0.0148975)
(-0.014314,-0.0206784)
(0.000378007,0.0235136)
(-0.0246022,0.00188298)
(-0.0190226,-0.0225195)
(-0.0373525,-0.0293786)
(-0.0226249,-0.00961743)
(0.0159812,-0.0694728)
(-0.00812496,0.008734)
(0.508718,-0.188445)
(0.0105283,-0.0300115)
(-0.000426811,0.0556444)
(0.0123684,0.0234413)
(-0.022473,-0.00887208)
(-0.0022585,0.0609302)
(-0.00149299,0.0505136)
(0.44533,-0.16039)
(0.633521,-0.201265)
(0.449022,-0.119515)
(-0.00140589,0.000942397)
(0.398057,-0.10809)
(0.0038345,0.0147703)
(0.0714579,-0.023056)
(-0.0109507,0.0272764)
(0.00671178,-0.00291462)
(0.231174,-0.0601376)
(-0.0111703,0.0101608)
(-0.0239759,0.0445602)
(-0.0273928,0.0299785)
(0.118789,-0.0359012)
(-0.00539555,-0.00445802)
(-0.093521,-0.0249794)
(0.440717,-0.0819014)
(-0.026869,0.0106405)
(-0.0389364,0.019656)
(-0.0447281,0.0395438)
(0.0183338,0.0446307)
(0.0271541,0.00245278)
(0.00854749,0.0383304)
(0.076938,-0.064443)
(4.47415e-05,0.0198049)
(0.0611997,0.0236945)
(0.191791,-0.0706572)
(0.0822015,0.0223474)
(0.0198926,-0.0317659)
(-0.0216902,0.0603812)
(-0.0770986,0.0273756)
(0.0253946,0.040183)
(0.0306923,-0.0308838)
(-3.989e-05,-0.0323953)
(-0.0541914,0.0438756)
(0.00113352,-0.0101177)
(0.0263432,-0.0096156)
(-0.00225215,0.0167519)
(-0.0292232,0.0509514)
(0.0590625,0.0422209)
(0.0214714,0.0488312)
(0.013261,0.0236571)
(0.00574441,0.00806694)
(0.0479783,0.00717177)
(0.00710027,-0.084285)
(0.0155042,0.0203077)
(-0.0362862,-0.0275618)
(0.0452897,0.0874739)
(0.0256644,0.0567517)
(0.0133764,-0.101107)
(0.0473971,0.0240587)
(0.0188344,0.0276915)
(0.0421746,-0.0696901)
(0.00219409,0.0231142)
(-0.0291169,-0.0297217)
(0.00790954,-0.0268368)
(0.0138976,-0.00661476)
(-0.0234493,-0.0472995)
(-0.0627641,-0.0174528)
(0.0287154,0.0752364)
(-0.00564759,-0.0326482)
(-0.0589536,0.0581174)
(-0.0175056,0.0140875)
(-0.00727064,0.0265309)
(0.00625857,0.0287767)
(-0.0115713,9.40723e-05)
(-0.00920564,0.0303582)
(0.12566,-0.0650838)
(0.0942315,-0.0203124)
(-0.0494163,-0.0772713)
(-0.00466951,0.0317159)
(-0.060413,-0.0941481)
(0.0142914,0.0763629)
(-0.00846975,0.00543143)
(0.0679052,0.0536938)
(0.0438514,0.0485815)
(-0.0177246,-0.0308072)
(0.0286911,0.0403648)
(-0.0395542,0.0189185)
(-0.0169569,0.0779522)
(-0.0222019,0.00316751)
(-0.0453688,-0.0111818)
(0.00333836,-0.06006)
(0.0797318,-0.0166116)
(0.0259525,0.00490597)
(0.0301835,0.0503052)
(-0.0577164,0.0619)
(-0.0346828,-0.0120937)
(-0.0173273,-0.00545971)
(0.00919759,0.0404164)
(0.0306232,-0.0420822)
(0.413033,-0.152961)
(0.00743248,-0.00285532)
(-0.0539979,-0.0349339)
(0.0119932,-0.0264281)
(-0.049069,0.00101895)
(0.016692,-0.0590477)
(0.0230468,-0.0593534)
(-0.0497101,0.0331895)
(0.0301217,-0.0290108)
(0.546672,-0.1832)
(-0.0152436,-0.0590281)
(0.0227085,-0.0162181)
(0.0290518,-0.0656792)
(0.506715,-0.186989)
(-0.0334898,-0.0286416)
(0.00426969,-0.0391462)
(0.0165987,0.0062782)
(0.0052318,0.02081)
(0.0262632,0.00593713)
(0.00295683,-0.00323358)
(-0.0387804,-0.00356091)
(0.316499,-0.0960575)
(0.16521,-0.0933788)
(-0.00649868,0.0164528)
(-0.0155196,0.0359308)
(-0.0456073,-0.0422501)
(0.0329591,0.0753587)
(-0.0233807,-0.06361)
(0.411217,-0.055012)
(-0.0368572,-0.0157541)
(-0.0204734,0.000732684)
(-0.0213727,0.0195272)
(0.00687693,0.000261609)
(0.0625767,-0.00950907)
(0.0184011,0.00318713)
(0.485744,-0.0634225)
(0.018662,-0.0450121)
(0.533376,-0.0981005)
(-0.0277445,0.0670611)
(-0.0281066,0.0225397)
(-0.0162547,-0.00660649)
(0.0141454,0.0419711)
(0.426121,-0.130024)
(0.0999036,-0.019924)
(0.219665,-0.0776238)
(0.0367321,0.0130004)
(-0.0010115,0.0105612)
(-0.0913706,0.0151524)
(0.256641,-0.0274776)
(0.261339,-0.0542119)
(-0.00720248,0.0368133)
(-0.0292434,-0.0127517)
(0.322743,-0.16988)
(-0.0111901,0.00702462)
(-0.0713873,-0.0275597)
(0.27838,-0.125972)
(-0.0475243,0.00471138)
(7.92665e-05,0.00743071)
(0.355211,-0.029019)
(-0.042752,-0.00879379)
(0.182225,-0.018894)
(0.218501,-0.0927448)
(0.0093494,0.096995)
(0.284165,-0.0257217)
(0.0268664,-0.0433306)
(0.00868731,-0.0337408)
(0.00551926,0.0382156)
(-0.0324873,0.0267941)
(-0.0198117,0.00587993)
(0.0403241,-0.0316411)
(0.00366823,-0.0155302)
(0.0230577,0.030301)
(0.00115349,0.0344532)
(0.0327315,0.033492)
(-0.0181153,-0.017469)
(0.0293972,0.0504111)
(-0.065639,0.0374274)
(-0.0412787,0.000105276)
(-0.0439107,-0.0300077)
(-0.0161485,-0.0193461)
(-0.0161474,0.0299712)
(0.32193,-0.105478)
(0.0145966,0.0747453)
(0.043374,0.0525601)
(0.123513,-0.0310229)
(-0.0698234,0.0170072)
(-0.0958739,0.0634763)
(0.518958,-0.16966)
(-0.0281014,0.0173839)
(0.54167,-0.204238)
(0.0310813,-0.0276787)
(0.00560483,0.0196731)
(0.126242,-0.0293298)
(0.0131737,-0.0256471)
(0.0119767,0.0157885)
(0.446925,-0.0522816)
(0.00249582,-0.0136422)
(0.0506461,0.0289934)
(0.00245274,-0.00116321)
(0.0033627,0.0238076)
(0.0600907,0.00210014)
(0.0704562,-0.0402713)
(0.0497401,-0.0289149)
(0.0722911,-0.0110413)
(-0.0766386,-0.0445969)
(0.189643,-0.153147)
(0.0136258,0.0296861)
(0.270648,-0.164828)
(-0.0367129,-0.047889)
(-0.031267,-0.0134845)
(0.449091,-0.069294)
(-0.0582083,0.0471878)
(0.0102944,0.0308509)
(-0.0318108,-0.00686551)
(0.37589,-0.0493619)
(0.00982392,-0.00399231)
(-0.0371378,-0.0227822)
(0.0759003,0.0463871)
(-0.0183483,0.0126496)
(0.0548834,0.00114906)
(0.0170332,0.00132209)
(-0.0996566,0.00247955)
(-0.0130187,0.00532617)
(-0.047732,0.0257097)
(0.0445267,-0.0393821)
(-0.0734346,-0.00588305)
(0.0279969,0.0170879)
(0.0775157,-0.00268714)
(0.0672874,-0.000211533)
(0.0271719,-0.0458331)
(-0.0178268,-0.0162107)
(0.0098638,-0.0629129)
(-0.0267665,0.0082298)
(-0.000536599,-0.0183491)
(-0.0175257,0.0246703)
(0.0429383,0.0221349)
(0.0483077,0.00515187)
(0.0255885,0.0616119)
(0.0299704,0.0283349)
(-0.00915221,0.0243773)
(-0.0134428,-0.0555371)
(-0.0468385,-0.0877887)
(-0.00271805,-0.105647)
(-0.0719905,-0.052004)
(0.0197237,-0.0254385)
(0.00507905,-0.0220421)
(0.0139169,0.0106598)
(0.481076,-0.0669307)
(-0.0473649,0.0119929)
(0.0329551,-0.00569518)
(-0.0163502,0.00235273)
(0.405762,-0.0316696)
(0.0226915,0.0250872)
(0.030321,-0.0170837)
(-0.0344498,-0.0423517)
(0.00202732,-0.0102955)
(0.0345255,-0.010094)
(-0.00603042,-0.0436898)
(-0.0109229,0.0362684)
(0.393683,-0.0569492)
(0.00604592,0.00868168)
(-0.049977,-0.00478837)
(0.661936,-0.0713842)
(0.00857387,-0.036056)
(-0.00945004,-0.00860831)
(0.0378569,-0.0253415)
(0.469827,-0.011178)
(0.0574178,0.0331188)
(-0.00347795,-0.043432)
(0.0360073,-0.0511218)
(-0.111026,-0.0118901)
(-0.00921456,-0.0214175)
(-0.0442973,-0.0543677)
(0.0144859,-0.0437219)
(-0.00505602,0.019696)
(-0.0121195,-0.0190595)
(-0.0419383,-0.0473285)
(0.0137959,-0.024986)
(0.422465,-0.0455361)
(0.0557227,0.0244175)
(0.00272125,-0.00339864)
(0.02091,-0.0308388)
(-0.0410956,-0.014707)
(0.000420195,-0.0579643)
(-0.0237591,0.0538136)
(-0.0130082,-0.0238921)
(-0.00540415,-0.0179085)
(-0.004208,-0.0616359)
(-0.010712,0.0188399)
(0.0144514,0.0837119)
(0.434964,-0.0228738)
(-0.00716855,-0.00540274)
(0.00380902,-0.00468878)
(-0.0267939,0.068602)
(0.0518397,-0.0217937)
(-0.0384242,0.0777367)
(0.0130673,-0.00580511)
(0.152022,-0.163433)
(0.178868,-0.103585)
(0.120438,-0.118505)
(0.00656886,0.00739976)
(-0.0146203,0.0329409)
(0.645165,-0.120091)
(0.377596,-0.0911864)
(-0.0414362,0.011271)
(0.411213,-0.0718066)
(0.460103,-0.056879)
(0.209989,-0.107152)
(0.0462806,0.0137242)
(0.0287418,0.00997696)
(0.077392,0.0451304)
(0.148265,-0.000104298)
(0.0156506,0.0404172)
(0.020131,0.0438704)
(-0.0246728,-0.0285169)
(0.0852966,0.0168834)
(-0.0675436,0.0203946)
(-0.0496524,-0.00561307)
(0.046454,-0.000158219)
(0.534788,-0.121728)
(-0.0161201,0.0376633)
(-0.00154057,0.0392817)
(-0.0282748,0.025423)
(0.589923,-0.129793)
(-0.00679514,0.0553762)
(-0.0155014,3.91985e-05)
(0.588732,-0.131466)
(0.52659,-0.0341491)
(-0.0405674,0.0241382)
(0.351164,-0.129338)
(-0.00838126,0.0396833)
(-0.00927863,0.0665876)
(0.486509,-0.0342912)
(0.272826,-0.0875578)
(0.438396,-0.0716905)
(0.471564,-0.0976425)
(0.0163875,-0.00964301)
(0.732854,-0.0782353)
(-0.0285997,0.0200659)
(0.0238959,0.0765858)
(0.104993,-0.0310686)
(0.164887,-0.0642319)
(-0.0156394,0.0531003)
(0.0779098,-0.0565867)
(0.00730345,-0.024109)
(0.00517563,0.00889178)
(0.0345894,-0.0206735)
(0.0047819,0.0129344)
(0.0534079,0.00382663)
(0.0123506,0.0266038)
(0.0712237,0.0267033)
(0.141716,-0.0614752)
(-0.0209196,-0.0292773)
(-0.00662597,-0.0528137)
(0.00837722,0.0449806)
(0.00294534,0.0426059)
(-0.0357792,0.00249542)
(0.452006,-0.0704007)
(-0.0498758,0.030569)
(0.0272083,-0.0101156)
(-0.00953703,-0.0173123)
(-0.0255269,0.0214527)
(0.0401177,-0.0155509)
(0.00414708,0.0101113)
(-0.0340813,-0.0548599)
(-0.0656274,-0.013778)
(0.543402,-0.104739)
(-0.0124916,0.00885792)
(0.37559,-0.0649199)
(0.0269428,0.027745)
(0.0829347,0.0514716)
(-0.0150882,-0.00732644)
(0.0464526,-0.0142808)
(-0.0210164,-0.00270712)
(0.00924235,-0.0696302)
(0.0266538,-0.0117831)
(0.0127222,-0.0275338)
(-0.00416258,-0.000594225)
(0.0228828,-0.0259105)
(0.0609504,0.00949997)
(0.0371237,0.0382386)
(0.457351,-0.114844)
(0.314791,-0.0595546)
(-0.0209112,0.00201782)
(0.0383359,-0.0450651)
(0.0218586,-0.00879127)
(0.0847456,-0.0526957)
(0.431892,-0.0777419)
(-0.0025799,-0.00840083)
(0.0401998,-0.00598518)
(0.0643446,0.00864023)
(0.055726,-0.0211246)
(0.351727,-0.118549)
(-0.0137934,-0.00271265)
(-0.0355433,0.00441878)
(-0.0332619,0.00808368)
(-0.011519,0.0200572)
(0.480759,-0.0682349)
(0.0117117,0.00670917)
(-0.0429213,-0.0022385)
(-0.0117005,0.047643)
(0.00987213,-0.00469471)
(-0.0163128,0.00678857)
(0.478385,-0.0831998)
(0.423225,-0.173133)
(0.70042,-0.054821)
(0.0281734,-0.0662611)
(-0.00552999,0.0154732)
(0.49446,-0.0908048)
(0.0196736,-0.0287635)
(0.0742776,-0.0735888)
(0.262957,-0.147675)
(-0.0212447,0.00891343)
(-0.0469702,0.0221459)
(-0.0299061,-0.00636846)
(-0.00752334,0.045429)
(0.00174054,0.0272312)
(0.172458,-0.0950834)
(0.197002,-0.172014)
(0.28025,-0.178199)
(0.293959,-0.0722144)
(0.672318,-0.107519)
(-0.0317829,-0.0306917)
(-0.0662967,-0.0164292)
(-0.0296558,0.0191051)
(0.206354,0.0339128)
(0.489069,-0.0894948)
(0.495234,-0.10653)
(0.0116397,0.0153346)
(-0.0399121,-0.0519791)
(-0.0314064,-0.00265555)
(0.668366,-0.174136)
(0.0201208,0.0199583)
(0.0682269,0.0289824)
(-0.0426327,-0.0142973)
(0.533457,-0.192658)
(0.0480859,0.0352392)
(-0.0235649,0.0264513)
(0.675942,-0.131767)
(0.585918,-0.141035)
(-0.0207367,-0.00340005)
(-0.00764452,-0.0288495)
(-0.0338024,-0.0491284)
(-0.0400299,-0.0172855)
(0.0339402,0.0315842)
(0.0140606,-0.0106505)
(0.0341017,0.053209)
(0.432932,-0.129362)
(0.664133,-0.0420885)
(0.566238,-0.113654)
(0.490278,-0.0825449)
(0.488759,-0.0540845)
(0.183373,-0.102098)
(0.271702,-0.0420249)
(0.208928,-0.0916057)
(0.180747,-0.047231)
(-0.0597439,-0.0376486)
(0.00973612,-0.0561806)
(0.313404,-0.0817644)
(0.564165,-0.128404)
(0.564436,-0.106355)
(0.45194,-0.089883)
(0.522905,-0.192657)
(-0.00132346,0.0260349)
(0.506172,-0.0753539)
(-0.0366719,0.0481442)
(0.00885505,-0.029913)
(-0.0150308,-0.0405732)
(0.0257839,0.0424526)
(-0.0774962,0.00111582)
(-0.00770183,-0.0736677)
(0.0226553,0.0044396)
(-0.00586581,-0.0465546)
(0.0276622,0.0713089)
(0.432928,-0.0713606)
(-0.043267,-0.0448675)
(0.455408,-0.146294)
(0.453683,-0.0272148)
(0.439899,-0.0976001)
(-0.0404086,-0.00527497)
(0.0427535,0.0288667)
(0.0233104,0.0177789)
(0.56514,-0.0389663)
(-0.0035004,-0.00653759)
(0.0355864,0.00778302)
(0.333813,-0.112126)
(0.26529,-0.122579)
(0.503959,-0.0932536)
(0.342877,-0.0812343)
(0.587899,-0.241514)
(0.488345,0.0595351)
(0.000928785,-0.0464738)
(-0.0316279,-0.0685542)
(0.0107288,-0.00692941)
(0.0299485,0.071731)
(0.0174905,0.0600828)
(-0.0301216,-0.0348605)
(0.00119783,-0.008779)
(0.30303,-0.101548)
(0.257306,-0.0273969)
(-0.0356329,-0.00811935)
(0.224776,-0.0202672)
(-0.00702461,-0.0214281)
(0.465521,-0.130603)
(0.605541,-0.0296988)
(-0.0859481,0.03869)
(-0.00971434,0.0528125)
(0.0320782,0.00508637)
(0.0649178,-0.0157717)
(0.423449,-0.195088)
(0.0155309,-0.0513445)
(0.11245,-0.051119)
(-0.0594913,0.072673)
(0.220297,-0.137924)
(-0.0105497,0.063201)
(0.327069,-0.105556)
(-0.0263187,0.0496002)
(0.0419332,0.0146989)
(0.036365,0.0281203)
(0.0355566,0.0014934)
(0.532072,-0.0327623)
(0.000420708,0.00852805)
(0.494663,-0.0884081)
(0.483011,-0.0534041)
(0.00897681,-0.0433816)
(0.533064,-0.0334292)
(0.552133,-0.0319536)
(0.540083,0.00214602)
(0.0491814,0.018466)
(0.437338,-0.132956)
(-0.0302316,0.0720011)
(-0.0473187,0.04201)
(-0.0527184,0.0550279)
(-0.021957,-0.0337417)
(0.00287799,0.0684269)
(-0.00118145,-0.0224298)
(-0.0821916,0.0417436)
(0.656516,-0.0343547)
(-0.03306,0.0326775)
(0.0812834,0.0218382)
(0.396701,-0.0995815)
(0.442756,-0.0931891)
(-0.0112228,0.00705286)
(0.106019,-0.0247032)
(-0.0211995,0.00278916)
(0.42748,-0.159982)
(-0.0604666,0.00182638)
(0.477361,-0.219839)
(0.340008,-0.126233)
(-0.0610884,-0.0194645)
(0.00237964,-0.00685119)
(0.541482,-0.0534015)
(-0.0512248,-0.0138742)
(-0.00382935,-0.0200314)
(-0.0196896,0.0467696)
(0.414959,-0.134338)
(0.424142,-0.113736)
(0.235546,-0.0988446)
(0.431296,-0.120006)
(0.439092,-0.125816)
(0.086745,-0.0335068)
(0.436882,-0.101381)
(0.54703,-0.0227788)
(0.0345485,-0.0858117)
(0.497598,-0.0604626)
(0.0637582,0.00254548)
(0.485225,-0.0960581)
(0.0563987,-0.0218196)
(-0.0217837,0.0688079)
(-0.0410873,-0.0153735)
(0.0507891,0.00982758)
(0.0237126,0.0744748)
(0.0735074,0.0716748)
(-0.0168148,0.0740202)
(0.016288,0.0344959)
(0.158746,-0.101382)
(-0.0245026,-0.00157208)
(-0.0105665,-0.0774768)
(0.024317,0.0318838)
(0.0267029,-0.0208845)
(0.00764227,-0.00118192)
(0.068484,-0.0121095)
(-0.00103163,0.0826026)
(0.214745,-0.0256119)
(-0.00806134,0.0623427)
(0.0407578,0.0133702)
(0.525869,-0.202258)
(0.346873,-0.179358)
(-0.0328279,0.0201688)
(0.0541219,0.123297)
(-0.00561869,0.111415)
(0.0980259,0.0341495)
(-0.0325686,-0.013558)
(0.0637832,-0.0681829)
(0.153386,-0.10427)
(0.563795,-0.162103)
(0.549395,-0.136274)
(0.0356227,0.0696878)
(0.042802,-0.00165042)
(0.555059,-0.17886)
(0.00251627,0.0496418)
(0.0533636,0.0204792)
(0.0606315,-0.0191402)
(0.494747,-0.0295173)
(0.0667244,-0.0559982)
(0.264737,-0.186434)
(-0.00134733,0.0210709)
(0.132588,-0.0921501)
(0.169484,-0.104812)
(0.279852,-0.0431805)
(0.372994,-0.0902606)
(0.0691089,0.00605445)
(-0.040724,0.0707548)
(0.317657,-0.0824652)
(-0.036802,0.0599085)
(0.0122653,-0.0199942)
(0.000701106,-0.0276059)
(0.52721,-0.140996)
(-0.0145526,-0.035178)
(0.488702,-0.0937803)
(0.0373032,-0.0164936)
(0.0200642,0.0331677)
(-0.0124252,-0.014907)
(-0.00196308,0.0192467)
(-0.0148685,0.0231336)
(0.0161514,0.0156268)
(0.0448765,0.00809677)
(-0.023372,0.0177418)
(-0.0309443,0.0321314)
(0.530078,-0.188649)
(-0.0178778,-0.0228493)
(0.0270433,0.0217014)
(0.517092,-0.124766)
(0.0640261,0.0205863)
(-0.00267965,0.0889656)
(-0.0153472,0.0541272)
(-0.00325297,0.0790352)
(-0.054421,0.0382319)
(0.141639,-0.110021)
(0.0129778,0.0577762)
(-0.04408,-0.0344293)
(-0.0109363,-0.0401376)
(0.0313671,7.05814e-06)
(-0.0432995,-0.0337037)
(0.498218,-0.0655031)
(-0.0320092,0.0806388)
(0.638294,-0.169328)
(0.379687,-0.121369)
(0.526506,-0.036752)
(-0.0754907,-0.0109794)
(0.372044,-0.0535604)
(0.416251,-0.169812)
(0.406134,-0.0799701)
(-0.0664728,0.0353349)
(-0.00103783,0.000371088)
(-0.0578913,0.0603741)
(0.0204518,-0.0288666)
(0.577191,-0.141583)
(0.596731,-0.0843088)
(0.000830873,-0.049186)
(-0.0366555,0.0273764)
(0.0345098,0.0258327)
(0.0348514,-0.0340764)
(0.356755,-0.103161)
(0.097444,0.00426338)
(0.060765,-0.00052619)
(0.061815,0.0320066)
(0.0982728,-0.0186833)
(0.409891,-0.105645)
(-0.0513543,-0.0746002)
(0.493595,-0.061873)
(0.0245779,0.0289681)
(0.0614367,0.0715044)
(0.081153,0.0381126)
(0.616378,-0.131393)
(0.000649173,0.0611685)
(0.354554,-0.0809589)
(0.53104,-0.142953)
(-0.0344248,0.00579737)
(0.0482862,0.0125431)
(0.0677799,-0.0704276)
(0.00748336,0.0123125)
(-0.0876489,0.0144422)
(0.0285172,-0.0810513)
(0.3694,-0.17377)
(0.27219,-0.19953)
(0.0395518,-0.054794)
(0.0179766,-0.0108902)
(-0.029022,0.026066)
(-0.0320885,0.0864988)
(0.00793523,-0.00670586)
(0.0131449,-0.0281942)
(0.384806,-0.0970208)
(0.53305,-0.0748693)
(0.610098,-0.0602834)
(-0.0197125,-0.0529578)
(0.4131,-0.089258)
(-0.0369743,0.0199885)
(0.0279593,0.0362908)
(0.0240891,0.0219903)
(0.00373668,0.0981123)
(-0.00636654,0.0225729)
(0.0516975,-0.0545398)
(0.25997,-0.0887053)
(0.508984,-0.146156)
(0.537834,-0.136466)
(0.0692548,-0.0618661)
(0.51837,-0.195632)
(0.00416761,-0.081928)
(0.394757,-0.172916)
(0.457484,-0.075831)
(0.0070814,-0.0735686)
(0.443909,-0.188086)
(0.444278,-0.128682)
(0.500458,-0.193912)
(0.42053,-0.159826)
(0.567784,-0.127582)
(0.101351,-0.0345245)
(0.214735,-0.110865)
(0.205576,-0.0510759)
(0.4473,-0.0849968)
(0.0313025,-0.07105)
(0.575298,-0.0941586)
(0.351388,-0.0802008)
(0.00630034,-0.00346893)
(-0.0707018,-0.000155859)
(-0.0591156,0.0539337)
(-0.041918,-0.0252017)
(0.417575,-0.128456)
(-0.015246,-0.0167172)
(0.461392,-0.150616)
(0.00887297,-0.023647)
(0.26165,-0.0577753)
(-0.0186124,-0.0353669)
(-0.0224262,-0.0331091)
(0.41194,-0.121808)
(0.0495679,0.0506093)
(0.0831334,-0.0735519)
(0.545711,-0.169389)
(0.0377357,-0.0585087)
(0.0103938,-0.0553589)
(-0.00615797,0.000732578)
(-0.0227702,-0.024294)
(0.00426445,-0.000420637)
(-0.0244842,0.0321721)
(0.514323,-0.189494)
(0.617696,-0.18702)
(0.385243,-0.151041)
(-0.0486801,-0.0912736)
(0.057958,0.0971761)
(0.378428,-0.186913)
(0.0213164,0.120662)
(-0.00194496,-0.0222599)
(0.0244707,-0.0191281)
(-0.00719991,-0.00526275)
(0.446913,-0.21187)
(0.433286,-0.0753667)
(0.494328,-0.0879047)
(0.417513,-0.0473437)
(0.33168,-0.136649)
(-0.0513267,0.00836114)
(0.449611,-0.0625548)
(0.319247,-0.126298)
(-0.0302246,-0.0500933)
(0.354262,-0.118452)
(0.523226,-0.142542)
(0.0252197,-0.0690013)
(-0.0149777,0.0424473)
(0.590077,-0.157557)
(-0.00209152,0.00140649)
(0.0039369,-0.0346254)
(0.451488,-0.147439)
(0.0772556,0.00134839)
(-0.0292805,-0.02907)
(0.0695228,0.0390552)
(0.0603465,-0.0227993)
(0.560908,-0.0950453)
(0.0124674,0.0026077)
(-0.0221885,0.0647645)
(-0.00167695,0.00319919)
(0.399021,-0.0569749)
(-0.0133022,0.0305821)
(0.0258826,0.0152192)
(-0.0139367,0.0544787)
(0.0939749,-0.0596875)
(-0.0203003,-0.0653595)
(0.0336919,0.00433188)
(0.114234,0.0137538)
(0.113479,-0.0188912)
(0.00712967,0.0362446)
(0.0610087,0.0565094)
(0.101114,0.0389232)
(0.462618,-0.101815)
(-0.0298298,0.0437415)
(0.496175,-0.0477652)
(0.00899108,-0.0134461)
(-0.00429717,-0.055252)
(0.173521,-0.113669)
(0.528672,-0.115447)
(0.313125,-0.121561)
(-0.0409162,0.0105821)
(0.0117874,0.000938337)
(0.0296154,0.0123503)
(0.023937,0.00169708)
(0.0145795,-0.0166863)
(-0.00762413,-0.00780165)
(-0.0342583,0.00231703)
(0.0108749,0.0105723)
(-0.0738586,0.0347172)
(0.0294395,0.0727907)
(-0.0300898,-0.00538383)
(0.516432,-0.0104119)
(0.0122537,0.0476382)
(0.0623933,-0.0112847)
(0.00770666,0.0119454)
(0.0424748,0.00612201)
(0.202637,-0.0687347)
(0.153794,-0.0818529)
(-0.0249285,0.0464399)
(0.130777,-0.121206)
(0.588624,-0.0921271)
(-0.0182835,-0.0702764)
(0.468182,-0.0691162)
(-0.00432366,-0.0907436)
(0.0124881,0.0106244)
(0.088689,-0.0293726)
(0.0433015,-0.0395112)
(0.0781789,-0.0184243)
(-0.0246205,0.0219487)
(-0.0131346,0.00182805)
(-0.0427266,-0.01405)
(0.00646956,0.0495744)
(0.000435693,-0.0124563)
(0.385283,-0.104541)
(0.409239,-0.106305)
(0.0332549,-0.00467202)
(0.219913,-0.0132931)
(0.218136,-0.0353465)
(0.514151,-0.131131)
(-0.0106647,-0.0228175)
(0.110265,-0.0297208)
(0.463613,-0.15677)
(0.150059,0.000177378)
(0.114433,-0.0576383)
(-0.0170695,-0.0596815)
(0.00456044,-0.0811372)
(0.10467,-0.0199313)
(-0.0158234,-0.0397854)
(0.479117,-0.0708185)
(0.43322,-0.121672)
(0.033135,-0.0171752)
(0.0633854,-0.0132964)
(0.178647,-0.113904)
(0.0640809,-0.0599494)
(0.139334,-0.0802667)
(0.0203051,0.0273404)
