1620
(-0.023295,-0.128676)
(-0.020094,0.0406361)
(0.0543661,0.0607834)
(0.0146855,-0.149467)
(-0.00869189,-0.0265078)
(-0.0320635,0.0451056)
(0.0427534,0.0609945)
(-0.0175654,-0.0140061)
(0.00155317,0.0203669)
(-0.00370836,0.0351741)
(-0.0512002,0.0359037)
(-0.00158335,0.0161805)
(0.0204409,-0.0396414)
(-0.0188237,0.0011353)
(-0.00374456,0.0522122)
(-0.0320022,0.0265677)
(-0.0232039,-0.0850471)
(0.0128176,0.0321612)
(0.0164889,0.0201503)
(-0.0126999,0.00784876)
(-0.0220733,-0.0169651)
(0.0054951,0.0203336)
(-0.0618314,0.013148)
(-0.0290237,-0.051513)
(0.00557614,0.0355624)
(0.0303569,0.012983)
(-0.0288789,0.00953134)
(0.0759506,-0.0729851)
(-0.0298084,-0.00892054)
(0.0609236,-0.0158771)
(0.0395139,0.0727642)
(0.0422095,-0.0173094)
(0.0033643,0.0468555)
(-0.0952852,0.0373796)
(0.0579867,0.0287039)
(0.0122981,0.064778)
(0.0653509,-0.0118134)
(-0.0109847,0.0323688)
(-0.0441371,0.00362903)
(0.0403157,0.0050008)
(0.0362454,-0.08)
(0.0780571,0.0127982)
(0.059186,0.0239644)
(0.128688,0.00325252)
(-0.0351143,0.0652872)
(0.130883,-0.0187036)
(0.0959809,-0.0254826)
(-0.0201145,-0.00354951)
(0.0528905,-0.0589339)
(-0.013849,-0.0256884)
(0.0429385,0.00530729)
(0.0927676,-0.0258461)
(0.013112,0.0146354)
(0.0194436,-0.0029997)
(-0.00736885,0.026627)
(-0.023925,0.0263866)
(0.0483832,0.0279322)
(0.0479384,0.0659226)
(-0.0151136,-0.0480576)
(0.0514426,-0.0330075)
(-0.0383821,-0.0187234)
(0.170282,-0.0686062)
(-0.0146344,0.00164895)
(0.393997,-0.0835557)
(-0.0229041,-0.00384784)
(-0.0119226,0.0364753)
(-0.00253136,-0.00555963)
(0.0248139,0.0155571)
(0.0174107,0.140119)
(-0.0401805,-0.067816)
(0.00962399,0.054155)
(0.00783183,0.0481765)
(-0.0266641,0.0708879)
(-0.0433246,0.0290388)
(0.0032205,-0.0140037)
(-0.0888597,0.0645374)
(0.0116722,-0.0394066)
(0.00655418,-0.0499761)
(-0.0195684,0.00891059)
(0.0778384,-0.038906)
(-0.0146112,-0.0666489)
(0.00416587,0.00930197)
(0.0252256,-0.0670935)
(0.0277502,-0.0204288)
(0.0399975,0.0221642)
(0.0212853,0.0242452)
(-0.0340855,-0.0405222)
(-0.0379153,0.0142054)
(0.0806274,0.0233514)
(0.0316657,-0.0148546)
(-0.111462,-0.0185247)
(-0.0207546,0.0227929)
(0.457424,-0.0683502)
(0.0120679,0.105254)
(-0.0200561,0.0669517)
(0.573122,-0.0131213)
(-0.0578245,0.0604061)
(0.442949,-0.141301)
(-0.0105365,-0.0978706)
(-0.0467187,-0.0872788)
(0.0601344,0.0104213)
(-0.0741029,-0.0136491)
(0.0448153,-0.079838)
(-0.00557139,-0.0403688)
(-0.023546,-0.115114)
(0.442339,-0.094145)
(0.0269164,0.0684205)
(-0.0725061,-0.00932534)
(0.011685,0.0203172)
(0.0404958,0.0623891)
(0.00517513,0.030105)
(0.704898,-0.138326)
(0.366014,-0.0381541)
(-0.00953438,-0.0132092)
(0.477723,-0.0473638)
(0.018336,0.10455)
(0.00150674,0.0798625)
(0.636861,-0.0910687)
(0.00526408,0.0165695)
(0.48155,-0.0631109)
(0.433407,-0.0645962)
(0.0229619,0.0452202)
(0.387832,-0.0719611)
(0.281786,-0.11765)
(0.278805,-0.0787492)
(0.00602118,-0.0267665)
(0.0500616,-0.0257501)
(0.00136592,0.0450721)
(0.353954,-0.130491)
(0.0812791,0.053475)
(0.11597,0.0818883)
(0.0125007,-0.00910935)
(-0.00441077,-0.0492257)
(0.000741776,0.0232964)
(0.000349108,0.0168286)
(0.0200061,0.0233759)
(-0.0523191,0.00744901)
(0.00446873,0.0310029)
(0.383334,-0.091003)
(0.0237262,-0.0117448)
(0.011341,0.0481206)
(-0.0146457,0.0558821)
(0.0193892,-0.0158663)
(0.0462821,-0.0678581)
(0.0895188,-0.085506)
(0.0251841,-0.095234)
(0.0126672,-0.000286316)
(0.42789,-0.0854714)
(0.48374,-0.107263)
(-0.0592639,0.00228611)
(0.483546,-0.145442)
(0.19721,-0.0662123)
(0.54472,-0.0329707)
(0.47041,-0.109458)
(0.472498,-0.0763475)
(-0.0403686,0.0190845)
(0.0759767,0.0467073)
(0.416444,-0.154122)
(0.374475,-0.013548)
(-0.0167726,0.0057976)
(-0.0302319,0.0352298)
(0.00266212,0.0349317)
(0.0124266,0.0397618)
(-0.0383541,-0.0183821)
(-0.010531,0.0283948)
(-0.0462408,-0.0323365)
(0.0172035,-0.0432785)
(-0.0102811,-0.0508656)
(0.0384055,0.0293081)
(-0.0189316,0.0842683)
(0.0414807,-0.0146418)
(0.0561538,0.00150667)
(0.419481,-0.16938)
(0.384567,-0.123066)
(0.568669,-0.125498)
(0.499558,-0.0743803)
(0.0652712,-0.0927451)
(0.149502,-0.0227891)
(-0.0880566,-0.0648607)
(-0.114856,0.0569045)
(-0.0560429,-0.0561252)
(0.0382645,0.0505563)
(0.0120391,0.0137333)
(0.0137024,0.0411027)
(0.0144656,0.0284572)
(0.00186569,0.0356142)
(0.0381487,0.0174938)
(0.0613655,-0.0990964)
(0.00234637,-0.0254627)
(0.4129,-0.150938)
(0.479892,-0.0771438)
(0.375982,-0.0877354)
(0.583102,-0.117811)
(-0.0436452,-0.0471545)
(-0.0436522,-0.0396049)
(0.0486384,0.0535694)
(0.0457477,0.0351253)
(-0.0368268,0.0476997)
(-0.0507599,-0.0584462)
(-0.00820748,0.0102806)
(0.0237916,-0.120573)
(0.081124,-0.0947015)
(-0.0444863,-0.0451397)
(-0.0633426,-0.0198004)
(-0.0120331,-0.0144017)
(-0.0495948,0.0261108)
(0.468372,-0.098044)
(0.483248,-0.0351178)
(-0.0921212,0.0200892)
(0.381578,-0.098613)
(-0.0371016,-0.0110579)
(0.413054,-0.0873565)
(0.407893,-0.0902743)
(-0.0838576,0.0167113)
(-0.0615177,0.0372206)
(0.0914711,0.0762332)
(0.082402,0.00634447)
(0.452549,-0.114532)
(0.571735,-0.141189)
(-0.017231,-0.045884)
(-0.0013319,-0.0125483)
(-0.0365607,0.0105543)
(0.044601,0.0728375)
(0.709098,-0.173933)
(-0.0526651,-0.0532442)
(-0.0751808,-0.0741944)
(0.416297,-0.162407)
(-0.0358899,0.0628825)
(-0.0162701,0.0340895)
(-0.0737341,-0.0355085)
(-0.01923,0.0123284)
(0.48504,-0.130602)
(0.46927,-0.179844)
(0.546479,-0.0538818)
(0.488772,-0.0597314)
(-0.0473727,0.0313239)
(-0.019577,-0.0460814)
(-0.0106936,-0.0243223)
(0.183888,-0.0646313)
(0.00221628,0.0259593)
(0.0692858,-0.0108097)
(-0.00801431,-0.0474074)
(-0.0132092,0.070495)
(-0.0197844,0.0741454)
(-0.0106518,-0.0573597)
(-0.0356693,0.0193547)
(0.0774817,-0.000909263)
(-0.00443784,-0.0392633)
(0.0319985,0.00737113)
(-0.0410526,0.0284363)
(-0.0452317,-0.0294022)
(-0.0288663,0.0187945)
(-0.0552767,-0.0231489)
(-0.0508341,-0.0446138)
(-0.0388087,0.0216186)
(0.0350462,-0.0543197)
(0.0526578,-0.0126675)
(0.00894431,-0.00705233)
(0.0383512,0.00159075)
(-0.0243635,-0.0949649)
(0.0640669,-0.108817)
(-0.0248548,0.0125283)
(0.00793074,0.00853778)
(-0.0452479,-0.0249108)
(0.522727,-0.0723673)
(-0.0501945,-0.0596121)
(-0.0823535,-0.100154)
(-0.0188232,-0.0237732)
(0.0215183,-0.00852938)
(0.0537382,0.0296086)
(-0.0156047,0.0182145)
(0.0215365,-0.00671325)
(-0.0677457,-0.0193934)
(-0.0495663,0.0512927)
(0.0107146,0.00494696)
(0.497091,0.00527739)
(-0.00278316,0.0605046)
(-0.0400665,-0.0134033)
(0.0603057,0.0647941)
(0.0152387,-0.0077166)
(0.0271665,0.0301776)
(0.036932,0.0589677)
(0.0139238,-0.0394239)
(-0.00711262,-0.0637014)
(0.109494,0.0554795)
(0.0419552,0.0252762)
(0.0237128,0.00786841)
(-0.0692541,0.00256156)
(0.0563287,0.01707)
(0.104293,0.0253373)
(-0.00605993,0.057866)
(0.0133798,-0.0357397)
(-0.0769048,0.0124567)
(-0.051009,-0.0146556)
(-0.0337279,0.00689134)
(-0.0496117,0.037695)
(0.0525027,-0.0448247)
(-0.000939673,0.026184)
(-0.0559684,-0.0267742)
(-0.0519349,0.0032018)
(0.00945754,0.0375523)
(-0.0959209,0.0218342)
(-0.0366615,-0.0202199)
(-0.0346561,-0.000236175)
(-0.0404274,0.00670384)
(0.0100999,-0.0421589)
(0.063882,0.0298205)
(0.374268,-0.128337)
(0.0022165,0.0120449)
(-0.00802726,0.0219496)
(-0.03947,-0.0248287)
(-0.0699858,-0.0576142)
(-0.116974,-0.0732629)
(-0.0625896,-0.0344862)
(-0.0423517,-0.0420879)
(-0.0654683,-0.0184689)
(0.0304559,-0.0840405)
(-0.0558205,-0.0871717)
(-0.0581716,-0.0340301)
(0.441553,-0.209938)
(-0.00835667,-0.0264285)
(-0.0279835,0.0221498)
(0.0136254,-0.0195996)
(0.00128414,-0.0253286)
(-0.0226651,-0.0144559)
(-0.000494076,0.0212083)
(0.0830858,-0.0685363)
(0.00739868,-0.00251064)
(0.00998506,0.0594558)
(-0.0294659,-0.0503248)
(0.0333639,-0.00691795)
(-0.0182369,-0.0177817)
(-0.0480183,-0.0135382)
(0.0429111,-0.0396185)
(-0.0228297,-0.0778413)
(0.471019,0.0120644)
(0.0344364,-0.0336134)
(0.068505,0.0582258)
(-0.0966374,-0.0669317)
(0.0532723,-0.0349187)
(0.0307796,-0.0450415)
(-0.056971,-0.0649442)
(0.0742968,0.0480345)
(-0.0166655,0.00502614)
(-0.0175327,-0.0099516)
(0.0436342,0.0515394)
(0.0405399,0.0424848)
(0.0100339,0.107764)
(-0.0128119,0.00854053)
(0.14945,-0.021809)
(0.391863,-0.101379)
(0.452153,-0.108095)
(0.0943554,-0.0450631)
(-0.000510744,0.0156489)
(0.413762,-0.118264)
(-0.0851959,0.102018)
(0.0575369,-0.0377906)
(-0.0306258,0.00141274)
(-0.0479961,-0.0098634)
(-0.00532174,-0.00532611)
(0.259809,-0.109908)
(0.118402,-0.0642872)
(0.028931,0.0423025)
(-0.0276072,0.0104529)
(-0.0310447,0.00896565)
(0.0241541,0.0271366)
(0.454521,-0.176315)
(-0.0433575,-0.0573875)
(-0.0404956,-0.00237707)
(-0.00704366,0.0209266)
(-0.00569885,0.0688024)
(-0.00627469,-0.0510394)
(-0.0184004,-0.0269449)
(-0.00553691,0.0772863)
(0.460682,-0.110716)
(0.413467,-0.0734667)
(0.0275342,-0.0324166)
(0.0138913,-0.0815781)
(0.0228374,0.0416792)
(0.0696155,0.0367289)
(-0.0125451,0.0340164)
(0.143537,-0.027188)
(0.357807,-0.102307)
(-0.0450683,-0.020077)
(0.033303,-0.0594874)
(-0.0260757,0.0172795)
(0.0564155,0.0113281)
(0.0371149,0.0953151)
(0.0145725,0.0241783)
(0.0288414,-0.0385949)
(-0.00252706,-0.0832088)
(0.041081,0.0171164)
(0.00942049,-0.0194522)
(-0.0399962,-0.0615646)
(0.0412311,0.0890725)
(0.0709572,0.0527789)
(-0.0727414,-0.0235045)
(-0.0171712,-0.0857846)
(0.0285769,0.0469993)
(0.0491675,0.0113887)
(0.0448323,0.00875746)
(-0.0698735,0.029797)
(-0.00815492,0.0475982)
(0.551429,-0.132965)
(-0.0485596,0.0125669)
(0.00382898,0.0194724)
(-0.096976,-0.0940913)
(-0.113556,-0.0805864)
(-0.00499731,0.0181605)
(0.0197745,-0.0107189)
(-0.055325,-0.0374042)
(0.0352098,-0.0235345)
(0.0076454,0.0964865)
(0.0322629,-0.0208979)
(0.448182,-0.123695)
(0.0202528,0.102123)
(0.00699306,0.0318712)
(-0.0325867,0.0168054)
(0.0299152,0.00842686)
(0.0336354,0.0198805)
(-0.0298044,-0.048553)
(0.031758,-0.0243303)
(0.0618072,-0.045078)
(-0.0362514,-0.109168)
(-0.00869852,0.0255381)
(-0.0473168,0.0170512)
(0.416558,-0.102202)
(-0.0609718,-0.0268689)
(0.00540379,0.0265363)
(0.0294583,0.0495607)
(-0.0608042,-0.0623709)
(-0.0584131,-0.019491)
(0.027331,-0.00140862)
(0.0620619,0.0471938)
(0.0774749,0.0371909)
(0.0609556,0.0310374)
(-0.0213783,-0.0608192)
(0.0444993,0.0124662)
(-0.0733589,-0.0504049)
(-0.0267314,-0.0731674)
(-0.00307938,0.000492125)
(-0.0247087,-0.0253521)
(0.0872553,-0.0168789)
(-0.00265042,0.0139636)
(-0.0278392,-0.0294442)
(-0.0067532,-0.0650162)
(-0.0507965,-0.0510646)
(0.0781593,-0.0399976)
(0.0308915,-0.00369996)
(0.204209,-0.129595)
(0.0579038,0.0298424)
(-0.0280507,0.0855316)
(0.0233926,0.0704184)
(0.0249872,0.0123717)
(-0.0862413,0.0855141)
(0.0101119,-0.0192007)
(0.0118201,0.0449369)
(-0.04544,-0.0190893)
(0.0224968,0.0355078)
(0.00767328,-0.0267862)
(0.0149973,0.0340482)
(-0.0552826,-0.0241239)
(0.0268013,0.00550233)
(0.0477607,0.0359762)
(-0.050098,0.0164758)
(-0.0559087,-0.0186627)
(-0.0769142,-0.0435817)
(0.0393834,-0.0084797)
(0.419456,-0.114594)
(-0.105365,0.00402522)
(0.567466,-0.110986)
(0.0288259,0.0606801)
(-0.0635158,0.0816222)
(-0.0162214,0.085743)
(-0.00387568,0.00455377)
(0.0673101,0.0550671)
(0.0348497,-0.0484399)
(0.0078239,-0.0051101)
(0.00137052,-0.0164762)
(-0.0427027,0.0701166)
(-0.00497624,-0.0211298)
(0.444904,-0.121658)
(-0.0184664,-0.0294883)
(-0.0239581,-0.0166264)
(0.0856311,0.0331645)
(0.0689203,-0.0265114)
(-0.0343356,-0.0379938)
(0.432507,-0.0574941)
(0.041452,-0.0266435)
(0.0158735,-0.0511009)
(0.706202,-0.0841694)
(0.0404811,-0.0482997)
(-0.0563584,0.0241129)
(-0.0262362,0.0294638)
(0.0467054,-0.0171055)
(0.393582,-0.0606552)
(0.513896,-0.175999)
(0.530241,-0.0595072)
(0.457265,-0.0902873)
(-0.0437112,0.0130758)
(-0.0683715,0.0224652)
(-0.000895778,-0.0054391)
(0.00224842,-0.0639723)
(-0.0198446,0.0339425)
(-0.0637004,-0.00531176)
(-0.0744723,-0.0277822)
(0.083815,0.0323857)
(-0.0183842,0.0239155)
(-0.0334938,0.0835156)
(0.00948726,-0.0142314)
(0.047555,0.0141473)
(0.0677164,0.0238553)
(0.0604857,0.0302921)
(0.0771165,0.0471718)
(0.0416463,0.00754493)
(0.0919469,-0.0400753)
(-0.009353,0.00628274)
(-0.0362571,0.105324)
(-0.00470626,0.072026)
(-0.0121277,0.0109282)
(-0.0386681,0.0858902)
(-0.0449524,0.0119022)
(0.00185764,0.0239754)
(0.027197,0.0634285)
(0.0127053,-0.0232559)
(0.030289,0.0286741)
(-0.0164178,-0.0393115)
(-0.0614745,-0.0398275)
(0.0678014,0.0584483)
(0.0480861,0.0164381)
(0.0240439,0.0695818)
(0.0454635,-0.0153048)
(0.429799,0.00927439)
(0.0364362,-0.00215072)
(0.539295,-0.120762)
(-0.0326268,0.0754579)
(0.0315848,0.00588378)
(-0.048291,0.00815169)
(-0.0979667,0.06691)
(-0.00721034,0.064547)
(-0.0468775,-0.0115185)
(0.0153487,0.0539039)
(0.0360461,-0.00958253)
(0.0334961,-0.0064523)
(0.00398569,-0.00615197)
(-0.00389395,-0.0611352)
(-0.0296089,0.094051)
(0.0167109,-0.0471091)
(0.0324305,0.0517324)
(-0.054619,-0.0101424)
(-0.0452117,-0.0375936)
(0.0554087,-0.0474106)
(0.00575788,-0.0917437)
(-0.0100723,0.0709465)
(0.0360682,0.0362993)
(0.056,-0.0206885)
(0.18667,-0.0823914)
(0.0769008,0.0393398)
(-0.0257202,-0.0417687)
(0.0087572,-0.0359194)
(0.0757203,-0.0223922)
(0.410773,-0.104112)
(0.00722184,0.0744482)
(-0.0305729,0.0833644)
(0.0358537,-0.0640589)
(-0.0628115,0.0762487)
(0.0508178,0.0415223)
(0.119387,-0.0330071)
(0.25221,-0.1102)
(0.345677,-0.192478)
(-0.0267679,0.0593593)
(-0.012675,0.0403913)
(-0.0883038,0.0236639)
(0.192711,-0.122882)
(0.533024,-0.0751351)
(0.0607808,-0.000321249)
(-0.0616576,-0.0539839)
(-0.0215152,0.0282113)
(-0.0817692,-0.0246766)
(-0.0306416,0.0488361)
(-0.0388405,0.0224562)
(-0.0174546,0.0331889)
(-0.00916694,-0.00642838)
(0.0361286,-0.00450293)
(0.0561264,0.0240677)
(0.494547,-0.109158)
(0.0390843,0.0104487)
(-0.0182695,-0.0310378)
(0.0427174,0.0270459)
(0.00669288,-0.0364834)
(-0.0198858,-0.0421632)
(0.0406399,0.00483866)
(0.0076373,-0.0137789)
(0.255232,-0.158021)
(0.0259568,0.0957598)
(-0.0176047,0.00818463)
(0.040651,0.0979392)
(0.0267517,-0.0265386)
(-0.035367,0.0314674)
(-0.0608899,-0.00231081)
(-0.0149738,0.0535725)
(0.268948,-0.088563)
(0.673405,-0.0190288)
(-0.0704221,0.056944)
(-0.0799091,-0.00168946)
(0.0154492,0.0263556)
(-0.0917362,0.0625933)
(-0.127126,-0.0235509)
(-0.134531,-0.0124556)
(0.0255856,0.058343)
(-0.0240721,-0.0200199)
(0.0248439,0.0136823)
(0.0634145,-0.0242255)
(0.0130967,-0.0147735)
(0.0328698,-0.00290426)
(-0.0928752,-0.0193795)
(-0.03378,0.0438003)
(-0.00420048,0.0627118)
(-0.0416943,0.0231496)
(-0.0307816,0.0480847)
(0.0325129,-0.00616981)
(0.0972287,-0.0638501)
(0.0620158,0.0591586)
(0.0959233,0.0454188)
(-0.0635666,-0.0432086)
(-0.0582999,-0.00712097)
(-0.0456512,0.0141636)
(-0.0333807,0.0324728)
(0.00160794,0.0167286)
(0.0149757,-0.00150412)
(0.00171765,0.00517323)
(0.0631865,-0.0254418)
(-0.021745,-0.0515271)
(0.0182015,-0.0333529)
(0.0288525,0.0139856)
(-0.0255455,0.068979)
(0.0277611,0.0790262)
(-0.0212085,0.0345317)
(0.0500017,-0.00565181)
(0.609114,-0.110895)
(0.0594999,0.0451353)
(-0.035572,-0.0374167)
(0.00629073,-0.0252939)
(0.0598966,0.0949904)
(0.0290427,-0.0416297)
(0.0289193,-0.0314091)
(0.051331,0.0120886)
(0.0491996,-0.0555682)
(-0.00142567,-0.070597)
(0.035681,-0.0215681)
(-0.00876768,-0.0341902)
(0.076446,-0.00527467)
(0.0773314,0.034288)
(-0.0106425,-0.00152577)
(0.0407348,-0.0290676)
(0.0335381,-0.0342483)
(-0.00229573,-0.0364003)
(-0.0126364,-0.0364928)
(-0.0193095,-0.0301038)
(-0.0377772,0.0470527)
(0.00628572,0.0011892)
(-0.00908432,0.0183496)
(-0.0559264,-0.00190146)
(-0.0228173,-0.0157722)
(-0.0111015,0.02315)
(-0.0364912,-0.108044)
(0.0319059,-0.0917642)
(0.00703321,-0.0524701)
(0.0133519,-0.038361)
(-0.0161502,-0.0123131)
(0.0623754,-0.0483728)
(-0.0499767,0.015051)
(0.0239494,-0.0744075)
(0.0758984,-0.0409534)
(0.0730437,-0.0910113)
(0.0117874,-0.0941524)
(-0.0450785,-0.134565)
(-0.0438278,-0.00397265)
(0.0605571,-0.0443265)
(0.0905345,-0.0226574)
(-0.0334107,0.0704119)
(-0.0624135,0.0325813)
(-0.0175747,0.0483225)
(-0.0135788,-0.0381675)
(0.00790468,0.00511788)
(-0.0200602,0.0771769)
(-0.0316098,0.0976618)
(0.0122918,0.0327613)
(-0.0840985,-0.0321074)
(0.0121487,-0.0208775)
(0.0472649,0.02154)
(-0.0283473,-0.0878993)
(0.0154018,-0.0235996)
(0.468994,-0.0728975)
(0.0262397,-0.0629347)
(0.0472255,-0.000454824)
(-0.00107206,0.0416813)
(-0.00649202,-0.0283459)
(0.0297345,0.0408043)
(0.017683,0.0502798)
(0.0460682,0.0549478)
(0.0378051,0.0213582)
(0.0567618,-0.0196471)
(0.0148674,0.000993617)
(0.0281123,-0.00456078)
(0.0366355,-0.0105802)
(0.0333273,0.0374039)
(-0.0485944,0.0776176)
(-0.019198,0.0155033)
(0.0547831,0.0528916)
(0.0701461,0.0199487)
(-0.0215182,0.0442452)
(0.0314755,0.027357)
(-0.0284496,0.000112793)
(0.00420999,-0.0742207)
(-0.0104061,-0.0500177)
(-0.0177497,-0.130595)
(0.0917566,0.000231134)
(0.544492,-0.115668)
(0.466363,-0.0762608)
(0.00817963,0.126193)
(0.452866,-0.0543639)
(0.0619412,-0.0699671)
(0.439318,-0.0588618)
(0.269206,-0.132301)
(-0.00796198,0.0409024)
(0.502279,-0.134226)
(0.555972,-0.106697)
(0.538647,-0.0930984)
(-0.0171424,0.0562978)
(-0.0446234,0.0396197)
(-0.0412309,0.000408715)
(-0.0539259,0.0158131)
(0.028537,0.0538702)
(-0.0235435,0.0137681)
(-0.0335859,0.0347331)
(-0.0471839,0.0206033)
(-0.0472132,0.00823601)
(0.00648935,-0.0611368)
(0.0317792,-0.000593818)
(0.0335685,-0.0394876)
(-0.0433317,0.0414877)
(-0.0371252,-0.00604879)
(0.0352528,0.047178)
(-0.0253895,-0.0776248)
(-0.050265,0.0728623)
(-0.0334815,0.0322166)
(0.01383,0.0286022)
(0.0107884,-0.0253678)
(-0.0352056,-0.0843364)
(-0.00191656,0.0294486)
(-0.036618,-0.0374775)
(0.0181287,-0.0154127)
(-0.000500997,0.0211394)
(0.0255034,-0.00707711)
(0.0459546,0.0795436)
(-0.0250652,-0.00408504)
(0.00920349,0.0300586)
(-0.00894527,-0.0143773)
(0.019592,0.0351526)
(-0.00991303,-0.0273762)
(-0.013952,-0.0228079)
(-0.0368933,-0.0377407)
(-0.0259382,-0.015115)
(-0.0261477,-0.0755427)
(0.00126189,0.0197104)
(0.544879,-0.258813)
(0.029564,-0.0323016)
(0.00303907,0.0125771)
(0.0019537,0.00845621)
(0.0114801,-0.00701487)
(0.0138076,0.0619713)
(-0.0167373,0.0498531)
(0.450271,-0.128621)
(0.639595,-0.180358)
(0.451109,-0.11619)
(-0.024565,-0.0048864)
(0.4117,-0.0802753)
(-0.00796311,0.0216991)
(0.0866916,-0.0244859)
(0.0120845,0.0436573)
(0.0186222,0.00999879)
(0.187816,-0.0844406)
(0.00854963,0.0236885)
(-0.00525001,0.0470209)
(-0.0214083,0.0282663)
(0.111698,-0.0564267)
(0.0261576,-0.00190815)
(-0.116195,-0.0276351)
(0.443488,-0.0656888)
(0.00726055,-0.000898942)
(-0.0401375,0.0154357)
(-0.00727682,0.0159463)
(0.0247129,0.0396887)
(0.0192603,-0.011033)
(0.0014097,0.0557852)
(0.0647309,-0.0614651)
(-0.000418716,0.0452505)
(0.0625785,0.0218822)
(0.194225,-0.0433326)
(0.0674736,0.0297148)
(0.0258538,0.00778872)
(-0.0561991,0.0574392)
(-0.0871612,0.0235057)
(0.00934119,0.0623124)
(0.019572,-0.00582024)
(0.00433204,-0.0482517)
(-0.0444883,0.0320846)
(-0.0093654,-0.0139768)
(0.0085299,-0.0090468)
(0.0129417,0.0132751)
(-0.0145561,0.0460841)
(0.054418,0.0493362)
(0.0255591,0.0518789)
(0.0234749,0.0390131)
(0.0200659,-0.00991086)
(0.041682,0.00992867)
(0.0185924,-0.110067)
(0.0262575,0.034552)
(-0.0582937,-0.0223133)
(0.0382793,0.111084)
(-0.00121606,0.0433328)
(0.02906,-0.126811)
(0.0808407,0.0698479)
(0.00841607,0.0454851)
(0.0603936,-0.0884858)
(0.00937472,0.0473058)
(-0.0447824,-0.0126938)
(-0.0257071,-0.043796)
(-0.016231,0.0550034)
(-0.0600308,-0.0293434)
(-0.0568055,-0.019149)
(0.0568667,0.0500905)
(-0.0295797,-0.024874)
(-0.0960566,0.0755639)
(-0.00303328,0.00817734)
(0.000618255,0.0299027)
(-0.0274604,0.0105279)
(0.0452289,-0.00500707)
(-0.00131545,0.0364942)
(0.129566,-0.0839381)
(0.0835792,0.00204851)
(-0.0261705,-0.0670574)
(-0.0330527,0.0528583)
(-0.0519292,-0.0978896)
(-0.00897249,0.0953143)
(-0.0391594,0.0171714)
(0.0709827,0.0755061)
(0.0725275,0.0817527)
(0.00956597,-0.030382)
(0.0228242,0.043532)
(-0.0491837,0.00803113)
(-0.0217677,0.0725788)
(0.0116311,0.00982995)
(-0.0490247,-0.034838)
(0.0162773,-0.0909598)
(0.0856606,-0.0230982)
(0.0404391,0.0510291)
(0.0262538,0.0566401)
(-0.0469582,0.043669)
(-0.0585695,-0.0238299)
(-0.00605475,-0.0339185)
(0.0473205,-0.00947414)
(0.0601994,-0.0402774)
(0.455872,-0.0943226)
(0.0157267,0.0016403)
(-0.0563821,-0.0484579)
(0.00636222,-0.0221046)
(-0.0372192,-0.0280243)
(0.0058888,-0.0575082)
(0.0480507,-0.0333594)
(-0.0366071,0.0181328)
(0.025128,-0.04764)
(0.547807,-0.130135)
(0.0226727,-0.0999823)
(0.0507348,0.00495923)
(0.0568531,-0.0680386)
(0.523886,-0.124612)
(-0.0263372,-0.00434233)
(-0.0363191,-0.0118414)
(0.0398387,0.0148121)
(-0.0197555,-0.0084801)
(-0.0341988,-0.0146623)
(0.0129908,-0.0214769)
(-0.0508834,-0.0206372)
(0.30624,-0.0768422)
(0.16546,-0.0771724)
(0.0177774,-0.005035)
(-0.0147676,0.0382867)
(-0.0475504,-0.0622454)
(0.0449381,0.0678997)
(-0.0138538,-0.0810511)
(0.400863,-0.0463516)
(-0.048606,-0.0152341)
(-0.00686654,0.00612972)
(0.00572427,-0.00299137)
(0.0337705,-3.77781e-05)
(0.0708181,-0.020136)
(0.0115355,0.00534159)
(0.492809,-0.106612)
(-0.0182331,-0.0106012)
(0.501526,-0.0889897)
(-0.0633302,0.06739)
(-0.0518573,-0.00971396)
(-0.0122937,-0.0540688)
(0.0338378,0.0382276)
(0.481319,-0.199863)
(0.104416,-0.0014582)
(0.281305,-0.122499)
(0.0289903,-0.0109889)
(-0.0211836,0.00822508)
(-0.0604551,-0.00346376)
(0.206137,-0.0410479)
(0.257114,-0.0998074)
(-0.00413319,0.0168377)
(-0.0110926,0.00559449)
(0.306349,-0.12896)
(-0.0235626,0.0209105)
(-0.0707232,-0.0281723)
(0.234576,-0.0960338)
(-0.044313,0.0244832)
(-0.00603202,0.0205121)
(0.344998,-0.0751083)
(-0.0720454,-0.0618574)
(0.151299,0.00170474)
(0.207082,-0.0571687)
(0.0183364,0.0619165)
(0.229339,0.0144309)
(0.0676423,-0.0610483)
(0.00684865,-0.0551495)
(-0.0133547,0.0503583)
(-0.0680184,0.037539)
(-0.0169667,0.0017091)
(0.0601032,-0.0568816)
(0.028406,-0.0393669)
(0.0447966,0.0553813)
(-0.0339889,0.0682814)
(0.0588509,0.0517781)
(-0.0370296,0.00997576)
(0.0818882,0.0653383)
(-0.098635,0.022511)
(-0.0280428,0.034163)
(-0.0250225,0.0248931)
(-0.0272629,-0.034104)
(-0.0395353,-0.00919295)
(0.308623,-0.0801792)
(0.0155478,0.074993)
(0.0104314,0.0509095)
(0.11455,-0.0579246)
(-0.12477,0.0521248)
(-0.0740539,0.037903)
(0.541735,-0.0826372)
(-0.00981157,0.0143237)
(0.557236,-0.129478)
(-0.0240114,-0.0242379)
(0.0133167,0.0242513)
(0.17851,-0.101187)
(-0.0366112,-0.0021687)
(0.0225407,0.02351)
(0.454758,-0.115399)
(-0.0347306,-0.0219167)
(0.0640587,0.0446082)
(0.00964945,0.0016384)
(0.0119594,0.0854516)
(0.131,0.0309884)
(0.0344393,-0.0618927)
(0.0984194,-0.0454887)
(0.0455996,-0.0299058)
(-0.115603,-0.0461603)
(0.22541,-0.158275)
(0.0227882,0.0386613)
(0.294343,-0.152125)
(-0.0260664,-0.0653123)
(-0.04466,-0.0186831)
(0.463681,-0.113726)
(-0.0672217,0.096437)
(0.00379721,0.0511081)
(-0.0334782,-0.00717303)
(0.387128,-0.0802179)
(0.00945569,-0.019873)
(-0.0455647,-0.0490555)
(0.0644636,0.0284636)
(0.00570147,0.0366255)
(0.0399139,0.0395054)
(0.0791966,0.00930201)
(-0.118285,0.0168931)
(0.0203179,-0.00234107)
(-0.0406308,0.0274127)
(0.0693342,-0.0502711)
(-0.0715996,0.0301742)
(0.000779181,0.045595)
(0.0776569,0.0293948)
(0.0686231,0.0411969)
(0.0377155,-0.0674567)
(-0.0421487,-0.052221)
(0.0112311,-0.0892044)
(0.0102856,-0.00764353)
(0.00625431,-0.0399215)
(-0.0119981,0.0174289)
(0.0546371,0.0163942)
(0.0657269,0.013201)
(0.0418231,0.0767889)
(0.0125996,0.0196415)
(0.0104841,0.036643)
(-0.0191745,-0.0769359)
(-0.0619078,-0.109537)
(-0.0772499,-0.105084)
(-0.0499218,-0.0543758)
(0.0112238,-0.00958806)
(0.0209052,-0.0250743)
(0.0144738,0.00771131)
(0.463248,-0.109146)
(-0.0638741,0.00253472)
(0.0316508,0.0149696)
(0.00314172,0.0053206)
(0.417714,-0.0665944)
(0.0378331,-0.00133065)
(0.0224761,-0.0248861)
(-0.0190945,-0.0292705)
(0.00799112,0.00124573)
(0.0177025,-0.0146293)
(-0.0156002,-0.0436642)
(0.0422957,-0.00702433)
(0.383968,-0.0823988)
(0.030022,-0.0155012)
(-0.0995077,-0.0187527)
(0.62532,-0.147872)
(0.0145821,-0.00133667)
(-0.00681952,0.00901084)
(0.027147,-0.046601)
(0.455008,-0.0776491)
(0.0478349,0.0272471)
(-0.0508972,-0.0434495)
(-0.0128091,-0.0522918)
(-0.119999,-0.00723491)
(-0.00113959,-0.0187178)
(-0.0798967,-0.0726339)
(-0.00528141,-0.057107)
(-0.0138965,0.0343597)
(0.00370848,-0.0354633)
(0.000638395,-0.0577733)
(0.00736158,-0.0502551)
(0.428605,-0.0465789)
(0.0554562,0.00669713)
(-0.0497,0.0444731)
(-0.0379901,-0.0209373)
(0.00526161,-0.00089074)
(0.00554807,-0.0636194)
(-0.0174811,0.0643733)
(-0.0180682,-0.0556596)
(-0.00773931,-0.00823264)
(0.00469712,-0.0773292)
(0.00607546,0.041045)
(0.0101073,0.0697729)
(0.423739,-0.0908102)
(-0.000529962,0.00467013)
(0.00955473,0.00108769)
(-0.0179363,0.0597685)
(0.0248075,-0.0257248)
(-0.0584226,0.0931162)
(-0.00569545,0.00417166)
(0.15552,-0.175499)
(0.206524,-0.106617)
(0.147759,-0.152467)
(0.011327,0.00988534)
(-0.0122747,0.0266965)
(0.608385,-0.173538)
(0.341978,-0.130316)
(-0.0188056,0.0136523)
(0.400461,-0.071762)
(0.467226,-0.0376408)
(0.199493,-0.111297)
(0.0508882,-0.0121795)
(0.038674,-0.0204683)
(0.0440953,0.0406547)
(0.0932183,-0.00699851)
(0.00124569,0.0374849)
(0.0108196,0.0517718)
(-0.0780796,0.00139731)
(0.0785009,0.00184665)
(-0.0902416,0.0168904)
(-0.0284566,-0.0368245)
(0.0490707,-0.0119182)
(0.469327,-0.131851)
(-0.0393897,0.0415209)
(0.00314547,-0.00396579)
(-0.0454121,0.0166714)
(0.540014,-0.0900025)
(-0.0404878,0.0820937)
(-0.0106735,0.00252605)
(0.529945,-0.159609)
(0.503771,-0.0770751)
(-0.0280132,0.0249059)
(0.341125,-0.0789362)
(-0.00309016,0.0497123)
(-0.0332185,0.0844167)
(0.474924,0.0163275)
(0.265851,-0.0839485)
(0.39818,-0.10701)
(0.47472,-0.0480196)
(0.0280834,-0.0140568)
(0.758078,-0.027425)
(-0.0415952,0.0102903)
(-0.0219837,0.0851498)
(0.0637586,9.75698e-05)
(0.172981,-0.061391)
(-0.0380318,0.0537505)
(0.0988527,-0.0677955)
(0.0141749,-0.00509493)
(0.0229317,-0.0026597)
(0.0311845,-0.0131341)
(0.0186215,8.9496e-05)
(0.0566478,-0.00239219)
(-0.0126986,0.0464555)
(0.0666733,0.0459918)
(0.107275,-0.0461425)
(-0.0839329,0.0052623)
(0.0220984,-0.0555219)
(0.0310537,0.0522098)
(0.0232621,0.0443966)
(0.0172467,0.0159346)
(0.458349,-0.068892)
(-0.0446763,0.107941)
(0.0268241,0.00434527)
(-0.00313707,-0.0176391)
(-0.000603973,0.0299586)
(0.0516232,0.00746821)
(0.0208766,0.035634)
(-0.0415096,-0.0897831)
(-0.0313425,-0.0193532)
(0.551003,-0.0817713)
(-0.0200389,0.0103743)
(0.334406,-0.0344977)
(-0.00203163,0.015936)
(0.0462926,0.0318258)
(0.00365877,0.00533146)
(0.102004,-0.0348852)
(-0.0303566,-0.0372383)
(0.0251379,-0.0998215)
(0.0283228,-0.0387592)
(0.0117917,-0.0423444)
(0.0410425,0.0254644)
(0.0297879,-0.0347028)
(0.0672162,0.000356188)
(0.0393807,0.0332663)
(0.468151,-0.127334)
(0.293156,-0.0574111)
(-0.0213168,-0.0256308)
(0.044315,-0.0386249)
(0.0291726,-0.0220834)
(0.0656586,-0.0480559)
(0.457743,-0.144812)
(0.049663,0.0465362)
(0.087087,0.00879438)
(0.0880624,0.0426563)
(0.0761262,0.000202206)
(0.317378,-0.156482)
(0.0683543,0.0233679)
(-0.0360238,0.000121767)
(-0.0206608,0.00174976)
(-0.0136346,0.0182103)
(0.498753,-0.0659238)
(0.0343951,-0.0268732)
(-0.0185729,-0.00343648)
(0.048015,0.0654235)
(0.0318217,0.0133632)
(0.038928,-0.00647354)
(0.479767,-0.08372)
(0.407342,-0.142858)
(0.654748,-0.0747579)
(0.038169,-0.0603912)
(0.050081,-0.0126065)
(0.487778,-0.0604246)
(0.0398417,-0.0251807)
(0.0940415,-0.0720732)
(0.279856,-0.197354)
(-0.0596338,-0.0522374)
(-0.0607792,0.00493253)
(-0.0549793,-0.0229482)
(-0.0595073,0.0415642)
(-0.0245189,0.0261509)
(0.150874,-0.0619887)
(0.173048,-0.121823)
(0.282614,-0.144355)
(0.276241,-0.0509173)
(0.628724,-0.17444)
(-0.00497938,-0.0357939)
(-0.0693865,0.013)
(-0.0283801,0.00573652)
(0.0988029,0.0893248)
(0.550434,-0.0728881)
(0.540751,-0.133213)
(0.00451188,-0.00379268)
(-0.034112,-0.0500042)
(-0.00300104,-0.0393278)
(0.58066,-0.182877)
(0.00348282,0.0858366)
(0.0650078,0.0351341)
(-0.0511706,-0.00519312)
(0.602892,-0.0767874)
(0.0582037,0.0451558)
(-0.0448013,0.0638591)
(0.552841,-0.115793)
(0.518177,-0.11736)
(-0.018135,0.0484276)
(-0.0141452,0.0217786)
(-0.0369829,-0.0425585)
(0.0021788,-0.0326363)
(0.0313136,-0.0442087)
(0.000943936,0.00481394)
(0.0271513,-0.0260458)
(0.473617,-0.150479)
(0.680895,-0.0255193)
(0.603067,-0.124723)
(0.53818,-0.0560809)
(0.44498,-0.103421)
(0.178188,-0.100557)
(0.28407,-0.0299167)
(0.189653,-0.0658667)
(0.184108,-0.0897751)
(-0.0244313,-0.0374472)
(0.0192696,-0.0578302)
(0.284809,-0.0529947)
(0.53895,-0.150391)
(0.532331,-0.122648)
(0.435162,-0.0596889)
(0.523825,-0.139951)
(0.00848999,0.0480476)
(0.53124,-0.0732856)
(-0.046364,0.0854136)
(0.0157319,-0.020814)
(-0.0187359,-0.0424505)
(-0.0160915,0.0684185)
(-0.050159,-0.0230302)
(-0.00838947,-0.0701923)
(-0.020474,0.0152239)
(0.0305615,-0.0225066)
(0.0319194,0.0695736)
(0.401241,-0.0991914)
(-0.00616129,-0.0476967)
(0.487766,-0.206389)
(0.456156,-0.0168239)
(0.458442,-0.160739)
(-0.0313484,-0.00280355)
(0.0694315,0.076309)
(-0.0340338,0.0119455)
(0.550065,-0.0940985)
(-0.031153,-0.0669771)
(0.0218659,-0.00502104)
(0.325469,-0.132731)
(0.253518,-0.137527)
(0.525369,-0.0893013)
(0.377555,-0.0538028)
(0.586895,-0.236649)
(0.485309,0.050291)
(-0.0124397,-0.0683198)
(-0.0156034,-0.0679081)
(0.0105042,0.0231645)
(0.032969,0.0794912)
(0.0215322,0.0838791)
(-0.0121551,-0.0246416)
(0.0279417,0.00661951)
(0.299558,-0.116655)
(0.190424,-0.0372645)
(-0.0318164,-0.00301755)
(0.193325,-0.03253)
(-0.00570122,-0.0276092)
(0.491771,-0.123581)
(0.532558,-0.0128747)
(-0.0540573,0.0350848)
(0.0505031,0.0454369)
(0.0743023,0.0208328)
(0.0655033,-0.0479187)
(0.449678,-0.220819)
(0.00899695,-0.0644463)
(0.157396,-0.103397)
(-0.0510256,0.0836791)
(0.286573,-0.131663)
(0.00973201,0.0602898)
(0.338419,-0.0654152)
(0.00190765,0.0426857)
(0.0281782,0.0360756)
(0.0205488,-0.00593985)
(0.0133217,0.0173773)
(0.487834,-0.0688317)
(-0.0125204,0.0254085)
(0.494543,-0.123922)
(0.467235,-0.082076)
(-0.0274966,0.0173645)
(0.480091,-0.0418239)
(0.587129,-0.0166604)
(0.538351,0.0185458)
(0.0205012,0.00953539)
(0.479383,-0.143268)
(-0.0631638,0.05536)
(-0.0545448,0.0374037)
(-0.0341678,0.0679075)
(-0.0367532,0.00765487)
(-0.0299622,0.0712202)
(-0.0371311,-0.00128934)
(-0.0569504,0.0268262)
(0.722388,-0.0165825)
(-0.0484633,0.0101452)
(0.113531,-0.027601)
(0.412144,-0.125811)
(0.449993,-0.105768)
(-0.000155227,0.00937401)
(0.0540245,-0.012655)
(-0.0190084,-0.00579038)
(0.400122,-0.155933)
(-0.043086,0.00457934)
(0.479793,-0.226641)
(0.373338,-0.111824)
(-0.0615508,-0.0225065)
(-0.0147031,-0.0121079)
(0.527743,-0.0214512)
(-0.0649823,-0.0215636)
(-0.0103748,-0.026528)
(-0.0297186,0.0538643)
(0.453688,-0.11448)
(0.457416,-0.0973554)
(0.210237,-0.131042)
(0.44856,-0.142623)
(0.489369,-0.0646759)
(0.0916002,-0.0131874)
(0.496783,-0.0975253)
(0.593622,-0.026353)
(0.0350578,-0.102631)
(0.510158,-0.0310206)
(0.0579462,0.0726912)
(0.504335,-0.0738175)
(0.0872715,0.00421585)
(0.00132449,0.0454312)
(-0.0200035,-0.0164552)
(0.0555268,0.0382112)
(0.0046671,0.0869965)
(0.0629725,0.0955112)
(0.0169642,0.0709255)
(0.0454048,0.02665)
(0.131481,-0.0841708)
(0.0253091,0.00670165)
(-0.0191564,-0.0147764)
(0.0284094,0.0380832)
(0.00829307,-0.0039646)
(0.00920974,0.0248131)
(0.0353582,0.00576215)
(0.0144438,0.0577629)
(0.126304,-0.0901737)
(-0.00947315,0.000389505)
(0.0426882,-0.0219299)
(0.624112,-0.0767553)
(0.384843,-0.179027)
(-0.0219077,0.0210133)
(0.0859797,0.144594)
(0.00577246,0.117372)
(0.137989,0.0269988)
(-0.0421469,-0.00931247)
(0.103483,-0.0116377)
(0.220958,-0.0972391)
(0.630205,-0.150236)
(0.570064,-0.126082)
(0.0182458,0.0660427)
(0.0669039,-0.0473133)
(0.543555,-0.138068)
(0.0262533,0.0478127)
(0.0463105,0.0250269)
(0.0821055,-0.0195394)
(0.502634,-0.0320487)
(0.0797998,-0.0645361)
(0.240669,-0.163013)
(0.00532503,-0.00547637)
(0.12623,-0.125181)
(0.18683,-0.077369)
(0.278401,-0.0505216)
(0.339597,-0.0978785)
(0.0794864,0.0423973)
(-0.0405891,0.0564488)
(0.38232,-0.128811)
(-0.0381496,0.0871191)
(0.0189799,-0.00583505)
(0.0313594,-0.0330619)
(0.474791,-0.15975)
(0.012208,-0.0288287)
(0.422579,-0.104399)
(0.0359944,-0.0115391)
(-0.00221811,0.0329873)
(-0.0128327,-0.0174894)
(-0.00650222,0.0495287)
(-0.0251946,0.0178542)
(0.000375325,0.0294329)
(0.0245492,0.0253953)
(-0.0253043,0.0175494)
(-0.0364072,0.0828342)
(0.527558,-0.1191)
(-0.0126,-0.0107598)
(0.0468094,0.0295316)
(0.509972,-0.0541563)
(0.0870078,0.0161801)
(-0.0121644,0.0330781)
(-0.0070258,0.00904681)
(-0.00307028,0.0228723)
(-0.059405,0.0638795)
(0.1204,-0.0879161)
(-0.00680726,0.0711666)
(-0.0463089,-0.0414965)
(-0.0451141,-0.0764882)
(0.0400938,-0.0216705)
(-0.0466326,-0.0377538)
(0.484167,0.00355317)
(-0.0468457,0.0715841)
(0.632068,-0.121973)
(0.362126,-0.146527)
(0.494541,0.0179726)
(-0.0416156,-0.00317447)
(0.384391,-0.0103579)
(0.394838,-0.144695)
(0.374444,-0.0533853)
(-0.0695013,0.0437791)
(0.0138725,0.056944)
(-0.0726026,0.0675773)
(-0.0143406,0.0206019)
(0.570779,-0.177685)
(0.572966,-0.112051)
(-0.0541703,0.00510538)
(-0.0320711,0.00356209)
(0.00415984,0.0112913)
(0.0549959,0.0016051)
(0.329972,-0.0720823)
(0.0517358,-0.00466442)
(0.0437393,0.0310863)
(0.023093,0.0316743)
(0.0794693,0.000353249)
(0.377384,-0.0740791)
(-0.0639758,-0.0883537)
(0.454083,-0.0345596)
(0.0146341,0.00154291)
(0.0547582,0.073858)
(0.0872565,0.0418562)
(0.650769,-0.160307)
(0.0126536,0.00276813)
(0.293586,-0.110181)
(0.544434,-0.132516)
(-0.047296,-0.00555642)
(0.00320285,0.0302242)
(0.104335,-0.0964405)
(-0.0120887,0.0711607)
(-0.0788858,0.0294345)
(0.0337347,-0.127596)
(0.37847,-0.170297)
(0.259726,-0.193797)
(0.0605213,-0.0468842)
(0.0163618,-0.00193702)
(0.0132749,-0.0182065)
(-0.113328,0.070449)
(0.0173056,0.00460665)
(0.00439443,-0.035835)
(0.416099,-0.0887277)
(0.535125,-0.0934204)
(0.631245,-0.0679535)
(-0.0247743,-0.0404458)
(0.349976,-0.0679751)
(-0.0455149,0.0219347)
(0.0473724,0.0125302)
(0.0429553,0.00284779)
(-0.00513968,0.136858)
(-0.0164332,0.0298889)
(0.0596802,-0.060347)
(0.264018,-0.0734737)
(0.574824,-0.10911)
(0.5441,-0.126214)
(0.107942,-0.0913914)
(0.53014,-0.155599)
(0.0305482,-0.14577)
(0.426288,-0.178309)
(0.467965,-0.0777965)
(-0.0153972,-0.0923195)
(0.472007,-0.12051)
(0.442703,-0.146252)
(0.539063,-0.142978)
(0.411319,-0.115792)
(0.52294,-0.0891825)
(0.119485,-0.0549288)
(0.266361,-0.130072)
(0.210991,-0.0408003)
(0.430834,-0.0707122)
(0.025105,-0.0470086)
(0.519022,-0.052798)
(0.355866,-0.150122)
(0.0126348,0.00276291)
(-0.0656981,0.0099266)
(-0.0834587,0.0757986)
(-0.0634968,-0.0661352)
(0.423215,-0.158368)
(-0.0268018,0.014442)
(0.468158,-0.145921)
(-0.00878916,0.0100313)
(0.255493,-0.0450646)
(-0.013479,-0.0489801)
(-0.0268405,-0.0422574)
(0.438806,-0.115725)
(0.0387207,0.0952699)
(0.0901807,-0.0658048)
(0.529012,-0.142564)
(0.0356066,-0.0381036)
(-0.0073181,-0.0485807)
(-0.0484248,0.0338487)
(-0.0618956,-0.025288)
(-0.0368367,0.0301942)
(-0.00845008,0.00292138)
(0.563454,-0.143384)
(0.569074,-0.159359)
(0.442593,-0.100995)
(-0.0340335,-0.0845213)
(0.0129787,0.0566385)
(0.352977,-0.195545)
(-0.0097991,0.0304739)
(0.00720811,-0.0099207)
(0.0198345,-0.0442589)
(-0.0338589,-0.0430715)
(0.562474,-0.125128)
(0.4424,-0.0526878)
(0.50396,-0.10544)
(0.416202,-0.0481204)
(0.402457,-0.0818052)
(-0.0899844,-0.0342063)
(0.413435,-0.0415793)
(0.30275,-0.113652)
(-0.0601592,-0.103473)
(0.371176,-0.0799038)
(0.498305,-0.10129)
(0.013815,-0.0655034)
(0.000973385,0.0791803)
(0.546273,-0.125435)
(0.0156696,0.00818213)
(0.050878,-0.0236327)
(0.422876,-0.134744)
(0.0466134,-0.00278274)
(-0.0258911,-0.0453359)
(0.0450068,0.0351934)
(0.0750648,-0.031131)
(0.494255,-0.0616715)
(-0.0229394,0.0337759)
(-0.0733632,0.093225)
(-0.000441417,0.0271769)
(0.392493,-0.066896)
(-0.0286532,0.0474363)
(0.00977871,0.0252414)
(-0.0434296,0.0665005)
(0.0840706,-0.0427249)
(-0.0368161,-0.0799728)
(0.0301841,0.0102428)
(0.111566,0.0291888)
(0.107889,0.01599)
(0.0127472,0.0627573)
(0.0707088,0.0682441)
(0.0967558,0.0688183)
(0.501602,-0.0864213)
(-0.0728755,0.0340549)
(0.533387,-0.0048059)
(-0.0176778,-0.00113355)
(-0.0391273,-0.0617239)
(0.184931,-0.106692)
(0.531625,-0.133957)
(0.325989,-0.106044)
(-0.0765354,0.0537124)
(-0.0137504,-0.0309315)
(0.0546563,-0.0209572)
(0.0281226,-0.040173)
(0.00176477,-0.000640724)
(-0.0245663,0.0193054)
(-0.0458632,-0.0312038)
(0.0195337,0.0227805)
(-0.0588534,-0.0207965)
(0.0125671,0.0558295)
(0.0204824,-0.0290906)
(0.394683,0.0594105)
(-0.00063648,0.0580566)
(0.0571098,0.00804189)
(0.0210183,0.0168083)
(0.0318518,0.027498)
(0.188697,-0.0519017)
(0.123542,-0.071402)
(-0.00859368,0.0376261)
(0.111709,-0.105221)
(0.533638,-0.0575276)
(-0.0484497,-0.104904)
(0.4486,-0.0739624)
(-0.00942524,-0.155792)
(-0.010752,0.0341051)
(0.104745,-0.0246584)
(0.0533284,-0.0734066)
(0.0883464,-0.0312046)
(-0.0514514,-0.00840243)
(0.0235031,-0.01077)
(-0.0505099,-0.0424715)
(-0.0353508,0.0537841)
(0.00484899,-0.00717464)
(0.340052,-0.147738)
(0.353262,-0.135376)
(0.0398069,0.00819169)
(0.167954,-0.0396733)
(0.193561,-0.0403344)
(0.58953,-0.101107)
(0.0203602,0.00962408)
(0.121405,-0.0277083)
(0.498733,-0.150571)
(0.141632,-0.00584073)
(0.110392,-0.0943036)
(-0.0359977,-0.0351636)
(-0.00749445,-0.0639197)
(0.0960784,-0.047436)
(-0.0406277,-0.00996593)
(0.43389,-0.0545519)
(0.379061,-0.126933)
(0.0163954,0.000977389)
(0.0483572,0.0101684)
(0.168324,-0.0919077)
(0.0521876,-0.0479979)
(0.129666,-0.0535734)
(-0.00481035,0.0430307)
