1620
(-0.0265908,-0.120447)
(-0.0153737,0.0334803)
(0.0596287,0.0612611)
(0.00647306,-0.146309)
(-0.0192042,-0.0313254)
(-0.0301419,0.0365845)
(0.048662,0.048043)
(-0.0207577,-0.0239154)
(0.00233088,0.0100665)
(-0.00536004,0.0311181)
(-0.0495866,0.0443927)
(-0.00102407,0.0190191)
(0.00708023,-0.0451429)
(-0.0167458,0.000762461)
(0.0102672,0.0489681)
(-0.0387027,0.0203196)
(-0.0321599,-0.0901754)
(0.0194501,0.0260282)
(0.0172799,0.0192496)
(-0.00544753,0.014758)
(-0.0163703,-0.0153077)
(0.000390273,0.0178344)
(-0.0616377,0.00923299)
(-0.0382847,-0.0435361)
(-0.00150052,0.0326061)
(0.0327142,0.0149229)
(-0.0219604,0.0160005)
(0.0713078,-0.0892905)
(-0.0396029,-0.00822104)
(0.0678396,-0.0287928)
(0.0439982,0.0639677)
(0.0417706,-0.0167016)
(-0.00481814,0.0476582)
(-0.0852947,0.0337331)
(0.0546727,0.0319843)
(0.0113997,0.0628756)
(0.0594526,0.000248635)
(-0.011661,0.0285879)
(-0.048479,0.00152073)
(0.0483957,0.0126277)
(0.0272629,-0.0787444)
(0.0805869,0.0120842)
(0.053862,0.0225672)
(0.131539,4.43394e-05)
(-0.0407758,0.0636189)
(0.132522,-0.0224646)
(0.104495,-0.0313715)
(-0.02174,-0.00224115)
(0.0513853,-0.0613758)
(-0.0159769,-0.0245528)
(0.0434443,0.00303275)
(0.0881635,-0.0283543)
(0.015054,0.0120303)
(0.0225144,-0.00449142)
(-0.0170201,0.0205368)
(-0.0317849,0.0237431)
(0.0489863,0.0262692)
(0.0473773,0.0588532)
(-0.0167233,-0.0413026)
(0.045735,-0.0282746)
(-0.0387082,-0.0121547)
(0.171557,-0.0712939)
(-0.00547824,0.00271134)
(0.396138,-0.0800526)
(-0.01842,-0.000284963)
(-0.00332808,0.0443413)
(0.0042573,-0.00963636)
(0.0276099,0.0103329)
(0.0372836,0.12717)
(-0.036954,-0.0672774)
(0.00885371,0.0680976)
(0.00496055,0.0548639)
(-0.0199718,0.0671955)
(-0.041933,0.0293536)
(-0.00664149,0.000193463)
(-0.0881598,0.0558313)
(0.0042063,-0.0462161)
(0.0106923,-0.0462968)
(-0.0205871,0.0107342)
(0.0766651,-0.0423712)
(-0.00553582,-0.0684261)
(-0.00890188,0.00855643)
(0.025519,-0.0723575)
(0.0350082,-0.0277769)
(0.0446549,0.0237844)
(0.0129019,0.01583)
(-0.0292835,-0.0269473)
(-0.0379298,0.0070894)
(0.0744893,0.0240322)
(0.0246192,-0.014226)
(-0.107654,-0.0244836)
(-0.026377,0.0179741)
(0.458734,-0.0766225)
(0.0175171,0.113075)
(-0.0150248,0.0770733)
(0.568647,-0.0227382)
(-0.0587431,0.0629806)
(0.440092,-0.151487)
(-0.0109747,-0.0967455)
(-0.0504713,-0.088665)
(0.0656974,-0.000491102)
(-0.0732005,-0.0169219)
(0.0417045,-0.0807058)
(-0.0105198,-0.049508)
(-0.0250454,-0.109617)
(0.443139,-0.0869415)
(0.0142712,0.0577139)
(-0.0739015,-0.00684433)
(0.0118649,0.0239005)
(0.0380358,0.0439065)
(0.0037653,0.0335865)
(0.700687,-0.150205)
(0.366443,-0.0343131)
(-0.00980936,-0.0123846)
(0.465276,-0.0483653)
(0.0266691,0.102635)
(0.0156537,0.0847286)
(0.6301,-0.108934)
(0.00653461,0.00771492)
(0.482757,-0.0822634)
(0.424304,-0.0658643)
(0.0225228,0.053029)
(0.391901,-0.0662943)
(0.28005,-0.121347)
(0.276253,-0.0756796)
(0.0169984,-0.0302466)
(0.0561995,-0.0121949)
(0.00510783,0.0565317)
(0.347378,-0.127293)
(0.0717871,0.0328409)
(0.115701,0.0587823)
(0.0170279,-0.0143142)
(-0.00528193,-0.0492637)
(-0.0054463,0.015443)
(-0.00735438,0.0109505)
(0.0193952,0.0126149)
(-0.0519536,0.00949554)
(0.00382386,0.0338749)
(0.382771,-0.0891341)
(0.00848959,-0.00650691)
(0.00200397,0.0569531)
(-0.00533924,0.0539541)
(0.0111979,-0.0134881)
(0.0438725,-0.0592014)
(0.0845781,-0.0802162)
(0.0216211,-0.0825234)
(0.0137391,-0.000440714)
(0.429779,-0.0867258)
(0.484087,-0.11678)
(-0.0655682,0.00147837)
(0.486764,-0.156932)
(0.205502,-0.065855)
(0.550517,-0.0482015)
(0.467291,-0.0934643)
(0.481562,-0.0673559)
(-0.0371763,0.0157285)
(0.0792641,0.0528221)
(0.403952,-0.142467)
(0.377556,-0.00269479)
(-0.015723,0.00109957)
(-0.0308857,0.0282896)
(0.00834054,0.0381036)
(0.0111542,0.0459494)
(-0.0420835,-0.0206873)
(-0.0114672,0.0291721)
(-0.041762,-0.0250097)
(0.0228104,-0.0398013)
(-0.00142114,-0.0493747)
(0.0399205,0.0296825)
(-0.0187621,0.0805402)
(0.0457198,-0.0108996)
(0.0602858,0.00808024)
(0.415921,-0.161481)
(0.388751,-0.112871)
(0.5615,-0.133959)
(0.49782,-0.0877904)
(0.0603811,-0.0964493)
(0.144251,-0.0349924)
(-0.0819996,-0.066616)
(-0.108696,0.0460684)
(-0.056434,-0.0437214)
(0.0343273,0.0490839)
(0.0115282,0.0156399)
(0.0104981,0.0479993)
(0.00966581,0.0389957)
(0.000355031,0.028504)
(0.0312121,0.0145365)
(0.054176,-0.0930369)
(-0.00585736,-0.0241662)
(0.419674,-0.150714)
(0.490125,-0.0825981)
(0.380844,-0.0887789)
(0.58609,-0.12061)
(-0.0375479,-0.0437783)
(-0.0433031,-0.0323006)
(0.0409295,0.0484084)
(0.0343478,0.0318459)
(-0.0442981,0.048046)
(-0.046202,-0.0602113)
(-0.00801233,0.00749864)
(0.011833,-0.126538)
(0.0671741,-0.106029)
(-0.0453411,-0.0443249)
(-0.0617235,-0.0214003)
(-0.00732102,-0.00659409)
(-0.0445617,0.023933)
(0.458243,-0.1027)
(0.49109,-0.0403964)
(-0.085198,0.0173548)
(0.383464,-0.102941)
(-0.0339633,-0.00446216)
(0.408081,-0.0893603)
(0.404636,-0.0914748)
(-0.0705675,0.00463212)
(-0.043225,0.030477)
(0.0927729,0.0608121)
(0.0681484,-0.00309249)
(0.448726,-0.113612)
(0.567294,-0.140605)
(-0.0107429,-0.0467977)
(-0.000578668,-0.0191353)
(-0.0313191,0.00997741)
(0.0344504,0.0651017)
(0.699219,-0.167719)
(-0.0499823,-0.0513056)
(-0.0729145,-0.0713229)
(0.407045,-0.160196)
(-0.0417369,0.0578929)
(-0.0224416,0.0400104)
(-0.0710866,-0.0407315)
(-0.0277116,0.00430569)
(0.477303,-0.135365)
(0.460818,-0.183645)
(0.550833,-0.0581928)
(0.50121,-0.0580409)
(-0.0424686,0.0291327)
(-0.0350115,-0.0467688)
(-0.0193681,-0.0285489)
(0.184048,-0.0565214)
(0.00598491,0.0230819)
(0.0642643,-0.020164)
(-0.00188641,-0.0579317)
(-0.0155552,0.0715101)
(-0.0203451,0.0784294)
(0.00471021,-0.0602721)
(-0.0313942,0.0291615)
(0.0789402,-0.0067091)
(0.003502,-0.0293604)
(0.0263767,0.0113023)
(-0.0343457,0.0271276)
(-0.0465926,-0.0148024)
(-0.0269156,0.0215581)
(-0.0539293,-0.00832018)
(-0.051268,-0.0346372)
(-0.0388251,0.0167829)
(0.0220713,-0.0598719)
(0.0546921,-0.00506475)
(0.00477782,-0.00290229)
(0.0408281,-0.00220931)
(-0.0184774,-0.0920359)
(0.0628997,-0.110195)
(-0.0211811,0.0150543)
(0.00622231,0.0128703)
(-0.0505189,-0.022916)
(0.526624,-0.0855006)
(-0.0541534,-0.0510787)
(-0.0850076,-0.0943175)
(-0.0247849,-0.0245391)
(0.0266211,-0.00673729)
(0.0584803,0.0274743)
(-0.00958027,0.0198096)
(0.0251685,-0.00435228)
(-0.064897,-0.0151237)
(-0.0404641,0.05017)
(0.0139194,-0.00168729)
(0.50327,0.0131128)
(0.00467488,0.0511942)
(-0.0368899,-0.00754603)
(0.0645666,0.0513648)
(0.0073183,0.00656328)
(0.0185612,0.035102)
(0.0303891,0.0565862)
(0.0149217,-0.0409763)
(-0.00680964,-0.0680122)
(0.103026,0.053677)
(0.0419399,0.0289519)
(0.028983,0.0107383)
(-0.0759423,0.00655463)
(0.0625515,0.0182377)
(0.0947502,0.0190452)
(-0.00694415,0.0596492)
(0.0152377,-0.0309317)
(-0.0795922,0.0103766)
(-0.0589114,0.00122054)
(-0.0353967,0.00845711)
(-0.0387178,0.0402114)
(0.0524411,-0.0464621)
(0.00965381,0.0350099)
(-0.0574576,-0.0314028)
(-0.0487703,0.00412758)
(0.0123835,0.0341765)
(-0.0899008,0.0244461)
(-0.0336743,-0.0237673)
(-0.0233312,0.00156762)
(-0.0304008,0.0148452)
(0.0063107,-0.0470614)
(0.0637025,0.0356298)
(0.380349,-0.127615)
(0.00215509,0.0172044)
(-0.00747441,0.0252514)
(-0.0453929,-0.00966715)
(-0.0643666,-0.0685629)
(-0.114799,-0.0673016)
(-0.059646,-0.0305854)
(-0.0367059,-0.0254121)
(-0.0503815,-0.0119571)
(0.0266298,-0.0852283)
(-0.0620405,-0.0801146)
(-0.0445122,-0.0414905)
(0.436211,-0.207092)
(-0.00653654,-0.0284449)
(-0.0296899,0.0167728)
(-0.000950502,-0.023075)
(0.0035487,-0.020041)
(-0.0190986,-0.00896414)
(0.00187189,0.0176845)
(0.0829448,-0.0688042)
(0.0120669,-0.00133187)
(0.0200483,0.0606777)
(-0.025386,-0.0473881)
(0.0189688,-0.00415036)
(-0.0284161,-0.0205041)
(-0.0498236,-0.00544549)
(0.0438377,-0.0365762)
(-0.032217,-0.0695745)
(0.471432,0.00697933)
(0.0364182,-0.0316146)
(0.0693657,0.0520544)
(-0.0967779,-0.0533175)
(0.0563397,-0.0332489)
(0.0420584,-0.0483404)
(-0.0552156,-0.060343)
(0.0732974,0.0399095)
(-0.0161531,0.00659231)
(-0.0191108,-0.00804242)
(0.0483592,0.0553139)
(0.037611,0.0387952)
(0.0154229,0.10141)
(-0.0194027,0.00949596)
(0.153578,-0.0241153)
(0.402056,-0.0985084)
(0.464218,-0.101533)
(0.098621,-0.0477696)
(0.00166573,0.0144826)
(0.417962,-0.1183)
(-0.0746534,0.100063)
(0.0554733,-0.0406918)
(-0.0393467,0.00394183)
(-0.0435372,-0.0100994)
(-0.00530597,-0.0101712)
(0.263355,-0.110866)
(0.103366,-0.0634125)
(0.0312918,0.0461034)
(-0.0264474,0.0101549)
(-0.0267003,0.00973592)
(0.0294641,0.0300113)
(0.451027,-0.166417)
(-0.04977,-0.0458144)
(-0.0373906,-0.00857191)
(-0.00763105,0.0153426)
(-0.00134566,0.0660994)
(-0.0082094,-0.0523981)
(-0.0174493,-0.025536)
(0.0145432,0.0823169)
(0.460364,-0.0994765)
(0.42071,-0.0748696)
(0.0268088,-0.0285414)
(0.0125688,-0.0767804)
(0.0214333,0.0339343)
(0.0676785,0.0389478)
(-0.0107208,0.0380653)
(0.138323,-0.0194501)
(0.355947,-0.100623)
(-0.0363021,-0.0273661)
(0.0316333,-0.0594194)
(-0.0310187,0.0274369)
(0.0678096,0.00892745)
(0.0368134,0.083324)
(0.0115173,0.0218275)
(0.0313436,-0.0361362)
(0.000459283,-0.0703289)
(0.0338549,0.0147306)
(0.0103771,-0.0239631)
(-0.0396392,-0.0644012)
(0.0408533,0.0818534)
(0.0676465,0.0513032)
(-0.0711343,-0.0231702)
(-0.0167764,-0.0838787)
(0.0253467,0.0371757)
(0.0442646,0.0128519)
(0.0477134,0.00861007)
(-0.0643728,0.0319897)
(-0.00817864,0.0482683)
(0.556325,-0.12094)
(-0.049724,0.0172928)
(0.00676205,0.0179886)
(-0.0987791,-0.0914352)
(-0.119055,-0.0737932)
(0.000276472,0.023739)
(0.0213245,-0.00599864)
(-0.0610102,-0.0348125)
(0.0475546,-0.0183059)
(0.0117191,0.101392)
(0.029556,-0.0230052)
(0.455127,-0.129056)
(0.0183757,0.103868)
(0.00433552,0.0352974)
(-0.0224415,0.0187442)
(0.0335664,0.00328373)
(0.0386626,0.0179104)
(-0.0348519,-0.0580392)
(0.0284002,-0.0294959)
(0.0554402,-0.0484762)
(-0.0421829,-0.102288)
(0.00470999,0.0309141)
(-0.0549765,0.0163702)
(0.408461,-0.0954355)
(-0.0663618,-0.0230687)
(0.0140752,0.0284139)
(0.0443223,0.0450764)
(-0.0636576,-0.0502235)
(-0.0531698,-0.0181211)
(0.00708142,-0.0087062)
(0.0688723,0.0398738)
(0.0715125,0.0397817)
(0.0595862,0.0325094)
(-0.0196122,-0.0611803)
(0.0465629,0.0137568)
(-0.0763401,-0.0476452)
(-0.0388079,-0.0743224)
(-0.00671787,0.000166215)
(-0.0185743,-0.01944)
(0.0759817,-0.0200568)
(0.00522032,0.00188882)
(-0.0363316,-0.027961)
(-0.0157081,-0.0747326)
(-0.0476289,-0.0476632)
(0.0825428,-0.0435751)
(0.0256824,-0.0155495)
(0.209307,-0.136402)
(0.0590512,0.0163905)
(-0.0184703,0.0783321)
(0.0191641,0.0540436)
(0.0267372,0.0161026)
(-0.0871982,0.0868676)
(-0.000350479,-0.0216472)
(0.0126539,0.0443212)
(-0.041751,-0.0146971)
(0.0257616,0.0383115)
(0.0119433,-0.0224753)
(0.0178881,0.0286447)
(-0.0600765,-0.0118416)
(0.0269872,0.0134859)
(0.0439607,0.0431554)
(-0.0462165,0.0333905)
(-0.0575606,-0.0247717)
(-0.0775714,-0.0464627)
(0.0390668,-0.00608193)
(0.411674,-0.116053)
(-0.103047,-0.00110581)
(0.581461,-0.118632)
(0.0268199,0.0653693)
(-0.052639,0.0851632)
(-0.0118512,0.0842634)
(-0.000997309,0.00588299)
(0.0652107,0.0489415)
(0.0191481,-0.055703)
(0.0125243,0.000637267)
(-0.00234192,-0.010148)
(-0.0432788,0.0714358)
(-0.00560126,-0.0233671)
(0.435224,-0.120743)
(-0.0188067,-0.0304823)
(-0.00665081,-0.00882412)
(0.0720693,0.0294424)
(0.054916,-0.0293616)
(-0.033173,-0.0220653)
(0.426251,-0.0570824)
(0.0466549,-0.0196873)
(0.0218374,-0.0480062)
(0.708505,-0.078318)
(0.0490611,-0.0342828)
(-0.0555106,0.018845)
(-0.0212576,0.0283534)
(0.0434717,-0.0135902)
(0.393696,-0.0637384)
(0.508662,-0.169759)
(0.53167,-0.0493391)
(0.444003,-0.080696)
(-0.038376,0.014462)
(-0.0645775,0.0234445)
(0.00251818,-0.000200198)
(-0.000926082,-0.060182)
(-0.0206602,0.0278852)
(-0.0595646,0.000166332)
(-0.0697243,-0.0225594)
(0.0769959,0.0298938)
(-0.0215917,0.0179907)
(-0.0343448,0.0826008)
(0.0116363,-0.0100901)
(0.0507096,0.0131126)
(0.0744144,0.0235611)
(0.0644268,0.0286916)
(0.077094,0.0436493)
(0.0375242,0.0078551)
(0.0846018,-0.035481)
(-0.0110978,0.00998298)
(-0.0386451,0.0987359)
(-0.003589,0.0752998)
(-0.0108892,0.0118178)
(-0.0375503,0.0857623)
(-0.0405875,0.0166627)
(0.000240815,0.0257718)
(0.0291204,0.0697915)
(-0.00262732,-0.022815)
(0.0413176,0.0283032)
(-0.0256927,-0.0379445)
(-0.0609768,-0.0439078)
(0.0683792,0.0473378)
(0.0440958,0.016873)
(0.0276989,0.0576996)
(0.0420487,-0.0166228)
(0.438205,0.00240059)
(0.0343329,-0.00241681)
(0.540746,-0.120378)
(-0.032886,0.0854908)
(0.030863,0.00166078)
(-0.0508601,0.00623864)
(-0.0796412,0.0696823)
(-8.60059e-05,0.0607789)
(-0.0387909,0.00107091)
(0.0157325,0.0496465)
(0.0197009,-0.0143105)
(0.0296659,-0.00963195)
(0.00598607,-0.00634812)
(-0.00563078,-0.0502435)
(-0.0278489,0.0883414)
(0.014061,-0.0423965)
(0.0185447,0.0386634)
(-0.0598755,-0.00984157)
(-0.061119,-0.0426073)
(0.0557011,-0.0546571)
(-0.000288894,-0.0935067)
(-0.0140571,0.0712329)
(0.0159616,0.0478106)
(0.0488735,-0.0225251)
(0.1891,-0.0796316)
(0.0763701,0.0227283)
(-0.0299028,-0.0426612)
(0.00569168,-0.0367915)
(0.0656798,-0.0352821)
(0.413336,-0.101035)
(0.00296277,0.0861631)
(-0.0270903,0.0788423)
(0.0228038,-0.0624211)
(-0.0614075,0.0717806)
(0.0553197,0.0300286)
(0.117618,-0.0285749)
(0.255075,-0.107743)
(0.341645,-0.183704)
(-0.029356,0.0601746)
(-0.0135575,0.0398425)
(-0.0851141,0.0262049)
(0.194,-0.117661)
(0.522535,-0.0713533)
(0.0607343,-0.0139432)
(-0.0594417,-0.0443317)
(-0.011154,0.0234153)
(-0.0665241,-0.0219757)
(-0.0279317,0.0512526)
(-0.0359877,0.0250534)
(-0.015998,0.0348914)
(-0.00759493,-0.00829402)
(0.0443515,-0.0133541)
(0.0580157,0.0290374)
(0.495445,-0.104826)
(0.041249,0.0167425)
(-0.0143075,-0.0310078)
(0.0436893,0.032063)
(0.00224478,-0.0351343)
(-0.0215615,-0.0442925)
(0.0397972,0.00825724)
(0.00801879,-0.0129931)
(0.254761,-0.164465)
(0.0414529,0.0888806)
(-0.0143076,0.00937289)
(0.0594851,0.0899391)
(0.0263572,-0.0275698)
(-0.0311051,0.0338379)
(-0.0609154,0.00391754)
(-0.00761244,0.0541)
(0.270959,-0.0873162)
(0.663537,-0.0272609)
(-0.058211,0.0585356)
(-0.0727726,0.00241241)
(0.0153353,0.0237181)
(-0.0772944,0.0622946)
(-0.122531,-0.0139658)
(-0.129703,-0.00728895)
(0.037149,0.0512122)
(-0.0282493,-0.019296)
(0.0315986,0.01966)
(0.0728532,-0.0318885)
(0.0223206,-0.0243317)
(0.0344376,-0.00417206)
(-0.0859343,-0.00352117)
(-0.0239436,0.041433)
(-1.96925e-07,0.0633096)
(-0.0383821,0.0258991)
(-0.0255213,0.0485497)
(0.0349992,-0.00725488)
(0.0867239,-0.0655115)
(0.0611145,0.060756)
(0.0902084,0.0360284)
(-0.0588938,-0.045603)
(-0.060832,-0.0119687)
(-0.0458162,0.0120918)
(-0.021687,0.0340758)
(0.00555775,0.0129031)
(0.0134341,0.00425027)
(-0.00985446,0.00699285)
(0.0687043,-0.0138781)
(-0.0175904,-0.0463178)
(0.0219616,-0.0264563)
(0.0229495,0.0225404)
(-0.0215285,0.0576776)
(0.0158888,0.077747)
(-0.0119105,0.0300811)
(0.0503924,0.00228796)
(0.603332,-0.104081)
(0.0482979,0.030311)
(-0.0357467,-0.0321163)
(0.00431845,-0.0259727)
(0.0684285,0.0883116)
(0.0186656,-0.0395838)
(0.0366907,-0.0244781)
(0.0512154,0.010424)
(0.0486113,-0.0557694)
(-0.00132715,-0.0631469)
(0.0381128,-0.0129848)
(0.00283606,-0.0348739)
(0.0702559,0.00347518)
(0.0597952,0.0326531)
(-0.0104412,0.00374376)
(0.0396802,-0.0197718)
(0.0289199,-0.0307151)
(-0.00654628,-0.0308314)
(-0.0167317,-0.0448419)
(-0.0243153,-0.0354574)
(-0.0328605,0.0544658)
(0.00698181,0.00147346)
(-0.00968201,0.0232089)
(-0.0558031,0.00453578)
(-0.0241387,-0.014075)
(-0.00498978,0.0323583)
(-0.0360975,-0.0947005)
(0.0301205,-0.0884107)
(0.00373708,-0.049824)
(0.019732,-0.0349227)
(-0.0158273,0.000900225)
(0.0659247,-0.0424022)
(-0.0518483,0.0265582)
(0.0247226,-0.0694138)
(0.0763736,-0.0342654)
(0.072239,-0.084393)
(0.00755879,-0.0833747)
(-0.0449095,-0.11903)
(-0.0468509,-0.00670575)
(0.0549938,-0.0446137)
(0.0858462,-0.0286421)
(-0.0368872,0.0681696)
(-0.0711502,0.032367)
(-0.0152007,0.0488932)
(-0.0187335,-0.0212141)
(0.00779623,-0.000134469)
(-0.0165032,0.0735182)
(-0.0257235,0.0876516)
(0.0165557,0.035677)
(-0.0820934,-0.0296934)
(0.0132161,-0.0204922)
(0.0533976,0.0165692)
(-0.0387823,-0.0813672)
(0.0160244,-0.0281307)
(0.463759,-0.0748414)
(0.0178622,-0.0674184)
(0.0353973,0.00441191)
(-0.0107565,0.0412755)
(-0.0206335,-0.0274549)
(0.0309889,0.0362331)
(0.022869,0.0433378)
(0.0496521,0.0526053)
(0.0397277,0.0179175)
(0.0546675,-0.0106382)
(0.0136358,0.00160236)
(0.0278461,0.000947604)
(0.038325,-0.00729385)
(0.0365023,0.0302455)
(-0.0496946,0.0577939)
(-0.0155333,0.0192084)
(0.0539759,0.0488043)
(0.0751128,0.0215972)
(-0.0296214,0.0497012)
(0.0319483,0.0247835)
(-0.0381898,0.00975768)
(-0.00465963,-0.0705628)
(-0.0163401,-0.0481272)
(-0.0237407,-0.119212)
(0.0879964,0.00217814)
(0.531205,-0.120611)
(0.479311,-0.0731284)
(0.00912297,0.124418)
(0.461352,-0.0481498)
(0.0542812,-0.0706041)
(0.448676,-0.0636887)
(0.263431,-0.125868)
(-0.0147851,0.0323876)
(0.503339,-0.143214)
(0.571332,-0.0948684)
(0.55648,-0.0788227)
(-0.0210407,0.0653009)
(-0.0425457,0.0346447)
(-0.0373433,-0.00157983)
(-0.0530189,0.0144191)
(0.0299056,0.0519521)
(-0.0195947,0.0133467)
(-0.0264689,0.0314382)
(-0.0443602,0.0228533)
(-0.0439505,0.00881242)
(0.00160589,-0.0602581)
(0.0283451,-0.00325809)
(0.0259688,-0.0381917)
(-0.0361932,0.0405816)
(-0.0373249,-0.00359492)
(0.0339165,0.050086)
(-0.0292152,-0.0733227)
(-0.0559244,0.0766998)
(-0.0280037,0.0296991)
(0.00929277,0.0364458)
(0.0179304,-0.0240159)
(-0.0384459,-0.0778944)
(-0.00407505,0.0373483)
(-0.0369601,-0.0320293)
(0.0226793,-0.0141832)
(-0.00226132,0.0217243)
(0.028602,-0.00182297)
(0.0540847,0.0776889)
(-0.0196586,-0.0115919)
(0.00774116,0.0238753)
(-0.0102894,-0.0247339)
(0.0156799,0.0359319)
(-0.0135653,-0.0199274)
(-0.0116883,-0.0187799)
(-0.0303392,-0.045806)
(-0.015464,-0.0230893)
(-0.0217937,-0.0806446)
(-0.00271377,0.014667)
(0.530983,-0.25908)
(0.0226563,-0.0308051)
(-0.0027597,0.019503)
(0.00490152,0.0129093)
(0.0108119,-0.0140909)
(0.00629718,0.0581116)
(-0.0147174,0.0471151)
(0.460229,-0.142336)
(0.64883,-0.195754)
(0.432981,-0.134439)
(-0.0235559,-0.00286778)
(0.408393,-0.101631)
(-0.00719584,0.0210913)
(0.0819509,-0.0202592)
(0.0142506,0.0349837)
(0.0237272,0.00668479)
(0.200645,-0.0754833)
(0.0132921,0.0266237)
(-0.00208001,0.0477091)
(-0.0169289,0.0318957)
(0.120187,-0.0476506)
(0.0261095,-0.00306514)
(-0.113903,-0.0260277)
(0.447053,-0.0624176)
(0.00634287,-0.00371866)
(-0.0349288,0.0176165)
(-0.000702898,0.0215765)
(0.0287582,0.0370481)
(0.0257546,-0.0181418)
(0.000897697,0.0529891)
(0.0630832,-0.0605081)
(-0.0060531,0.0460061)
(0.0575088,0.0212268)
(0.190612,-0.0428754)
(0.068368,0.03131)
(0.0340105,0.00502836)
(-0.0439524,0.0525279)
(-0.0828067,0.0218147)
(0.0106482,0.0498465)
(0.0285279,-0.00267485)
(0.00351703,-0.0418418)
(-0.0474945,0.0332147)
(-0.00447914,-0.0152564)
(0.00587453,-0.00721536)
(0.00824804,0.024548)
(-0.014408,0.0501095)
(0.0525542,0.0514817)
(0.0211941,0.0549184)
(0.0157339,0.0492188)
(0.0207075,-0.00711901)
(0.0292524,0.0027796)
(0.0143452,-0.110061)
(0.0246134,0.0341628)
(-0.0556138,-0.0180415)
(0.0368616,0.104975)
(0.000716705,0.0465547)
(0.0224316,-0.127201)
(0.0854653,0.0604082)
(-0.000518577,0.0451626)
(0.0601472,-0.0950283)
(0.015768,0.0393427)
(-0.0432145,-0.0164155)
(-0.027081,-0.0428404)
(-0.00824609,0.0392226)
(-0.0614131,-0.0254722)
(-0.0660103,-0.0189646)
(0.0534532,0.0430325)
(-0.0262846,-0.0310851)
(-0.0876137,0.0718003)
(-0.00228787,0.00503359)
(0.00342588,0.0288745)
(-0.020636,0.0184188)
(0.0383811,-0.000184542)
(-0.00356863,0.0353176)
(0.118252,-0.0840782)
(0.0813548,0.00067593)
(-0.0305358,-0.0720701)
(-0.0228291,0.0454266)
(-0.0529402,-0.0970378)
(-0.000222953,0.0890123)
(-0.0404743,0.018163)
(0.0776621,0.072798)
(0.0766224,0.0753592)
(0.0081495,-0.0362002)
(0.0233081,0.0471895)
(-0.0476732,0.00845148)
(-0.0239211,0.0713783)
(0.00799873,0.00739706)
(-0.0366584,-0.0303921)
(0.0161158,-0.0783695)
(0.0894349,-0.0253925)
(0.0377845,0.0348484)
(0.026139,0.0580126)
(-0.0503562,0.0483032)
(-0.059575,-0.0241125)
(0.00232171,-0.0365746)
(0.0390988,-0.00394369)
(0.0630108,-0.041808)
(0.443883,-0.0951652)
(0.00825455,0.00871041)
(-0.0562673,-0.0458085)
(-0.000133247,-0.023705)
(-0.0389323,-0.0215003)
(0.000191282,-0.0549011)
(0.041526,-0.0342037)
(-0.0428798,0.0130156)
(0.0284816,-0.0470947)
(0.548205,-0.145993)
(0.0157173,-0.0966497)
(0.0468058,0.00283347)
(0.0534088,-0.0679921)
(0.516503,-0.130063)
(-0.0243577,-0.012578)
(-0.0251965,-0.0157191)
(0.0385024,0.0144517)
(-0.0222732,-0.0116518)
(-0.0243969,-0.00471566)
(0.00931093,-0.0199925)
(-0.0485216,-0.023217)
(0.308374,-0.0696436)
(0.173259,-0.0687181)
(0.0191868,0.00358736)
(-0.0176081,0.0352022)
(-0.0462236,-0.0599925)
(0.0444226,0.0603716)
(-0.0129961,-0.0789263)
(0.405994,-0.042862)
(-0.0544897,-0.0182685)
(-0.00378417,-0.00454621)
(0.0102309,0.00204853)
(0.0379561,-0.00206446)
(0.0689526,-0.0223979)
(0.00459073,0.00228343)
(0.499632,-0.103795)
(-0.00686981,-0.0169477)
(0.511661,-0.101022)
(-0.0432973,0.0691878)
(-0.0409472,0.00697832)
(-0.0141493,-0.0559243)
(0.0359344,0.0406058)
(0.473901,-0.209231)
(0.106197,-0.0158559)
(0.272938,-0.135464)
(0.0363444,-0.00332947)
(-0.018385,0.0158286)
(-0.0552347,0.00318751)
(0.208333,-0.0488563)
(0.240032,-0.0909751)
(-0.00925415,0.0215019)
(-0.00611495,-0.00275076)
(0.303918,-0.130812)
(-0.0199578,0.0235661)
(-0.0648966,-0.0270814)
(0.223843,-0.0960122)
(-0.0413354,0.0259716)
(0.00620343,0.0175054)
(0.333831,-0.0616448)
(-0.075282,-0.037623)
(0.152752,-0.00214128)
(0.209953,-0.0620616)
(0.00678633,0.0701045)
(0.23447,0.0106907)
(0.063177,-0.0645309)
(0.00475959,-0.0581501)
(-0.00591209,0.0569826)
(-0.0548631,0.0501888)
(-0.0225167,0.0104809)
(0.0567985,-0.0527625)
(0.0301075,-0.0419101)
(0.0426331,0.0479345)
(-0.0221919,0.062737)
(0.0549571,0.0466558)
(-0.0349334,-0.000379648)
(0.0756817,0.0514373)
(-0.102709,0.0236154)
(-0.0310184,0.0230724)
(-0.0303107,0.0159902)
(-0.0268491,-0.0377993)
(-0.0510514,-0.0010362)
(0.308423,-0.0726204)
(0.0181367,0.0716552)
(0.0211883,0.0589464)
(0.114649,-0.0519017)
(-0.113831,0.0476379)
(-0.0674294,0.045922)
(0.538485,-0.0738271)
(-0.0064498,0.0134115)
(0.54816,-0.129232)
(-0.00582556,-0.0193694)
(0.0169334,0.036538)
(0.163168,-0.0979726)
(-0.0202174,-0.00432147)
(0.0282511,0.0297126)
(0.458616,-0.109023)
(-0.0255423,-0.0166518)
(0.0723506,0.0424655)
(0.0126754,0.000832233)
(0.0213982,0.0714645)
(0.122558,0.0121196)
(0.04089,-0.0499627)
(0.0794243,-0.0579514)
(0.0495296,-0.0168967)
(-0.110344,-0.0441545)
(0.215785,-0.154841)
(0.0226169,0.0406978)
(0.284928,-0.152944)
(-0.0260412,-0.0633558)
(-0.0458841,-0.0216668)
(0.466302,-0.110801)
(-0.0608689,0.0918745)
(0.00493666,0.0503904)
(-0.0340762,-0.00820548)
(0.398167,-0.0782811)
(0.00108146,-0.0218471)
(-0.0495264,-0.0501438)
(0.061173,0.024902)
(0.00492848,0.0377987)
(0.0440156,0.0381012)
(0.0742014,0.00266969)
(-0.113592,0.0199828)
(0.0144846,-0.00320665)
(-0.0381768,0.0345093)
(0.0493922,-0.0506523)
(-0.0680321,0.0317613)
(-0.00240821,0.040196)
(0.075726,0.0287585)
(0.0651544,0.0373096)
(0.0206275,-0.0535312)
(-0.037616,-0.0296119)
(0.00153814,-0.0832577)
(0.000167481,-0.00451784)
(0.00411192,-0.0408854)
(-0.014837,0.0133246)
(0.0513657,0.0202817)
(0.0703787,0.0153186)
(0.0439159,0.0767085)
(0.00923418,0.0209899)
(0.00224623,0.0392164)
(-0.018767,-0.0728314)
(-0.0599007,-0.10546)
(-0.0758416,-0.0973936)
(-0.0565402,-0.0437233)
(0.00815372,-0.00451211)
(0.0217951,-0.0327566)
(0.0124204,0.0136179)
(0.465717,-0.105672)
(-0.06154,0.00258425)
(0.0344155,0.0163668)
(0.0071455,0.00974747)
(0.425935,-0.0578763)
(0.0446695,-0.000556017)
(0.0213326,-0.0209184)
(-0.0214414,-0.0303145)
(7.65107e-05,0.00693774)
(0.0206804,-0.0118492)
(-0.012423,-0.0412404)
(0.0242345,-0.00517622)
(0.388503,-0.0857618)
(0.0328548,-0.00898163)
(-0.0833732,0.00104446)
(0.628791,-0.142452)
(0.0134177,-0.014171)
(-0.00722392,0.00770466)
(0.0245092,-0.0323145)
(0.473263,-0.0750346)
(0.0387871,0.0272146)
(-0.0407473,-0.0297351)
(-0.0124427,-0.0446701)
(-0.124168,-0.00775072)
(-0.0103209,-0.0190299)
(-0.0766296,-0.0610044)
(-0.000584014,-0.0603177)
(-0.00881711,0.028911)
(-0.00185482,-0.0367769)
(-0.00529772,-0.0591967)
(0.00965204,-0.0493917)
(0.428436,-0.0555831)
(0.0536361,0.00366201)
(-0.0433219,0.0331083)
(-0.0280704,-0.0248384)
(0.00153872,-0.000622579)
(0.00740278,-0.062293)
(-0.013123,0.0723884)
(-0.0199815,-0.0451061)
(-0.0119691,-0.0104335)
(0.00598912,-0.0736713)
(0.0030555,0.04465)
(0.00575824,0.0695183)
(0.441226,-0.0842383)
(0.00736434,-0.00397756)
(0.0173484,-0.00399998)
(-0.0183929,0.0447654)
(0.0261141,-0.0208854)
(-0.0505165,0.0815653)
(-0.00243655,0.00756228)
(0.148929,-0.179055)
(0.199006,-0.103163)
(0.131371,-0.146992)
(0.00963186,0.00768458)
(-0.00967153,0.0248868)
(0.604572,-0.171144)
(0.344378,-0.122939)
(-0.0209561,0.00620523)
(0.402572,-0.0794316)
(0.467953,-0.050584)
(0.198371,-0.110948)
(0.0527866,-0.0104777)
(0.036508,-0.0228983)
(0.0523559,0.0417818)
(0.106859,-0.00377527)
(0.00970799,0.0444122)
(0.00943248,0.0458407)
(-0.0700882,0.00468461)
(0.0792231,0.00176083)
(-0.0923516,0.00954367)
(-0.0314543,-0.0290791)
(0.0520328,-0.0072502)
(0.463653,-0.120039)
(-0.0335748,0.0355292)
(-0.000270136,0.00727142)
(-0.0410184,0.0141272)
(0.55457,-0.0934547)
(-0.043646,0.0756461)
(-0.0133078,-0.00467159)
(0.520854,-0.146604)
(0.504653,-0.0846321)
(-0.0316766,0.0228651)
(0.339927,-0.0840289)
(-0.00285817,0.0394601)
(-0.0262147,0.074062)
(0.475113,0.0113033)
(0.26835,-0.0825747)
(0.404511,-0.105864)
(0.470068,-0.050237)
(0.0199916,-0.0129989)
(0.752343,-0.027735)
(-0.0426918,0.00194828)
(-0.0219769,0.0845188)
(0.0559061,-0.00670006)
(0.177161,-0.0737456)
(-0.0401311,0.0447355)
(0.100391,-0.0739585)
(0.00898695,-0.00448903)
(0.0193195,-0.00535168)
(0.0290595,-0.0137724)
(0.0185506,-0.00504324)
(0.0577619,-0.00221127)
(-0.00891933,0.0455758)
(0.0676432,0.0395386)
(0.107673,-0.0489459)
(-0.0738054,0.00530402)
(0.0172101,-0.0516577)
(0.021684,0.0596958)
(0.0130071,0.0466297)
(0.0253763,0.0201468)
(0.458191,-0.0621003)
(-0.0384232,0.094007)
(0.0289944,0.00190391)
(-0.00512283,-0.0156798)
(-0.0110386,0.0315177)
(0.0490382,0.0054889)
(0.0222462,0.0439581)
(-0.0468307,-0.0884902)
(-0.0281303,-0.00910034)
(0.554224,-0.0756938)
(-0.0215211,0.00905119)
(0.337477,-0.0334372)
(-0.000254161,0.0158628)
(0.0517788,0.0306633)
(0.00282912,0.00305543)
(0.0923218,-0.0379086)
(-0.032396,-0.0272738)
(0.0172412,-0.0970101)
(0.019974,-0.0365299)
(-0.00434271,-0.040501)
(0.0343321,0.0174861)
(0.0311237,-0.0340069)
(0.069263,-0.00256681)
(0.0398375,0.0279066)
(0.451738,-0.125991)
(0.305487,-0.063238)
(-0.0219381,-0.0160019)
(0.0454361,-0.0384018)
(0.0232123,-0.0161877)
(0.0677153,-0.0445128)
(0.457291,-0.136768)
(0.0479804,0.0321263)
(0.0808719,-0.00640596)
(0.0913523,0.0251221)
(0.0752857,-0.0139974)
(0.304429,-0.145429)
(0.0586087,0.00954563)
(-0.0343132,0.00139794)
(-0.0217729,0.00363734)
(-0.011997,0.0200348)
(0.494412,-0.0645528)
(0.0358287,-0.0265661)
(-0.0242212,-0.00470402)
(0.0381204,0.0565398)
(0.0326069,0.0118648)
(0.0276786,-0.0042838)
(0.486689,-0.0783024)
(0.411736,-0.152571)
(0.65762,-0.0609411)
(0.0368354,-0.0644353)
(0.0377098,-0.00743486)
(0.489719,-0.0644734)
(0.0368838,-0.0162959)
(0.095363,-0.0618023)
(0.286394,-0.185684)
(-0.0566735,-0.0357853)
(-0.0604649,0.0118899)
(-0.0568954,-0.0109139)
(-0.0494298,0.0468902)
(-0.02917,0.0350104)
(0.161242,-0.0671104)
(0.183508,-0.129079)
(0.284577,-0.148898)
(0.282665,-0.0556066)
(0.630977,-0.160443)
(-0.0107035,-0.0403864)
(-0.0582689,0.00809993)
(-0.0308172,0.00837945)
(0.104968,0.0900708)
(0.542927,-0.0669867)
(0.539301,-0.123055)
(0.00241897,0.00479272)
(-0.0306594,-0.0482263)
(-0.0109202,-0.0293246)
(0.586262,-0.193865)
(0.0181302,0.0811641)
(0.0607007,0.0318059)
(-0.0453727,-0.0057432)
(0.616986,-0.0712772)
(0.0534072,0.0403227)
(-0.0327954,0.0573728)
(0.559053,-0.128688)
(0.51987,-0.126223)
(-0.0186188,0.0316371)
(-0.0192542,0.0101952)
(-0.0302599,-0.0405896)
(-0.00154951,-0.035056)
(0.0306499,-0.023838)
(0.000965416,-0.00752165)
(0.0186199,-0.008563)
(0.464794,-0.151356)
(0.682456,-0.0239948)
(0.605459,-0.128184)
(0.543233,-0.0570284)
(0.447233,-0.107323)
(0.180246,-0.100288)
(0.278357,-0.0349578)
(0.195077,-0.0705324)
(0.174203,-0.0939524)
(-0.0239134,-0.038558)
(0.0193604,-0.0554698)
(0.291283,-0.0574408)
(0.549567,-0.149243)
(0.548403,-0.114275)
(0.444475,-0.0581391)
(0.52639,-0.146544)
(0.00627917,0.0370217)
(0.527854,-0.0712921)
(-0.0335536,0.0801748)
(0.0214097,-0.0332946)
(-0.0294583,-0.0445235)
(-0.00310604,0.0633326)
(-0.0554737,-0.0213887)
(-0.0115139,-0.0872561)
(-0.00823108,0.0125427)
(0.0336821,-0.031496)
(0.0344952,0.0628814)
(0.409048,-0.0935808)
(-0.00974511,-0.0548423)
(0.474126,-0.205257)
(0.460546,-0.0129974)
(0.450852,-0.15579)
(-0.0348264,-0.00203351)
(0.0684191,0.0585578)
(-0.0213939,0.0236045)
(0.557664,-0.0973833)
(-0.0346586,-0.0491604)
(0.0167885,-0.00214436)
(0.317898,-0.133847)
(0.247608,-0.140238)
(0.520722,-0.0838977)
(0.375618,-0.0553172)
(0.592719,-0.219656)
(0.49218,0.0381914)
(-0.0129243,-0.0616441)
(-0.0145133,-0.0677198)
(0.0147308,0.0203457)
(0.0264336,0.075001)
(0.0177334,0.0791566)
(-0.0112594,-0.0268279)
(0.0234391,0.00908508)
(0.281156,-0.112201)
(0.197914,-0.034991)
(-0.039549,-0.0044122)
(0.191684,-0.030003)
(-0.0115698,-0.024584)
(0.464226,-0.135281)
(0.557345,-0.0282415)
(-0.0560911,0.0330497)
(0.0313134,0.0429628)
(0.0636273,0.00856185)
(0.0760096,-0.0380633)
(0.436962,-0.205294)
(0.0216762,-0.0622042)
(0.141829,-0.0906972)
(-0.0508339,0.0807935)
(0.289796,-0.14361)
(0.0080236,0.0633757)
(0.347832,-0.0773482)
(-0.00346809,0.0477152)
(0.0277069,0.0313192)
(0.0230643,0.000206215)
(0.0181739,0.0271764)
(0.490547,-0.0652968)
(-0.0119834,0.0344798)
(0.496274,-0.127283)
(0.462225,-0.0831489)
(-0.0105912,0.012814)
(0.494822,-0.0336559)
(0.577477,-0.0131542)
(0.544887,0.0213877)
(0.0216521,0.020937)
(0.4695,-0.141409)
(-0.0603018,0.057269)
(-0.0523962,0.0350673)
(-0.0395774,0.0626133)
(-0.0316806,-0.00158971)
(-0.0259936,0.071916)
(-0.0303239,-0.0103797)
(-0.0626762,0.0290426)
(0.715053,-0.00996129)
(-0.043879,0.0115276)
(0.104878,-0.0270387)
(0.405691,-0.119384)
(0.4505,-0.0968027)
(-0.000906393,0.00283206)
(0.0584344,-0.00961116)
(-0.0252756,-0.0113038)
(0.403671,-0.160638)
(-0.0456913,0.0054767)
(0.475329,-0.222382)
(0.373898,-0.118826)
(-0.0571669,-0.0214972)
(-0.00638974,-0.00727839)
(0.530401,-0.0121489)
(-0.055814,-0.0201)
(-0.0164248,-0.0358119)
(-0.0248698,0.0521899)
(0.445759,-0.111628)
(0.463656,-0.097796)
(0.198431,-0.114977)
(0.446244,-0.13729)
(0.499703,-0.0678124)
(0.0895698,-0.0230962)
(0.492775,-0.102409)
(0.579157,-0.0402121)
(0.0284279,-0.107536)
(0.504129,-0.0279812)
(0.0726201,0.0630376)
(0.500442,-0.0688587)
(0.0951189,-0.0116473)
(-0.0120602,0.0492239)
(-0.0272573,-0.0184408)
(0.0561203,0.0380634)
(0.000672942,0.0865385)
(0.0561453,0.090064)
(0.00417356,0.0730118)
(0.038491,0.0320985)
(0.126458,-0.0910506)
(0.0229435,0.00746667)
(-0.0150124,-0.0156501)
(0.0291819,0.040694)
(0.0112481,-0.0134092)
(0.0129524,0.0166723)
(0.0430374,0.00124096)
(-0.000451042,0.0586461)
(0.122107,-0.0855353)
(-0.0217962,0.0203738)
(0.0413058,-0.0101549)
(0.62627,-0.073672)
(0.367012,-0.177386)
(-0.0263493,0.0171765)
(0.0867317,0.139276)
(-0.00149938,0.112939)
(0.133804,0.0240823)
(-0.0486793,-0.00406857)
(0.10057,-0.00642494)
(0.21897,-0.0913132)
(0.622851,-0.152466)
(0.578928,-0.124636)
(0.0162355,0.0694538)
(0.0505971,-0.0365019)
(0.544369,-0.137403)
(0.0121781,0.035046)
(0.0448377,0.0129494)
(0.0860703,-0.0246229)
(0.501903,-0.0448044)
(0.0812854,-0.0685309)
(0.244226,-0.168189)
(0.00500729,-0.011849)
(0.123828,-0.121742)
(0.194697,-0.0847432)
(0.282245,-0.0507539)
(0.346949,-0.102839)
(0.0913265,0.0367669)
(-0.0357366,0.0433283)
(0.39059,-0.131023)
(-0.0245667,0.0778791)
(0.023457,-0.00482476)
(0.0283446,-0.0285239)
(0.478346,-0.151331)
(0.014371,-0.026842)
(0.440602,-0.10548)
(0.0442167,-0.0183095)
(0.00870487,0.0350883)
(-0.0236746,-0.0143282)
(-0.0118055,0.0525363)
(-0.0210434,0.022617)
(-6.97777e-05,0.0305164)
(0.0256747,0.0253179)
(-0.027727,0.0203214)
(-0.0243533,0.0664359)
(0.523366,-0.123814)
(-0.0111755,-0.010614)
(0.0476068,0.0188162)
(0.51154,-0.0574068)
(0.0856092,0.00968873)
(-0.0185383,0.0323313)
(-0.0121968,0.00886757)
(-0.0104709,0.0261505)
(-0.0551355,0.050574)
(0.13037,-0.093466)
(0.00541366,0.0691258)
(-0.0459993,-0.042394)
(-0.0461647,-0.0753271)
(0.0387753,-0.0174161)
(-0.0449173,-0.0391134)
(0.494321,0.00115633)
(-0.042048,0.0711477)
(0.648427,-0.122888)
(0.345122,-0.136885)
(0.506297,0.0226083)
(-0.0377061,-0.00416531)
(0.389514,-0.0275288)
(0.412594,-0.139586)
(0.393249,-0.0544256)
(-0.0625204,0.0435388)
(0.0210833,0.0581422)
(-0.0587055,0.0711809)
(-0.0159463,0.0274428)
(0.55705,-0.167587)
(0.566572,-0.108183)
(-0.0388719,-0.000257242)
(-0.0314853,0.00851259)
(-0.00353816,0.00930997)
(0.0547013,0.00846467)
(0.337737,-0.0686293)
(0.0520933,-0.00379484)
(0.0499103,0.0285059)
(0.0236964,0.0346645)
(0.084033,-0.00323449)
(0.383578,-0.076137)
(-0.0565851,-0.0841006)
(0.45849,-0.0364785)
(0.0082719,0.0093896)
(0.0490079,0.0673625)
(0.0819772,0.0378194)
(0.639445,-0.162439)
(0.0121276,0.00818496)
(0.295245,-0.114691)
(0.547491,-0.141143)
(-0.0472383,0.000284461)
(0.000387246,0.0344203)
(0.0778007,-0.0986182)
(-0.0145301,0.0659921)
(-0.0701771,0.0313621)
(0.0210592,-0.124989)
(0.37142,-0.169794)
(0.2584,-0.197102)
(0.0545615,-0.0426594)
(0.0160502,-0.013145)
(0.0121634,-0.0115608)
(-0.1006,0.0650682)
(0.00459924,-0.00278783)
(0.00702028,-0.043299)
(0.413504,-0.0833054)
(0.521909,-0.0922738)
(0.624815,-0.0738497)
(-0.0136178,-0.0442956)
(0.356605,-0.0736528)
(-0.0411617,0.0231318)
(0.0433581,0.0224271)
(0.0366008,0.0121369)
(0.0166066,0.135306)
(-0.0117063,0.031157)
(0.0642961,-0.0550659)
(0.268513,-0.0794597)
(0.574761,-0.11406)
(0.548812,-0.134207)
(0.086656,-0.0811953)
(0.533308,-0.166129)
(0.0183704,-0.121439)
(0.416718,-0.17252)
(0.463648,-0.0692098)
(-0.0103609,-0.0930732)
(0.47463,-0.115038)
(0.433455,-0.141008)
(0.529389,-0.140925)
(0.411478,-0.113702)
(0.517957,-0.0908108)
(0.104744,-0.0501136)
(0.257888,-0.130054)
(0.202565,-0.0345908)
(0.43132,-0.0740503)
(0.0244874,-0.0441427)
(0.521011,-0.0533502)
(0.372,-0.145542)
(0.00794939,-0.00172585)
(-0.0614616,0.0108115)
(-0.076015,0.0728265)
(-0.0637311,-0.0484123)
(0.418064,-0.154248)
(-0.02139,0.012493)
(0.467814,-0.14586)
(-0.00126678,0.00558092)
(0.264336,-0.0497661)
(-0.0121873,-0.0497867)
(-0.0259904,-0.0429655)
(0.44388,-0.1136)
(0.0487102,0.0822849)
(0.0885886,-0.07581)
(0.520381,-0.15501)
(0.0475682,-0.0395423)
(-0.00577363,-0.0508021)
(-0.0467419,0.0263325)
(-0.0633544,-0.0290775)
(-0.0304309,0.0233459)
(-0.0135457,0.00167704)
(0.545032,-0.148059)
(0.564754,-0.178916)
(0.423849,-0.101666)
(-0.0262826,-0.0923204)
(0.00743937,0.0649019)
(0.354784,-0.18758)
(-0.0208765,0.0343805)
(0.00737293,-0.00343883)
(0.022699,-0.0404427)
(-0.0312368,-0.0383676)
(0.547856,-0.116463)
(0.441541,-0.0598439)
(0.489037,-0.10092)
(0.409213,-0.0430667)
(0.40119,-0.0792969)
(-0.0901585,-0.0199742)
(0.420978,-0.0330026)
(0.305463,-0.108101)
(-0.063748,-0.0946316)
(0.357895,-0.0873694)
(0.490957,-0.121988)
(0.0249625,-0.063995)
(0.00207028,0.0714654)
(0.54231,-0.124438)
(0.00873862,0.0140632)
(0.0385814,-0.0283323)
(0.422786,-0.132358)
(0.0464659,-0.000997182)
(-0.0247173,-0.0407741)
(0.0446273,0.0393577)
(0.0714054,-0.0266136)
(0.498565,-0.0503249)
(-0.0235988,0.0251005)
(-0.0675942,0.0839695)
(-0.00403457,0.0256408)
(0.393537,-0.0620012)
(-0.0268091,0.0465243)
(0.0156182,0.026851)
(-0.0354414,0.0665891)
(0.090996,-0.0458642)
(-0.0471754,-0.0821428)
(0.036493,0.00837174)
(0.107686,0.0274062)
(0.114555,0.0109013)
(0.015622,0.0550434)
(0.0728321,0.0665576)
(0.0939117,0.0609519)
(0.48114,-0.0980193)
(-0.0668749,0.0390128)
(0.528583,-0.0230448)
(-0.0240832,-0.00305675)
(-0.0260737,-0.0572512)
(0.189001,-0.0972148)
(0.534988,-0.136754)
(0.324479,-0.102534)
(-0.0562774,0.0517919)
(-0.0138738,-0.0285661)
(0.0483538,-0.0192927)
(0.0280319,-0.0368988)
(-0.00666677,0.000805633)
(-0.0300262,0.0265977)
(-0.0511261,-0.0289701)
(0.0209199,0.0274787)
(-0.0701903,-0.0124427)
(0.00334932,0.0537523)
(0.00716264,-0.020567)
(0.411209,0.0573472)
(0.00260228,0.0578965)
(0.0648932,0.00802702)
(0.0238291,0.0105711)
(0.0351748,0.0240865)
(0.186582,-0.0487375)
(0.125733,-0.0696357)
(-0.0187467,0.0374045)
(0.112843,-0.112878)
(0.551905,-0.0745169)
(-0.0512295,-0.0895868)
(0.450518,-0.0853503)
(-0.0241753,-0.140611)
(-0.0119583,0.0275711)
(0.102754,-0.0215193)
(0.0499013,-0.0640058)
(0.0890195,-0.0286698)
(-0.0546719,0.00498206)
(0.0293297,-0.0137429)
(-0.0582002,-0.0342189)
(-0.0253918,0.0611354)
(-0.00354965,-0.00271409)
(0.336177,-0.14767)
(0.346255,-0.138668)
(0.0290348,0.00738871)
(0.172428,-0.0433123)
(0.202126,-0.0546679)
(0.591125,-0.101311)
(0.014084,0.00294096)
(0.107608,-0.0319487)
(0.493428,-0.146866)
(0.13531,-0.0136547)
(0.112995,-0.0814964)
(-0.0429997,-0.0434155)
(-0.0106515,-0.0655576)
(0.0963026,-0.0349615)
(-0.0390999,-0.015094)
(0.440156,-0.0509333)
(0.38103,-0.131373)
(0.0173697,0.00195619)
(0.050574,0.0105343)
(0.168483,-0.0911485)
(0.0519684,-0.0472001)
(0.128234,-0.0530099)
(-0.00466769,0.0443975)
