1620
(-0.00446652,-0.0449828)
(-0.00641551,0.0375455)
(0.0274511,0.0228554)
(-0.0488805,-0.0942153)
(-0.0409137,-0.0214313)
(0.0042152,0.0136097)
(0.0934538,0.0275216)
(0.060097,0.0601293)
(0.0705651,-0.0573834)
(-0.0207245,0.0025558)
(0.0301104,0.0997353)
(0.0403207,0.0625077)
(-0.0230951,-0.0349165)
(-0.00453673,0.0756756)
(0.0222645,0.0500504)
(-0.0301139,0.0294809)
(-0.0416793,-0.00992364)
(0.000345096,0.0516761)
(0.000910057,0.0257205)
(0.00484271,0.0322874)
(-0.0135434,0.0724374)
(-0.00878938,0.0183922)
(-0.0379401,-0.00164724)
(-0.0263125,-0.0116711)
(0.0640347,-0.00962155)
(0.00873148,-0.00878485)
(0.0508814,0.0255287)
(0.0293043,0.0176639)
(-0.0387261,0.0117777)
(0.0115243,0.0573362)
(0.023525,0.00939061)
(0.0824976,0.00189798)
(0.0927106,0.0125474)
(-0.0595201,0.0718191)
(-0.0165134,0.0597462)
(-0.0489934,0.0515364)
(-0.0746026,0.0173973)
(0.00542589,0.0308616)
(-0.00434939,0.00861603)
(-0.0344266,0.00680839)
(0.0109701,-0.119267)
(0.0404807,-0.000649808)
(0.0574243,0.0247328)
(0.0653877,-0.0267752)
(0.0496955,0.0506741)
(0.124459,-0.0844519)
(0.0861252,-0.0522848)
(-0.020599,-0.0310148)
(0.0432756,0.0205149)
(-0.0296838,-0.0503336)
(0.0270938,-0.00304684)
(0.0244337,-0.0434241)
(0.00695167,0.0427963)
(-0.0138126,0.0275971)
(-0.0243938,-0.00196816)
(-0.0269719,-0.00570659)
(-0.0103519,-0.0246119)
(0.0183502,-0.0180573)
(0.000626731,0.00492565)
(0.0704312,-0.0395522)
(-0.0192142,0.0174355)
(0.290935,-0.100873)
(0.0158276,-0.00997148)
(0.414005,-0.127153)
(0.00613556,-0.0262695)
(-0.0280471,0.0495467)
(0.0242198,-0.0254185)
(0.00192836,0.0595828)
(0.0134309,0.014634)
(-0.0217561,-0.0415079)
(-0.037627,0.026253)
(-0.0263641,-0.000788349)
(0.036302,-0.00191096)
(-0.0171584,0.0167224)
(0.0816763,0.0267377)
(-0.031812,-0.0157384)
(-0.0236529,-0.0519397)
(0.0611271,-0.0791203)
(-0.0451519,-0.0223085)
(0.122491,-0.118447)
(9.97647e-05,-0.0642215)
(0.0281321,-0.0256845)
(-0.0163899,-0.0343783)
(0.0170866,0.0428019)
(-0.0373029,0.028724)
(0.0555747,-0.0466929)
(0.00896723,-0.0019169)
(0.00240632,0.0210874)
(0.0294132,0.0274898)
(-0.0127552,-0.0140225)
(-0.0459635,0.03433)
(-0.00423071,-0.00997331)
(0.424024,-0.11116)
(0.0318975,0.134169)
(0.0335201,0.0652645)
(0.513714,-0.0691568)
(-0.0398724,0.0620861)
(0.416917,-0.139212)
(-0.0197336,-0.0170249)
(-0.0241398,0.000363047)
(0.0588607,-0.0290937)
(-0.0496908,0.0335744)
(0.0444227,-0.070938)
(0.0146203,-0.0634852)
(-0.0164028,-0.0767134)
(0.495114,-0.0942219)
(0.0292317,0.0833657)
(-0.0165613,0.0107974)
(0.022518,0.0242225)
(0.040687,0.0619057)
(0.0169895,0.0419958)
(0.532534,-0.0971737)
(0.418849,-0.0140841)
(-0.0356025,0.00743821)
(0.43505,-0.0729127)
(0.0965681,0.146933)
(0.140096,0.0962116)
(0.450227,-0.0487746)
(0.00406466,-0.00450512)
(0.172991,-0.0472447)
(0.417688,-0.0763928)
(0.0274201,0.0187793)
(0.459795,-0.0731453)
(0.273917,-0.169028)
(0.395673,-0.116454)
(0.0208663,-0.0321227)
(0.0459759,-0.0728114)
(0.0282355,-0.00565224)
(0.398702,-0.130806)
(-0.00939245,-0.00149379)
(0.00620408,0.016606)
(0.0352743,0.03394)
(0.00938728,0.00615492)
(0.00379046,-0.0533927)
(-0.00788064,-0.0686533)
(0.0672754,-0.0181688)
(-0.0118985,0.00650028)
(0.0312926,0.0492721)
(0.363127,-0.194448)
(0.0504439,0.0177389)
(0.042969,0.0638678)
(0.0177762,0.0846853)
(0.0446145,0.0387656)
(-0.0293391,-0.0210334)
(0.103111,-0.0280787)
(0.0636823,-0.0301253)
(-0.0521126,0.00557175)
(0.3337,-0.155028)
(0.347866,-0.122024)
(-0.0428424,0.021733)
(0.268049,-0.121735)
(0.15138,-0.117016)
(0.718363,-0.179929)
(0.500202,-0.0629776)
(0.620681,-0.115603)
(-0.0385503,0.0156457)
(0.100627,0.029248)
(0.49768,-0.109879)
(0.376404,-0.0667739)
(-0.0147776,0.0372172)
(-0.0267754,0.0624053)
(0.0286335,0.0364897)
(0.0563219,0.0394962)
(-0.00121707,-0.00847812)
(-0.0100767,0.0211409)
(-0.00176916,-0.00529493)
(0.0110361,-0.0166167)
(0.0119029,0.00638037)
(0.0271687,-0.0244954)
(0.0172853,0.0137902)
(0.0251031,-0.0281664)
(0.029707,-0.0219437)
(0.413682,-0.207411)
(0.412526,-0.219359)
(0.528577,-0.091528)
(0.561344,-0.0951343)
(0.0152135,-0.00950137)
(0.0270654,0.00944326)
(0.012424,-0.0489694)
(0.00142444,-0.0483502)
(0.00819797,-0.029129)
(0.116437,0.0483376)
(0.0740812,0.0573304)
(0.0580899,0.0271875)
(0.0486018,0.0345647)
(0.00505701,-0.0505002)
(0.0177713,-0.0721778)
(0.138038,-0.0772806)
(0.035701,0.00565741)
(0.465116,-0.214051)
(0.434622,-0.204476)
(0.437676,-0.145971)
(0.512133,-0.252795)
(-0.0279927,0.00637324)
(-0.00861199,0.00997056)
(0.0287658,0.0865646)
(0.0208418,0.0732122)
(0.0201983,0.0529295)
(-0.0205466,0.00357632)
(-0.00411493,0.0330877)
(-0.00808524,-0.071563)
(0.0267234,-0.0404389)
(-0.0239528,-0.0126679)
(-0.0406806,-0.0146913)
(-0.0298907,0.00815729)
(-0.0229699,0.00480079)
(0.185364,-0.075537)
(0.207633,-0.062555)
(-0.0134467,0.0685199)
(0.391177,-0.126639)
(-0.0284695,-0.0134302)
(0.431164,-0.168404)
(0.403849,-0.107484)
(-0.00403911,-0.0268972)
(0.00731024,-0.0635636)
(0.0624712,0.10838)
(0.0832043,0.0558539)
(0.39437,-0.193424)
(0.40484,-0.219624)
(-0.0242688,0.0497431)
(-0.00579287,-0.0386719)
(-0.0467899,-0.0251151)
(0.0212686,0.058136)
(-0.0736353,0.0895933)
(0.044918,-0.0446761)
(0.0427276,-0.0606135)
(-0.092702,0.0775833)
(0.00223997,0.03318)
(-0.0316077,-0.0215833)
(-0.0314061,0.0134187)
(0.0254639,0.0212235)
(0.363011,-0.092441)
(0.415598,-0.143493)
(0.45623,-0.213101)
(0.445851,-0.233175)
(-0.041079,-0.019281)
(0.00110548,-0.015382)
(-0.0104755,-0.0382311)
(0.188267,-0.0670484)
(0.00550167,0.037801)
(0.0582277,-0.0282613)
(0.027217,-0.0746789)
(-0.00451027,0.0829596)
(0.015539,0.0988382)
(0.0343571,-0.0838497)
(-0.081224,0.0290829)
(0.00669098,-0.0452452)
(-0.00481856,-0.0618498)
(-0.0581548,0.0160116)
(-0.0453356,-0.0464089)
(0.0146556,-0.0736108)
(-0.050433,0.0413086)
(-0.0155278,-0.0501288)
(-0.0215936,-0.0306037)
(-0.00757005,0.0150833)
(-0.0611937,-0.0700272)
(0.0910132,-0.00964872)
(0.0174935,-0.0456339)
(-0.0127674,-0.0604369)
(-0.0195423,-0.0228279)
(0.0310001,-0.0541794)
(-0.045424,0.000498412)
(-0.0477922,0.0614653)
(-0.00539025,-0.0217339)
(0.561888,-0.108313)
(0.00487345,-0.045635)
(-0.0594128,-0.0873408)
(-0.0363352,0.0119968)
(-0.00553117,0.0054644)
(0.0357372,0.000792661)
(-0.0255066,0.0315097)
(0.0120223,0.0261952)
(0.00572989,-0.0261468)
(-0.0161993,0.0654808)
(0.0261745,0.0177821)
(0.451006,-0.125738)
(0.0163341,0.0422477)
(0.0113434,-0.0130148)
(0.0292091,0.0384663)
(0.0219727,0.000112266)
(0.00506713,0.0337231)
(0.0474975,0.078408)
(-0.0421452,-0.00552273)
(-0.0428296,0.00341539)
(0.0273793,0.0395206)
(0.0324035,0.067187)
(0.024273,0.0414207)
(-0.0189279,-0.000382636)
(0.00395592,-0.0141218)
(0.0366121,0.054497)
(0.00478248,0.0197927)
(-0.011677,-0.0234973)
(-0.0118902,0.0164309)
(0.00758035,0.0483963)
(-0.0858388,-0.0243836)
(-0.0581861,0.0877816)
(-0.0284903,-0.0680278)
(-0.03393,0.0733201)
(-0.0378781,-0.0261998)
(0.00923637,0.000602392)
(0.0342166,0.0446364)
(-0.0728187,0.044649)
(-0.00957349,-0.000176757)
(-0.0230529,-0.0116896)
(-0.0305458,-0.0338467)
(0.0563505,0.0271294)
(0.0660761,0.0113702)
(0.390757,-0.161664)
(-0.0462347,0.010685)
(-0.070267,0.066483)
(-0.027693,-0.00696489)
(-0.0155688,-0.0470663)
(-0.0876636,-0.0303251)
(-0.0986102,-0.020564)
(-0.0245153,-0.00898896)
(-0.0586168,-0.0300364)
(-3.89567e-05,-0.0661761)
(-0.060462,-0.0784318)
(-0.0412359,-0.0337107)
(0.40467,-0.176105)
(-0.0421306,-0.0698554)
(0.0199743,0.0393435)
(0.0500657,0.00216043)
(0.00864405,-0.040241)
(0.0236756,0.0319608)
(0.044466,0.0663768)
(0.0369317,-0.0773891)
(0.0340591,-0.0255367)
(-0.0105719,0.0256541)
(-0.0437286,-0.0127125)
(-0.0238637,-0.00305401)
(-0.00859046,-0.0205197)
(-0.0324838,0.0153309)
(0.0150126,-0.0391449)
(0.0298364,-0.0652414)
(0.39801,-0.090671)
(0.0177322,-0.063449)
(0.05726,0.0117086)
(0.00372024,-0.0516474)
(0.0767381,-0.0805843)
(0.0195874,-0.00809496)
(-0.0738258,-0.0511794)
(0.0466949,0.0300313)
(-0.0387633,0.0403459)
(-0.0413725,-0.000741269)
(-0.0235751,0.0291442)
(0.0560936,0.0484513)
(-0.0219189,0.0198756)
(-0.0164664,0.035912)
(0.169506,-0.103511)
(0.488965,-0.110141)
(0.473046,-0.0516061)
(0.0515331,-0.0623795)
(-0.0214164,0.00686811)
(0.535075,-0.166158)
(-0.0302687,0.00217702)
(-0.0194291,-0.0832549)
(-0.033493,0.0303567)
(-0.0989912,-0.0146227)
(-0.0253418,-0.0446858)
(0.303542,-0.127556)
(0.107135,-0.149019)
(0.0327866,0.00980845)
(0.018661,0.00244315)
(-0.0734442,-0.0113278)
(0.0580793,0.00450366)
(0.424095,-0.0952534)
(0.0140358,-0.0575012)
(-0.0712329,-0.00898848)
(-0.0774802,0.0042757)
(0.0359027,-0.00845194)
(-0.0410088,-0.00824722)
(-0.0481328,0.00263675)
(0.0354321,0.0732008)
(0.437323,-0.0483761)
(0.399573,-0.112624)
(0.0269422,-0.0267594)
(0.0327561,-0.0435135)
(0.0834716,0.0789234)
(0.0132401,0.0175967)
(-0.0791383,0.0392262)
(0.222384,-0.0744983)
(0.519114,-0.183125)
(-0.0184919,0.046551)
(0.0134295,-0.0579867)
(-0.0622573,0.018958)
(0.0142785,0.0476048)
(0.0486876,0.0504137)
(-0.00634348,0.0362676)
(0.0213907,0.0321017)
(0.0139706,0.00630592)
(0.0139606,0.0491999)
(-0.018544,0.0183994)
(-0.0185188,-0.012512)
(0.0521425,0.0464264)
(0.0622697,0.0466812)
(-0.0629021,-0.022811)
(0.0324715,-0.0881836)
(0.0411114,0.0427212)
(0.0308508,0.0309368)
(0.0372139,0.0084908)
(-0.0614149,0.0687763)
(-0.0117379,0.0671321)
(0.479273,-0.108814)
(-0.0101357,-0.00337712)
(0.00588458,0.0408005)
(-0.0546515,-0.0312825)
(-0.0535137,-0.0466426)
(0.0164128,-0.0153355)
(0.035008,-0.0307528)
(-0.0330972,-0.053188)
(0.010482,-0.0492914)
(0.0126369,0.132024)
(0.0143635,-0.00277748)
(0.437762,-0.194705)
(0.0120929,0.125174)
(0.0217568,0.02285)
(0.0445348,0.0608771)
(-0.00509816,-0.0306601)
(0.0288414,0.0191841)
(-0.0506923,-0.0705283)
(0.0333467,0.0106529)
(0.0778458,-0.0614205)
(0.0424501,-0.111142)
(0.12014,0.060215)
(-0.0111654,0.0314838)
(0.339873,-0.069492)
(-0.0173468,-0.0163739)
(0.00395676,0.0421124)
(0.0347907,0.0304372)
(-0.0139468,-0.0247346)
(-0.00498849,0.0460379)
(-0.0185648,-0.0118325)
(0.0254025,0.0209621)
(0.0392625,-0.0112981)
(0.00698671,-0.00988068)
(-0.0473992,-0.00863445)
(-0.0379491,0.0321121)
(-0.0873993,0.00712846)
(-0.0248515,-0.00583746)
(-0.0168057,-0.0375744)
(-0.00439975,-0.00234475)
(0.052778,0.0326702)
(0.0238863,0.0156442)
(-0.0233246,-0.0468967)
(0.00838399,-0.0475045)
(-0.0187246,-0.0321745)
(0.0981878,-0.0782199)
(-0.0416459,-0.0168926)
(0.205271,-0.177226)
(-0.040079,-0.0191442)
(-0.0391381,0.031366)
(-0.048313,0.00192115)
(0.0131351,0.00229284)
(-0.0301783,0.0243984)
(0.0182902,-0.0391323)
(0.0381092,0.0553873)
(-0.0332909,0.0112378)
(0.0323287,0.0141319)
(0.0358821,0.0135866)
(0.0602937,-0.0214024)
(-0.02818,0.000406336)
(0.0241191,0.0204025)
(0.0263912,0.0830319)
(-9.88154e-05,0.0625657)
(-0.0161816,-0.00619407)
(-0.0332909,-0.0216375)
(-0.0044415,0.0227634)
(0.393419,-0.171946)
(-0.0743878,-0.0161815)
(0.604327,-0.195631)
(0.0255723,0.0380922)
(0.00437802,0.0754891)
(0.0395994,0.0454007)
(0.0527825,-0.0109358)
(0.102616,0.00902302)
(0.0502538,-0.0356599)
(0.0512369,-0.00136653)
(0.0122749,-0.0553591)
(-0.0101507,0.00131746)
(-0.0138894,0.0235572)
(0.426694,-0.163821)
(0.060298,-0.0697276)
(-0.0124763,-0.0797623)
(-0.00130013,0.0152446)
(-0.0536941,-0.0252549)
(0.0170421,-0.0945858)
(0.382582,-0.117966)
(0.0715105,-0.0245322)
(0.0573296,-0.0515287)
(0.652106,-0.0685686)
(0.0199124,-0.0699289)
(-0.0178007,0.0307649)
(-0.00172156,0.0323128)
(-0.00709132,-0.00699039)
(0.268344,0.0200767)
(0.42455,-0.137384)
(0.179855,0.230283)
(0.178447,0.0288874)
(-0.0212664,0.0404253)
(-0.0365704,0.034322)
(0.00421492,0.00164402)
(-0.0389357,-0.0355404)
(-0.01683,0.027913)
(-0.0521065,0.0328355)
(-0.0668728,0.0262851)
(0.0560588,0.0134298)
(0.0176046,0.0270796)
(-0.0165224,0.0278695)
(0.0242116,0.0416037)
(0.0266293,0.027923)
(0.010088,0.00282648)
(0.0163948,0.0156625)
(0.0560533,0.0276152)
(0.0159918,-0.00656671)
(0.031603,-0.0184911)
(-0.000841642,0.0127777)
(-0.019827,0.0146846)
(0.0375679,0.0636975)
(0.00301894,-0.00649531)
(-0.109487,0.0653645)
(0.00513706,0.00507178)
(-0.0642237,0.0224949)
(0.0119498,0.0273867)
(0.0149935,-0.047755)
(0.00109385,-0.00174098)
(-0.029054,-0.0475975)
(-0.0189441,-0.0273964)
(0.0651494,0.0189248)
(0.0293788,0.013461)
(0.0790146,0.00322205)
(-0.00234957,-0.0471602)
(0.389393,-0.0524193)
(-0.00797503,-0.0131185)
(0.525861,-0.118297)
(0.0170086,0.0813336)
(0.0325252,0.0325756)
(-0.0271395,0.0547785)
(-0.0622712,0.111994)
(-0.0389252,0.0559394)
(-0.0657054,0.0363792)
(-0.0192273,0.0507829)
(0.0223521,0.0455251)
(-0.0008708,-0.0141327)
(0.0167063,0.0193637)
(-0.00101566,-0.0175189)
(0.0159174,0.0912093)
(0.00244568,-0.0239906)
(-0.0586647,0.0149045)
(-0.0472647,-0.0145772)
(-0.0561618,0.0209203)
(0.0709849,-0.0769887)
(0.0253405,-0.0973546)
(0.0240716,0.0760936)
(0.0413326,0.0904618)
(0.0274951,0.00917518)
(0.110927,-0.127428)
(0.0808842,-0.0431975)
(-0.0335973,-0.0246695)
(-0.0192492,-0.0460556)
(0.0820686,-0.0729431)
(0.364732,-0.0732942)
(0.0245937,0.0827055)
(-0.000187023,-0.0111676)
(0.00710382,-0.0523928)
(-0.00533132,0.00286886)
(-0.00861907,0.0285776)
(0.0448998,-0.0536285)
(0.175249,-0.1698)
(0.356781,-0.126175)
(-0.0142694,0.0465551)
(-0.0147261,0.0603784)
(-0.052066,0.038454)
(0.120588,-0.161802)
(0.485173,-0.125916)
(-0.0085474,0.0375663)
(-0.00615604,-0.016999)
(0.0419208,0.0727529)
(-0.00693178,0.00181993)
(-0.0475928,0.0250359)
(-0.0436434,0.00233285)
(-0.0240798,0.0146946)
(0.0279281,-0.0717728)
(0.0512533,0.0012214)
(0.0427024,0.0284957)
(0.462945,-0.101888)
(0.0425029,0.0283266)
(0.0130998,-0.0706209)
(0.0395007,0.031535)
(0.00526072,-0.0186355)
(0.0254919,-0.00970314)
(0.0168805,0.0256041)
(0.00562553,-0.00654225)
(0.382564,-0.174681)
(0.0894216,0.0254513)
(-0.0733881,0.047943)
(0.0744353,0.03549)
(0.0163852,0.00147629)
(-0.106941,0.028297)
(-0.0630886,-0.0336603)
(-0.0653242,0.0437591)
(0.213703,-0.0746049)
(0.637348,-0.0552516)
(-0.0214241,0.0685685)
(-0.0487099,0.0371008)
(0.0198755,0.011998)
(-0.0730351,0.0574958)
(-0.112306,0.00294224)
(-0.11161,-0.0181999)
(0.0344864,0.0553098)
(-0.0732913,-0.0435817)
(-0.0119629,0.0249375)
(0.0715824,0.00474405)
(0.0810715,-0.073258)
(-0.0212691,0.0232685)
(-0.0860155,0.0795099)
(-0.0593302,0.0922009)
(-0.0310924,0.0323714)
(-0.0403101,-4.06263e-05)
(-0.0284779,0.0320085)
(-0.0148166,0.0192165)
(0.0894509,-0.0241867)
(0.0377197,0.00474418)
(0.0453466,0.0545461)
(-0.0117593,-0.0906857)
(-0.0867761,-0.0531765)
(-0.0631165,0.00799487)
(-0.029959,0.04345)
(-0.00755172,0.0204334)
(0.0548344,-0.0210057)
(0.0998584,0.0452469)
(0.00250691,-0.012323)
(0.0139375,-0.0367772)
(0.0406472,-0.0197784)
(0.0412129,-0.0501911)
(0.0190875,0.0682757)
(0.0393602,0.0108128)
(0.00157643,0.0569873)
(0.0298799,-0.0391476)
(0.551011,-0.12128)
(0.00430028,-0.0254341)
(-0.00358899,0.00625073)
(-0.0565997,0.0375428)
(-0.00239906,0.0961489)
(-0.00349034,-0.0150692)
(-0.0127236,0.00382977)
(0.0326354,0.0114706)
(0.00107976,-0.07071)
(0.0215914,-0.0567222)
(-0.0071191,0.0254389)
(-0.0241182,-0.00551278)
(0.0369039,-0.0156594)
(0.0388799,0.0371277)
(0.020754,0.0227186)
(0.122456,-0.0383407)
(0.138349,-0.0335353)
(-0.00190214,-0.00052227)
(-0.0187757,-0.11289)
(-0.0318046,-0.0919825)
(-0.0591296,-0.0081383)
(0.0422879,-0.0153581)
(-0.0218684,-0.0108643)
(-0.0332765,-0.0272529)
(-0.0024677,0.0823313)
(-0.0142196,-0.0374353)
(0.0312844,-0.0326343)
(0.0395625,-0.0386823)
(0.01539,-0.0210461)
(-0.00550231,0.0519766)
(-0.0434122,0.0363289)
(0.0424079,-0.040026)
(-0.041922,-0.0150094)
(0.00885052,-0.0204954)
(0.0624833,-0.0542097)
(0.0664412,-0.0866046)
(-0.00135013,-0.0257363)
(-0.0181657,-0.0474494)
(-0.119172,0.0747364)
(0.0159138,-0.0072693)
(0.0275798,0.00361248)
(0.00299919,0.0964138)
(-0.0690846,0.128441)
(0.022094,0.014845)
(0.0277792,-0.0290962)
(-0.0239781,0.0252433)
(0.00651393,0.0271455)
(-0.0135294,0.0378064)
(0.03193,-0.0272672)
(0.0132288,-0.0274047)
(0.00627182,-0.0121322)
(0.00297732,-0.0205216)
(-0.042387,-0.0537872)
(-0.0121355,-0.0115491)
(0.505762,-0.0632458)
(0.0220574,-0.0727302)
(0.0293171,-0.0610109)
(0.009821,-0.00776294)
(0.00881886,0.0325023)
(0.0212015,0.032866)
(0.0215578,0.0275188)
(0.00479501,0.0283443)
(0.0378659,0.0420961)
(0.0113894,-0.0396118)
(-0.017174,0.0193186)
(0.0194578,0.0352631)
(0.00721251,-0.000470659)
(0.0468772,0.00860943)
(-0.0325646,0.0014264)
(0.0460424,0.00295061)
(-0.00548757,0.0607348)
(0.080563,0.000198951)
(0.00602728,0.0208662)
(0.0573067,-0.0194114)
(0.0113732,0.0301849)
(-0.0305924,-0.0617911)
(0.0247642,-0.05789)
(0.0081678,-0.0549698)
(0.0749275,-0.0217458)
(0.502963,-0.115299)
(0.465859,-0.0827288)
(0.0660559,0.00680687)
(0.425076,-0.0307559)
(0.0291618,-0.0273043)
(0.392065,-0.0508847)
(0.32234,-0.141803)
(0.00895712,0.0538701)
(0.478089,-0.131786)
(0.655242,-0.0721273)
(0.701911,-0.0837831)
(0.0258042,0.024259)
(-0.0577568,0.0144016)
(-0.0107141,0.0113904)
(-0.0162512,-0.00867406)
(0.0131654,0.0555068)
(-0.0370742,-0.0265301)
(-0.0370275,-0.0239323)
(-0.0161478,0.000173494)
(-0.0275212,-0.00614171)
(0.0315657,-0.0473519)
(0.00437115,0.0199303)
(0.0391028,-0.0190137)
(-0.0130799,0.0630089)
(-0.0132526,0.104489)
(0.0320198,0.0615408)
(-0.00511392,-0.0151396)
(0.0195268,0.0473894)
(-0.0146462,0.0157985)
(0.0527173,-0.0375095)
(-0.0426928,-0.00141037)
(-0.0779376,-0.105706)
(0.00907529,-0.0366461)
(-0.0608805,-0.073175)
(-0.024123,-0.00417548)
(0.0120231,-0.0133501)
(0.00282367,-0.0196345)
(0.219018,0.062178)
(0.0223295,-0.00977381)
(0.0010215,0.0230437)
(0.00929219,-0.0489663)
(0.0284305,0.0205459)
(0.0295909,0.00631859)
(0.00700089,0.00091017)
(0.0226254,-0.0211585)
(0.0453854,-0.0133951)
(-0.0366921,-0.024319)
(-0.00446615,-0.000623781)
(0.498658,-0.222473)
(0.00190344,-0.0144632)
(0.0567244,0.0367928)
(0.00722298,-0.0308093)
(-0.0238189,-0.0085073)
(-0.0265474,0.0323543)
(-0.012004,0.040638)
(0.375573,-0.172636)
(0.455081,-0.183954)
(0.499389,-0.191725)
(-0.0365055,0.0128942)
(0.412834,-0.174227)
(-0.0318918,0.0292189)
(0.0447799,0.0376092)
(-0.00898779,0.0786219)
(0.00295507,-0.0501725)
(0.293326,-0.095627)
(-0.0309749,-0.0383826)
(-0.0179538,0.0245704)
(-0.0180615,0.00562603)
(0.186331,-0.0898559)
(-0.0109234,0.028333)
(-0.0758725,-0.00146826)
(0.354294,-0.0890458)
(0.0170498,0.0309472)
(-0.0508075,-0.00862324)
(-0.0734647,0.0289242)
(0.0312276,0.050757)
(0.0229823,-0.0204305)
(0.0153597,0.0392571)
(0.0963371,-0.0646848)
(-0.00721305,-0.0102229)
(0.103147,-0.00937612)
(0.19121,-0.0708386)
(0.0575307,0.0574918)
(-0.0356482,-0.00496406)
(-0.0195547,-0.00497794)
(-0.0636519,0.0357868)
(0.0083016,-0.0148969)
(-0.041715,-0.0371554)
(0.00319877,-0.0771642)
(0.0188795,0.0126579)
(0.00239417,0.00823071)
(0.0644832,-0.0595579)
(-0.0175031,0.0123577)
(-0.0241714,-0.000834378)
(0.0294525,0.0806822)
(0.0361358,0.0925688)
(-0.0222416,0.00223042)
(-0.0299103,-0.00991896)
(0.0433473,0.0159411)
(0.0400138,-0.0238071)
(0.0243094,-0.0316459)
(0.00464633,-0.0356833)
(0.0397115,0.0487337)
(0.025428,-0.0430648)
(0.0592071,-0.0752542)
(0.0364662,0.0438289)
(0.00964378,0.00490026)
(0.0266725,-0.0405593)
(0.0115591,0.0422141)
(-0.00220459,0.00968661)
(-0.027101,0.0106937)
(0.0158277,-0.0222125)
(-0.0251509,-0.00583844)
(-0.0331251,0.00476483)
(0.0597613,0.0871475)
(0.0109326,0.016426)
(-0.0736738,0.0223407)
(0.0135131,0.0462127)
(-0.00654271,0.0564895)
(0.00976132,0.035937)
(0.0365438,0.0650251)
(-0.0241454,0.0330872)
(0.143879,-0.163192)
(0.0589689,-0.00476192)
(-0.0401197,-0.0207971)
(-0.00534231,0.0403944)
(-0.0450833,-0.0488442)
(-0.00936806,0.0899912)
(-0.00104229,-0.011906)
(0.0611804,0.0573575)
(0.0525215,0.0568968)
(-0.0609229,-0.00454763)
(0.0315818,0.0126084)
(-0.0241806,0.02572)
(-0.00634488,0.0799437)
(-0.0645718,0.00319391)
(0.0160638,-0.00318082)
(0.0245133,-0.0049835)
(0.033317,-0.0309146)
(0.0244173,-0.00788691)
(0.0445794,0.0235842)
(0.0422414,0.0861762)
(-0.0301797,-0.00110904)
(-0.0044633,0.00920221)
(0.113071,0.0294807)
(-0.00733618,-0.033964)
(0.172489,-0.146675)
(-0.0039623,0.00611711)
(-0.0347063,-0.0171889)
(0.0551461,-0.0211033)
(0.00618909,0.0244195)
(-0.0069505,-0.106508)
(0.0114308,-0.0532802)
(-0.000151541,0.00571607)
(-0.00105733,0.0207397)
(0.252519,-0.180098)
(0.014759,0.016512)
(0.0250999,-0.0357348)
(0.00134609,-0.0213343)
(0.241761,-0.180632)
(-0.0270517,-0.00678903)
(0.00113978,-0.00099135)
(0.00664911,-0.0349408)
(-0.0164269,0.0733627)
(0.022977,0.0454468)
(0.0416294,0.0350921)
(-0.0443164,0.000303763)
(0.298493,-0.127862)
(0.176647,-0.0863081)
(-0.0056247,0.0296075)
(-0.0393453,0.0189917)
(-0.0420528,-0.0274913)
(0.0249936,0.0535252)
(-0.0235128,-0.0423677)
(0.315896,-0.0540327)
(-0.0732626,-0.0331609)
(-0.0236492,0.0327455)
(0.0150366,0.014254)
(-0.0370279,0.0466332)
(0.0482934,-0.0703998)
(0.0315309,-0.0487259)
(0.485394,-0.160712)
(0.00639251,-0.0177364)
(0.511177,-0.17285)
(-0.00868533,0.0111953)
(-0.0104498,0.0174461)
(0.0404497,0.037079)
(0.0465051,0.0649017)
(0.56752,-0.188276)
(0.139228,-0.00900919)
(0.355268,-0.0934723)
(0.129842,0.00503634)
(0.0209051,-0.0069732)
(0.00803611,0.126222)
(0.218874,-0.137332)
(0.310112,-0.100575)
(-0.033845,0.0283328)
(-0.02627,0.00155229)
(0.283689,-0.205343)
(-0.0249765,0.0171065)
(-0.0140756,-0.0656141)
(0.272819,-0.189069)
(-0.0289188,-0.00611894)
(-0.0104187,0.0102433)
(0.39865,-0.0911086)
(-0.0151943,0.0266441)
(0.125001,-0.0521753)
(0.212155,-0.162654)
(0.0199354,0.0339054)
(0.221704,-0.0883229)
(0.0278514,-0.0617608)
(0.0492028,-0.029397)
(0.0100168,0.00587983)
(0.00343295,0.0234782)
(-0.0162779,0.00322072)
(-0.00753259,-0.0295982)
(0.0427696,-0.0262027)
(-0.00376884,0.00527673)
(0.0233382,0.0133711)
(0.0127509,-0.0102123)
(0.0219142,0.0146748)
(0.0341334,-0.0321306)
(-0.0168196,0.0442812)
(0.0192209,-0.0155715)
(-0.0121049,-0.051557)
(0.00378398,0.00824449)
(-0.00393331,0.0416325)
(0.309835,-0.138498)
(0.059877,0.165996)
(0.162775,0.0349918)
(0.0767354,-0.109479)
(-0.0374133,0.000497498)
(0.0140686,0.12839)
(0.358248,-0.0895276)
(0.0157714,0.0550138)
(0.365521,-0.167537)
(0.00529336,-0.0119781)
(0.00260231,0.0324084)
(0.23783,-0.0454612)
(0.00429846,-0.0314741)
(0.0420154,-0.010975)
(0.412925,-0.0243113)
(0.00912088,-0.0393592)
(0.0159072,0.0120696)
(-0.0206783,-0.0231416)
(-0.0251617,-0.0786479)
(-0.0618004,0.0190032)
(0.0106497,-0.0297149)
(-0.0570077,0.0357334)
(0.145216,-0.0475671)
(-0.0242688,-0.0305001)
(0.212376,-0.127867)
(0.0495326,0.0437533)
(0.253009,-0.156464)
(-0.0174522,0.00532976)
(-0.00561763,0.0202057)
(0.457651,-0.0883237)
(-0.0296246,-0.00361008)
(0.0268543,0.0484162)
(-0.0110784,0.0225612)
(0.362423,-0.0330642)
(0.0332903,0.0179386)
(-0.0132804,0.0153571)
(0.0930018,0.00503809)
(-0.00281835,0.0280737)
(0.0080856,0.0243558)
(-0.0512426,0.0320051)
(-0.0671305,0.00866272)
(-0.015672,0.00431233)
(-0.0209621,0.0119373)
(0.00213567,-0.0213415)
(-0.0340774,-0.0196064)
(0.0132632,0.0109772)
(0.0500464,-0.0244144)
(0.0262671,-0.0300228)
(-0.0014487,-0.00297138)
(0.00764904,0.00710226)
(-0.00192918,-0.019503)
(-0.0205731,0.00951676)
(0.0236623,-0.0603647)
(-0.000314937,-0.0361894)
(0.0497397,-0.0247333)
(0.03056,-0.0192816)
(0.044866,0.0127793)
(-0.0158874,7.83889e-05)
(-0.028268,0.0210473)
(0.0290134,-0.0715845)
(-0.00835646,-0.0274839)
(0.0545455,-0.163752)
(-0.0988039,-0.00733665)
(-0.0236852,-0.0314762)
(-0.00962456,-0.03571)
(0.0241226,0.0245552)
(0.394351,-0.0962116)
(-0.0341102,-0.00115005)
(0.0346213,0.0229498)
(-0.0204235,0.010471)
(0.390868,-0.0198037)
(0.0491161,0.00481217)
(0.00320779,-0.0230294)
(-0.0664259,0.0117788)
(-0.0170415,-0.0209701)
(-0.0177965,-0.0203759)
(-0.0586654,-0.0169315)
(0.0100411,0.0762546)
(0.326965,-0.101557)
(0.0281412,-0.0138473)
(0.00799896,-0.0167645)
(0.547188,-0.256599)
(0.00012413,-0.0281752)
(-0.0234359,0.00647728)
(0.0299503,0.0348079)
(0.462394,-0.0837239)
(0.003136,0.0656756)
(0.0347618,-0.0324749)
(0.0377117,-0.0276041)
(-0.0771859,-0.00127612)
(0.0140398,0.0190163)
(-0.00991317,-0.0241365)
(-0.00607561,0.00902147)
(-0.00489797,0.0416565)
(-0.0475509,-0.0791381)
(-0.10691,-0.0646994)
(-0.03298,-0.00700655)
(0.303439,-0.0944949)
(0.0679982,0.00613717)
(0.00895249,-0.0429636)
(0.0140513,-0.0583861)
(-0.00556121,0.012383)
(-0.0101816,-0.0415041)
(0.0335121,0.0369938)
(0.015889,-0.0802963)
(-0.0580909,-0.028662)
(0.000907208,-0.0458616)
(0.0292319,0.0505009)
(0.0158121,0.0612547)
(0.435316,-0.0306371)
(0.0468286,-0.0200942)
(0.0386329,-0.0325956)
(0.0397577,0.0997265)
(0.0689696,-0.0841598)
(0.00727644,0.0830042)
(0.0413363,-0.113508)
(0.20755,-0.0578632)
(0.296694,-0.110728)
(0.249179,-0.0913605)
(0.0116351,-0.0435489)
(0.0156208,0.00167226)
(0.469601,-0.241625)
(0.463717,-0.089255)
(-0.00432936,0.0300393)
(0.231942,-0.0418402)
(0.22138,-0.0146188)
(0.200999,-0.0997503)
(0.0971531,0.00667665)
(0.0714267,0.0208)
(0.0838603,-0.03345)
(0.148328,-0.0654474)
(0.0604986,-0.0241218)
(0.000817265,0.0390441)
(0.0280958,-0.187426)
(0.0821786,-0.0128152)
(-0.0109764,0.0180186)
(-0.017772,0.0332972)
(0.0600392,0.0222337)
(0.479064,-0.142985)
(-0.0177997,0.0343005)
(-0.00692507,0.00736075)
(-0.0288735,0.0257794)
(0.437831,-0.138325)
(0.00616505,0.0320913)
(-0.0152447,0.0246339)
(0.512292,-0.166488)
(0.486671,-0.138017)
(0.0184313,0.0757363)
(0.323623,-0.189291)
(0.0135139,0.0321242)
(-0.0145415,0.0415649)
(0.440867,-0.139513)
(0.220538,-0.0653731)
(0.425239,-0.146796)
(0.41276,-0.142389)
(0.000709035,-0.0421313)
(0.641571,-0.154748)
(-0.030825,0.0206845)
(-0.0136831,0.0857997)
(0.149482,-0.103734)
(0.211286,-0.0957955)
(0.00675333,0.0289567)
(0.0837089,-0.0110776)
(-0.0191349,-0.0387817)
(-0.0114478,-0.0326963)
(-0.0233809,-0.0248279)
(0.0195716,0.091828)
(0.010557,-0.0405901)
(0.0339924,0.0539204)
(0.00704782,-0.0384513)
(0.161983,-0.0740388)
(-0.0493535,-0.016651)
(-0.0749858,-0.0933595)
(-0.0540029,0.0343677)
(-0.0526088,0.0465944)
(-0.0339015,0.041856)
(0.417199,-0.0635253)
(-0.0524166,0.000915057)
(0.00651498,-0.0176648)
(-0.0060926,-0.0527729)
(0.00641048,-0.00245344)
(0.00874501,-0.0440799)
(-0.0539532,0.00484853)
(-0.00527472,-0.00164663)
(-0.0484857,0.0197063)
(0.496218,-0.123508)
(0.00348724,-0.00485879)
(0.315421,-0.0921579)
(0.0876405,-0.0315903)
(0.089068,-0.0408248)
(0.000859184,0.00372481)
(0.0274385,-0.0353662)
(-0.0409296,0.00668584)
(0.00145935,-0.0271063)
(0.0144112,-0.0262718)
(0.0153507,-0.00751334)
(-0.0112831,0.0110756)
(0.0352794,-0.0271211)
(0.0429636,-0.0105857)
(0.0313777,0.0113964)
(0.447159,-0.123429)
(0.451559,-0.0293193)
(-0.0484124,-0.00267124)
(0.0156928,-0.016031)
(0.0252807,-0.0724237)
(0.0692752,-0.0666958)
(0.415504,-0.0426363)
(-0.0232182,0.0244816)
(0.0636995,-0.0564327)
(0.0728516,-0.0333905)
(0.0628553,-0.0511852)
(0.406658,-0.163729)
(-0.0114616,0.0597886)
(-0.0181361,0.0126369)
(-0.00417978,0.0249692)
(0.0111055,0.0165062)
(0.488392,-0.050955)
(0.00885984,0.0530899)
(0.00758022,0.0331422)
(-0.042007,0.0146539)
(-0.0124279,0.00919918)
(-0.0349638,0.0061161)
(0.56724,0.000302918)
(0.397371,-0.222855)
(0.769495,-0.122951)
(0.0349247,-0.015219)
(-0.0103564,0.00822292)
(0.429182,-0.14562)
(0.0725458,-0.00456204)
(0.181254,-0.0420015)
(0.393749,-0.0989209)
(-0.0034189,0.0311678)
(0.00448,0.107988)
(0.0367497,0.0430975)
(-0.0131028,0.0474059)
(0.0538695,0.0466119)
(0.182509,-0.103105)
(0.244555,-0.196096)
(0.280714,-0.203275)
(0.281638,-0.103259)
(0.561559,-0.351404)
(-0.0582175,0.0532192)
(-0.0103092,0.0206002)
(-0.091309,0.115686)
(0.221116,0.0140092)
(0.492702,-0.101403)
(0.502488,-0.0863463)
(0.0155023,0.0281807)
(-0.0358075,-0.0179127)
(-0.0214907,0.0181402)
(0.512163,-0.276387)
(-3.10968e-05,0.0711513)
(0.00273761,0.0451857)
(-0.0417793,0.0126991)
(0.29295,0.207109)
(-0.000727222,0.0708875)
(-0.0283255,0.066243)
(0.586166,-0.284977)
(0.393641,-0.241972)
(-0.0221053,-0.0271828)
(-0.0361338,-0.0371792)
(-0.0142898,0.0309034)
(0.0284363,-0.0609008)
(-0.00149986,0.0372389)
(0.0138831,-0.00146128)
(0.0246575,0.0871311)
(0.452994,-0.152146)
(0.564482,-0.0996982)
(0.648144,-0.166198)
(0.579691,-0.0617734)
(0.465566,-0.146613)
(0.119256,-0.143108)
(0.278964,-0.136867)
(0.149601,-0.111127)
(0.196832,-0.116705)
(0.0263934,-0.070666)
(-0.000573031,-0.0453332)
(0.256477,-0.119075)
(0.542705,-0.232806)
(0.616943,-0.193901)
(0.467783,-0.185571)
(0.45246,-0.254036)
(-0.0103525,0.0526844)
(0.458734,-0.0726154)
(-0.0388821,0.111106)
(0.00953309,-0.0681553)
(-0.0174092,0.00183925)
(0.0250251,0.0527515)
(-0.028569,0.0440749)
(-0.0376313,-0.0742906)
(0.0246991,0.0137429)
(-0.00449431,0.00937573)
(0.0885079,0.131926)
(0.425043,-0.0944626)
(-0.000245696,-0.00111293)
(0.456213,-0.193631)
(0.355629,-0.0518381)
(0.404523,-0.114938)
(-0.0323484,-0.0146431)
(0.0491138,0.0994234)
(-0.0261943,0.0399479)
(0.53856,-0.133167)
(-0.0115116,-0.0177513)
(0.0661986,-0.0891031)
(0.304787,-0.142372)
(0.256094,-0.172776)
(0.430164,-0.109411)
(0.210222,0.0413995)
(0.518688,-0.196015)
(0.465142,-0.0655772)
(0.00765052,-0.0871991)
(-0.0373402,-0.0334713)
(0.0414717,0.0364517)
(-0.0281617,0.0514345)
(-0.0195804,0.101892)
(-0.0076868,0.00589139)
(-0.0110242,0.0521102)
(0.246995,-0.147271)
(0.243175,-0.0934888)
(-0.0605123,0.0220352)
(0.175837,-0.0799574)
(-0.0175202,-0.00989482)
(0.430576,-0.188686)
(0.555602,-0.189615)
(-0.0283759,0.0353623)
(0.0272553,0.11223)
(0.0465866,0.11294)
(0.0172896,-0.0351003)
(0.475138,-0.232431)
(0.0062213,-0.0167606)
(0.209734,-0.113706)
(0.00685721,0.0612521)
(0.213913,-0.158086)
(0.0165776,0.0312671)
(0.341388,-0.211073)
(0.00231578,0.0315963)
(0.0671639,-0.0217161)
(0.0266203,0.0263696)
(-0.000755947,-0.0438874)
(0.544372,-0.0668004)
(0.00744101,-0.0204532)
(0.531996,-0.139609)
(0.412443,-0.0650701)
(-0.0328503,-0.0437074)
(0.432337,-0.296368)
(0.538311,-0.101126)
(0.434061,-0.17794)
(0.031055,-0.0230444)
(0.419011,-0.0920987)
(-0.00389972,0.0650816)
(0.025299,0.080907)
(0.038307,0.070206)
(-0.0153642,-0.0145913)
(0.000415509,0.0224361)
(0.00641674,0.0288913)
(-0.0232468,0.0383337)
(0.650789,-0.0722096)
(-0.031557,0.00383201)
(0.161285,-0.0774602)
(0.358436,-0.0577319)
(0.422156,-0.0451609)
(-0.0244099,0.0109961)
(0.0615942,-0.0398621)
(-0.0372754,-0.00730532)
(0.453884,-0.180596)
(-0.0121822,0.0243986)
(0.524685,-0.211064)
(0.314932,-0.133517)
(-0.019544,0.0269473)
(-0.0036546,0.0072464)
(0.476846,-0.143175)
(-0.0126569,0.0396532)
(-0.0306242,-0.0432537)
(0.0279928,0.0264054)
(0.393474,-0.148016)
(0.351045,-0.11235)
(0.243701,-0.153792)
(0.376964,-0.170428)
(0.294701,0.0488175)
(-0.010673,-0.0431217)
(0.466672,-0.0262407)
(0.487575,-0.0124549)
(-0.0389468,-0.0679636)
(0.456637,-0.102046)
(0.0179395,0.024594)
(0.428119,-0.110534)
(0.0382235,0.0111069)
(-0.00576385,0.0506783)
(-0.02595,0.0142525)
(0.0244025,0.0346399)
(0.061442,0.0903773)
(0.0632289,0.0633051)
(0.0385553,0.0197459)
(0.010997,-0.0307437)
(0.146873,-0.0909857)
(0.0209466,-0.0511651)
(0.0065651,-0.0571519)
(0.010067,-0.0129435)
(-0.00380885,-0.0357457)
(-0.0164397,0.00376527)
(0.0203853,-0.0386587)
(-0.0269942,0.0311821)
(0.270798,-0.119519)
(-0.0160477,0.0562435)
(0.0277572,0.0407346)
(0.123237,0.0516963)
(0.048032,-0.0190746)
(-0.0485393,0.0444108)
(0.0165509,-0.000771807)
(-0.0179653,0.00416291)
(0.0360898,0.0173333)
(-0.023334,-0.00349634)
(0.20959,-0.0253151)
(0.288636,-0.0714138)
(0.553656,-0.0972758)
(0.517853,-0.220593)
(0.00884433,0.0718185)
(0.127294,-0.023944)
(0.514146,-0.257751)
(-0.0415531,0.029005)
(0.042713,0.0543832)
(0.0165858,0.0343455)
(0.557269,-0.0900851)
(0.0881509,-0.0342619)
(0.256199,-0.173724)
(0.00442093,0.0289943)
(0.173801,-0.104455)
(0.197422,-0.061922)
(0.26318,-0.0788457)
(0.348132,-0.176939)
(0.08134,0.0504523)
(-0.0468466,0.096199)
(0.457011,-0.063993)
(-0.0298607,0.116328)
(-0.0181979,-0.00191718)
(-0.0451873,-0.0529683)
(0.466605,-0.167879)
(-0.0575388,-0.00117105)
(0.465675,-0.188396)
(0.00379295,-0.0392336)
(0.0657735,0.0195333)
(0.0247632,-0.00180609)
(0.040721,0.0346149)
(0.0301384,0.104122)
(-0.022222,0.037922)
(-0.0132922,0.0243829)
(0.00992464,0.0480572)
(0.0264107,-0.0264354)
(0.463527,-0.23659)
(-0.0703984,-0.0241148)
(0.0272651,-0.0431942)
(0.476285,-0.243583)
(0.0155009,-0.031712)
(0.00765985,0.053613)
(0.00329225,0.0411776)
(0.0346062,0.0489818)
(0.0079659,-0.0389133)
(0.138858,-0.105425)
(0.0126546,0.054188)
(-0.0433102,-0.0459472)
(-0.0667341,-0.0376142)
(0.00729783,-0.0161033)
(-0.0626471,-0.0348228)
(0.452734,-0.216417)
(-0.00524808,0.101057)
(0.438694,-0.120207)
(0.2789,-0.0920384)
(0.538636,-0.191433)
(-0.109333,0.0960111)
(0.358266,-0.15518)
(0.35193,-0.19045)
(0.358585,-0.221474)
(-0.0495889,0.154311)
(-0.0200366,0.026218)
(-0.00227706,0.0853813)
(0.0263038,-0.020856)
(0.559319,-0.16468)
(0.52929,-0.155696)
(-0.019952,-0.0287459)
(-0.0575642,0.0368277)
(0.0516474,0.0433055)
(0.137179,-0.00906949)
(0.302768,-0.150966)
(0.106791,-0.0533439)
(0.0377865,-0.0209423)
(0.0529794,-0.0123519)
(0.0943243,-0.0632462)
(0.318619,-0.167265)
(0.00592571,-0.0231745)
(0.412671,-0.135711)
(0.056447,0.0405496)
(-0.0126057,0.0940144)
(0.0161205,0.0902201)
(0.452434,-0.136465)
(0.019668,0.0702382)
(0.403421,-0.128021)
(0.454395,-0.175335)
(-0.00208812,0.0204596)
(0.0439327,0.0115044)
(-0.0280257,-0.038627)
(0.0490186,0.0550675)
(0.00778491,0.0351651)
(-0.0132291,-0.036756)
(0.401342,-0.167686)
(0.295875,-0.150127)
(0.0740367,-0.0229832)
(0.0180091,-0.0215907)
(-0.00657165,-0.0101678)
(-0.0179596,0.102379)
(-0.0236299,-0.0100852)
(0.0256461,-0.024761)
(0.422718,-0.0942969)
(0.381856,-0.142906)
(0.436951,-0.162642)
(-0.0124326,-0.00280507)
(0.456911,-0.11949)
(-0.0156546,0.0305331)
(0.00536941,0.00465287)
(0.00504053,0.00751798)
(0.0209225,-0.00816372)
(0.0337755,0.0189293)
(0.0638996,0.00144734)
(0.305801,-0.124455)
(0.553815,-0.0930226)
(0.411693,-0.215213)
(0.00187025,-0.0538523)
(0.347321,-0.229712)
(-0.0487908,-0.069011)
(0.332493,-0.18096)
(0.357788,-0.148032)
(0.0260205,-0.0165861)
(0.247675,-0.0184343)
(0.318638,-0.197863)
(0.277686,-0.0924941)
(0.316112,-0.163588)
(0.541729,-0.158145)
(0.176393,0.0268484)
(0.252447,-0.0771062)
(0.271139,0.00204163)
(0.382308,-0.0840788)
(0.0234161,0.0140539)
(0.495765,-0.11205)
(0.449691,-0.0526369)
(0.0269989,0.0523844)
(-0.0813839,0.0178163)
(-0.0606016,0.0254862)
(-0.04945,-0.0365284)
(0.344529,-0.122038)
(0.00884169,0.105041)
(0.407372,-0.210159)
(-0.00532088,0.0435637)
(0.342491,-0.0413669)
(-0.00464833,-0.0258232)
(-0.0171467,-0.0343418)
(0.486977,-0.0319503)
(0.0450062,0.089043)
(0.0937473,0.0473099)
(0.285977,-0.183388)
(0.00302614,-0.0256259)
(-0.0228834,-0.0997852)
(-3.37802e-05,0.0276918)
(-0.0250799,-0.0177517)
(-0.00780036,0.0237803)
(-0.016351,0.0299292)
(0.298127,-0.107837)
(0.269031,-0.143648)
(0.253443,-0.0639981)
(-0.00701566,-0.043831)
(0.0670682,0.0348933)
(0.432931,-0.236979)
(0.0321042,0.0480701)
(-0.0432076,-0.0713908)
(-0.00666302,-0.0207234)
(-0.0413449,0.00226586)
(0.0829646,-0.0560493)
(0.486825,-0.144255)
(0.498619,-0.0646858)
(0.456073,-0.0698186)
(0.0421713,0.122904)
(-0.0263939,-0.048474)
(0.491981,-0.15858)
(0.357483,-0.16641)
(-0.0110077,-0.0586425)
(0.204846,-0.119374)
(0.225192,-0.101747)
(0.00160075,-0.0342471)
(0.0231972,0.0911339)
(0.575392,-0.188165)
(-0.0359475,0.0277099)
(0.0475364,0.0122032)
(0.475598,-0.144687)
(-0.00406047,0.00161658)
(-0.0571349,0.00253352)
(0.0161018,0.0388294)
(0.00491066,0.00441314)
(0.496192,-0.143754)
(0.0312719,0.0249646)
(0.00518836,0.0877393)
(0.025024,0.0317376)
(0.345743,-0.110557)
(-0.0307741,0.0833537)
(0.0106353,0.00864086)
(-0.0210397,0.0832116)
(0.0980106,-0.0948546)
(-0.00681322,-0.0469852)
(0.0357872,-0.017919)
(0.0424308,0.00480793)
(0.0955245,-0.00461528)
(0.0123736,0.0282095)
(0.00620414,0.00720021)
(0.0630209,0.0384789)
(0.420615,-0.148487)
(-0.0063851,-0.0122856)
(0.460283,-0.15036)
(0.0632161,0.00389874)
(0.0381364,0.0178045)
(0.183187,-0.108871)
(0.459339,-0.110532)
(0.328499,-0.157228)
(0.0221695,0.0203336)
(-0.0123011,-0.00490164)
(0.0287655,-0.00108115)
(0.0292466,-0.0153039)
(0.0860196,-0.022033)
(0.0173115,-0.0237758)
(-0.0668916,0.000445263)
(0.0318462,-0.0305856)
(-0.0370704,0.0767849)
(0.0344754,0.0700502)
(0.0266274,-0.0152347)
(0.453951,-0.115434)
(0.0542464,0.0922161)
(0.0820789,0.0183931)
(0.0361542,0.0372561)
(0.0196313,-0.00297443)
(0.233411,-0.062683)
(0.145089,-0.105946)
(-0.0074839,0.0519311)
(0.128053,-0.105075)
(0.457866,-0.168661)
(0.0162648,-0.0233752)
(0.416223,-0.110135)
(-0.0243916,0.00244885)
(0.0131802,0.0177049)
(0.0825401,-0.0476151)
(0.062516,-0.0658389)
(0.0890322,-0.0120174)
(0.0173796,0.0408178)
(-0.0142262,0.0246499)
(-0.00802032,0.015403)
(0.0603988,0.0462525)
(0.0320119,-0.067356)
(0.461402,-0.12638)
(0.48415,-0.162421)
(0.0654762,-0.044398)
(0.403797,-0.0913726)
(0.359691,-0.0805)
(0.474663,-0.186319)
(0.0539053,0.018691)
(0.114127,-0.096583)
(0.406726,-0.209329)
(0.130052,-0.0741588)
(0.0534997,-0.112552)
(-0.0231258,-0.0468356)
(-0.0233459,-0.085855)
(0.0307356,-0.05473)
(-0.0268081,-0.0458344)
(0.376376,-0.0895238)
(0.363188,-0.186819)
(0.0477009,-0.0167094)
(0.0524534,0.00485461)
(0.142644,-0.0703908)
(0.0669286,-0.040298)
(0.106853,-0.0471293)
(0.0552415,-0.0227466)
