1620
(-0.0222868,-0.112876)
(-0.0158575,0.0282917)
(0.0606894,0.0565484)
(0.0162925,-0.136267)
(-0.0289012,-0.0331301)
(-0.0314394,0.0375729)
(0.052376,0.0362842)
(-0.0169557,-0.0241537)
(0.00217056,0.00933302)
(-0.0047382,0.0315988)
(-0.0548916,0.0514791)
(-0.00863551,0.0270783)
(-0.00165929,-0.0463035)
(-0.0156651,-0.00369691)
(0.0132014,0.04871)
(-0.0403757,0.0210437)
(-0.0347952,-0.0822579)
(0.0176087,0.0249237)
(0.0246564,0.0109449)
(0.00129239,0.0192945)
(-0.023674,-0.0169973)
(0.00020342,0.0219767)
(-0.0630066,0.0110329)
(-0.0371398,-0.0353194)
(0.00261851,0.0334872)
(0.0379535,0.0180025)
(-0.0219731,0.0197258)
(0.0686089,-0.0969198)
(-0.0374875,-0.000460875)
(0.0682022,-0.0355214)
(0.0449682,0.0563699)
(0.0449823,-0.0172142)
(-0.010047,0.0561766)
(-0.0815748,0.0326531)
(0.0501814,0.0340739)
(0.0108482,0.060696)
(0.0591347,0.000104228)
(-0.0159541,0.0238563)
(-0.0555622,-0.00141986)
(0.0509407,0.0135217)
(0.0216096,-0.0763288)
(0.0838539,0.00652179)
(0.0430832,0.0290795)
(0.125646,0.00239241)
(-0.0450677,0.0643399)
(0.126508,-0.0188894)
(0.101422,-0.0334934)
(-0.0216766,0.00279339)
(0.0516188,-0.0633445)
(-0.0161174,-0.0199927)
(0.0377862,0.00212624)
(0.0829316,-0.0320449)
(0.0110821,0.00417521)
(0.0199135,-0.0102947)
(-0.0193944,0.016539)
(-0.0353457,0.0225882)
(0.0506524,0.0250427)
(0.0440481,0.0512429)
(-0.0193404,-0.0382299)
(0.0464284,-0.0283105)
(-0.0365917,-0.00989652)
(0.172873,-0.080408)
(-0.00447363,0.00190868)
(0.399027,-0.0862294)
(-0.0178961,-0.000439632)
(-0.00305566,0.0467266)
(0.00437889,-0.0135175)
(0.0268857,0.00861623)
(0.0400582,0.121645)
(-0.0364095,-0.068911)
(0.00815396,0.0693183)
(0.00492475,0.058336)
(-0.0159109,0.0626056)
(-0.0378754,0.0336831)
(-0.0117035,0.0135602)
(-0.0917553,0.0558284)
(0.000409909,-0.0452887)
(0.00945793,-0.0484524)
(-0.0202943,0.0137244)
(0.0739296,-0.0457755)
(-0.00406689,-0.0656622)
(-0.0113813,0.004187)
(0.0259589,-0.0739891)
(0.0398492,-0.0311378)
(0.0471285,0.0220589)
(0.0115946,0.0113237)
(-0.0284232,-0.0215982)
(-0.0458053,0.0049184)
(0.0759456,0.0251393)
(0.0211206,-0.0144384)
(-0.108124,-0.0190937)
(-0.0341789,0.0182449)
(0.455242,-0.0688336)
(0.0164116,0.105072)
(-0.0163432,0.0737365)
(0.570263,-0.0132835)
(-0.0542458,0.0675571)
(0.44107,-0.134146)
(-0.0109874,-0.0936292)
(-0.0496673,-0.0813152)
(0.0677609,-0.00120139)
(-0.0746115,-0.00743773)
(0.0455375,-0.0848843)
(-0.00619746,-0.0551392)
(-0.0217624,-0.111025)
(0.440076,-0.0917261)
(0.0128819,0.064142)
(-0.0785107,0.000786764)
(0.0120809,0.0267101)
(0.0381564,0.0463187)
(-1.50115e-05,0.0355446)
(0.688089,-0.153944)
(0.363714,-0.0338963)
(-0.0144871,-0.0134379)
(0.46829,-0.0430523)
(0.0251493,0.0963806)
(0.0101855,0.0813496)
(0.619471,-0.102485)
(0.00610385,-0.00284934)
(0.465949,-0.0501978)
(0.422018,-0.0627316)
(0.0259531,0.0539039)
(0.389534,-0.078896)
(0.283039,-0.119643)
(0.278484,-0.0909412)
(0.0203479,-0.0282557)
(0.0604933,-0.0139628)
(0.00926009,0.0581507)
(0.35899,-0.128104)
(0.0687026,0.0308863)
(0.112833,0.0546782)
(0.0219878,-0.0125319)
(-0.0088942,-0.046982)
(-0.00784851,0.0159697)
(-0.0106148,0.0120892)
(0.0210408,0.0116661)
(-0.0535696,0.0131144)
(0.00358063,0.0384139)
(0.386328,-0.0891392)
(0.006271,-0.00354217)
(0.00360304,0.059641)
(-6.31603e-05,0.0525164)
(0.00526318,-0.00758168)
(0.0441851,-0.0628263)
(0.0839668,-0.0815771)
(0.0212513,-0.0809218)
(0.0170438,-0.000335497)
(0.439514,-0.0913113)
(0.481996,-0.117056)
(-0.0672769,0.00197423)
(0.484832,-0.133336)
(0.199873,-0.0708897)
(0.53429,-0.0285444)
(0.478345,-0.0804203)
(0.465816,-0.0844151)
(-0.0417669,0.0144466)
(0.0847771,0.0473301)
(0.412189,-0.127742)
(0.391239,0.00162262)
(-0.00992659,-0.000987204)
(-0.0257478,0.0219071)
(0.00786445,0.0415143)
(0.0160096,0.0492754)
(-0.0399201,-0.0233451)
(-0.0147192,0.0299264)
(-0.0472667,-0.020899)
(0.0191587,-0.0391016)
(-0.00508065,-0.0490559)
(0.0378289,0.0259238)
(-0.0166138,0.0761563)
(0.0444758,-0.0131568)
(0.062447,0.00617016)
(0.422229,-0.158423)
(0.404788,-0.116408)
(0.550618,-0.129591)
(0.489103,-0.0834148)
(0.0581919,-0.0951438)
(0.141118,-0.0358924)
(-0.0798582,-0.0642809)
(-0.106251,0.044339)
(-0.059863,-0.0385163)
(0.0301005,0.0375368)
(0.00773687,0.00271418)
(0.0125161,0.0494476)
(0.0121284,0.0416373)
(0.00411571,0.021886)
(0.0267833,0.00658183)
(0.0489774,-0.0937616)
(-0.0079198,-0.0281557)
(0.406601,-0.160143)
(0.47693,-0.0908716)
(0.378753,-0.0779834)
(0.589726,-0.100192)
(-0.0339485,-0.040954)
(-0.0384668,-0.0288439)
(0.040135,0.0493095)
(0.0294544,0.0321773)
(-0.0464723,0.0582492)
(-0.0394411,-0.0616011)
(-0.00171063,0.00948377)
(0.00729065,-0.122228)
(0.0614037,-0.110512)
(-0.0458698,-0.0482272)
(-0.0547296,-0.0132493)
(-0.00791269,-0.00194107)
(-0.0314471,0.0287824)
(0.474941,-0.10943)
(0.509831,-0.0493407)
(-0.0806953,0.0216181)
(0.376423,-0.100666)
(-0.0343796,-0.00678802)
(0.410081,-0.0926711)
(0.400773,-0.0945622)
(-0.0707512,0.000761806)
(-0.0379113,0.0270683)
(0.0899142,0.0482445)
(0.0554011,-0.00627988)
(0.454777,-0.108643)
(0.572278,-0.126417)
(-0.00258078,-0.0454404)
(0.00265745,-0.0201393)
(-0.0274234,0.0115301)
(0.0295511,0.0638381)
(0.728938,-0.167577)
(-0.0492031,-0.047791)
(-0.0746196,-0.0671324)
(0.424028,-0.167888)
(-0.0491123,0.0582283)
(-0.026804,0.037775)
(-0.0688066,-0.0452725)
(-0.0357459,0.00222412)
(0.479869,-0.137071)
(0.460513,-0.18225)
(0.568987,-0.0612528)
(0.523264,-0.0657212)
(-0.0417421,0.0248088)
(-0.0393589,-0.0491328)
(-0.0189612,-0.0321213)
(0.174375,-0.0656818)
(0.00946451,0.0215)
(0.0637826,-0.0222072)
(-0.00258183,-0.0644386)
(-0.00995775,0.0672408)
(-0.0174767,0.0709855)
(0.00777953,-0.0637315)
(-0.0261659,0.0361787)
(0.0788089,-0.00390321)
(0.00647563,-0.0316636)
(0.0287144,0.0089592)
(-0.0265351,0.0261556)
(-0.0462266,-0.0164348)
(-0.026349,0.0269032)
(-0.0533253,-0.0107931)
(-0.0515889,-0.0352312)
(-0.0409351,0.0178627)
(0.0308918,-0.0573771)
(0.0517429,-0.0163149)
(0.00368362,0.00252965)
(0.0457364,-0.00228181)
(-0.013012,-0.0844292)
(0.0578686,-0.106114)
(-0.0159518,0.018111)
(0.00673698,0.0163338)
(-0.0577864,-0.0197327)
(0.505513,-0.0924055)
(-0.060464,-0.0427098)
(-0.0850173,-0.0964261)
(-0.0244064,-0.0235459)
(0.0290494,-0.00510174)
(0.0665607,0.0302585)
(-0.00864197,0.016554)
(0.0275663,-0.0042419)
(-0.0647846,-0.0124249)
(-0.0403955,0.0466181)
(0.0131606,-0.00521334)
(0.520784,0.00912)
(0.00164119,0.0469457)
(-0.0365767,-0.00640001)
(0.0585786,0.0465779)
(0.00549821,0.00915105)
(0.0159686,0.0339389)
(0.0276163,0.0512499)
(0.0139821,-0.0419453)
(-0.0116301,-0.0665449)
(0.0990243,0.0544707)
(0.0351321,0.0357203)
(0.0271127,0.0202384)
(-0.0788149,0.0150378)
(0.0673005,0.0210371)
(0.0925616,0.0227351)
(-0.00215249,0.066036)
(0.015484,-0.0293555)
(-0.0769074,0.017373)
(-0.0619315,0.00585671)
(-0.0342447,0.00830471)
(-0.0407111,0.0372631)
(0.0522652,-0.0426942)
(0.010844,0.0349851)
(-0.0604893,-0.0279279)
(-0.0461168,0.00840919)
(0.0133799,0.0344673)
(-0.0914508,0.0220183)
(-0.0388332,-0.0231393)
(-0.0248772,-0.0037843)
(-0.0301778,0.00854513)
(0.00283932,-0.0460641)
(0.0663862,0.0367996)
(0.367083,-0.119148)
(0.00256552,0.0218199)
(-0.00442078,0.0304654)
(-0.0369334,-0.00077604)
(-0.0659238,-0.0762363)
(-0.112411,-0.0674949)
(-0.0536346,-0.0291086)
(-0.0279383,-0.0244394)
(-0.0428819,-0.0154304)
(0.0195623,-0.0844323)
(-0.0659547,-0.0792689)
(-0.0428395,-0.0497568)
(0.423619,-0.202173)
(-0.00840473,-0.0320549)
(-0.0375074,0.0104611)
(-0.0124814,-0.0197739)
(0.00820718,-0.0221886)
(-0.0158735,-0.012467)
(-0.00261355,0.00936829)
(0.0830384,-0.069101)
(0.0122769,-0.000152441)
(0.0227575,0.0581643)
(-0.0253025,-0.0420098)
(0.020746,-0.000669079)
(-0.0332749,-0.0237926)
(-0.0508869,-0.0025943)
(0.0406249,-0.0356775)
(-0.0358618,-0.0610835)
(0.466224,0.0119998)
(0.0360924,-0.0343051)
(0.0682349,0.0519256)
(-0.0962174,-0.0437061)
(0.0565025,-0.0345639)
(0.0481745,-0.0557418)
(-0.0565529,-0.0629389)
(0.0739776,0.0400856)
(-0.0195515,0.00547817)
(-0.021094,-0.00899167)
(0.0502833,0.0525228)
(0.0401529,0.0425153)
(0.0159595,0.0958525)
(-0.0267762,0.0100733)
(0.158008,-0.0377823)
(0.402745,-0.109004)
(0.46118,-0.107914)
(0.0984769,-0.0473352)
(0.003479,0.0216222)
(0.410916,-0.138482)
(-0.071049,0.0987641)
(0.0585908,-0.0401038)
(-0.0380073,0.00735091)
(-0.038165,-0.0119837)
(-0.00150746,-0.00909872)
(0.261309,-0.119658)
(0.098947,-0.0591956)
(0.0352002,0.0553191)
(-0.0315459,0.0102663)
(-0.0235165,0.00836531)
(0.0331575,0.0176599)
(0.453873,-0.172)
(-0.0532554,-0.0326149)
(-0.030123,-0.0132549)
(-0.00499556,0.00923392)
(0.00395838,0.0721755)
(-0.00626142,-0.0527446)
(-0.01396,-0.0284713)
(0.0174339,0.0850741)
(0.464309,-0.100573)
(0.410764,-0.0637876)
(0.0288584,-0.0216257)
(0.0124416,-0.0714432)
(0.0225451,0.0245411)
(0.0682882,0.0396586)
(-0.00922364,0.0400132)
(0.143388,-0.0327851)
(0.35556,-0.127033)
(-0.0292025,-0.0329917)
(0.031325,-0.0611894)
(-0.0283979,0.0339355)
(0.0729479,0.00784597)
(0.0341984,0.078982)
(0.0151576,0.0243254)
(0.0326562,-0.0381123)
(-0.00185672,-0.0697587)
(0.0363251,0.0167494)
(0.00596937,-0.0241393)
(-0.0383362,-0.0599989)
(0.0388679,0.0786515)
(0.0657546,0.0507614)
(-0.0684898,-0.0210306)
(-0.0165787,-0.0881381)
(0.0226911,0.0356604)
(0.0424177,0.0152401)
(0.0476555,0.0129036)
(-0.0639552,0.0327667)
(-0.00364419,0.0433208)
(0.556438,-0.123446)
(-0.0468661,0.0184964)
(0.00845022,0.0151377)
(-0.0971415,-0.0832654)
(-0.112891,-0.0652959)
(0.00333177,0.020469)
(0.0248218,-0.0083375)
(-0.0549715,-0.0337361)
(0.0560697,-0.0160778)
(0.0127651,0.092605)
(0.0264119,-0.0246895)
(0.446444,-0.120044)
(0.019387,0.104254)
(0.0115787,0.0356968)
(-0.0274257,0.0154141)
(0.0351581,-0.0024039)
(0.0397865,0.0145153)
(-0.0325246,-0.0588036)
(0.0306802,-0.031387)
(0.0472551,-0.0472609)
(-0.0392708,-0.102562)
(-0.00413854,0.0285491)
(-0.0486384,0.0211198)
(0.414347,-0.109445)
(-0.0730362,-0.0220068)
(0.0157979,0.0344067)
(0.0477209,0.0475281)
(-0.0686258,-0.047176)
(-0.056154,-0.0231299)
(0.00300945,-0.00603663)
(0.0665226,0.0352094)
(0.0723771,0.030642)
(0.0567057,0.0297175)
(-0.0256647,-0.0552876)
(0.0484597,0.0132006)
(-0.0823874,-0.0415726)
(-0.0438174,-0.0710682)
(-0.00462423,0.00204262)
(-0.0227798,-0.0171063)
(0.0743597,-0.015285)
(0.00499548,0.0045341)
(-0.0356851,-0.0305931)
(-0.0205196,-0.0787872)
(-0.0439983,-0.0458714)
(0.0834011,-0.0421729)
(0.0223601,-0.0163681)
(0.206053,-0.134591)
(0.0588173,0.0104189)
(-0.0137317,0.0720349)
(0.0153183,0.0493961)
(0.0380549,0.0103287)
(-0.0858421,0.0907456)
(0.00168984,-0.0174918)
(0.00763946,0.0428946)
(-0.0446312,-0.0131657)
(0.0400535,0.0357862)
(0.0177718,-0.0199057)
(0.0176847,0.0276026)
(-0.0607485,-0.0113069)
(0.0269373,0.0131564)
(0.0420447,0.0419247)
(-0.0468385,0.0372295)
(-0.0590768,-0.022591)
(-0.079435,-0.0459524)
(0.0399235,-0.0112038)
(0.416351,-0.115178)
(-0.10413,-0.00139199)
(0.56742,-0.117917)
(0.024686,0.0736523)
(-0.048354,0.0859194)
(-0.00702573,0.0840732)
(-0.00910304,0.00454521)
(0.0561741,0.0455527)
(0.0197037,-0.0560217)
(0.00787461,-0.00287177)
(-0.00259752,-0.00944901)
(-0.0369256,0.074093)
(-0.0100254,-0.0237381)
(0.441114,-0.122055)
(-0.0168869,-0.0316887)
(0.00282696,-0.00580853)
(0.0766352,0.0277448)
(0.0616516,-0.028206)
(-0.0298787,-0.00762589)
(0.430975,-0.0540364)
(0.0476323,-0.0196849)
(0.0240678,-0.0500767)
(0.70647,-0.0854876)
(0.0527985,-0.0361105)
(-0.0568443,0.0198424)
(-0.023303,0.0289324)
(0.0429562,-0.0179373)
(0.389878,-0.07298)
(0.503868,-0.170029)
(0.545145,-0.0644769)
(0.460558,-0.0790308)
(-0.0390122,0.00810354)
(-0.0617491,0.0206582)
(0.00464816,-0.0086869)
(-0.00372095,-0.0622666)
(-0.0158478,0.0267821)
(-0.0565635,-0.000421039)
(-0.0690023,-0.0220532)
(0.0772184,0.0309503)
(-0.0318163,0.0149234)
(-0.0304531,0.0830285)
(0.0152145,-0.00684756)
(0.050517,0.00986736)
(0.077587,0.0222965)
(0.0644963,0.0246034)
(0.0772261,0.0422043)
(0.0370823,0.00955947)
(0.0800796,-0.0353273)
(-0.0139056,0.00947412)
(-0.0372268,0.0983471)
(-0.00688473,0.0754534)
(-0.00998014,0.0119744)
(-0.0319313,0.0832083)
(-0.0365208,0.0152126)
(0.00412553,0.0238892)
(0.028419,0.0753285)
(0.00252809,-0.0152277)
(0.0437429,0.0288168)
(-0.0205202,-0.0285271)
(-0.0648456,-0.042299)
(0.0705625,0.0452571)
(0.0456216,0.0170295)
(0.0286176,0.0556958)
(0.0454292,-0.0170546)
(0.432478,0.00795445)
(0.0363781,-0.000885124)
(0.531107,-0.1278)
(-0.030755,0.0939882)
(0.0342809,0.0003827)
(-0.0489237,0.0108985)
(-0.0830129,0.0810056)
(0.00255846,0.0557293)
(-0.0499979,0.0104249)
(0.015143,0.044317)
(0.0164215,-0.0168641)
(0.0279413,-0.00842138)
(0.00932806,-0.00325935)
(-0.00762843,-0.0479769)
(-0.0249812,0.0881582)
(0.0134848,-0.0427396)
(0.0108135,0.0369991)
(-0.0607701,-0.0114148)
(-0.0639041,-0.0333962)
(0.0569344,-0.055165)
(-0.000197339,-0.095236)
(-0.010953,0.0704516)
(0.0199905,0.0505239)
(0.0483925,-0.0182505)
(0.185447,-0.079959)
(0.0758527,0.0180688)
(-0.0290514,-0.0399459)
(0.00571132,-0.0344011)
(0.063192,-0.0369404)
(0.405944,-0.093671)
(0.00644468,0.0894844)
(-0.0270348,0.0763685)
(0.0168822,-0.0599243)
(-0.0598335,0.0695019)
(0.0574545,0.0229749)
(0.116005,-0.0287513)
(0.253311,-0.108082)
(0.341238,-0.188061)
(-0.024391,0.0552399)
(-0.0077467,0.0383039)
(-0.0817199,0.0211472)
(0.194801,-0.117811)
(0.524501,-0.0794327)
(0.0613691,-0.024183)
(-0.056982,-0.0351597)
(-0.00374857,0.018821)
(-0.0554645,-0.0221548)
(-0.0307764,0.0451424)
(-0.0392782,0.0218857)
(-0.0130673,0.0309544)
(-0.00708239,-0.0120057)
(0.0417137,-0.0134622)
(0.0639063,0.0302559)
(0.488964,-0.114981)
(0.0425234,0.0173268)
(-0.0107682,-0.031066)
(0.0455063,0.0359589)
(-0.00549706,-0.032611)
(-0.0253262,-0.035051)
(0.0398439,0.00876804)
(0.00778727,-0.0110517)
(0.24921,-0.172873)
(0.0464587,0.0873947)
(-0.0161071,0.00841694)
(0.06242,0.0881932)
(0.0225122,-0.0260131)
(-0.0288271,0.0329425)
(-0.0643723,0.00521331)
(-0.00283346,0.0523223)
(0.270357,-0.0900832)
(0.664174,-0.0306179)
(-0.0555113,0.0557)
(-0.0718227,0.00288338)
(0.0152724,0.014216)
(-0.0752584,0.0592702)
(-0.12112,-0.0144355)
(-0.128458,-0.00979389)
(0.0375575,0.0493172)
(-0.0295373,-0.0208173)
(0.0285471,0.0212534)
(0.0770731,-0.0308238)
(0.0202226,-0.0217748)
(0.0424503,-0.0095808)
(-0.0834581,-0.00363536)
(-0.0224985,0.0362687)
(-0.00363544,0.0578251)
(-0.0402799,0.027614)
(-0.0256022,0.0478654)
(0.0371052,-0.0127716)
(0.0858265,-0.0707757)
(0.0585219,0.0600541)
(0.0910857,0.037902)
(-0.056679,-0.0500105)
(-0.0566882,-0.019011)
(-0.0437929,0.00804319)
(-0.0195894,0.0330925)
(0.00566361,0.0104291)
(0.0258583,-0.00107303)
(-0.000512932,0.0037749)
(0.070998,-0.0110167)
(-0.0198107,-0.044419)
(0.0207836,-0.0259733)
(0.0239987,0.0327881)
(-0.024462,0.058695)
(0.00996543,0.0835912)
(-0.0175518,0.0319736)
(0.0564047,0.00801115)
(0.600219,-0.113436)
(0.0464114,0.0322684)
(-0.0390084,-0.0299037)
(0.000671557,-0.0246828)
(0.0707842,0.0807296)
(0.0142347,-0.0366772)
(0.038622,-0.0224337)
(0.049004,0.0110613)
(0.0460842,-0.0486468)
(-0.00633929,-0.0518935)
(0.037861,-0.0104928)
(0.00384739,-0.0362655)
(0.0765796,0.00794716)
(0.0586324,0.0331084)
(-0.00954409,0.00773328)
(0.0338024,-0.0227903)
(0.0263266,-0.0376806)
(-0.00748485,-0.0269438)
(-0.0162709,-0.0524659)
(-0.0211245,-0.0387895)
(-0.0263656,0.0547144)
(0.00654348,0.00545185)
(-0.0127281,0.0273005)
(-0.0623552,0.00680783)
(-0.0236198,-0.0152013)
(-0.00534828,0.0265372)
(-0.031509,-0.0869647)
(0.0265387,-0.0892692)
(0.00192541,-0.0531128)
(0.0198551,-0.0353269)
(-0.0130955,-0.00163412)
(0.0655408,-0.045827)
(-0.0451113,0.0332839)
(0.0243986,-0.0740534)
(0.0769535,-0.0346999)
(0.0766907,-0.0822154)
(0.00262442,-0.0805702)
(-0.047105,-0.11333)
(-0.0432362,-0.0100639)
(0.0470606,-0.0448886)
(0.0766215,-0.0302265)
(-0.031865,0.0581103)
(-0.0719134,0.0302254)
(-0.0158232,0.0481858)
(-0.0212759,-0.0188146)
(0.00800886,0.0017886)
(-0.0171803,0.0710197)
(-0.026437,0.0824912)
(0.0167448,0.041632)
(-0.0846748,-0.0313206)
(0.0139295,-0.0187943)
(0.056499,0.0172325)
(-0.0411782,-0.0804034)
(0.0180131,-0.0282102)
(0.466815,-0.0723061)
(0.0168399,-0.0693119)
(0.0332028,0.00492316)
(-0.0110554,0.0394536)
(-0.0248372,-0.0208806)
(0.0266844,0.0303056)
(0.0237566,0.0413951)
(0.0465654,0.0460611)
(0.0365041,0.0121319)
(0.0505655,-0.00913096)
(0.0147885,0.00450911)
(0.0292499,0.00128474)
(0.0386289,-0.00972804)
(0.0402253,0.028364)
(-0.054384,0.053584)
(-0.0153074,0.0241456)
(0.0534854,0.0469804)
(0.0807448,0.0196999)
(-0.0337111,0.0534346)
(0.0339066,0.0283996)
(-0.0373484,0.0170609)
(-0.00472196,-0.0736933)
(-0.0130939,-0.0511198)
(-0.0279844,-0.111767)
(0.0928543,0.00219709)
(0.524226,-0.126202)
(0.467446,-0.0631575)
(0.0185011,0.127704)
(0.458278,-0.0451902)
(0.0485764,-0.0690261)
(0.441224,-0.0634194)
(0.255189,-0.130105)
(-0.0254324,0.0325314)
(0.493047,-0.147031)
(0.562186,-0.114701)
(0.541091,-0.0988017)
(-0.0175479,0.0689422)
(-0.0419545,0.0336702)
(-0.0367672,-0.000220981)
(-0.0525793,0.0145154)
(0.0362252,0.0522381)
(-0.021481,0.00597766)
(-0.0226289,0.0186977)
(-0.0421599,0.0249952)
(-0.0393547,0.00427665)
(0.00188279,-0.0608709)
(0.0291978,-0.00323298)
(0.0276731,-0.0380297)
(-0.040398,0.0413077)
(-0.0371026,-0.00442846)
(0.0330135,0.0454363)
(-0.030901,-0.0714766)
(-0.0514901,0.0826909)
(-0.0340747,0.028231)
(0.00610077,0.0359095)
(0.0138747,-0.0260937)
(-0.0366596,-0.0731422)
(-0.00221801,0.0394483)
(-0.0344937,-0.0281651)
(0.0193797,-0.0168079)
(0.00261856,0.01872)
(0.0268837,-0.00297069)
(0.0525877,0.0728898)
(-0.0203898,-0.00779702)
(0.0100505,0.021836)
(-0.00457053,-0.0234271)
(0.0190739,0.0333235)
(-0.0106833,-0.0132417)
(-0.0143341,-0.0150144)
(-0.0346242,-0.0448709)
(-0.0183363,-0.0247929)
(-0.0241476,-0.0758695)
(0.00435658,0.0147473)
(0.522905,-0.251751)
(0.0215498,-0.0379577)
(0.00497366,0.0238356)
(0.00692569,0.0155683)
(0.00520362,-0.0169446)
(0.0119838,0.0539914)
(-0.0123917,0.043977)
(0.462872,-0.130993)
(0.648197,-0.177416)
(0.440692,-0.118508)
(-0.0261555,-0.00537943)
(0.412897,-0.0920558)
(-0.00702955,0.0178822)
(0.0811958,-0.016089)
(0.0106119,0.0303677)
(0.0230525,0.0069071)
(0.204151,-0.0765631)
(0.0164152,0.0286835)
(-0.000493658,0.0469217)
(-0.0151111,0.0304382)
(0.118881,-0.0505078)
(0.0257575,-0.00276723)
(-0.110077,-0.0273609)
(0.447389,-0.0631345)
(0.00689216,0.00123988)
(-0.0319337,0.0148097)
(0.00580268,0.0251214)
(0.0300624,0.0332412)
(0.0253706,-0.0198114)
(0.00314493,0.0488529)
(0.0631833,-0.0624176)
(-0.00335123,0.0427936)
(0.0623087,0.0160563)
(0.193829,-0.0472775)
(0.0724695,0.028616)
(0.036614,0.00190538)
(-0.0443501,0.0527721)
(-0.0771668,0.0246807)
(0.00986007,0.0512606)
(0.0281215,-0.00299575)
(0.00627917,-0.0389494)
(-0.0518147,0.0329218)
(-0.00993327,-0.0136422)
(0.0083759,-0.0057526)
(0.0140795,0.0249038)
(-0.0149627,0.0494132)
(0.0558194,0.0489977)
(0.0237508,0.0526367)
(0.0227988,0.049921)
(0.0218113,-0.00449365)
(0.0305626,0.00366011)
(0.0164874,-0.107295)
(0.0212198,0.0380453)
(-0.0666637,-0.0194338)
(0.0410779,0.104189)
(0.00517495,0.0529859)
(0.0268079,-0.12688)
(0.0805876,0.056779)
(0.002819,0.0462804)
(0.0577132,-0.0975952)
(0.01647,0.0366385)
(-0.0430779,-0.0175232)
(-0.0218491,-0.0405162)
(-0.00657812,0.0370255)
(-0.0561903,-0.022369)
(-0.0687925,-0.0194214)
(0.04181,0.0447204)
(-0.0263697,-0.0348706)
(-0.0870466,0.0674316)
(-0.00741048,0.00583992)
(0.00459768,0.0274012)
(-0.012561,0.0193247)
(0.0336752,0.000566349)
(0.00330852,0.0345711)
(0.114352,-0.0811832)
(0.0731215,-0.000708991)
(-0.0316293,-0.0753076)
(-0.0245884,0.0514364)
(-0.0522692,-0.0993349)
(-0.00214724,0.0930011)
(-0.0385077,0.0148444)
(0.0850267,0.0710334)
(0.0790443,0.0718673)
(0.00948537,-0.0415439)
(0.0241325,0.047641)
(-0.0477163,0.011195)
(-0.0253262,0.0724508)
(0.00913213,0.00285425)
(-0.0388972,-0.0255365)
(0.0137313,-0.077796)
(0.0873634,-0.0257716)
(0.0363834,0.0317668)
(0.0256789,0.0575441)
(-0.0538439,0.0497164)
(-0.0582871,-0.0176753)
(0.00259092,-0.0359653)
(0.0283863,0.0141822)
(0.0621718,-0.0453006)
(0.455026,-0.0811898)
(-0.00156352,0.00591074)
(-0.0554221,-0.044779)
(-0.00599776,-0.0302203)
(-0.04333,-0.0195931)
(0.00347597,-0.0547581)
(0.0405345,-0.0353066)
(-0.0497448,0.011387)
(0.0279428,-0.0497483)
(0.533151,-0.128835)
(0.00862449,-0.0958115)
(0.044592,0.00149797)
(0.0531943,-0.0701025)
(0.519617,-0.120446)
(-0.0272352,-0.0208233)
(-0.0200953,-0.024717)
(0.0374172,0.01673)
(-0.0166074,-0.00725903)
(-0.0135904,-0.0039681)
(0.00060322,-0.0146871)
(-0.048089,-0.0201795)
(0.310885,-0.0754555)
(0.17171,-0.0756997)
(0.0239395,0.00174812)
(-0.0119859,0.032561)
(-0.044729,-0.0571106)
(0.0427038,0.055921)
(-0.0107982,-0.0752328)
(0.40775,-0.0464432)
(-0.0512414,-0.0204483)
(-0.00955555,-0.00948337)
(0.0156484,-0.00188021)
(0.037475,-0.00592571)
(0.0738877,-0.0210436)
(0.00647439,0.00472091)
(0.491532,-0.121242)
(-0.0035214,-0.024774)
(0.523948,-0.112149)
(-0.0402258,0.0655162)
(-0.0361753,0.00425116)
(-0.0176336,-0.0626299)
(0.0369835,0.0384884)
(0.478382,-0.211758)
(0.105822,-0.0255557)
(0.268849,-0.1366)
(0.0256773,-0.00353848)
(-0.0162644,0.0177219)
(-0.0598613,0.00488117)
(0.207991,-0.058638)
(0.245116,-0.0703531)
(-0.0115667,0.0251201)
(-0.0086414,-0.00966869)
(0.312993,-0.133817)
(-0.0184649,0.0228576)
(-0.065696,-0.0275734)
(0.233967,-0.0914025)
(-0.0426745,0.0241036)
(0.00980393,0.0121997)
(0.347337,-0.0461815)
(-0.0732236,-0.0303243)
(0.147677,0.00527512)
(0.204513,-0.0592065)
(0.00812981,0.0686137)
(0.232171,0.0201198)
(0.0623774,-0.0684974)
(0.00597434,-0.0599321)
(0.00080825,0.0588289)
(-0.0437868,0.0550804)
(-0.0179884,0.0122816)
(0.047937,-0.0509965)
(0.0327832,-0.0462249)
(0.0362841,0.0405415)
(-0.0179981,0.0602124)
(0.0468995,0.0402215)
(-0.0367584,-0.00436852)
(0.0732094,0.0486781)
(-0.107367,0.0277533)
(-0.0348009,0.021446)
(-0.0367254,0.0145948)
(-0.0331724,-0.0365253)
(-0.0519163,0.00120748)
(0.320541,-0.0763749)
(0.0171448,0.0650843)
(0.0166363,0.0579695)
(0.117757,-0.0591179)
(-0.109738,0.0486051)
(-0.0729151,0.051934)
(0.560653,-0.0812578)
(-0.0150656,0.00868855)
(0.558905,-0.130469)
(-0.000498877,-0.0213284)
(0.00999613,0.0381324)
(0.154714,-0.0775326)
(-0.0173748,-0.00576273)
(0.0227801,0.0310823)
(0.450251,-0.107163)
(-0.0242726,-0.015039)
(0.0746447,0.0386977)
(0.014528,0.00222736)
(0.0268852,0.0704583)
(0.119862,0.0119476)
(0.0516105,-0.0487014)
(0.0689083,-0.0591724)
(0.0423109,-0.0126134)
(-0.113987,-0.040747)
(0.216703,-0.162585)
(0.0225981,0.0391503)
(0.290752,-0.160538)
(-0.0260044,-0.0628193)
(-0.0435924,-0.0177724)
(0.454743,-0.117315)
(-0.0564694,0.0860242)
(0.00539955,0.0480254)
(-0.0344848,-0.00654365)
(0.392185,-0.0789108)
(0.00520666,-0.02472)
(-0.0475966,-0.0533893)
(0.0657398,0.0184049)
(0.00107416,0.034104)
(0.0448055,0.0333675)
(0.0726616,0.00351455)
(-0.108284,0.0161927)
(0.00848148,-0.00231963)
(-0.0323607,0.033034)
(0.0467118,-0.0452318)
(-0.0611197,0.0283222)
(0.00367099,0.038713)
(0.0796957,0.0232448)
(0.0679247,0.0309666)
(0.0236184,-0.0489384)
(-0.0311971,-0.0294842)
(-0.0027045,-0.0788855)
(-0.00796851,0.000348695)
(0.00109349,-0.048601)
(-0.0184741,0.00674346)
(0.0522578,0.0194982)
(0.0695261,0.0102478)
(0.044745,0.0729581)
(0.00467806,0.0208361)
(-0.00211118,0.0357007)
(-0.0201459,-0.0778855)
(-0.0670987,-0.102918)
(-0.0764698,-0.0985038)
(-0.0612939,-0.0446135)
(0.0162693,-0.0034519)
(0.0190285,-0.0334192)
(0.0119042,0.0183915)
(0.463222,-0.10669)
(-0.0625901,0.00271433)
(0.0364887,0.0136158)
(0.00806807,0.00041701)
(0.42744,-0.0560985)
(0.0432232,0.00052186)
(0.0207903,-0.0140882)
(-0.0286823,-0.0278348)
(0.000326911,0.0146684)
(0.0211751,-0.00563173)
(-0.0158485,-0.0350205)
(0.0167243,0.00358236)
(0.376223,-0.0690554)
(0.0335427,-0.00692931)
(-0.0761325,0.00243176)
(0.619922,-0.165217)
(0.0103644,-0.0207847)
(-0.00528204,0.00475565)
(0.0263462,-0.0302718)
(0.46496,-0.0709079)
(0.0390351,0.0317831)
(-0.0373528,-0.0304272)
(-0.0153837,-0.0455011)
(-0.123416,-0.000463657)
(-0.00670964,-0.0194131)
(-0.0768114,-0.0567522)
(0.000753522,-0.0641187)
(-0.0107956,0.0259444)
(-0.0075381,-0.0405959)
(-0.00432811,-0.0616226)
(0.0126087,-0.049372)
(0.413924,-0.0409457)
(0.0528772,-0.000655776)
(-0.0393386,0.0344966)
(-0.0255867,-0.0231823)
(-0.00151432,-0.00539072)
(0.00817035,-0.0625866)
(-0.0110907,0.0703445)
(-0.0224687,-0.0432965)
(-0.00887399,-0.0155721)
(0.00786196,-0.0707043)
(0.00558754,0.0426212)
(0.0125314,0.0665916)
(0.43903,-0.0838613)
(0.00976616,-0.00242363)
(0.0158173,-0.00245885)
(-0.0151663,0.0395982)
(0.0276336,-0.022431)
(-0.04536,0.0793396)
(0.00158419,0.00592306)
(0.170079,-0.175536)
(0.210486,-0.108706)
(0.150607,-0.15093)
(0.00530139,0.000737464)
(-0.0176504,0.0208086)
(0.596701,-0.182128)
(0.350218,-0.118893)
(-0.0234135,0.00555908)
(0.391422,-0.0556946)
(0.450319,-0.0218896)
(0.19638,-0.116008)
(0.0448816,-0.0127644)
(0.0324199,-0.0277666)
(0.0570123,0.0378658)
(0.111125,-0.0041311)
(0.0122601,0.042329)
(0.0135841,0.0425203)
(-0.0642175,0.00465925)
(0.0757895,0.000560364)
(-0.0901619,0.0153907)
(-0.0301718,-0.0233195)
(0.0564422,-0.0064443)
(0.475301,-0.129115)
(-0.0344055,0.0400379)
(-0.000722922,0.0112583)
(-0.0411279,0.0185248)
(0.553396,-0.093921)
(-0.043356,0.0775962)
(-0.0124616,-0.00912112)
(0.525739,-0.155668)
(0.486126,-0.070425)
(-0.0316545,0.0176782)
(0.33818,-0.0797326)
(-0.00501032,0.0367918)
(-0.0268087,0.0691388)
(0.475427,0.0208406)
(0.267501,-0.0871499)
(0.399533,-0.112187)
(0.471686,-0.0427657)
(0.014641,-0.0171894)
(0.756694,-0.0135644)
(-0.0433231,0.000670492)
(-0.0249012,0.0827358)
(0.0578867,-0.00514575)
(0.176715,-0.0760121)
(-0.0423621,0.0432402)
(0.0992597,-0.0745358)
(0.0109321,-0.00139679)
(0.0211981,-0.00403158)
(0.0355604,-0.0137233)
(0.017989,-0.00759763)
(0.05062,-0.00211553)
(-0.00861099,0.0431955)
(0.0609867,0.0377852)
(0.109506,-0.044525)
(-0.0687138,0.00334712)
(0.023521,-0.0490618)
(0.0171257,0.058892)
(0.00985392,0.0455122)
(0.0206937,0.0134704)
(0.456774,-0.0625719)
(-0.0367411,0.0879083)
(0.0275337,0.000529389)
(-0.00712191,-0.0165894)
(-0.0187297,0.0380074)
(0.0480611,0.00116228)
(0.0291733,0.0426324)
(-0.0498423,-0.0823014)
(-0.0347449,-0.0118078)
(0.555712,-0.0775383)
(-0.0219153,0.00859861)
(0.344017,-0.0293888)
(0.000845814,0.0139469)
(0.0538159,0.0238199)
(0.0016875,-0.000715651)
(0.0839629,-0.039008)
(-0.035652,-0.0263485)
(0.00846541,-0.0943422)
(0.017002,-0.0394449)
(-0.00233249,-0.0361859)
(0.027112,0.00980145)
(0.0318399,-0.0314194)
(0.0680805,-0.00357362)
(0.0389159,0.0248508)
(0.447369,-0.116183)
(0.311432,-0.0693917)
(-0.0296272,-0.0135432)
(0.0445468,-0.041989)
(0.0228765,-0.0130659)
(0.0723333,-0.0487193)
(0.456297,-0.129277)
(0.0400543,0.0224942)
(0.0769529,-0.0103045)
(0.0906163,0.0202736)
(0.0751273,-0.0174196)
(0.301172,-0.134718)
(0.0472431,0.00666839)
(-0.0386047,0.00213956)
(-0.0286062,0.00263851)
(-0.0105891,0.022036)
(0.493036,-0.0584518)
(0.0354127,-0.0287773)
(-0.0321978,-0.00428724)
(0.0326992,0.0518522)
(0.0326054,0.00858281)
(0.024872,-0.00532689)
(0.492804,-0.0791001)
(0.405239,-0.147727)
(0.662456,-0.0601326)
(0.030312,-0.0646708)
(0.02847,-0.00944544)
(0.488899,-0.0567155)
(0.0386568,-0.0165749)
(0.0973212,-0.0639714)
(0.28679,-0.190861)
(-0.0522178,-0.0343148)
(-0.0594924,0.0128554)
(-0.0542684,-0.00740285)
(-0.0426269,0.0451035)
(-0.0263748,0.0362005)
(0.156327,-0.0651754)
(0.179637,-0.127475)
(0.28565,-0.15037)
(0.278952,-0.0529365)
(0.627594,-0.173593)
(-0.0143864,-0.0388469)
(-0.0593488,0.00413146)
(-0.0306876,0.00926662)
(0.111336,0.0894434)
(0.554344,-0.0713422)
(0.544077,-0.124716)
(0.0076566,0.00785863)
(-0.0385146,-0.0473971)
(-0.0101486,-0.0249678)
(0.585271,-0.177054)
(0.0138796,0.0813389)
(0.0571917,0.03522)
(-0.0529073,-0.00540894)
(0.622701,-0.081467)
(0.0491305,0.0396675)
(-0.0382702,0.0567513)
(0.559677,-0.107318)
(0.525106,-0.104513)
(-0.0192195,0.0332093)
(-0.0196497,0.0137978)
(-0.0320406,-0.0454414)
(-0.00473753,-0.038928)
(0.0293793,-0.0165485)
(0.000227844,-0.00847001)
(0.0201183,0.00405238)
(0.462914,-0.144829)
(0.680281,-0.0175143)
(0.607679,-0.123515)
(0.540505,-0.0535216)
(0.435603,-0.106619)
(0.18115,-0.105081)
(0.275534,-0.032547)
(0.193406,-0.0751222)
(0.172022,-0.0884461)
(-0.023586,-0.0425921)
(0.0204857,-0.0531119)
(0.288936,-0.0589209)
(0.54253,-0.156377)
(0.537491,-0.12396)
(0.433985,-0.058637)
(0.518231,-0.145048)
(0.00677182,0.0345906)
(0.521343,-0.0678141)
(-0.0349518,0.0806865)
(0.0191212,-0.0342535)
(-0.034354,-0.0509985)
(5.48091e-05,0.0619775)
(-0.0564164,-0.0157274)
(-0.0150865,-0.0918737)
(-0.00700582,0.0138761)
(0.0315959,-0.0342362)
(0.0332387,0.0568097)
(0.404442,-0.103539)
(-0.012873,-0.0552579)
(0.469177,-0.195797)
(0.461713,-0.0122098)
(0.444673,-0.147934)
(-0.0377992,0.00189691)
(0.0702856,0.0600786)
(-0.0185352,0.0274527)
(0.536255,-0.0771978)
(-0.0380686,-0.0384175)
(0.0186575,0.00278771)
(0.323813,-0.129201)
(0.243105,-0.145273)
(0.528418,-0.07573)
(0.375279,-0.0721244)
(0.586712,-0.211367)
(0.488904,0.0418007)
(-0.0102433,-0.0598649)
(-0.0210464,-0.0714612)
(0.0142172,0.0135541)
(0.023963,0.07659)
(0.0187396,0.0763679)
(-0.0181643,-0.0339024)
(0.0190004,0.00633666)
(0.277245,-0.0993599)
(0.203952,-0.0280665)
(-0.0448748,-0.00314712)
(0.190547,-0.0235206)
(-0.014819,-0.0220951)
(0.463513,-0.121718)
(0.544371,-0.0221312)
(-0.0533148,0.0343242)
(0.0327577,0.048025)
(0.0683156,0.0126507)
(0.0787116,-0.0381916)
(0.425947,-0.194505)
(0.0210825,-0.0641741)
(0.134931,-0.0823388)
(-0.044988,0.0795679)
(0.283535,-0.150615)
(0.0124316,0.0628906)
(0.348513,-0.0761349)
(-0.000830996,0.0496158)
(0.0236838,0.0333437)
(0.0235185,0.00268451)
(0.0178576,0.0290865)
(0.499566,-0.0634262)
(-0.0130269,0.0373443)
(0.50175,-0.125965)
(0.472051,-0.0793623)
(-0.00514928,0.00532469)
(0.489705,-0.0327485)
(0.586963,-0.0228746)
(0.538519,0.0248972)
(0.0204009,0.021187)
(0.463629,-0.136957)
(-0.0541237,0.0701701)
(-0.0558193,0.0405389)
(-0.0473421,0.0653213)
(-0.033653,-0.00508752)
(-0.00897197,0.0803657)
(-0.0307101,-0.0143091)
(-0.0592418,0.0345493)
(0.728518,-0.0210529)
(-0.0445511,0.0125619)
(0.107113,-0.0359675)
(0.401639,-0.117539)
(0.448107,-0.0993567)
(-0.000580485,0.00402856)
(0.0563199,-0.00596856)
(-0.0256094,-0.00779935)
(0.393391,-0.160156)
(-0.0431671,0.00681619)
(0.465174,-0.218781)
(0.371302,-0.115769)
(-0.0539179,-0.0178121)
(-0.0086408,-0.00131687)
(0.552497,-0.0131584)
(-0.0535982,-0.0136771)
(-0.0174811,-0.033379)
(-0.0136594,0.052656)
(0.456274,-0.115451)
(0.46538,-0.109153)
(0.190814,-0.102908)
(0.44578,-0.144151)
(0.500772,-0.0793762)
(0.0823383,-0.0224371)
(0.484195,-0.104024)
(0.57772,-0.0265178)
(0.0216839,-0.0983545)
(0.514535,-0.0276609)
(0.0706489,0.0608801)
(0.512501,-0.0659004)
(0.0901721,-0.0178349)
(-0.0123926,0.0489108)
(-0.0283418,-0.0198559)
(0.0512954,0.0347911)
(0.000256892,0.0861769)
(0.053882,0.0890398)
(-0.00157384,0.0819263)
(0.0441276,0.0403391)
(0.134613,-0.0951168)
(0.0176023,0.00334586)
(-0.00906029,-0.0162868)
(0.0439282,0.0452688)
(0.015532,-0.0106665)
(0.016485,0.0162279)
(0.0493469,0.00817261)
(-0.00537045,0.0586198)
(0.117745,-0.0810121)
(-0.0224804,0.0261961)
(0.0443174,-0.00444067)
(0.651486,-0.0801417)
(0.38506,-0.184765)
(-0.0259372,0.0150993)
(0.0872692,0.138018)
(-0.00414535,0.112432)
(0.132964,0.0248459)
(-0.0517381,-0.00491629)
(0.0969189,-0.0162512)
(0.208727,-0.103795)
(0.610184,-0.148066)
(0.579152,-0.140113)
(0.0121344,0.0719)
(0.0592666,-0.042041)
(0.548244,-0.142537)
(0.00479863,0.0318781)
(0.0445144,0.0120583)
(0.0876851,-0.0263986)
(0.475904,-0.0407666)
(0.0798026,-0.0735688)
(0.252716,-0.166157)
(0.00426168,-0.0179883)
(0.119094,-0.125261)
(0.196185,-0.0935423)
(0.270386,-0.0543836)
(0.342301,-0.111726)
(0.0968108,0.0302385)
(-0.0324205,0.0339402)
(0.3794,-0.144721)
(-0.0192818,0.0735633)
(0.0377795,-0.00557346)
(0.0350119,-0.0236775)
(0.469012,-0.155827)
(0.0248602,-0.0267605)
(0.425493,-0.102803)
(0.0455774,-0.0166354)
(0.0125534,0.0359964)
(-0.0235995,-0.0103627)
(-0.009876,0.0539409)
(-0.0214562,0.0220226)
(0.000580292,0.0345069)
(0.0277641,0.024253)
(-0.0288298,0.0208032)
(-0.0181239,0.0593338)
(0.523482,-0.12174)
(-0.0070955,-0.00681793)
(0.0481417,0.00958379)
(0.509302,-0.0545278)
(0.0864142,0.00406812)
(-0.012777,0.0282145)
(-0.00404317,0.0112735)
(-0.00105505,0.0271127)
(-0.0544295,0.0446181)
(0.132961,-0.0929267)
(0.00123204,0.0625109)
(-0.0459501,-0.0352741)
(-0.0468449,-0.0587902)
(0.0301536,-0.0173994)
(-0.0417863,-0.0318788)
(0.482755,-0.00027492)
(-0.0351905,0.0575662)
(0.648095,-0.118866)
(0.362274,-0.148133)
(0.491259,0.0213669)
(-0.0265051,-0.00963639)
(0.388375,-0.0237937)
(0.411367,-0.13095)
(0.391011,-0.0490424)
(-0.053558,0.030533)
(0.0260789,0.0518056)
(-0.0544713,0.0766812)
(-0.00859382,0.0264826)
(0.563365,-0.154172)
(0.582198,-0.099327)
(-0.0309495,-0.00948076)
(-0.0307169,0.00651415)
(-0.00870968,0.015589)
(0.0561741,0.00575674)
(0.337886,-0.0756338)
(0.0531378,0.000296986)
(0.0512999,0.0297116)
(0.0263529,0.0380923)
(0.085542,-0.00104873)
(0.382259,-0.0781952)
(-0.0604225,-0.0841495)
(0.460522,-0.0377694)
(0.00677442,0.00541467)
(0.0473596,0.0685486)
(0.0775115,0.0360033)
(0.638678,-0.168568)
(0.0142626,0.0069382)
(0.286425,-0.115688)
(0.535754,-0.144909)
(-0.0443921,0.005394)
(0.00331438,0.0414841)
(0.0748601,-0.0995669)
(-0.0122058,0.0610204)
(-0.0693961,0.0278726)
(0.018596,-0.123612)
(0.384941,-0.168043)
(0.27572,-0.193793)
(0.0565516,-0.0469109)
(0.0162009,-0.0206477)
(0.00190725,-0.00922115)
(-0.0980828,0.0769178)
(-0.00167293,-0.00641347)
(0.00820599,-0.0507786)
(0.415678,-0.0877217)
(0.53321,-0.100754)
(0.63481,-0.0818084)
(-0.0161133,-0.047718)
(0.347628,-0.0628555)
(-0.0390387,0.0254855)
(0.0434986,0.0252085)
(0.0341682,0.0140449)
(0.0226834,0.131935)
(-0.00652578,0.0331591)
(0.0632115,-0.0557667)
(0.267427,-0.0822219)
(0.563844,-0.109615)
(0.536147,-0.130428)
(0.0889687,-0.0829581)
(0.520427,-0.161933)
(0.020811,-0.122678)
(0.418677,-0.175345)
(0.461262,-0.0679186)
(-0.00881248,-0.0899867)
(0.478981,-0.111192)
(0.431063,-0.14347)
(0.532969,-0.127558)
(0.416344,-0.111782)
(0.5257,-0.0921787)
(0.103601,-0.0507745)
(0.2513,-0.134942)
(0.201118,-0.0332291)
(0.433424,-0.0759534)
(0.0279483,-0.0391368)
(0.528781,-0.053681)
(0.370396,-0.152739)
(0.00792804,0.0016341)
(-0.0627833,0.00964117)
(-0.0762477,0.0695309)
(-0.0601173,-0.04692)
(0.409886,-0.156809)
(-0.0160982,-0.000350902)
(0.465999,-0.145998)
(0.0129515,-0.00129436)
(0.265686,-0.0558452)
(-0.0122039,-0.0465939)
(-0.0263942,-0.0380109)
(0.443071,-0.121975)
(0.0511183,0.0811014)
(0.100241,-0.0715516)
(0.525139,-0.133617)
(0.0532367,-0.0411128)
(-0.00291183,-0.050775)
(-0.0388541,0.0239461)
(-0.057682,-0.0245807)
(-0.0164955,0.0203097)
(-0.0091809,0.00681951)
(0.549737,-0.129806)
(0.56606,-0.14892)
(0.432373,-0.0883716)
(-0.0244494,-0.0973385)
(0.0131202,0.0679158)
(0.345501,-0.195514)
(-0.0173663,0.031072)
(0.0121286,-0.00355285)
(0.0161923,-0.0352784)
(-0.0343428,-0.0240062)
(0.572008,-0.110007)
(0.440152,-0.0543615)
(0.487311,-0.0882796)
(0.40935,-0.0361585)
(0.410927,-0.0977887)
(-0.085657,-0.0172424)
(0.408123,-0.0401815)
(0.299178,-0.114799)
(-0.0628664,-0.0916656)
(0.362478,-0.068459)
(0.486096,-0.0876479)
(0.0320068,-0.0658091)
(0.000993699,0.0695169)
(0.549187,-0.122416)
(0.0107869,0.0136699)
(0.0340438,-0.0309829)
(0.421425,-0.12801)
(0.0487322,0.000770026)
(-0.0268389,-0.0411717)
(0.0443273,0.0431652)
(0.071049,-0.0228559)
(0.502587,-0.0415971)
(-0.0166631,0.0223627)
(-0.0615083,0.0862434)
(-7.86035e-05,0.0221817)
(0.400432,-0.0611824)
(-0.025305,0.0423206)
(0.0111836,0.0305454)
(-0.0359229,0.060287)
(0.0871278,-0.0465472)
(-0.0468313,-0.0764131)
(0.0298373,0.00484119)
(0.104596,0.026072)
(0.107485,0.00615283)
(0.0161577,0.054309)
(0.0768084,0.0650549)
(0.0887881,0.0594069)
(0.476245,-0.089291)
(-0.0646117,0.0401741)
(0.523399,-0.0178903)
(-0.0229559,-0.00367387)
(-0.018629,-0.0514434)
(0.187916,-0.100367)
(0.538135,-0.137981)
(0.323296,-0.103477)
(-0.0432746,0.0536546)
(-0.0121232,-0.0294555)
(0.0473456,-0.0180753)
(0.0297627,-0.0377011)
(-0.0109248,-0.00329883)
(-0.0262529,0.0296486)
(-0.0603882,-0.025371)
(0.0176737,0.0279148)
(-0.0780363,-0.00332405)
(-0.00572912,0.0606243)
(0.000445441,-0.0247954)
(0.42544,0.0532422)
(0.000678256,0.0562055)
(0.0608482,0.00324649)
(0.019963,0.00890465)
(0.0335806,0.0236031)
(0.186154,-0.0481545)
(0.127501,-0.0715164)
(-0.0204691,0.0354694)
(0.108374,-0.108624)
(0.542466,-0.0670189)
(-0.0541324,-0.0846191)
(0.448306,-0.0747172)
(-0.0320893,-0.13553)
(-0.00816994,0.0279458)
(0.103571,-0.0257058)
(0.0478163,-0.06403)
(0.0908014,-0.0305474)
(-0.054636,0.0114922)
(0.026564,-0.0141898)
(-0.0588808,-0.027469)
(-0.019328,0.0657196)
(-0.00428663,-0.00395985)
(0.3437,-0.13208)
(0.357072,-0.120355)
(0.0288842,0.00752804)
(0.174803,-0.0440125)
(0.205761,-0.0593692)
(0.595344,-0.110492)
(0.0122449,-0.00818959)
(0.103529,-0.0309365)
(0.499038,-0.15125)
(0.132086,-0.0166005)
(0.116007,-0.0814261)
(-0.0431983,-0.0447362)
(-0.0090517,-0.0662609)
(0.098233,-0.0365221)
(-0.0390668,-0.0138037)
(0.446496,-0.0562193)
(0.381237,-0.142837)
(0.0207349,0.000600062)
(0.0548664,0.00852328)
(0.168482,-0.094065)
(0.0526919,-0.0490847)
(0.130053,-0.0555267)
(0.00107623,0.0451446)
