1620
(-0.025171,-0.0860439)
(0.0220858,0.0144492)
(0.0766355,0.0818671)
(-0.0131851,-0.123817)
(-0.0455349,-0.0266022)
(-0.0149845,0.0313711)
(0.100564,-0.00261573)
(0.0211982,0.00508452)
(0.0223218,-0.0113303)
(-0.010301,-0.00280669)
(-0.0641781,0.0655637)
(-0.0208976,0.0441314)
(-0.0184275,-0.0355564)
(-0.0513358,-0.021302)
(-0.0122687,0.0310054)
(-0.0200355,0.0308984)
(-0.0383038,-0.0498488)
(0.0236401,0.0255264)
(0.0182944,-0.00836545)
(0.00176088,0.0277542)
(-0.0458309,0.00608294)
(0.0200774,0.017775)
(-0.0377991,0.0164595)
(-0.0368865,-0.00395706)
(0.0117546,0.0280068)
(0.0350579,0.00250487)
(-0.0103921,0.0478399)
(0.0432726,-0.0603878)
(-0.0371544,0.0192343)
(0.0410673,-0.0132117)
(0.0370107,0.0301065)
(0.0426601,-0.0330555)
(0.00464171,0.0420951)
(-0.060754,0.0316615)
(0.0384997,0.0368229)
(-0.0062092,0.0548014)
(0.0478235,0.00561961)
(-0.000777345,0.0625757)
(-0.0298968,0.0194511)
(0.0151326,-0.0078308)
(0.021737,-0.0713492)
(0.0642803,-0.00162259)
(0.0556177,0.0486639)
(0.126381,0.00860999)
(-0.0345212,0.0538122)
(0.137384,-0.0366383)
(0.116431,-0.0502121)
(-0.0183218,-0.00850869)
(0.0411684,-0.0493804)
(-0.0156292,-0.0292117)
(0.0330759,0.0103045)
(0.0464806,-0.0152194)
(0.00505384,0.0126993)
(0.0215866,-0.010025)
(-0.0205915,0.00653589)
(-0.0316869,0.0155269)
(0.0163094,-0.00216181)
(0.0187253,0.0407627)
(-0.0380455,-0.0188199)
(0.0768834,-0.0115197)
(-0.0405891,-0.00207519)
(0.152198,-0.0616785)
(0.0111632,0.0280725)
(0.359789,-0.108346)
(0.00227385,0.0249535)
(-0.0130602,0.0204705)
(0.000498682,-0.0129949)
(0.000615186,0.0119613)
(0.0140638,0.0699473)
(-0.0209005,-0.0838863)
(-0.0206286,0.0652747)
(-0.0111558,0.0328632)
(-0.0498534,0.0709065)
(-0.0654714,0.0353263)
(0.00714909,0.0121437)
(-0.0658669,0.0480831)
(-0.0032197,-0.0320998)
(0.0438943,-0.0579337)
(-0.0326908,0.00258481)
(0.0685842,-0.0563238)
(0.0352393,-0.0623488)
(-0.0209194,-0.0250929)
(-0.00295771,-0.0655098)
(0.0314505,0.0123519)
(0.00302816,0.0439455)
(0.00877999,-0.043529)
(-0.0111363,0.00279105)
(-0.0587326,-0.00118574)
(0.0487789,0.021858)
(0.00752747,-0.0120568)
(-0.0897643,-0.0134987)
(-0.0462232,-0.00597398)
(0.444804,-0.0728718)
(-0.0187816,0.0715135)
(-0.0377868,0.0737108)
(0.577545,-0.0261688)
(-0.0395894,0.0322896)
(0.44563,-0.124351)
(-0.0280741,-0.0746713)
(-0.0479806,-0.0497436)
(0.0535957,-0.00968984)
(-0.0460822,-0.0369256)
(0.0500032,-0.0700605)
(0.0075243,-0.0551856)
(-0.0065246,-0.112782)
(0.433444,-0.0711771)
(-0.0344672,0.0594569)
(-0.0817787,0.0132461)
(0.00813952,0.0202092)
(0.000161216,0.0216925)
(0.0032283,0.0355799)
(0.566952,-0.122199)
(0.348012,-0.0314789)
(-0.00379174,-0.0151666)
(0.47897,-0.0512129)
(0.0552833,0.0784691)
(0.0594249,0.0680599)
(0.518232,-0.0854923)
(-0.00815132,-0.0256277)
(0.474552,-0.108535)
(0.426718,-0.062413)
(0.00906812,0.0406902)
(0.378668,-0.0824207)
(0.283969,-0.133844)
(0.274227,-0.087756)
(0.0093827,-0.01753)
(0.0908599,-0.00254205)
(0.0436042,0.0478324)
(0.323194,-0.127432)
(0.048281,0.000590525)
(0.0743225,0.0213884)
(0.063768,-0.0199454)
(-0.0339405,-0.0274836)
(-0.0258454,-0.0161988)
(-0.0286315,-0.0339271)
(0.0477105,-0.0263614)
(-0.0461879,0.0375006)
(0.0119698,0.0566616)
(0.361906,-0.12458)
(-0.0279616,-0.00186399)
(-0.0309956,0.0494751)
(0.017067,0.0530883)
(0.0229502,0.0169842)
(0.0277069,-0.0509129)
(0.0905855,-0.0257015)
(0.042974,-0.0229107)
(-0.00155384,-0.0110836)
(0.40896,-0.128322)
(0.41072,-0.128234)
(-0.0693302,0.0214667)
(0.527708,-0.171493)
(0.187351,-0.0999765)
(0.623166,-0.100586)
(0.473198,-0.0151826)
(0.488479,-0.0772981)
(0.00406778,0.0201371)
(0.0869553,0.0479495)
(0.397384,-0.041982)
(0.395747,0.00658098)
(-0.0157164,0.0358666)
(-0.0211222,0.0691098)
(0.0162201,0.0213414)
(0.0362328,0.0569901)
(-0.0451487,-0.0278409)
(-0.0124053,0.0225099)
(-0.0492134,-0.00090073)
(0.0248626,-0.0174674)
(-0.00425242,-0.0208017)
(0.0486125,0.029672)
(-0.00611698,0.067772)
(0.0466918,0.00502772)
(0.0545322,0.0317361)
(0.41558,-0.161696)
(0.400807,-0.131597)
(0.553834,-0.121463)
(0.537347,-0.0921608)
(0.0586862,-0.0612833)
(0.109455,-0.0245195)
(-0.0409225,-0.0370781)
(-0.0756281,0.0441275)
(-0.0328002,-0.0208899)
(0.0142231,-0.00935871)
(0.00302641,-0.00823424)
(-0.000320186,0.0224831)
(-0.0112964,0.0286994)
(0.00633858,-0.0323584)
(0.0062664,-0.0202834)
(0.123135,-0.0465105)
(0.0429434,0.0377997)
(0.460689,-0.145433)
(0.484144,-0.106694)
(0.396499,-0.126045)
(0.599696,-0.187183)
(-0.040614,-0.0327497)
(-0.00111535,0.00999418)
(-0.000135071,0.0579074)
(0.00257159,0.0355884)
(-0.0732075,0.0602488)
(-0.0363208,-0.0572218)
(-0.018375,0.00772313)
(-0.0078089,-0.12486)
(0.0047566,-0.122047)
(-0.0349798,-0.0217873)
(-0.0280961,-0.0229644)
(-0.0146763,-0.00754495)
(-0.0102962,0.0130267)
(0.428825,-0.0985866)
(0.449767,-0.0758482)
(-0.0883934,0.0209111)
(0.347102,-0.121448)
(-0.00694585,-0.0138064)
(0.424338,-0.120414)
(0.408407,-0.0948053)
(-0.0686503,-0.0249291)
(-0.0485789,-0.0188369)
(0.0695639,0.0622021)
(0.0516138,0.0114571)
(0.454147,-0.165317)
(0.553746,-0.202803)
(0.0214795,-0.041207)
(-0.0217796,-0.0145965)
(-0.0329719,-7.13862e-06)
(0.0146005,0.0403408)
(0.480866,-0.226385)
(-0.0352045,-0.053059)
(-0.0589235,-0.063811)
(0.290221,-0.16152)
(-0.0652099,0.0232925)
(-0.0457828,0.0270241)
(-0.0438543,-0.0410301)
(-0.0347529,-0.0137063)
(0.475534,-0.10124)
(0.464407,-0.134041)
(0.569765,-0.0714105)
(0.520797,-0.0893044)
(-0.0391071,0.0215431)
(-0.0623751,-0.0214597)
(-0.0488759,-0.0162743)
(0.155451,-0.0572772)
(0.00974277,0.0360517)
(0.0401524,-0.00277443)
(-0.0158631,-0.0597121)
(-0.00757261,0.0850164)
(-0.0219959,0.0854468)
(0.0124789,-0.0516337)
(-0.0583848,0.0383541)
(0.0412156,-0.0239867)
(0.0307308,-0.0226038)
(0.000444808,0.00334557)
(-0.0514233,-0.00444564)
(-0.0218285,-0.0164768)
(-0.0579854,0.0472503)
(-0.0219371,-0.018925)
(-0.0223,-0.0332086)
(-0.0483129,0.00297845)
(-0.00897424,-0.0560462)
(0.0563716,-0.00758465)
(-0.0116517,0.00721017)
(0.00426866,-0.0259162)
(-0.00917168,-0.0429748)
(0.0364641,-0.0922304)
(-0.0282655,0.0279941)
(0.0113557,0.0189973)
(-0.0352832,-0.0139676)
(0.504433,-0.0494902)
(-0.0305507,-0.0299882)
(-0.0732005,-0.078662)
(-0.0408705,-0.00612555)
(0.0432849,0.0047936)
(0.0631957,0.0391592)
(0.00549519,0.0111891)
(0.0441369,0.0223803)
(-0.061652,-0.00661623)
(-0.0269947,0.0516461)
(-0.0154373,-0.0172691)
(0.502378,-0.0257449)
(-0.0138273,0.034214)
(-0.0405105,0.00824653)
(0.0271739,0.032406)
(-0.00272382,0.0405354)
(-0.00887963,0.0490689)
(0.00120424,0.0560621)
(0.00331783,-0.0364973)
(-0.0133128,-0.0718768)
(0.10124,0.0300138)
(0.0350014,0.0372384)
(0.0285698,0.0209679)
(-0.0518672,0.0039433)
(0.0730578,0.00516013)
(0.0925948,0.00362986)
(0.00393292,0.0585725)
(0.0207612,-0.0144917)
(-0.0549875,0.0180684)
(-0.037577,0.0252893)
(-0.0450556,-0.0104084)
(-0.0573301,0.0419449)
(0.0191663,-0.0339271)
(-0.00818632,0.0553634)
(-0.076246,-0.0294717)
(-0.05011,0.00713416)
(0.00591008,0.0334397)
(-0.0960157,0.0127129)
(-0.0471266,-0.0219899)
(-0.0133938,-0.0210758)
(-0.00323398,-0.0163252)
(0.0188816,-0.0271235)
(0.0345907,0.0407309)
(0.422894,-0.0900958)
(-0.0210774,0.0341139)
(-0.0305101,0.063817)
(-0.0392991,0.00078118)
(-0.0839269,-0.0575309)
(-0.0876201,-0.0547132)
(-0.0362354,-0.0640463)
(0.00117176,-0.0050644)
(-0.0384365,-0.0223263)
(0.0104207,-0.0756554)
(-0.0564757,-0.0611505)
(-0.053752,-0.0474641)
(0.459044,-0.161714)
(-0.00678524,-0.0531657)
(-0.0173043,0.0113092)
(-0.00159691,-0.0193947)
(0.0201287,-0.0153849)
(0.0144437,0.0119252)
(0.0178621,0.022656)
(0.0574769,-0.0645027)
(0.016792,0.00557848)
(0.0212991,0.0177037)
(-0.0079354,-0.0403163)
(0.00960466,-0.0225458)
(-0.043429,-0.0372583)
(-0.0468911,-0.0105799)
(0.0213888,-0.036533)
(-0.0242602,-0.0301711)
(0.437243,-0.0362443)
(0.0131163,-0.0446688)
(0.0722966,0.0495548)
(-0.0580367,-0.0317766)
(0.068446,-0.03979)
(0.0370396,-0.0175754)
(-0.0774624,-0.0570332)
(0.068992,0.0348846)
(-0.0164795,-0.0153041)
(-0.0192596,-0.0289368)
(0.0410203,0.0678297)
(0.0411897,0.053078)
(-0.00450938,0.054097)
(-0.0432234,-0.00305084)
(0.196948,-0.0202919)
(0.361235,-0.110256)
(0.438399,-0.0894469)
(0.0913407,-0.0552145)
(0.00817716,0.00410966)
(0.42683,-0.131646)
(-0.0580842,0.0564792)
(0.00979513,-0.0457926)
(-0.0468849,0.0293891)
(-0.0273262,-0.0481247)
(-0.00987907,-0.0187694)
(0.253875,-0.123507)
(0.104994,-0.053355)
(0.0608146,0.0285005)
(-0.0289448,0.00547939)
(-0.0107002,-0.0124284)
(0.0602417,0.0322574)
(0.410264,-0.162184)
(-0.0133449,-0.032811)
(-0.0405534,-0.0478383)
(-0.0288648,-0.0104738)
(0.0394707,0.0627824)
(-0.03618,-0.0353766)
(-0.0473482,-0.0151281)
(0.043238,0.0617619)
(0.432489,-0.119991)
(0.446385,-0.0155958)
(0.024665,-0.0309779)
(-0.00533781,-0.0739031)
(0.00543126,0.0167914)
(0.0604931,0.0294668)
(-0.0548373,0.0554423)
(0.166786,-0.00856198)
(0.383395,-0.107985)
(-0.000135759,-0.00871329)
(0.0150738,-0.0459808)
(-0.0247676,0.00892194)
(0.0534068,0.0299249)
(0.0240335,0.0735291)
(-0.0227423,0.0347244)
(0.0364553,-0.00587735)
(0.00949531,-0.0218935)
(0.00195062,0.0333184)
(-0.0344076,-0.0463894)
(-0.0662142,-0.0694578)
(0.0312903,0.0752675)
(0.0566368,0.0498753)
(-0.0565355,-0.0181987)
(-0.0357874,-0.0700232)
(0.00737032,0.0358276)
(0.0453394,0.0221282)
(0.0565544,0.00991243)
(-0.051959,0.0406863)
(-0.00506299,0.0159274)
(0.551797,-0.159205)
(-0.0221453,-0.00358295)
(0.0174313,0.049163)
(-0.0861794,-0.0733957)
(-0.0716252,-0.0410909)
(0.0120935,0.024842)
(0.0349236,-0.0266266)
(-0.0282939,-0.0588391)
(0.0462296,-0.0355818)
(-0.00730981,0.0674952)
(-0.000131022,-0.0386895)
(0.493829,-0.108486)
(-0.00375443,0.0708541)
(0.0300987,0.0298138)
(0.0164467,0.0294262)
(0.0648301,-0.023792)
(0.0586441,0.00733493)
(-0.0207658,-0.0523473)
(0.0222387,-0.0297809)
(0.0410842,-0.0437788)
(-0.0430566,-0.0864444)
(0.0410353,0.0344724)
(-0.0173024,0.0310635)
(0.410113,-0.077327)
(-0.0446654,-0.000364364)
(0.0227244,0.021756)
(0.0503268,0.0277802)
(-0.0407431,-0.0117882)
(-0.0269679,0.0164567)
(0.00400289,-0.010457)
(0.0796359,0.0172925)
(0.0835874,0.0428491)
(0.0532487,0.00547636)
(-0.0150055,-0.0448804)
(0.0242446,0.0129911)
(-0.0775436,-0.0238177)
(-0.0546445,-0.0551862)
(-0.0286673,-0.0111081)
(0.0138864,-0.0151104)
(0.0817766,-0.0189493)
(0.00442349,-0.015884)
(-0.0480551,-0.0250309)
(-0.0474014,-0.0629746)
(-0.05026,-0.047099)
(0.0922662,-0.0444795)
(0.0043054,-0.0187015)
(0.21685,-0.157528)
(0.0379447,-0.0180692)
(0.00619793,0.0469485)
(-0.00772651,0.033948)
(0.0134446,0.0148069)
(-0.0399907,0.0697185)
(-0.00657379,-0.0278462)
(0.0156367,0.0204724)
(-0.0122512,-0.0169057)
(0.00743472,0.0265329)
(0.0210967,0.00128839)
(0.0199626,0.0330974)
(-0.0529224,-0.00590424)
(0.00310339,0.0117299)
(0.00113664,0.0325524)
(-0.0160569,0.0408655)
(-0.0365294,0.00140577)
(-0.0678532,-0.0101639)
(0.015078,-0.0118841)
(0.408567,-0.117096)
(-0.0813158,0.0126994)
(0.613537,-0.0601662)
(0.0540166,0.0681755)
(-0.0220193,0.0990347)
(-0.00460252,0.0943709)
(0.0278346,0.00407599)
(0.0550844,0.0296152)
(0.00125389,-0.0645445)
(0.0371777,0.0201324)
(0.0100442,0.00868587)
(-0.0159421,0.03607)
(0.0139239,-0.0118995)
(0.424952,-0.106416)
(-0.027603,-0.0238391)
(0.0170124,-0.039653)
(0.029247,0.0262288)
(0.00857118,-0.0291752)
(0.00354873,-0.0264884)
(0.419234,-0.0709418)
(0.0187807,0.00104754)
(0.00772223,-0.011829)
(0.715733,-0.0514955)
(0.0773526,-0.0189693)
(-0.0383887,0.00358176)
(-0.0309109,0.0202712)
(0.0291839,-0.0273673)
(0.346326,-0.0439425)
(0.482917,-0.150631)
(0.37402,-0.0790281)
(0.311453,-0.124703)
(-0.0266333,-0.00481969)
(-0.0439062,0.00472475)
(-0.000340825,-0.0187013)
(-0.00744818,-0.0489171)
(-0.0020093,0.0102683)
(-0.0346322,-0.0241144)
(-0.0387671,-0.0400141)
(0.0419263,0.0358118)
(-0.017889,0.00319605)
(-0.0224902,0.057253)
(0.0156818,0.0160174)
(0.0515266,0.0292723)
(0.0776954,0.0222527)
(0.053707,0.035601)
(0.0882524,0.0581886)
(0.0257602,0.0134137)
(0.0474851,-0.0147656)
(-0.00980727,-0.0140454)
(-0.0286242,0.0776129)
(0.00475561,0.0460131)
(-0.0173251,0.0194481)
(-0.0571423,0.0725826)
(-0.0578844,0.0276952)
(-0.0299001,0.0169766)
(0.049735,0.0809657)
(-0.00685421,-0.0216718)
(0.0472858,0.0327002)
(-0.0284315,-0.0289206)
(-0.0671078,-0.00797741)
(0.0602455,0.0468948)
(0.0248865,0.0149156)
(0.0294462,0.0586158)
(0.00534139,-0.0224611)
(0.443215,0.0374739)
(0.0164819,-0.00236731)
(0.601368,-0.0840797)
(-0.0461367,0.0883281)
(0.0411992,0.0168714)
(-0.0480578,0.0141686)
(-0.0207706,0.0685095)
(0.00796922,0.0390424)
(-0.0160008,0.033798)
(0.00169882,0.0341151)
(0.0273796,0.00662844)
(0.0111571,-0.0104082)
(0.0168996,0.0305414)
(-0.00394554,-0.0413262)
(-0.0258516,0.05813)
(-0.00625428,-0.0491805)
(-0.0217977,0.0418708)
(-0.0385102,-0.0175802)
(-0.0539531,0.00392784)
(0.0488114,-0.0525961)
(-0.0040125,-0.0785625)
(-0.0313018,0.0505611)
(0.00744093,0.0916914)
(0.0430735,-0.00161248)
(0.162488,-0.0971852)
(0.0414743,0.0183776)
(-0.023406,-0.0343618)
(0.00361371,-0.0356774)
(0.0284311,-0.00959496)
(0.419887,-0.0409654)
(-0.000676096,0.0980754)
(0.00887452,0.0463282)
(0.00887948,-0.0262288)
(-0.0387733,0.0488032)
(0.0594981,-0.0229454)
(0.101009,-0.0372859)
(0.234984,-0.125292)
(0.315486,-0.116111)
(-0.0318756,0.0637451)
(-0.00929473,0.03732)
(-0.0660297,0.0411085)
(0.178737,-0.114491)
(0.520166,-0.0573608)
(0.019481,-0.0617034)
(-0.00736999,-0.0297992)
(0.0139245,0.00837845)
(-0.00560423,-0.0428209)
(-0.039583,0.0432826)
(-0.0333408,0.0142942)
(-0.0189849,0.0198889)
(-0.058123,-0.0451864)
(0.0594166,0.00828147)
(0.0485207,-0.00371897)
(0.542512,-0.0832895)
(0.0107347,0.0387736)
(-0.0311919,-0.0777078)
(0.0477749,0.0131972)
(-0.0296393,0.0184942)
(0.0191607,0.0191159)
(0.0330757,-0.032885)
(0.0138225,-0.0315003)
(0.237451,-0.135832)
(0.0541753,0.0650333)
(-0.0280497,-0.00530436)
(0.0659298,0.0588818)
(0.00348363,-0.0265006)
(-0.0435598,0.0226463)
(-0.0838316,-0.007761)
(-0.0185871,0.0547124)
(0.252918,-0.1001)
(0.63682,-0.0182526)
(-0.0231262,0.0267234)
(-0.0330175,-0.0168339)
(0.0104251,0.0144711)
(-0.0185267,0.0412783)
(-0.0583118,-0.00160654)
(-0.0873391,-0.00306197)
(0.0352385,0.0331543)
(-0.0344766,-0.0506728)
(0.00307548,0.00966839)
(0.0788978,-0.0398151)
(0.0344625,-0.0391478)
(0.0416731,-0.021183)
(-0.052916,0.0240887)
(-0.0334159,0.0120159)
(-0.0219641,0.0743408)
(-0.034862,0.0221025)
(-0.0272362,0.0592063)
(0.0473652,-0.0107442)
(0.0906405,-0.017826)
(0.0713595,0.0473344)
(0.0846251,0.0198901)
(-0.0520775,-0.0269063)
(-0.0170626,-0.00269163)
(0.0163189,0.0242709)
(0.0115105,0.0117203)
(-0.00785166,-0.00557556)
(0.0270562,0.0133361)
(0.0061504,0.0401736)
(0.0586666,0.0202101)
(-0.0321447,-0.0296786)
(-0.00182531,-0.0138337)
(0.0277995,0.00869324)
(0.00609423,0.0505932)
(-0.00767888,0.0428286)
(-0.0106828,0.0325284)
(0.0585134,-0.00674837)
(0.613817,-0.0886874)
(0.0296734,0.0213811)
(-0.0266523,-0.00761043)
(-0.0287807,-0.00881906)
(0.0274691,0.0865905)
(0.00356997,-0.010822)
(0.0348354,-0.000721919)
(0.00373523,0.0144891)
(0.0296023,-0.0450181)
(0.0124684,-0.0386784)
(0.039139,0.00858214)
(-0.00408755,-0.028439)
(0.0848938,0.000747281)
(0.0641523,0.0271361)
(0.00732505,0.00326653)
(0.022118,0.00821408)
(0.0222251,0.00205059)
(0.00603583,-0.00553856)
(-0.00317709,-0.0793846)
(-0.0275005,-0.0516042)
(-0.0191617,0.0220182)
(0.0113769,-0.00118043)
(-0.025029,0.0214125)
(-0.0598521,-0.00643006)
(-0.03155,0.0103922)
(0.0141524,-0.001187)
(-0.0120911,-0.0823634)
(0.0119605,-0.0944631)
(0.00280871,-0.0469198)
(0.03513,-0.0154627)
(-0.023644,0.0181512)
(0.0528473,-0.0423236)
(-0.0371048,-0.00113339)
(0.00137263,-0.0617448)
(0.0803063,-0.0269986)
(0.0935161,-0.0659219)
(0.0131791,-0.0771591)
(-0.00441673,-0.104509)
(-0.0842724,0.0219089)
(0.0287529,-0.0549897)
(0.0521227,-0.0338218)
(-0.0379974,0.0976812)
(-0.102384,0.0830916)
(-0.00712393,0.0491558)
(-0.0172655,0.0113701)
(-0.00923621,0.0142075)
(-0.0128608,0.067814)
(-0.0142848,0.0700665)
(0.017351,0.00107507)
(-0.0776944,-0.0346323)
(0.0241374,-0.0314735)
(0.0366693,-0.026794)
(-0.0215828,-0.0445523)
(0.00790699,-0.0267353)
(0.467686,-0.0573284)
(0.00541375,-0.0501336)
(0.0291248,-0.0307497)
(-0.000118114,0.00637742)
(-0.0438661,0.00965896)
(0.023115,0.0597621)
(0.00964498,0.0392689)
(0.0255186,0.0683979)
(0.0410293,0.0351191)
(0.0223099,-0.0281346)
(-0.00465208,0.0530477)
(0.0395441,0.0651161)
(0.0638369,0.0123293)
(0.0275127,0.0323423)
(-0.0491522,0.0411301)
(-0.00357555,0.0424155)
(0.0249882,0.0545626)
(0.0735206,0.0140786)
(-0.0148722,0.0780201)
(0.0393921,0.0174918)
(-0.021849,0.047231)
(-0.0242237,-0.067803)
(-0.0117745,-0.0653414)
(-0.00305758,-0.0866214)
(0.0804437,-0.00363706)
(0.498297,-0.10101)
(0.497939,-0.0166959)
(0.0498291,0.0861354)
(0.459557,-0.0104894)
(0.0394305,-0.0484496)
(0.433531,-0.0302235)
(0.247977,-0.0906492)
(-0.00388717,0.0481477)
(0.475979,-0.118412)
(0.582227,-0.0952669)
(0.569037,-0.0752625)
(0.00419463,0.0712319)
(-0.0314752,0.0398728)
(-0.0413602,-0.00894102)
(-0.0476003,0.00355952)
(0.0252415,0.0540378)
(-0.0096796,-0.0140418)
(-0.00847179,-0.00971804)
(-0.0571277,0.0260813)
(-0.0344523,-0.00515799)
(0.0163435,-0.0385246)
(0.00767536,0.0112338)
(0.0324266,-0.0147482)
(-0.0227554,0.0617571)
(-0.0479288,0.0221107)
(0.00270188,0.00746514)
(-0.0089773,-0.0524294)
(-0.0325793,0.0769405)
(-0.00282436,0.0535579)
(0.00897936,0.00311827)
(0.00535075,-0.0412217)
(-0.0174315,-0.086779)
(-0.00458572,0.00643989)
(-0.0195306,-0.0396861)
(0.0256397,-0.0237503)
(-0.0250417,0.00708695)
(0.0493069,-0.00354873)
(0.101466,0.0832857)
(0.00376975,0.00732108)
(0.00837774,0.0227731)
(-0.0124647,-0.0147889)
(-0.00402351,0.0306662)
(-0.0113142,0.0147805)
(-0.0116693,-0.0101023)
(-0.0312183,-0.0164887)
(-0.0128526,0.00470381)
(0.000318339,-0.0831314)
(0.000670527,0.0198565)
(0.537731,-0.193212)
(0.00199654,-0.0319951)
(0.0118366,0.0639438)
(0.0204123,0.0317205)
(-0.0187592,-0.00680881)
(-0.00142411,0.0575163)
(0.0115237,0.0393024)
(0.420801,-0.17062)
(0.611995,-0.212105)
(0.435997,-0.130728)
(0.00618471,-0.00660154)
(0.377123,-0.116616)
(0.0138987,0.0143112)
(0.0745364,-0.0236422)
(-0.00747609,0.0264171)
(0.00375711,-0.0105545)
(0.254085,-0.0628031)
(-0.0112703,0.00657874)
(-0.0232967,0.0486729)
(-0.0318816,0.0386215)
(0.137473,-0.0282203)
(0.00458427,-0.000844199)
(-0.0896511,-0.0114876)
(0.419173,-0.0807611)
(-0.00778295,0.0128748)
(-0.0507313,0.0315156)
(-0.039181,0.0427594)
(0.0261157,0.0590077)
(0.0454593,0.00300861)
(0.006364,0.0499583)
(0.0699107,-0.0648055)
(-0.00100068,0.0243212)
(0.0567978,0.0358618)
(0.1771,-0.0558404)
(0.0781664,0.0181331)
(0.00809459,-0.050068)
(-0.0331952,0.0383177)
(-0.0674472,0.0340704)
(0.01204,0.0194133)
(0.0210124,-0.0450433)
(0.00257061,-0.0338868)
(-0.0403243,0.0469082)
(-0.0117779,-0.0045279)
(0.0260743,-0.0142052)
(0.00172444,0.0140526)
(-0.0206502,0.0557626)
(0.0558602,0.0391811)
(0.0147834,0.0434559)
(0.0181536,0.0166256)
(0.00111119,0.0070139)
(0.0529858,-0.00589791)
(0.0194218,-0.0771129)
(0.0126532,0.0150666)
(-0.0334613,-0.0289455)
(0.0424036,0.0719037)
(0.030818,0.0555376)
(0.0165494,-0.107769)
(0.0500663,0.0257349)
(0.0234915,0.0193026)
(0.033058,-0.0703321)
(0.0065175,0.0288954)
(-0.0257502,-0.0305197)
(0.00416059,-0.0200844)
(0.0151413,-0.0180518)
(-0.0227417,-0.0382986)
(-0.0748663,-0.00815828)
(0.0368738,0.0862525)
(-0.00493542,-0.0368107)
(-0.0603767,0.05912)
(-0.0130176,0.0219099)
(0.00517803,0.0358011)
(0.0222096,0.0274339)
(-0.00927197,0.0123957)
(0.00698705,0.0415524)
(0.122384,-0.0739465)
(0.0777992,-0.0352531)
(-0.0556581,-0.0659654)
(-0.0115657,0.0377248)
(-0.0697153,-0.0898112)
(0.00846026,0.0744935)
(-0.0241406,0.0067257)
(0.0648909,0.0403819)
(0.0346278,0.0293019)
(-0.0230678,-0.0346972)
(0.0297864,0.0382132)
(-0.0422426,0.0148568)
(-0.0220192,0.0698873)
(-0.0235735,0.00404957)
(-0.0447757,-0.0135926)
(0.00513312,-0.0619073)
(0.0746582,-0.0172444)
(0.0237943,-0.00666756)
(0.028999,0.0532807)
(-0.0604941,0.0485889)
(-0.0499352,-0.00857699)
(-0.0131118,-0.00821518)
(0.0162285,0.0355382)
(0.0328668,-0.0592241)
(0.358944,-0.121574)
(0.002016,-0.00919639)
(-0.0564907,-0.0342478)
(0.0112,-0.0297793)
(-0.051452,0.0178385)
(0.0164824,-0.0764186)
(0.0276234,-0.0663942)
(-0.0424882,0.0320827)
(0.0290757,-0.0383169)
(0.515871,-0.171719)
(-0.0201492,-0.0461226)
(0.022716,-0.0284579)
(0.0221624,-0.0701561)
(0.452526,-0.145234)
(-0.0264221,-0.0267837)
(0.0118977,-0.0416657)
(0.0132431,4.10378e-05)
(0.00485222,0.0314607)
(0.0388097,0.00156906)
(-0.00547195,-0.00177033)
(-0.0377935,-0.00231801)
(0.320126,-0.0994257)
(0.163419,-0.0922432)
(-0.00214125,0.0137837)
(0.000732996,0.0402902)
(-0.0434034,-0.0364114)
(0.0454892,0.0790947)
(-0.0176078,-0.0516275)
(0.386762,-0.0634469)
(-0.0282209,-0.020396)
(-0.0143049,-0.00301577)
(-0.0150999,0.0220424)
(0.0115217,-0.00830849)
(0.0687603,-0.0242875)
(0.0248965,-0.0125108)
(0.509442,-0.0657061)
(0.0208917,-0.0534417)
(0.548495,-0.121633)
(-0.035913,0.0470567)
(-0.0306261,0.0180376)
(-0.00815959,-0.0047845)
(0.0144468,0.0591901)
(0.441454,-0.127728)
(0.106278,-0.0231647)
(0.229579,-0.0731714)
(0.0523083,0.0112798)
(0.00154434,0.00879247)
(-0.0895608,0.0326692)
(0.265546,-0.0546927)
(0.264048,-0.0458775)
(-0.00748124,0.0278283)
(-0.01848,-0.00794017)
(0.309746,-0.165372)
(-0.0125921,0.00350037)
(-0.0651971,-0.0230304)
(0.264554,-0.124655)
(-0.0413119,0.00668008)
(0.0175267,0.0133568)
(0.366058,-0.0180302)
(-0.0413303,-0.0146962)
(0.175046,-0.0308996)
(0.215531,-0.0867731)
(0.0191276,0.0921729)
(0.27973,-0.0514049)
(0.0246898,-0.0457785)
(0.00513877,-0.0458306)
(0.00697698,0.0292382)
(-0.0334924,0.0177964)
(-0.0157316,0.00639764)
(0.0425795,-0.0316584)
(0.00553559,-0.0195986)
(0.0272735,0.0244535)
(0.00141741,0.0397245)
(0.0346981,0.0318021)
(-0.0192833,-0.0249709)
(0.0333726,0.0604984)
(-0.0616691,0.0561094)
(-0.0389363,-0.0118187)
(-0.0527946,-0.0337165)
(-0.0260784,-0.00955877)
(-0.0127488,0.0379519)
(0.298358,-0.0969247)
(0.0186029,0.0708721)
(0.0682033,0.0533318)
(0.130269,-0.0448701)
(-0.0714704,0.0277663)
(-0.078173,0.0866431)
(0.474008,-0.11592)
(-0.0222286,0.0422313)
(0.486643,-0.159293)
(0.0370476,-0.0405836)
(-0.00272496,0.0137366)
(0.133091,-0.0207873)
(0.0174866,-0.0371561)
(0.00478149,0.010147)
(0.454608,-0.0443115)
(0.00604941,-0.0179753)
(0.048891,0.0263883)
(0.0055658,-0.00113871)
(-0.00512716,0.000262895)
(0.0571507,-0.0178867)
(0.0580905,-0.0419311)
(0.0483493,-0.0340116)
(0.0841282,-0.0122663)
(-0.0709151,-0.0411677)
(0.177741,-0.121655)
(0.00408118,0.045083)
(0.248648,-0.135665)
(-0.0406903,-0.0464992)
(-0.0315127,-2.96872e-05)
(0.462103,-0.0689992)
(-0.0594152,0.0604282)
(-0.000500781,0.0456033)
(-0.0321608,0.00218448)
(0.384952,-0.0436943)
(0.00257698,0.00138801)
(-0.0365877,-0.0165617)
(0.062599,0.0448491)
(-0.0113084,0.0170786)
(0.0460846,-0.011597)
(0.0181676,-0.00806831)
(-0.0968749,0.0193508)
(-0.0175085,0.00239003)
(-0.0428226,0.0341215)
(0.0480686,-0.0354775)
(-0.0740084,0.00968906)
(0.0220627,0.0317378)
(0.0787529,0.00657876)
(0.0634981,0.00962985)
(0.0262204,-0.0401114)
(-0.0168137,-0.0138934)
(0.0157987,-0.0588734)
(-0.0348663,0.00296873)
(0.0105497,-0.00216673)
(-0.00116997,0.03609)
(0.0524911,0.0232143)
(0.050705,-0.00628655)
(0.037534,0.0627275)
(0.0466407,0.024648)
(-0.0175482,0.0229857)
(-0.00990912,-0.0480853)
(-0.0408988,-0.0876808)
(-0.00885926,-0.0882464)
(-0.0729556,-0.0274705)
(0.00860392,-0.0295761)
(0.00433104,-0.02109)
(0.00256945,0.00499271)
(0.485605,-0.0620744)
(-0.0488353,0.0142977)
(0.024609,-0.00582342)
(-0.0128849,-0.00122437)
(0.418876,-0.00751238)
(0.039356,0.0283288)
(0.0288928,-0.0253223)
(-0.0336879,-0.040398)
(-0.00632018,-0.0180571)
(0.0364774,-0.021168)
(-0.000650412,-0.050355)
(-0.0101937,0.0392111)
(0.412198,-0.0680932)
(0.0157041,0.0163458)
(-0.0452904,-0.002803)
(0.697114,-0.0786096)
(0.00663086,-0.044955)
(-0.0136038,-0.0056596)
(0.038356,-0.0254779)
(0.499225,-0.00325795)
(0.0672285,0.0250381)
(-0.0138555,-0.0372585)
(0.0298486,-0.0337745)
(-0.117044,-0.00640573)
(-0.0126754,-0.0100979)
(-0.0382997,-0.0495377)
(0.0134773,-0.0483597)
(0.00511191,0.0269459)
(-0.00958087,-0.016001)
(-0.0400681,-0.0422011)
(0.00967706,-0.0254683)
(0.439229,-0.0714552)
(0.049658,0.0195725)
(0.00452853,-0.0102193)
(0.0197664,-0.036275)
(-0.0261834,-0.00191973)
(-0.00510166,-0.0552377)
(-0.0260249,0.0706547)
(-0.00167641,-0.0288134)
(0.0110861,-0.0130605)
(-0.0032962,-0.0530312)
(-0.0147797,0.0326891)
(0.0163098,0.0917778)
(0.463135,-0.0020676)
(-0.0127858,-0.00107922)
(-0.00198206,-0.00793936)
(-0.0294014,0.0631556)
(0.0631804,-0.025711)
(-0.051744,0.0741443)
(0.0251845,-0.0230863)
(0.157458,-0.158677)
(0.191807,-0.102714)
(0.141307,-0.115989)
(0.00984912,0.0158593)
(-0.00201323,0.0547607)
(0.659692,-0.125429)
(0.392209,-0.0965936)
(-0.0512093,0.00674385)
(0.422033,-0.0862508)
(0.471168,-0.0758151)
(0.191344,-0.112353)
(0.0503951,0.0095655)
(0.0296934,0.00694359)
(0.0740103,0.0453882)
(0.157402,-0.00728919)
(0.0177741,0.052185)
(0.0235246,0.027536)
(-0.0244578,-0.0437895)
(0.0812766,0.00925738)
(-0.0540343,0.0134401)
(-0.0462186,0.00321593)
(0.0589423,0.00907875)
(0.534929,-0.138112)
(-0.0210588,0.0371203)
(0.00449632,0.0335141)
(-0.0300311,0.0234997)
(0.598387,-0.146583)
(-0.0021973,0.0532737)
(-0.0183287,-0.00706288)
(0.593407,-0.149623)
(0.551082,-0.0601229)
(-0.0489636,0.00979035)
(0.342234,-0.12456)
(-0.015434,0.0313852)
(-0.012425,0.0533701)
(0.477313,-0.0641662)
(0.251332,-0.0907316)
(0.452882,-0.0913501)
(0.457937,-0.0982232)
(0.00929797,-0.0118631)
(0.715506,-0.0969873)
(-0.0315365,0.013979)
(0.0385026,0.0762749)
(0.0878913,-0.0375422)
(0.166196,-0.0673686)
(-0.0246361,0.0403343)
(0.0629079,-0.0582614)
(-0.00116814,-0.031607)
(0.00605079,-0.00194513)
(0.0263427,-0.0273879)
(-0.00468516,0.0144954)
(0.0683459,-0.00315316)
(0.0151553,0.0285215)
(0.0872584,0.00745327)
(0.146921,-0.0673281)
(-0.0291815,-0.0161854)
(-0.00586308,-0.0529998)
(-0.00477146,0.0394781)
(-0.00429161,0.0357381)
(-0.0195824,0.0267515)
(0.447961,-0.0607737)
(-0.0381369,0.0510971)
(0.0212385,-0.0124913)
(-0.00925357,-0.023473)
(-0.0255886,0.0185649)
(0.0364667,-0.0141829)
(0.00987011,0.00715049)
(-0.0303803,-0.0477947)
(-0.0524103,0.0125409)
(0.524034,-0.100654)
(-0.00812349,0.00532069)
(0.365096,-0.0761403)
(0.0474817,0.0237513)
(0.102257,0.0417504)
(-0.0127809,-0.00670857)
(0.0509444,-0.00839796)
(-0.0208892,1.42876e-05)
(0.0161909,-0.0670263)
(0.0199326,-0.0132723)
(0.0188576,-0.0348417)
(-0.00647547,0.00437782)
(0.0251092,-0.0212326)
(0.0604745,0.00865139)
(0.0419919,0.0360209)
(0.444879,-0.137005)
(0.322976,-0.0577892)
(-0.0171032,0.00391959)
(0.034289,-0.039611)
(0.0304513,0.00118921)
(0.0774716,-0.0497109)
(0.441431,-0.0687454)
(-0.0105534,0.0036481)
(0.0358198,-0.00240122)
(0.0559398,0.0100034)
(0.0461717,-0.0179817)
(0.3501,-0.131442)
(-0.0217102,0.011748)
(-0.0430395,0.00758179)
(-0.0337845,0.0143516)
(-0.0196349,0.0199406)
(0.471979,-0.0916481)
(0.0150773,-0.00654948)
(-0.0396002,0.000295055)
(-0.010367,0.0431341)
(0.00160854,-0.00955496)
(-0.0237525,0.00178552)
(0.476826,-0.0956818)
(0.395784,-0.175386)
(0.705082,-0.0540344)
(0.0262838,-0.063089)
(-0.000598163,0.0170115)
(0.47678,-0.0901504)
(0.0170092,-0.0133857)
(0.0794587,-0.0535343)
(0.283473,-0.114385)
(-0.0099892,0.0128617)
(-0.0547267,0.0343715)
(-0.0281201,-0.00168695)
(0.0072631,0.0375741)
(0.00175283,0.0158447)
(0.169863,-0.0776469)
(0.184526,-0.141115)
(0.26765,-0.16383)
(0.292173,-0.066246)
(0.70343,-0.117049)
(-0.0349209,-0.0309974)
(-0.0586328,-0.0147756)
(-0.0314464,0.0201486)
(0.203565,0.00334777)
(0.488991,-0.0579257)
(0.503389,-0.0664339)
(0.0134442,0.0177713)
(-0.0368848,-0.0388119)
(-0.033441,-0.00152149)
(0.659868,-0.209611)
(0.0151556,0.0240768)
(0.0604461,0.0210547)
(-0.0502623,-0.00824371)
(0.489875,-0.103663)
(0.031871,0.0352275)
(-0.0358744,0.0274752)
(0.641815,-0.177414)
(0.548653,-0.176676)
(-0.0227352,-0.0109388)
(-0.0188458,-0.0406416)
(-0.0302476,-0.0490644)
(-0.0499373,-0.0223404)
(0.0453646,0.0244431)
(0.0204608,-0.0194019)
(0.043434,0.0486336)
(0.447818,-0.119598)
(0.65167,-0.0318586)
(0.59316,-0.0941701)
(0.502573,-0.052564)
(0.510625,-0.0764348)
(0.179987,-0.106722)
(0.264028,-0.051474)
(0.204537,-0.0927838)
(0.178626,-0.0476582)
(-0.0710296,-0.0494547)
(0.00844136,-0.0675331)
(0.306044,-0.0846603)
(0.574711,-0.158153)
(0.560589,-0.131616)
(0.440986,-0.107032)
(0.504472,-0.201573)
(0.00372534,0.0226547)
(0.504725,-0.0544368)
(-0.031106,0.0454578)
(0.0039951,-0.0397403)
(-0.0243993,-0.0408006)
(0.0144313,0.0283407)
(-0.0805692,0.00830438)
(-0.0129469,-0.0839716)
(0.0183593,-0.00669389)
(-0.0170154,-0.0358757)
(0.0350828,0.0695772)
(0.449174,-0.0799903)
(-0.0511098,-0.0396528)
(0.476068,-0.149033)
(0.436045,-0.0289959)
(0.454913,-0.0985015)
(-0.045887,-0.0158662)
(0.0326416,0.0316017)
(0.0250935,0.00453701)
(0.592129,-0.0498938)
(0.00111432,-0.0166557)
(0.0365559,0.00268858)
(0.317449,-0.105603)
(0.249086,-0.14031)
(0.485933,-0.0851958)
(0.332727,-0.0264161)
(0.578235,-0.245648)
(0.498014,0.0444886)
(-0.000388993,-0.0540367)
(-0.0270993,-0.0545695)
(0.0105396,0.000351497)
(0.0315117,0.0586201)
(0.000745566,0.0479024)
(-0.0277028,-0.0217137)
(-0.00658902,-0.0136032)
(0.292815,-0.116742)
(0.264019,-0.0422582)
(-0.0311607,0.00237394)
(0.219892,-0.0358089)
(-0.00306384,-0.0198096)
(0.449229,-0.148867)
(0.627397,-0.0588126)
(-0.0605446,0.0379657)
(-0.00489089,0.0672502)
(0.0333801,0.0121162)
(0.0647836,-0.000334861)
(0.417873,-0.200553)
(0.0106041,-0.0347237)
(0.123409,-0.0612876)
(-0.0508802,0.0827441)
(0.213303,-0.147978)
(-0.000907986,0.0795914)
(0.327408,-0.131535)
(-0.0205526,0.0680951)
(0.0459317,0.00750095)
(0.0485513,0.0234946)
(0.0287349,-0.0070653)
(0.546645,-0.0328906)
(-0.00386157,0.00535842)
(0.518776,-0.0806337)
(0.491838,-0.0629836)
(-0.005631,-0.0379271)
(0.539192,-0.0497752)
(0.563232,-0.0202539)
(0.541353,-0.0220478)
(0.0450755,0.0149719)
(0.442789,-0.113654)
(-0.0353069,0.0759699)
(-0.0501297,0.0583586)
(-0.0530328,0.0686174)
(-0.0357269,-0.03319)
(0.000247864,0.067743)
(-0.00982295,-0.0278926)
(-0.0593963,0.0454664)
(0.675674,-0.0224962)
(-0.0379043,0.0267507)
(0.108456,0.00368849)
(0.400611,-0.0897255)
(0.442033,-0.0831018)
(-0.0101648,0.00621287)
(0.113081,-0.035007)
(-0.0226591,-0.00150683)
(0.431121,-0.168742)
(-0.0584462,0.018199)
(0.460931,-0.222672)
(0.332745,-0.118548)
(-0.0650112,-0.00702183)
(-0.00642866,-0.00987323)
(0.551832,-0.0575632)
(-0.0603321,-0.00978019)
(-0.0121195,-0.0263866)
(-0.0331835,0.0490255)
(0.399309,-0.101654)
(0.43002,-0.0938828)
(0.233383,-0.108801)
(0.442352,-0.113112)
(0.424958,-0.0683298)
(0.0884618,-0.0583418)
(0.444959,-0.0672241)
(0.553523,-0.0164251)
(0.0235179,-0.110016)
(0.488748,-0.0379054)
(0.0587271,-0.00451859)
(0.468992,-0.0713636)
(0.0504644,-0.0306697)
(-0.0143379,0.0726736)
(-0.0414826,-0.00767387)
(0.0469397,0.00115974)
(0.0230905,0.0618081)
(0.068249,0.047182)
(-0.0110345,0.0774302)
(0.0231104,0.0394479)
(0.139363,-0.0917225)
(-0.0241305,-0.00772516)
(-0.00643718,-0.0787931)
(0.0277113,0.0381437)
(0.015436,-0.0224002)
(0.00233676,0.00100244)
(0.0578766,-0.00982082)
(-0.00273551,0.0830658)
(0.249553,-0.0668768)
(-0.0110723,0.0583638)
(0.037589,0.0119165)
(0.495721,-0.130572)
(0.321071,-0.150797)
(-0.0343547,0.0223775)
(0.0543533,0.123123)
(-0.00620098,0.114649)
(0.0985334,0.0338948)
(-0.0361138,-0.0146108)
(0.049826,-0.0537379)
(0.144983,-0.0989598)
(0.562414,-0.126201)
(0.564652,-0.128797)
(0.0447981,0.0639882)
(0.0687779,0.00200581)
(0.552894,-0.17971)
(0.00101521,0.0469148)
(0.0550392,0.00983044)
(0.0594035,-0.0291579)
(0.5027,-0.0591337)
(0.0743353,-0.0536112)
(0.255902,-0.171846)
(0.00912779,0.0201638)
(0.1441,-0.0966643)
(0.171786,-0.0965204)
(0.291777,-0.0565152)
(0.401556,-0.109061)
(0.0752973,0.0147282)
(-0.0367873,0.0724998)
(0.342595,-0.0853517)
(-0.039067,0.064667)
(0.0172236,-0.0103298)
(0.00630496,-0.0221103)
(0.550416,-0.158952)
(-0.00794237,-0.0219874)
(0.522174,-0.118933)
(0.0390488,-0.0110567)
(0.0267173,0.0404264)
(-0.0233892,-0.0161354)
(-0.00662963,0.0232019)
(-0.0263639,0.0312599)
(0.0146442,0.0133401)
(0.0443679,0.00995636)
(-0.0260022,0.0108965)
(-0.0296725,0.0489273)
(0.49167,-0.183933)
(-0.0231964,-0.0200967)
(0.0300212,0.0375167)
(0.483086,-0.132547)
(0.0615469,0.0224822)
(0.00573783,0.0870559)
(-0.0107468,0.0539124)
(0.00542458,0.0821308)
(-0.0460584,0.0489644)
(0.143607,-0.0985173)
(0.00296554,0.0644949)
(-0.049266,-0.0490879)
(-0.0201587,-0.061214)
(0.0384106,-0.00534151)
(-0.0498223,-0.035287)
(0.47563,-0.0692736)
(-0.0198366,0.0803225)
(0.638335,-0.185103)
(0.365061,-0.112647)
(0.500918,-0.0473099)
(-0.0654899,0.0103473)
(0.354386,-0.065489)
(0.39719,-0.182839)
(0.391461,-0.0928371)
(-0.057203,0.051434)
(-0.00560022,0.0152643)
(-0.0666134,0.058174)
(0.0020593,-0.0304906)
(0.574576,-0.163657)
(0.604418,-0.108682)
(-0.0111063,-0.0520686)
(-0.0386678,0.0285772)
(0.0319095,0.0107599)
(0.0321775,-0.0206763)
(0.346073,-0.10988)
(0.110447,-0.018952)
(0.0623941,-0.0109773)
(0.0715031,0.0153585)
(0.10236,-0.0341461)
(0.39037,-0.114105)
(-0.0491072,-0.0776424)
(0.482054,-0.075347)
(0.0186193,0.0346909)
(0.0739122,0.0628427)
(0.089064,0.0442778)
(0.63044,-0.132776)
(0.00426524,0.0657453)
(0.382443,-0.100014)
(0.524248,-0.139959)
(-0.032503,0.0133341)
(0.0368723,0.00502695)
(0.0616673,-0.0579905)
(0.0036993,0.0136064)
(-0.078583,0.0294695)
(0.0326569,-0.0655253)
(0.35511,-0.158065)
(0.261671,-0.187992)
(0.0299779,-0.0377066)
(0.0118438,-0.00916682)
(-0.0196579,0.0220084)
(-0.0097727,0.0711915)
(0.00238046,-0.00953585)
(0.0127792,-0.0294218)
(0.395413,-0.0887267)
(0.53037,-0.080287)
(0.618536,-0.0664951)
(-0.0317926,-0.0363306)
(0.394401,-0.105283)
(-0.0352973,0.0296759)
(0.0297436,0.0445251)
(0.0250126,0.0218537)
(0.00438322,0.0903065)
(0.0028217,0.0335551)
(0.0360513,-0.0510289)
(0.26676,-0.0871853)
(0.499299,-0.116183)
(0.548876,-0.16562)
(0.0656069,-0.0501787)
(0.508927,-0.204853)
(0.0155287,-0.0720523)
(0.390103,-0.16972)
(0.458979,-0.091932)
(0.00983718,-0.0654049)
(0.417526,-0.159106)
(0.446578,-0.135824)
(0.469415,-0.190523)
(0.408155,-0.157762)
(0.540685,-0.143099)
(0.100293,-0.0267427)
(0.211589,-0.104632)
(0.197764,-0.0396867)
(0.447288,-0.095978)
(0.0352397,-0.0666982)
(0.557597,-0.110906)
(0.384718,-0.0625231)
(0.00120196,-0.00125224)
(-0.0749521,0.0154039)
(-0.0647613,0.0659635)
(-0.0320156,-0.0310809)
(0.435676,-0.13394)
(-0.0145977,-0.00293462)
(0.441916,-0.156133)
(0.0126382,-0.0166302)
(0.270109,-0.0490605)
(-0.0148172,-0.0452416)
(-0.0242923,-0.0506843)
(0.416897,-0.0964068)
(0.0365746,0.0446061)
(0.0879972,-0.0707535)
(0.509259,-0.189111)
(0.0232066,-0.0515691)
(0.0189068,-0.0666379)
(-0.00654243,-0.00686866)
(-0.0279908,-0.0374589)
(0.00561519,-0.00532312)
(-0.019238,0.0309426)
(0.472393,-0.189697)
(0.579906,-0.202101)
(0.337723,-0.136857)
(-0.0593336,-0.0840826)
(0.0759125,0.0835244)
(0.377698,-0.182955)
(0.0420295,0.106412)
(0.00334716,-0.0274142)
(0.0310235,-0.0200616)
(-0.00956692,-0.0120264)
(0.386296,-0.16834)
(0.436067,-0.0930329)
(0.492608,-0.0995925)
(0.415208,-0.0560786)
(0.301057,-0.0688584)
(-0.0440492,0.0052579)
(0.421491,-0.066582)
(0.303299,-0.122495)
(-0.0225728,-0.0386413)
(0.309927,-0.10888)
(0.479253,-0.141056)
(0.0131128,-0.0644292)
(-0.0241743,0.0394211)
(0.551784,-0.176207)
(-0.00621432,0.00399154)
(-0.0178712,-0.0358324)
(0.419002,-0.15822)
(0.0874156,-0.020277)
(-0.0157001,-0.0427036)
(0.0739329,0.0230509)
(0.0625466,-0.0322469)
(0.547919,-0.114584)
(0.00364794,9.20273e-05)
(-0.0197528,0.0537467)
(-0.0125019,0.00843641)
(0.402328,-0.0532803)
(-0.0247088,0.0185525)
(0.0216045,0.0152835)
(-0.0273036,0.0479828)
(0.095359,-0.0476402)
(-0.0339424,-0.0785065)
(0.0290689,0.018435)
(0.0996726,-0.00072135)
(0.104315,-0.0240392)
(0.0125602,0.028487)
(0.0597109,0.047519)
(0.0923488,0.0214033)
(0.44521,-0.122238)
(-0.0141108,0.0310229)
(0.478421,-0.0685527)
(0.0108024,-0.00964455)
(-0.0073544,-0.051118)
(0.16824,-0.11349)
(0.53915,-0.124917)
(0.320408,-0.120032)
(-0.0462635,0.0143295)
(0.0132815,0.0003983)
(0.0271668,0.00940079)
(0.0236442,0.00159626)
(0.0144611,-0.0185084)
(-0.00711712,-0.00185079)
(-0.033509,0.0060466)
(0.00742054,0.00533577)
(-0.0772906,0.0365814)
(0.0350024,0.064652)
(-0.0259533,-0.000640057)
(0.522041,-0.0519286)
(0.00895517,0.0471224)
(0.0588264,-0.0112694)
(0.0178931,0.0168368)
(0.0394048,0.0114327)
(0.187187,-0.0665564)
(0.138993,-0.0851584)
(-0.0261026,0.0466046)
(0.124533,-0.124697)
(0.59371,-0.109554)
(-0.0153905,-0.0586404)
(0.459907,-0.0771392)
(-0.000780461,-0.0860826)
(0.0106905,0.0302711)
(0.0987741,-0.0199288)
(0.0553442,-0.0347532)
(0.0908763,-0.00987579)
(-0.0248192,0.0220972)
(-0.000921549,0.00724715)
(-0.0462237,-0.0125435)
(0.0140192,0.0585174)
(0.00832741,0.00505191)
(0.386333,-0.110796)
(0.412134,-0.117835)
(0.0361205,0.00432004)
(0.241135,-0.012963)
(0.231702,-0.0347526)
(0.517764,-0.122328)
(-0.0128147,-0.0176696)
(0.113415,-0.0322894)
(0.462721,-0.151402)
(0.156214,-0.0117874)
(0.111964,-0.0604713)
(-0.0253565,-0.0680447)
(-0.000915263,-0.0923596)
(0.0943256,-0.0248284)
(-0.0269904,-0.0538238)
(0.457455,-0.0915898)
(0.41908,-0.155402)
(0.0337193,-0.0198704)
(0.0625758,-0.0140782)
(0.164042,-0.106061)
(0.0590394,-0.0572002)
(0.129202,-0.0694191)
(0.023438,0.0174057)
