1620
(-0.0235331,-0.128745)
(-0.020113,0.0409831)
(0.0542319,0.0608076)
(0.0148999,-0.149299)
(-0.00830499,-0.026285)
(-0.0323033,0.0452934)
(0.0426873,0.061627)
(-0.0173023,-0.0132669)
(0.00129716,0.0206148)
(-0.00367079,0.035278)
(-0.0511554,0.0354381)
(-0.00128588,0.0158901)
(0.020863,-0.0392366)
(-0.018766,0.00112304)
(-0.00476194,0.0523525)
(-0.0318591,0.0270628)
(-0.0227942,-0.0847782)
(0.0123233,0.032474)
(0.0166622,0.020349)
(-0.01328,0.00738503)
(-0.0221525,-0.0171938)
(0.00556939,0.0204613)
(-0.0619703,0.0132368)
(-0.0282848,-0.0521768)
(0.00576804,0.035778)
(0.0299161,0.0130793)
(-0.0292556,0.0092178)
(0.0761941,-0.0720891)
(-0.0290695,-0.00886996)
(0.0606537,-0.0153463)
(0.0393432,0.0732998)
(0.042211,-0.017521)
(0.00349135,0.0467941)
(-0.0959243,0.0374519)
(0.0582626,0.0285348)
(0.0124795,0.0646592)
(0.0658615,-0.0119449)
(-0.0105347,0.0323629)
(-0.0437369,0.0034571)
(0.0399365,0.00446113)
(0.0366804,-0.0799879)
(0.0781277,0.0130413)
(0.05931,0.0238607)
(0.128551,0.00316585)
(-0.0350615,0.0653708)
(0.13059,-0.018747)
(0.0956763,-0.0253476)
(-0.0202946,-0.00357079)
(0.053033,-0.0585534)
(-0.0139989,-0.0256978)
(0.0428363,0.00524252)
(0.093075,-0.0254715)
(0.0132756,0.0146898)
(0.0196101,-0.00299579)
(-0.00649888,0.0269501)
(-0.023282,0.0266182)
(0.0485161,0.0281244)
(0.0478924,0.0664054)
(-0.0149217,-0.048173)
(0.0518689,-0.0333106)
(-0.0381726,-0.0188762)
(0.170342,-0.0686069)
(-0.014894,0.00151368)
(0.393675,-0.0838169)
(-0.0229509,-0.00405978)
(-0.0125715,0.0358415)
(-0.00273152,-0.0056142)
(0.0248271,0.0153878)
(0.0163725,0.140511)
(-0.040282,-0.0677944)
(0.0100612,0.0536884)
(0.00795597,0.0481633)
(-0.0270601,0.0710771)
(-0.0434533,0.0290497)
(0.00351163,-0.0145922)
(-0.088782,0.0649283)
(0.012059,-0.038822)
(0.00671604,-0.0506347)
(-0.0196126,0.00896436)
(0.0781189,-0.0394088)
(-0.0149896,-0.066739)
(0.00462469,0.00946326)
(0.0251625,-0.067014)
(0.0274781,-0.0195724)
(0.0396617,0.0225111)
(0.0214841,0.0244919)
(-0.034351,-0.0411812)
(-0.0379149,0.0143947)
(0.0808203,0.0231583)
(0.0320867,-0.0146395)
(-0.111569,-0.0182502)
(-0.020564,0.0229313)
(0.457268,-0.0682176)
(0.0122242,0.104842)
(-0.0200408,0.0663093)
(0.57308,-0.0128237)
(-0.0578324,0.060331)
(0.442349,-0.141351)
(-0.0102217,-0.0980487)
(-0.0463728,-0.0872847)
(0.0594743,0.0109729)
(-0.074091,-0.0136401)
(0.0452512,-0.0796373)
(-0.00480579,-0.0397857)
(-0.0232895,-0.115179)
(0.442632,-0.0947038)
(0.0273034,0.0687253)
(-0.0722741,-0.00984489)
(0.0116331,0.0200908)
(0.0403129,0.062953)
(0.00519132,0.0300108)
(0.70516,-0.138253)
(0.366269,-0.038631)
(-0.00932806,-0.0133921)
(0.47798,-0.0473149)
(0.0179162,0.10481)
(0.00104218,0.07958)
(0.636947,-0.0908506)
(0.00515823,0.0170272)
(0.48027,-0.0643828)
(0.433592,-0.0647311)
(0.0229008,0.0448634)
(0.388392,-0.071895)
(0.281293,-0.117253)
(0.279505,-0.0785366)
(0.00531788,-0.0264981)
(0.0498969,-0.0265494)
(0.00128928,0.0444641)
(0.354605,-0.129901)
(0.0814694,0.0545772)
(0.115729,0.0829134)
(0.0120729,-0.00893418)
(-0.00422599,-0.0490523)
(0.00088254,0.0234689)
(0.000474729,0.0170231)
(0.0198797,0.0236973)
(-0.0525386,0.007355)
(0.00416298,0.0306598)
(0.383692,-0.0907085)
(0.024576,-0.0119251)
(0.0121198,0.0478982)
(-0.0150926,0.0560349)
(0.019349,-0.0163027)
(0.0467818,-0.0681646)
(0.0898263,-0.0856439)
(0.0254935,-0.0957008)
(0.0125481,-0.000392263)
(0.427638,-0.085353)
(0.483599,-0.10713)
(-0.0591232,0.00239728)
(0.482612,-0.146214)
(0.197036,-0.0663582)
(0.543936,-0.0327569)
(0.469902,-0.11)
(0.472738,-0.0771553)
(-0.0404301,0.0192162)
(0.0756398,0.0467774)
(0.416544,-0.154353)
(0.373733,-0.0138461)
(-0.0170167,0.00621668)
(-0.0302906,0.035727)
(0.00219849,0.0345299)
(0.0123824,0.0394443)
(-0.0382565,-0.0179881)
(-0.010539,0.0279978)
(-0.0463709,-0.0329712)
(0.016919,-0.0434203)
(-0.0107098,-0.0509599)
(0.0384256,0.0293909)
(-0.018804,0.0845623)
(0.0413296,-0.0147574)
(0.0560477,0.00124294)
(0.41984,-0.169389)
(0.384621,-0.12268)
(0.568974,-0.124908)
(0.499289,-0.0735189)
(0.0653796,-0.0925816)
(0.149608,-0.0222737)
(-0.088513,-0.0648159)
(-0.115308,0.0574065)
(-0.0557581,-0.0569883)
(0.0381909,0.0510799)
(0.0124743,0.0139568)
(0.0135736,0.0408828)
(0.0147739,0.0280644)
(0.00169915,0.0363525)
(0.0385756,0.0180854)
(0.0618843,-0.099507)
(0.00294109,-0.0255752)
(0.412759,-0.150966)
(0.479691,-0.07692)
(0.375365,-0.0875731)
(0.582063,-0.11799)
(-0.0440552,-0.0470153)
(-0.043929,-0.0396298)
(0.049052,0.0540175)
(0.0465139,0.0353062)
(-0.0365744,0.0473088)
(-0.0510298,-0.0579875)
(-0.00797344,0.0103886)
(0.0241618,-0.120562)
(0.0816678,-0.0944273)
(-0.0443895,-0.0453956)
(-0.0637121,-0.0197118)
(-0.0124338,-0.01472)
(-0.0500865,0.026391)
(0.468496,-0.0962892)
(0.482829,-0.0331068)
(-0.0926661,0.0201624)
(0.381537,-0.0984355)
(-0.0370695,-0.0112982)
(0.413517,-0.0868936)
(0.40853,-0.0900682)
(-0.08459,0.0171179)
(-0.0625845,0.0373702)
(0.0915261,0.0765484)
(0.0828006,0.00624557)
(0.452373,-0.114268)
(0.571305,-0.141223)
(-0.0175482,-0.0457145)
(-0.00149849,-0.0121144)
(-0.0371246,0.01092)
(0.044776,0.073119)
(0.708771,-0.172834)
(-0.0527991,-0.0535226)
(-0.0751864,-0.0744398)
(0.416262,-0.161384)
(-0.0358311,0.0627817)
(-0.0157107,0.0340236)
(-0.0737635,-0.035319)
(-0.0189426,0.0123657)
(0.485379,-0.130141)
(0.469644,-0.179707)
(0.54611,-0.0526921)
(0.488215,-0.0584133)
(-0.0476408,0.0310313)
(-0.018729,-0.045977)
(-0.0102568,-0.0240064)
(0.184817,-0.0647088)
(0.00228973,0.0262372)
(0.0693833,-0.0104045)
(-0.0083499,-0.0471144)
(-0.0127186,0.0704453)
(-0.0192932,0.0737389)
(-0.0114586,-0.0572349)
(-0.0360926,0.0190333)
(0.0774954,-0.000819021)
(-0.00467593,-0.0394786)
(0.0323769,0.00745781)
(-0.0417986,0.0289516)
(-0.0451755,-0.0302354)
(-0.02904,0.018631)
(-0.0553021,-0.0238694)
(-0.050791,-0.0449698)
(-0.0387718,0.0215686)
(0.0355328,-0.0537911)
(0.0533752,-0.0127863)
(0.00902528,-0.007419)
(0.0380764,0.00189436)
(-0.0245846,-0.0947829)
(0.0639866,-0.108619)
(-0.0249526,0.0125897)
(0.00818377,0.00831378)
(-0.0448319,-0.0253218)
(0.52314,-0.0725426)
(-0.0497968,-0.0603732)
(-0.0822998,-0.100293)
(-0.0185518,-0.0236174)
(0.021089,-0.00848852)
(0.0531893,0.0299134)
(-0.0154198,0.0181764)
(0.0211447,-0.00670648)
(-0.067772,-0.0196003)
(-0.0497233,0.0514655)
(0.0106424,0.00497221)
(0.496337,0.00530735)
(-0.00303829,0.0607472)
(-0.0400117,-0.013577)
(0.0599841,0.0651331)
(0.0156506,-0.0083855)
(0.0276292,0.0299515)
(0.0374418,0.0591782)
(0.013738,-0.0395312)
(-0.00722322,-0.0636792)
(0.109793,0.0553352)
(0.0419328,0.0250433)
(0.0233394,0.00785816)
(-0.0692638,0.0022102)
(0.0556982,0.0172479)
(0.104713,0.0255946)
(-0.00635582,0.0580371)
(0.0132054,-0.036075)
(-0.0770567,0.0126993)
(-0.0503034,-0.0153654)
(-0.0336419,0.00694843)
(-0.0498774,0.0372096)
(0.0523904,-0.0449365)
(-0.00107997,0.0256279)
(-0.0562535,-0.0268415)
(-0.052177,0.00311476)
(0.00916587,0.0377885)
(-0.0960895,0.0214334)
(-0.0368593,-0.0203418)
(-0.0349029,-0.000538531)
(-0.0406463,0.00620878)
(0.0103569,-0.0419142)
(0.063852,0.0295477)
(0.373514,-0.128938)
(0.00229761,0.0117228)
(-0.00804548,0.0218198)
(-0.0392338,-0.0255885)
(-0.070204,-0.0572818)
(-0.116995,-0.0734668)
(-0.0629057,-0.0343772)
(-0.0425024,-0.0428392)
(-0.0661208,-0.0189322)
(0.0304982,-0.0838266)
(-0.0555078,-0.087266)
(-0.0587671,-0.0338373)
(0.441517,-0.210394)
(-0.00841548,-0.026354)
(-0.0278978,0.0220788)
(0.0140838,-0.019812)
(0.00101449,-0.0251711)
(-0.0231131,-0.0144658)
(-0.000780868,0.0211878)
(0.0830867,-0.0683703)
(0.00721366,-0.00275698)
(0.00931975,0.0592369)
(-0.0297245,-0.0503676)
(0.0340381,-0.00688354)
(-0.0175518,-0.017724)
(-0.0476351,-0.0141197)
(0.0429522,-0.039768)
(-0.022241,-0.0782048)
(0.470787,0.0119572)
(0.0343052,-0.0336164)
(0.068433,0.0583852)
(-0.0964518,-0.0675095)
(0.0529476,-0.0350441)
(0.0303323,-0.0444418)
(-0.0570559,-0.0650924)
(0.0742372,0.0484678)
(-0.0166327,0.0050542)
(-0.0173769,-0.00997893)
(0.0435002,0.0514223)
(0.0404485,0.0425273)
(0.00949739,0.10797)
(-0.0125089,0.00855311)
(0.149626,-0.0213767)
(0.39131,-0.101476)
(0.451661,-0.108165)
(0.0940553,-0.0452567)
(-0.00075681,0.0159437)
(0.414188,-0.118087)
(-0.0857533,0.101979)
(0.057454,-0.0376659)
(-0.0301938,0.00152363)
(-0.04818,-0.00954584)
(-0.0054549,-0.00492416)
(0.259861,-0.10957)
(0.119009,-0.0644802)
(0.0286693,0.0419204)
(-0.0277835,0.0101932)
(-0.031175,0.00909618)
(0.0245132,0.0271782)
(0.454813,-0.176798)
(-0.0432664,-0.0580133)
(-0.0404902,-0.0017646)
(-0.0067839,0.0213487)
(-0.00618487,0.0687552)
(-0.00620053,-0.0509301)
(-0.0183821,-0.0268058)
(-0.00645678,0.0769375)
(0.460635,-0.11124)
(0.412701,-0.0738114)
(0.0272961,-0.0327592)
(0.0137086,-0.0822055)
(0.0230376,0.0422004)
(0.069576,0.0368704)
(-0.0127821,0.034048)
(0.143936,-0.027136)
(0.358576,-0.102034)
(-0.0452367,-0.0197152)
(0.0335219,-0.0591552)
(-0.0259286,0.0166239)
(0.0558959,0.0114489)
(0.0369991,0.0957378)
(0.0146806,0.0243627)
(0.0290729,-0.0385305)
(-0.00213403,-0.0838712)
(0.0414729,0.0173655)
(0.00943945,-0.0192282)
(-0.0398518,-0.0615158)
(0.0411153,0.0892136)
(0.0709924,0.0526702)
(-0.0731869,-0.0230981)
(-0.016799,-0.0857373)
(0.0286191,0.0473723)
(0.0495359,0.0111967)
(0.0446052,0.00855758)
(-0.0700904,0.029931)
(-0.00771837,0.0477095)
(0.552212,-0.134029)
(-0.0486419,0.0123186)
(0.00414044,0.0196224)
(-0.096831,-0.0941273)
(-0.113352,-0.0804758)
(-0.00506427,0.0179806)
(0.0196406,-0.0109581)
(-0.0548386,-0.0370077)
(0.0347987,-0.0236051)
(0.00794,0.0961979)
(0.032338,-0.0210473)
(0.44777,-0.124351)
(0.0203378,0.102338)
(0.00728495,0.031957)
(-0.0331005,0.0165239)
(0.0295813,0.00877266)
(0.033266,0.0199656)
(-0.0296634,-0.0482068)
(0.0318113,-0.0238154)
(0.062235,-0.0448294)
(-0.0360354,-0.109493)
(-0.0091191,0.0250797)
(-0.0469361,0.017427)
(0.41765,-0.102139)
(-0.0604723,-0.0272968)
(0.00497064,0.0262249)
(0.0285259,0.0496838)
(-0.0602655,-0.0631591)
(-0.0587708,-0.0195749)
(0.028488,-0.00103056)
(0.0617809,0.0474927)
(0.0777942,0.037297)
(0.0609926,0.0307287)
(-0.0213701,-0.0612765)
(0.0443926,0.012234)
(-0.072852,-0.0508044)
(-0.026247,-0.0731649)
(-0.00291601,0.000654034)
(-0.0250669,-0.026134)
(0.0878026,-0.0166711)
(-0.00333434,0.0138929)
(-0.0273021,-0.0294425)
(-0.00639557,-0.0646667)
(-0.0510966,-0.0514958)
(0.0775354,-0.0399324)
(0.0310584,-0.00319772)
(0.203886,-0.129308)
(0.0578877,0.0304374)
(-0.0284317,0.0858707)
(0.0233791,0.0711209)
(0.0250066,0.012426)
(-0.0863667,0.0852658)
(0.0100818,-0.0188493)
(0.0118306,0.0450986)
(-0.0455564,-0.0195972)
(0.0223028,0.0354163)
(0.00733501,-0.0269898)
(0.0148978,0.0341607)
(-0.0546955,-0.0247451)
(0.0267605,0.00522681)
(0.0478989,0.0360369)
(-0.0499178,0.015635)
(-0.0559795,-0.0183653)
(-0.0768988,-0.0435421)
(0.0395193,-0.00850863)
(0.419566,-0.114157)
(-0.105508,0.00413914)
(0.567046,-0.111718)
(0.0287753,0.0602424)
(-0.0642145,0.0815342)
(-0.0168648,0.0860632)
(-0.00384997,0.00457714)
(0.0675029,0.0555496)
(0.0350932,-0.0477149)
(0.00765294,-0.00513325)
(0.00174275,-0.0167284)
(-0.0427449,0.0699692)
(-0.00493754,-0.0208373)
(0.445494,-0.121162)
(-0.0183617,-0.0296075)
(-0.0245721,-0.0168179)
(0.0862438,0.0332196)
(0.069682,-0.0264113)
(-0.0344723,-0.0385964)
(0.432634,-0.0571851)
(0.0412804,-0.0270769)
(0.0156857,-0.0514258)
(0.706951,-0.0842279)
(0.0402009,-0.0489737)
(-0.056294,0.0244749)
(-0.0264493,0.0296688)
(0.0471716,-0.0169559)
(0.393789,-0.0604476)
(0.514773,-0.176398)
(0.530174,-0.0588085)
(0.457342,-0.0898269)
(-0.0438062,0.0129774)
(-0.0685723,0.0223912)
(-0.000892777,-0.00553867)
(0.0027367,-0.0642508)
(-0.0200886,0.0343235)
(-0.0638284,-0.00557513)
(-0.074563,-0.0281557)
(0.0840053,0.0326324)
(-0.0180795,0.0237334)
(-0.0335438,0.0836775)
(0.00952938,-0.0145144)
(0.0472923,0.0142034)
(0.0671733,0.0240716)
(0.0602762,0.0304591)
(0.077074,0.0472852)
(0.0417488,0.0076145)
(0.0923917,-0.0401612)
(-0.00908613,0.00617431)
(-0.0362041,0.105686)
(-0.00468537,0.071979)
(-0.0123128,0.0109473)
(-0.0384327,0.0857472)
(-0.0452695,0.0118516)
(0.00211713,0.0239659)
(0.0269416,0.0629306)
(0.0127939,-0.0229015)
(0.0296192,0.0284716)
(-0.0165266,-0.0390982)
(-0.0615402,-0.0397737)
(0.0676262,0.0591483)
(0.048141,0.0163756)
(0.0238367,0.0701646)
(0.045405,-0.0152023)
(0.428863,0.00910709)
(0.0363726,-0.00215924)
(0.540214,-0.12113)
(-0.0329196,0.0748559)
(0.0315349,0.00611436)
(-0.0483629,0.00815577)
(-0.0991427,0.0663791)
(-0.00733409,0.0648941)
(-0.0472039,-0.0124717)
(0.0155657,0.05423)
(0.036703,-0.00918513)
(0.0334764,-0.00643882)
(0.00368874,-0.00600959)
(-0.00379232,-0.0617349)
(-0.0295995,0.0945633)
(0.0167854,-0.0474451)
(0.0327109,0.0524999)
(-0.0546164,-0.0103154)
(-0.0446533,-0.0370481)
(0.0549731,-0.047003)
(0.00579188,-0.0914981)
(-0.00954745,0.0712474)
(0.0368586,0.0361505)
(0.0561904,-0.0205597)
(0.186678,-0.082598)
(0.0766831,0.0400863)
(-0.0257589,-0.0413896)
(0.0087058,-0.0356308)
(0.0760369,-0.0217543)
(0.410615,-0.104211)
(0.00716999,0.0740368)
(-0.0304485,0.0836848)
(0.036592,-0.0641682)
(-0.062675,0.0766204)
(0.0507349,0.0416665)
(0.119514,-0.0331273)
(0.252219,-0.110432)
(0.346261,-0.192494)
(-0.0270483,0.0593978)
(-0.0123137,0.0404509)
(-0.0888567,0.0237217)
(0.192743,-0.12327)
(0.534269,-0.0746423)
(0.0607114,-5.95744e-05)
(-0.0619818,-0.0544565)
(-0.0219839,0.0285727)
(-0.0825577,-0.0246402)
(-0.0303516,0.0489015)
(-0.0386603,0.0223376)
(-0.0174979,0.0333676)
(-0.00892064,-0.00604347)
(0.0356641,-0.0042184)
(0.0560521,0.0234505)
(0.495537,-0.109239)
(0.0388099,0.00981615)
(-0.0183797,-0.030708)
(0.042657,0.0265266)
(0.00702608,-0.0371298)
(-0.0203279,-0.0427928)
(0.0408213,0.00415933)
(0.00776123,-0.0141251)
(0.255508,-0.158378)
(0.0250805,0.0959384)
(-0.0176885,0.00824236)
(0.0395543,0.0982253)
(0.0268885,-0.0264495)
(-0.0355145,0.0314795)
(-0.0610879,-0.00252721)
(-0.0152017,0.0536214)
(0.268778,-0.0886936)
(0.673187,-0.019085)
(-0.0710657,0.0566905)
(-0.0802141,-0.00209792)
(0.0156535,0.0264139)
(-0.0922702,0.0624817)
(-0.127093,-0.0240279)
(-0.134685,-0.0126754)
(0.0248656,0.0587495)
(-0.0238055,-0.0199506)
(0.0245751,0.0131785)
(0.0626008,-0.0236139)
(0.0126784,-0.0147489)
(0.0329371,-0.002545)
(-0.0929954,-0.0202488)
(-0.0343581,0.0436911)
(-0.00385812,0.0627372)
(-0.0416968,0.022985)
(-0.0306349,0.0480639)
(0.0327005,-0.00605004)
(0.0977508,-0.0634888)
(0.0620697,0.0588136)
(0.096065,0.0459471)
(-0.0637976,-0.04325)
(-0.0583284,-0.00684005)
(-0.04586,0.0140695)
(-0.0338819,0.0322395)
(0.00130742,0.016898)
(0.015285,-0.00140363)
(0.00247587,0.00532273)
(0.0630021,-0.0260022)
(-0.0218504,-0.0518614)
(0.0180749,-0.033722)
(0.0289102,0.0137293)
(-0.0259596,0.0693523)
(0.0279103,0.0789685)
(-0.0217137,0.0344853)
(0.0499257,-0.00577228)
(0.610569,-0.110532)
(0.0598808,0.045721)
(-0.035455,-0.0379248)
(0.00663335,-0.0254158)
(0.0596566,0.0951445)
(0.0294004,-0.0416602)
(0.0285806,-0.0317729)
(0.0514047,0.0120221)
(0.0492616,-0.0558406)
(-0.00132419,-0.0713533)
(0.0355268,-0.0219508)
(-0.00930088,-0.0342971)
(0.0766024,-0.00533486)
(0.0778552,0.0346047)
(-0.010704,-0.00186974)
(0.0410686,-0.030086)
(0.0342016,-0.0350824)
(-0.00216174,-0.0367807)
(-0.0125451,-0.0359978)
(-0.0191384,-0.0297169)
(-0.0381186,0.0466486)
(0.00602398,0.00119487)
(-0.00891623,0.0180471)
(-0.0558477,-0.00221113)
(-0.0229861,-0.0156962)
(-0.011286,0.022535)
(-0.0366948,-0.108385)
(0.0319021,-0.0923077)
(0.0073022,-0.0528549)
(0.0129747,-0.0384586)
(-0.0160387,-0.0128715)
(0.0622925,-0.0485126)
(-0.0500909,0.0144316)
(0.0241723,-0.0747285)
(0.0758815,-0.0410057)
(0.0732776,-0.0910641)
(0.0120453,-0.0947809)
(-0.0448677,-0.135303)
(-0.0441155,-0.00374142)
(0.060746,-0.0445685)
(0.0906304,-0.0226158)
(-0.0334232,0.0709122)
(-0.0625496,0.0329553)
(-0.0177506,0.048101)
(-0.0130472,-0.0389243)
(0.00790105,0.00554125)
(-0.0203206,0.0771491)
(-0.0319529,0.0980654)
(0.0119558,0.0326358)
(-0.0844511,-0.0324346)
(0.0123038,-0.0211266)
(0.0471147,0.0217701)
(-0.0276962,-0.0881516)
(0.0154329,-0.0233596)
(0.468916,-0.0730529)
(0.0264581,-0.0625782)
(0.0479227,-0.000613069)
(-0.000458302,0.0418251)
(-0.00595903,-0.0283781)
(0.0299339,0.0408525)
(0.0173405,0.050476)
(0.0462309,0.0550769)
(0.0376491,0.0213862)
(0.0570239,-0.0201524)
(0.0149242,0.0010533)
(0.0284019,-0.00460199)
(0.0369706,-0.0107226)
(0.0330562,0.0376194)
(-0.048586,0.0784218)
(-0.0195448,0.0153933)
(0.0548374,0.0529957)
(0.0699399,0.0201035)
(-0.021259,0.0439095)
(0.031277,0.027655)
(-0.0280458,-0.000252561)
(0.0049665,-0.0740727)
(-0.00991396,-0.0499891)
(-0.017353,-0.131033)
(0.0919267,0.000483422)
(0.544904,-0.116004)
(0.466092,-0.0771884)
(0.00760366,0.126308)
(0.452855,-0.0547755)
(0.0622451,-0.0699507)
(0.438709,-0.0589523)
(0.269662,-0.133211)
(-0.00771702,0.0411719)
(0.502112,-0.13444)
(0.556205,-0.107377)
(0.538495,-0.0944556)
(-0.0168602,0.0559523)
(-0.044628,0.0397554)
(-0.0415378,0.00047174)
(-0.0539147,0.0159999)
(0.0286839,0.0540379)
(-0.0234426,0.0137707)
(-0.0336382,0.0348814)
(-0.047292,0.0204935)
(-0.0473209,0.00818782)
(0.00677758,-0.061199)
(0.0319356,-0.000481482)
(0.0340501,-0.039516)
(-0.043444,0.0414472)
(-0.0371694,-0.00619358)
(0.0355327,0.0472043)
(-0.0253473,-0.077622)
(-0.0499534,0.0727482)
(-0.0335967,0.0322204)
(0.0141319,0.0281079)
(0.010794,-0.0256272)
(-0.0351303,-0.0845076)
(-0.00188882,0.029062)
(-0.0366154,-0.0376642)
(0.0182622,-0.0156187)
(-0.000744384,0.0213158)
(0.0257829,-0.00742088)
(0.0457989,0.0798816)
(-0.0255037,-0.00388929)
(0.00947338,0.0306977)
(-0.00896782,-0.013707)
(0.0195179,0.0351879)
(-0.0097553,-0.02803)
(-0.0141353,-0.023352)
(-0.0372423,-0.0375197)
(-0.0264011,-0.0148757)
(-0.0264126,-0.0754854)
(0.00160468,0.0202863)
(0.54536,-0.258997)
(0.0300634,-0.0324467)
(0.00327171,0.0122026)
(0.00193195,0.00814634)
(0.0114127,-0.00677613)
(0.0138835,0.0621219)
(-0.0170596,0.0499565)
(0.449268,-0.12887)
(0.638137,-0.180866)
(0.451899,-0.11527)
(-0.0243049,-0.00476363)
(0.411447,-0.0796845)
(-0.00752658,0.0220117)
(0.0867726,-0.0247948)
(0.011962,0.0438238)
(0.0183355,0.0101015)
(0.187686,-0.0851485)
(0.00816824,0.0236734)
(-0.00533241,0.0469752)
(-0.0214439,0.0281621)
(0.11158,-0.0571482)
(0.0260853,-0.00210668)
(-0.116701,-0.0271745)
(0.443294,-0.065935)
(0.00706729,-0.00108754)
(-0.0401388,0.0154309)
(-0.00781461,0.0161588)
(0.0243951,0.0397632)
(0.0188994,-0.0107382)
(0.00139358,0.0560146)
(0.0646345,-0.0615144)
(-4.41988e-05,0.0453054)
(0.0630004,0.0220287)
(0.194337,-0.0433114)
(0.0674013,0.0295141)
(0.025749,0.00783183)
(-0.0569122,0.0575161)
(-0.0876888,0.0235806)
(0.00906905,0.062936)
(0.0194866,-0.00612215)
(0.00438652,-0.0486472)
(-0.0442738,0.0324355)
(-0.00953888,-0.0140505)
(0.00841608,-0.00916445)
(0.0132011,0.0129877)
(-0.0145351,0.0462129)
(0.0545069,0.0492186)
(0.0257038,0.0517218)
(0.0237915,0.0388171)
(0.0200662,-0.0101241)
(0.0421389,0.0104501)
(0.0184892,-0.109836)
(0.0264604,0.034401)
(-0.0582507,-0.0224776)
(0.037879,0.111538)
(-0.00139767,0.0429792)
(0.0291992,-0.126566)
(0.080837,0.0699379)
(0.00871754,0.0456595)
(0.0604804,-0.088046)
(0.00894645,0.0478451)
(-0.0448004,-0.0127221)
(-0.0256913,-0.0439789)
(-0.0164377,0.0556128)
(-0.0600419,-0.0297541)
(-0.0563516,-0.0189727)
(0.0570663,0.0502883)
(-0.0296805,-0.0246541)
(-0.0964894,0.0756566)
(-0.00299353,0.00817796)
(0.000819636,0.0299559)
(-0.0276079,0.0102443)
(0.0456036,-0.0047063)
(-0.000960831,0.0367116)
(0.129841,-0.0842159)
(0.0838574,0.00203254)
(-0.026019,-0.0668358)
(-0.0335323,0.0528289)
(-0.0519758,-0.0978848)
(-0.00938356,0.0954589)
(-0.0391874,0.0171933)
(0.070681,0.0757724)
(0.0720971,0.0821591)
(0.00961994,-0.0303319)
(0.0226832,0.0434096)
(-0.0493455,0.00809415)
(-0.0217311,0.0728827)
(0.0118841,0.00987631)
(-0.0499271,-0.035308)
(0.0163136,-0.0913779)
(0.085528,-0.0231)
(0.0404488,0.0518886)
(0.0261532,0.0564679)
(-0.04685,0.0434757)
(-0.0587926,-0.0237606)
(-0.00677271,-0.0337471)
(0.0478848,-0.00990229)
(0.0602388,-0.0401855)
(0.454845,-0.0943023)
(0.0162884,0.00100353)
(-0.056486,-0.0484725)
(0.00695294,-0.022012)
(-0.037017,-0.028311)
(0.00614092,-0.0570933)
(0.0483491,-0.0329886)
(-0.0363907,0.0182629)
(0.0248324,-0.0475855)
(0.546349,-0.130857)
(0.0232845,-0.100084)
(0.0507597,0.00492266)
(0.0571417,-0.0678529)
(0.522638,-0.124602)
(-0.0263498,-0.00398871)
(-0.0366232,-0.0115427)
(0.0399141,0.0146707)
(-0.0196451,-0.00831705)
(-0.0343878,-0.0149034)
(0.013042,-0.021425)
(-0.0510826,-0.0205488)
(0.306276,-0.077021)
(0.1654,-0.077597)
(0.0177626,-0.00521425)
(-0.0146217,0.0384398)
(-0.0477017,-0.0622852)
(0.0449973,0.0682622)
(-0.0139653,-0.0810722)
(0.400757,-0.046377)
(-0.0484889,-0.01523)
(-0.00706291,0.00658828)
(0.0055609,-0.00301034)
(0.0335171,0.000207577)
(0.0706462,-0.0198144)
(0.0116847,0.00561398)
(0.493428,-0.106709)
(-0.0186358,-0.0101912)
(0.500623,-0.0884334)
(-0.0642285,0.0671178)
(-0.0521494,-0.0104985)
(-0.0120631,-0.0537539)
(0.0335681,0.0379609)
(0.481372,-0.199289)
(0.104687,-0.000824682)
(0.282007,-0.121937)
(0.0289944,-0.0114268)
(-0.0214313,0.00795005)
(-0.0606059,-0.00385272)
(0.206099,-0.0408754)
(0.257696,-0.100054)
(-0.00381113,0.0166716)
(-0.0112912,0.00584095)
(0.306243,-0.128845)
(-0.023571,0.0206835)
(-0.070949,-0.0284349)
(0.234661,-0.0959024)
(-0.044401,0.0242984)
(-0.00653719,0.0205036)
(0.345179,-0.0753564)
(-0.0719279,-0.0630067)
(0.151196,0.00152707)
(0.206432,-0.057027)
(0.0189727,0.0619113)
(0.229164,0.0141835)
(0.0680047,-0.0605245)
(0.00705361,-0.0549065)
(-0.0139409,0.0503677)
(-0.0688803,0.0371742)
(-0.0166574,0.00143591)
(0.0603723,-0.0571898)
(0.0283947,-0.0390238)
(0.0450499,0.0557526)
(-0.0346861,0.0684963)
(0.0590698,0.0520407)
(-0.0370698,0.0102682)
(0.0821876,0.0658466)
(-0.0984512,0.0222571)
(-0.0278957,0.0343492)
(-0.0249531,0.0251142)
(-0.0272029,-0.034018)
(-0.0389958,-0.00951453)
(0.30894,-0.0797601)
(0.015391,0.0753595)
(0.010191,0.0505679)
(0.114619,-0.0583461)
(-0.125483,0.0520851)
(-0.0742048,0.0374436)
(0.542094,-0.081595)
(-0.00978793,0.014223)
(0.557039,-0.128825)
(-0.0245396,-0.024445)
(0.0131203,0.0232459)
(0.179424,-0.101434)
(-0.0369765,-0.00219469)
(0.0222637,0.0228802)
(0.454838,-0.116066)
(-0.0347812,-0.0222622)
(0.0636236,0.0448524)
(0.00933685,0.00187838)
(0.0114644,0.0859453)
(0.131589,0.0317344)
(0.034253,-0.0622223)
(0.099414,-0.045127)
(0.0457136,-0.0305019)
(-0.115632,-0.0463143)
(0.226028,-0.157868)
(0.0226487,0.0385593)
(0.294326,-0.151299)
(-0.0257727,-0.0656332)
(-0.044491,-0.0186839)
(0.464395,-0.114006)
(-0.0677034,0.0966785)
(0.00367139,0.0512487)
(-0.033332,-0.00741657)
(0.386642,-0.0802593)
(0.00999566,-0.0193444)
(-0.0454203,-0.0485772)
(0.0649316,0.0290329)
(0.00578823,0.0366357)
(0.0399828,0.0394342)
(0.0797212,0.00962879)
(-0.119003,0.0172036)
(0.0205161,-0.00227499)
(-0.0407415,0.0271888)
(0.0703737,-0.0502021)
(-0.0722552,0.0305413)
(0.000916041,0.04601)
(0.077776,0.02961)
(0.0687222,0.0415811)
(0.038706,-0.0678703)
(-0.0420521,-0.0531689)
(0.0119233,-0.0894911)
(0.0106541,-0.00781676)
(0.00656868,-0.0398358)
(-0.0117041,0.0175645)
(0.0546324,0.0165482)
(0.0654747,0.0132823)
(0.0414055,0.0771075)
(0.0130426,0.0192499)
(0.0108867,0.0362637)
(-0.0188427,-0.0772302)
(-0.0617631,-0.109812)
(-0.0772661,-0.105534)
(-0.0491126,-0.0547529)
(0.0115213,-0.00975582)
(0.0207126,-0.0247196)
(0.0145464,0.00747758)
(0.462853,-0.109629)
(-0.0641377,0.00251883)
(0.0316357,0.0151495)
(0.0031838,0.00537728)
(0.417729,-0.0668615)
(0.0374781,-0.00158759)
(0.0224419,-0.025152)
(-0.018829,-0.0290874)
(0.00832828,0.00123291)
(0.0174182,-0.0146894)
(-0.0157266,-0.0436831)
(0.0429096,-0.00709422)
(0.383912,-0.0833468)
(0.0298377,-0.0160539)
(-0.0999468,-0.0196972)
(0.626046,-0.147909)
(0.0145362,-0.000579014)
(-0.00687215,0.00898663)
(0.0271011,-0.0470028)
(0.454482,-0.0784911)
(0.0480901,0.0273364)
(-0.0515578,-0.044001)
(-0.0128871,-0.0526688)
(-0.120252,-0.00739068)
(-0.000669978,-0.0182703)
(-0.0797797,-0.0731924)
(-0.00552847,-0.0569196)
(-0.0138587,0.0345626)
(0.0037857,-0.0356914)
(0.000585118,-0.0579853)
(0.0072331,-0.0503476)
(0.429129,-0.0478347)
(0.0557517,0.00703508)
(-0.0498186,0.0447784)
(-0.038191,-0.0209277)
(0.00558144,-0.000579206)
(0.00543546,-0.0637125)
(-0.0174994,0.0640508)
(-0.0178502,-0.0558372)
(-0.0074281,-0.00790584)
(0.00455263,-0.0774386)
(0.00636908,0.0411107)
(0.0106477,0.069918)
(0.423419,-0.0914323)
(-0.00110383,0.00511261)
(0.0090934,0.00116203)
(-0.0180302,0.0602003)
(0.0247673,-0.0260144)
(-0.0589075,0.0933368)
(-0.00576123,0.00406124)
(0.155411,-0.174451)
(0.207142,-0.106183)
(0.148523,-0.151841)
(0.0114783,0.00976331)
(-0.0122817,0.0266052)
(0.608611,-0.173696)
(0.342191,-0.130868)
(-0.0187902,0.0140314)
(0.400301,-0.0728681)
(0.467164,-0.0391671)
(0.199389,-0.111375)
(0.0510869,-0.0122136)
(0.0390066,-0.0202132)
(0.0439509,0.0407109)
(0.0929258,-0.00725629)
(0.00103966,0.0371399)
(0.0106412,0.0522661)
(-0.0783861,0.00121782)
(0.0787075,0.00198909)
(-0.0903416,0.0172889)
(-0.0281602,-0.0371893)
(0.0491407,-0.0121862)
(0.470028,-0.13268)
(-0.0397378,0.0415555)
(0.00317187,-0.00423898)
(-0.0457016,0.0166913)
(0.539214,-0.0910117)
(-0.0405531,0.0823403)
(-0.0104957,0.00288113)
(0.530446,-0.160291)
(0.504606,-0.0784274)
(-0.027797,0.0250396)
(0.340615,-0.0785939)
(-0.00316805,0.0501826)
(-0.0335748,0.0848708)
(0.474871,0.0163663)
(0.265712,-0.0840124)
(0.3986,-0.107791)
(0.474625,-0.0477146)
(0.0285859,-0.0138268)
(0.758051,-0.027228)
(-0.0416266,0.0106293)
(-0.0222621,0.0851108)
(0.0636978,0.000392544)
(0.172823,-0.0609452)
(-0.038128,0.0540713)
(0.0990449,-0.067765)
(0.0142353,-0.00491219)
(0.0229905,-0.00249463)
(0.0311803,-0.0128315)
(0.0187737,0.000249089)
(0.0566233,-0.00237413)
(-0.0129376,0.0465696)
(0.0667781,0.0462374)
(0.107284,-0.0457553)
(-0.0841867,0.00520709)
(0.0223098,-0.0559665)
(0.03156,0.0517435)
(0.0240728,0.0442457)
(0.016923,0.0157136)
(0.458519,-0.0689916)
(-0.0450366,0.108466)
(0.0265428,0.00440036)
(-0.00303908,-0.0175192)
(-0.000102453,0.0299184)
(0.0516458,0.00770737)
(0.0207167,0.0354278)
(-0.0411469,-0.0900094)
(-0.0312332,-0.0199513)
(0.550741,-0.082174)
(-0.0201933,0.0103893)
(0.334347,-0.0341787)
(-0.00194753,0.0162607)
(0.04622,0.0319999)
(0.00364895,0.00532671)
(0.102712,-0.0348046)
(-0.0300967,-0.0376541)
(0.0257993,-0.100031)
(0.0288158,-0.0386336)
(0.0125872,-0.0422675)
(0.0411978,0.0257847)
(0.0296237,-0.034687)
(0.0671228,0.000512417)
(0.0393024,0.033541)
(0.468555,-0.127427)
(0.292261,-0.0571261)
(-0.0211331,-0.0260919)
(0.044392,-0.038552)
(0.0295587,-0.0223822)
(0.0657709,-0.0480594)
(0.457585,-0.145287)
(0.049627,0.0470617)
(0.0871496,0.00953837)
(0.0875353,0.0435202)
(0.0757819,0.000975124)
(0.31777,-0.156802)
(0.0686316,0.0238124)
(-0.0360596,2.72029e-05)
(-0.0205513,0.00185131)
(-0.0137407,0.0180899)
(0.498497,-0.0661395)
(0.0343553,-0.0266999)
(-0.0182763,-0.00314367)
(0.048131,0.0660027)
(0.0315738,0.0134767)
(0.0393015,-0.00630524)
(0.479031,-0.084001)
(0.40693,-0.142268)
(0.655254,-0.0751657)
(0.0382997,-0.0601096)
(0.0505327,-0.0128495)
(0.487613,-0.0597643)
(0.0401566,-0.0254585)
(0.0938987,-0.0723853)
(0.279849,-0.197761)
(-0.0594903,-0.0530042)
(-0.0608704,0.00460746)
(-0.0550495,-0.0232437)
(-0.0596469,0.0411781)
(-0.0243512,0.0261124)
(0.150547,-0.0619631)
(0.172689,-0.121841)
(0.28247,-0.144311)
(0.27602,-0.0508202)
(0.629712,-0.174758)
(-0.00478357,-0.0357533)
(-0.0700581,0.0131829)
(-0.0282683,0.00576871)
(0.0984872,0.0891835)
(0.550886,-0.0721715)
(0.541257,-0.133049)
(0.00487645,-0.00404585)
(-0.0342391,-0.0504492)
(-0.00246705,-0.0395984)
(0.579671,-0.183476)
(0.00247697,0.0856323)
(0.0652904,0.0350685)
(-0.0514149,-0.00546901)
(0.602469,-0.0764607)
(0.0584765,0.0452377)
(-0.0454925,0.0636595)
(0.551547,-0.116118)
(0.517028,-0.117687)
(-0.0184441,0.0490667)
(-0.0141376,0.0222602)
(-0.0372281,-0.042531)
(0.0026808,-0.0328902)
(0.0314063,-0.0450566)
(0.000849942,0.00541396)
(0.0274942,-0.0266357)
(0.474252,-0.150533)
(0.681052,-0.0250106)
(0.603221,-0.124955)
(0.538256,-0.0564427)
(0.445754,-0.104281)
(0.178151,-0.100754)
(0.284146,-0.0301619)
(0.189474,-0.0657687)
(0.183769,-0.0900455)
(-0.0240276,-0.0373341)
(0.0193188,-0.0576511)
(0.284612,-0.052869)
(0.539011,-0.151523)
(0.531872,-0.12392)
(0.434739,-0.0603168)
(0.52331,-0.139978)
(0.00843247,0.0485156)
(0.531711,-0.0729298)
(-0.0472148,0.085558)
(0.0154488,-0.0203594)
(-0.0181217,-0.0423913)
(-0.0169407,0.0683828)
(-0.0499039,-0.02313)
(-0.00822683,-0.0695723)
(-0.0213494,0.0147901)
(0.0304735,-0.0222176)
(0.0319709,0.0700207)
(0.401627,-0.0996656)
(-0.00601058,-0.0474811)
(0.488431,-0.206489)
(0.456103,-0.0168267)
(0.458916,-0.160766)
(-0.031258,-0.00282317)
(0.069239,0.0771874)
(-0.0345051,0.0110943)
(0.550254,-0.0955115)
(-0.0306426,-0.068069)
(0.0218699,-0.00532069)
(0.324589,-0.132466)
(0.253569,-0.137677)
(0.524884,-0.0892233)
(0.377888,-0.053276)
(0.587735,-0.238086)
(0.484068,0.0501954)
(-0.0123027,-0.0686651)
(-0.0154756,-0.0680157)
(0.0104155,0.0236449)
(0.0334003,0.0795534)
(0.021755,0.0841523)
(-0.0120235,-0.0242312)
(0.0282302,0.00637763)
(0.300747,-0.116577)
(0.190558,-0.0373258)
(-0.0313056,-0.00274809)
(0.193824,-0.0324045)
(-0.00525559,-0.0278026)
(0.493189,-0.122831)
(0.530166,-0.0134978)
(-0.0539504,0.0353277)
(0.0512377,0.0458189)
(0.0746151,0.021831)
(0.0651156,-0.0483913)
(0.450714,-0.221532)
(0.00845726,-0.0646054)
(0.158115,-0.103877)
(-0.051034,0.0838689)
(0.285979,-0.131394)
(0.0098443,0.0602088)
(0.337286,-0.064778)
(0.0021475,0.0425947)
(0.0282536,0.0361654)
(0.0202338,-0.00607363)
(0.0133898,0.0168518)
(0.48816,-0.0687855)
(-0.012543,0.0249684)
(0.494658,-0.123917)
(0.467674,-0.0816077)
(-0.0281464,0.0176174)
(0.480054,-0.042442)
(0.58812,-0.015938)
(0.538126,0.0181622)
(0.0208915,0.00898352)
(0.480256,-0.143137)
(-0.0635096,0.0553387)
(-0.0547023,0.0374683)
(-0.0338682,0.0680669)
(-0.0370511,0.00784133)
(-0.0303494,0.0714403)
(-0.0374402,-0.00102064)
(-0.0566594,0.0268723)
(0.723345,-0.0157312)
(-0.0488066,0.0100042)
(0.113875,-0.0272099)
(0.412754,-0.125734)
(0.450192,-0.105804)
(-6.91331e-05,0.00985566)
(0.0540758,-0.0132892)
(-0.0185215,-0.0053199)
(0.399992,-0.155265)
(-0.0430557,0.0048026)
(0.480216,-0.226441)
(0.373226,-0.111772)
(-0.061942,-0.0223292)
(-0.0154218,-0.0125179)
(0.527246,-0.0214234)
(-0.0657225,-0.0216446)
(-0.00997508,-0.0258036)
(-0.0300317,0.0539002)
(0.453589,-0.11374)
(0.457433,-0.0972412)
(0.211045,-0.131618)
(0.449216,-0.142758)
(0.489004,-0.0644291)
(0.0917082,-0.0130488)
(0.497048,-0.0977469)
(0.593817,-0.0260667)
(0.0351495,-0.102729)
(0.510361,-0.0305572)
(0.0568189,0.0729087)
(0.503965,-0.0734122)
(0.0865248,0.00457541)
(0.00199992,0.0456893)
(-0.0196851,-0.0162009)
(0.0556325,0.0381315)
(0.00477201,0.0872075)
(0.0631517,0.0959785)
(0.0176951,0.070808)
(0.0458133,0.0264447)
(0.130903,-0.0832471)
(0.0257178,0.00686649)
(-0.0195539,-0.0144478)
(0.0283341,0.0381929)
(0.00807518,-0.00337242)
(0.00902284,0.0253578)
(0.0347483,0.00589913)
(0.0152414,0.0577105)
(0.126442,-0.0904574)
(-0.00875711,-0.000636886)
(0.0428837,-0.022676)
(0.624047,-0.0751138)
(0.385386,-0.1778)
(-0.0218606,0.0211997)
(0.086023,0.14481)
(0.00623236,0.117614)
(0.138229,0.0270259)
(-0.0419556,-0.00965821)
(0.103237,-0.0112922)
(0.221454,-0.0970074)
(0.631031,-0.149785)
(0.570297,-0.125931)
(0.0181808,0.0658481)
(0.0676999,-0.0472827)
(0.543731,-0.137675)
(0.0269173,0.0483023)
(0.0461554,0.0256279)
(0.0817918,-0.0192695)
(0.503109,-0.0318561)
(0.0797709,-0.0642118)
(0.239707,-0.162417)
(0.00538056,-0.00511553)
(0.126484,-0.125331)
(0.186447,-0.0765927)
(0.27894,-0.0503637)
(0.339684,-0.0972295)
(0.0786622,0.0430622)
(-0.040979,0.0572289)
(0.382524,-0.128805)
(-0.0392042,0.0877206)
(0.0187548,-0.00563953)
(0.0314936,-0.0333207)
(0.474436,-0.160704)
(0.0120596,-0.0288114)
(0.421112,-0.105377)
(0.0353612,-0.0113485)
(-0.00281088,0.0329161)
(-0.0125059,-0.0176705)
(-0.00664003,0.0494589)
(-0.0252632,0.0174719)
(0.000335953,0.0295744)
(0.0244527,0.0254963)
(-0.0252698,0.0174263)
(-0.0371548,0.0837683)
(0.527481,-0.118609)
(-0.0128021,-0.0107786)
(0.0467318,0.0303833)
(0.51018,-0.0538142)
(0.0870049,0.0170062)
(-0.01181,0.0332518)
(-0.0068273,0.00925806)
(-0.00272126,0.022847)
(-0.0596706,0.0645155)
(0.119272,-0.0874861)
(-0.0074867,0.0711874)
(-0.0463625,-0.0415795)
(-0.0454192,-0.076706)
(0.0401965,-0.0221183)
(-0.0468778,-0.0377119)
(0.484042,0.0034636)
(-0.0467261,0.0718295)
(0.631315,-0.123183)
(0.363292,-0.146313)
(0.494306,0.0172299)
(-0.0419103,-0.00293954)
(0.383994,-0.0100756)
(0.394413,-0.145781)
(0.373896,-0.0540158)
(-0.0694647,0.0440303)
(0.0135808,0.0569313)
(-0.0737813,0.0672698)
(-0.01412,0.0201983)
(0.571611,-0.177783)
(0.573386,-0.111602)
(-0.0548513,0.00548119)
(-0.0321619,0.00330149)
(0.00455053,0.0112257)
(0.0546014,0.00155601)
(0.329856,-0.0721702)
(0.0515647,-0.00465538)
(0.0431955,0.031224)
(0.022944,0.0316064)
(0.0789737,0.000579035)
(0.377257,-0.0740528)
(-0.0642314,-0.0885876)
(0.453977,-0.0344167)
(0.0152896,0.00144182)
(0.0549955,0.0740627)
(0.0874969,0.0419407)
(0.6511,-0.159881)
(0.0128489,0.00300548)
(0.293369,-0.109955)
(0.544487,-0.132024)
(-0.0473242,-0.00580953)
(0.00333951,0.0298345)
(0.105383,-0.0959003)
(-0.0125008,0.0716214)
(-0.0793452,0.0294087)
(0.0341341,-0.127527)
(0.378734,-0.169636)
(0.259225,-0.192997)
(0.0611155,-0.0467316)
(0.0165024,-0.0013615)
(0.0136062,-0.0187651)
(-0.114478,0.0703034)
(0.0181093,0.00485458)
(0.00441756,-0.0352868)
(0.416955,-0.0883634)
(0.535503,-0.092549)
(0.631262,-0.0668119)
(-0.0252682,-0.0404156)
(0.349372,-0.0675705)
(-0.0457682,0.0219267)
(0.0475916,0.0121155)
(0.0432062,0.00245958)
(-0.00610429,0.136792)
(-0.0166877,0.0297493)
(0.0597562,-0.0608489)
(0.263763,-0.0733848)
(0.575112,-0.108953)
(0.544187,-0.127296)
(0.109022,-0.0913754)
(0.529467,-0.156085)
(0.0313966,-0.146646)
(0.426536,-0.178528)
(0.468154,-0.0781717)
(-0.0157059,-0.0924171)
(0.47187,-0.120444)
(0.443005,-0.146426)
(0.53915,-0.142941)
(0.411185,-0.115591)
(0.523234,-0.0886482)
(0.120405,-0.0551816)
(0.2668,-0.130315)
(0.211648,-0.0411678)
(0.430978,-0.0704613)
(0.0248627,-0.047228)
(0.519127,-0.0526319)
(0.355579,-0.150515)
(0.0126188,0.00281695)
(-0.0658261,0.00975383)
(-0.0838732,0.0757424)
(-0.0634603,-0.0668761)
(0.423278,-0.158702)
(-0.0266956,0.0148052)
(0.468478,-0.145704)
(-0.00915959,0.0105738)
(0.255007,-0.0449946)
(-0.0133443,-0.0490415)
(-0.0267693,-0.0424489)
(0.438757,-0.116088)
(0.0380323,0.0958533)
(0.0899027,-0.0647108)
(0.528222,-0.142701)
(0.035233,-0.0380088)
(-0.00731755,-0.048393)
(-0.0489067,0.0343649)
(-0.0621647,-0.025112)
(-0.037397,0.0307943)
(-0.00816409,0.0031502)
(0.563516,-0.143199)
(0.567673,-0.159838)
(0.442638,-0.100646)
(-0.0342792,-0.0843079)
(0.0132372,0.0563563)
(0.353159,-0.195853)
(-0.00908251,0.0303578)
(0.00732108,-0.0102485)
(0.019603,-0.0444498)
(-0.0342443,-0.0433557)
(0.561975,-0.124768)
(0.442075,-0.0521093)
(0.504824,-0.105375)
(0.416703,-0.0480855)
(0.402374,-0.0809824)
(-0.0901444,-0.0346985)
(0.413508,-0.0422628)
(0.302903,-0.113821)
(-0.0601909,-0.103744)
(0.370389,-0.0798686)
(0.496725,-0.101862)
(0.0134632,-0.0655465)
(0.000905072,0.0796971)
(0.546299,-0.124989)
(0.0160535,0.00800403)
(0.0515029,-0.0233655)
(0.422821,-0.134498)
(0.0468968,-0.00315667)
(-0.0256882,-0.0456618)
(0.0450358,0.0347269)
(0.0751605,-0.031147)
(0.494388,-0.0624658)
(-0.0231431,0.0345978)
(-0.0738652,0.0938229)
(-4.48653e-05,0.0276273)
(0.391854,-0.0671593)
(-0.0286829,0.0475185)
(0.00919996,0.0247355)
(-0.0437834,0.0664586)
(0.0832994,-0.0426326)
(-0.0366229,-0.0799943)
(0.0296948,0.0101785)
(0.111688,0.029384)
(0.107658,0.0160511)
(0.012546,0.0629004)
(0.0703939,0.0688231)
(0.0967644,0.069194)
(0.502414,-0.0859681)
(-0.0728259,0.0339489)
(0.533384,-0.00439318)
(-0.0172861,-0.000957611)
(-0.0397519,-0.0621955)
(0.185029,-0.10725)
(0.531316,-0.133826)
(0.326055,-0.106332)
(-0.0776961,0.0538406)
(-0.0137957,-0.0312265)
(0.054883,-0.0209524)
(0.0281533,-0.0404108)
(0.00240097,-0.000692132)
(-0.0243898,0.0189384)
(-0.0458732,-0.0313168)
(0.0194973,0.0223797)
(-0.0587691,-0.0209388)
(0.01293,0.0557278)
(0.0211887,-0.0294095)
(0.393752,0.0591853)
(-0.000742161,0.0579938)
(0.0569129,0.00789779)
(0.0212744,0.0169969)
(0.0314878,0.027424)
(0.188962,-0.0520655)
(0.123583,-0.0714369)
(-0.00813294,0.0380123)
(0.111594,-0.104802)
(0.531729,-0.0579819)
(-0.0482887,-0.105752)
(0.447686,-0.0740121)
(-0.00863533,-0.156649)
(-0.0107084,0.0343307)
(0.104865,-0.0246695)
(0.0535332,-0.0736546)
(0.088403,-0.0313218)
(-0.0511206,-0.00903415)
(0.0230978,-0.0105552)
(-0.0501384,-0.0428232)
(-0.0357628,0.0533165)
(0.00544818,-0.00727275)
(0.340276,-0.147887)
(0.353907,-0.135158)
(0.0403119,0.00836169)
(0.167554,-0.0391391)
(0.192905,-0.0395318)
(0.589218,-0.101)
(0.0206669,0.010062)
(0.12196,-0.027532)
(0.498518,-0.150661)
(0.141848,-0.00557464)
(0.110391,-0.0948747)
(-0.0356522,-0.0345486)
(-0.00722955,-0.0636291)
(0.0962119,-0.0478105)
(-0.0407686,-0.00981828)
(0.433816,-0.0545303)
(0.379002,-0.12698)
(0.0162045,0.00102043)
(0.0482088,0.0102961)
(0.168199,-0.0919746)
(0.0520872,-0.0480046)
(0.129678,-0.0535543)
(-0.00510548,0.0430259)
