1620
(-0.0222188,-0.133262)
(-0.0238057,0.0484078)
(0.0542343,0.0635268)
(0.0181577,-0.149157)
(0.00224437,-0.0237746)
(-0.0375508,0.0483443)
(0.037689,0.0745272)
(-0.0147145,-0.00580079)
(-0.00521381,0.0250093)
(0.00025958,0.0389163)
(-0.0501139,0.0283671)
(0.00217814,0.0139258)
(0.0299503,-0.0340846)
(-0.0203998,0.00264629)
(-0.0203068,0.0550454)
(-0.0302431,0.0309643)
(-0.0188583,-0.0787371)
(0.00247255,0.0320792)
(0.0171877,0.02068)
(-0.0226094,-0.00555063)
(-0.0215118,-0.0180762)
(0.00927239,0.0260727)
(-0.0651088,0.0174355)
(-0.017654,-0.0593081)
(0.000481356,0.0368416)
(0.0194705,0.012208)
(-0.0335995,-0.000908017)
(0.0790424,-0.0614511)
(-0.0204063,-0.00782152)
(0.0559284,-0.00723914)
(0.0295051,0.0781596)
(0.046166,-0.025363)
(0.00446615,0.0469241)
(-0.106389,0.0354821)
(0.0618459,0.0268981)
(0.0147889,0.0683478)
(0.0702218,-0.0192978)
(-0.00708636,0.0379495)
(-0.0388943,0.00690691)
(0.0369815,-0.00133816)
(0.0420134,-0.0833256)
(0.072478,0.0107995)
(0.0642793,0.030146)
(0.129528,0.0072566)
(-0.037319,0.0661583)
(0.132629,-0.0194321)
(0.0895394,-0.0191546)
(-0.0192212,-0.00348635)
(0.0496304,-0.0581895)
(-0.0134441,-0.024788)
(0.0459462,0.0046058)
(0.100346,-0.0217841)
(0.0158157,0.0157503)
(0.0213807,-0.00185778)
(0.00329007,0.0330842)
(-0.0156947,0.0279154)
(0.0480001,0.0363054)
(0.0493372,0.0779528)
(-0.0154216,-0.0490389)
(0.0584869,-0.0415802)
(-0.038205,-0.0225455)
(0.167349,-0.0630194)
(-0.019796,-0.00325446)
(0.389002,-0.0921496)
(-0.0264752,-0.00865436)
(-0.0191362,0.0276017)
(-0.00502356,-0.00742657)
(0.0255352,0.0110424)
(-0.00336126,0.146064)
(-0.0440007,-0.066212)
(0.0133002,0.0472278)
(0.00686306,0.0432658)
(-0.0363625,0.072472)
(-0.0481981,0.0351623)
(0.00751906,-0.0170154)
(-0.0886614,0.0750283)
(0.0193599,-0.0292496)
(0.00384367,-0.051444)
(-0.0190329,0.00520371)
(0.0848544,-0.0343299)
(-0.0211795,-0.060663)
(0.0152678,0.0127489)
(0.0271927,-0.0665344)
(0.0197895,-0.0153994)
(0.0338622,0.0219818)
(0.0285322,0.0313582)
(-0.0320848,-0.0550194)
(-0.0410702,0.0195411)
(0.0839361,0.0220369)
(0.0392935,-0.0135814)
(-0.117341,-0.0140165)
(-0.0197299,0.0254592)
(0.454739,-0.0597737)
(0.00936584,0.101255)
(-0.0238423,0.0606104)
(0.577732,-0.00334917)
(-0.0537769,0.0577305)
(0.441787,-0.143217)
(-0.00596926,-0.0995625)
(-0.0410481,-0.0878173)
(0.0527355,0.0212661)
(-0.0725647,-0.00653469)
(0.0492676,-0.0712686)
(0.00305646,-0.0268585)
(-0.0245935,-0.11395)
(0.448614,-0.107282)
(0.0366133,0.0764823)
(-0.0710202,-0.0107574)
(0.0126426,0.0185999)
(0.0406996,0.0737798)
(0.00515409,0.028275)
(0.713793,-0.129525)
(0.366725,-0.049542)
(-0.0102571,-0.0133283)
(0.492763,-0.046045)
(0.0103521,0.109916)
(-0.00723907,0.0774013)
(0.640841,-0.0761586)
(0.00454569,0.0192036)
(0.489364,-0.0700203)
(0.443562,-0.0666184)
(0.0234371,0.0338788)
(0.390515,-0.0712703)
(0.28449,-0.115158)
(0.282947,-0.0769638)
(-0.00619182,-0.0234186)
(0.047323,-0.038354)
(-0.000492729,0.0366802)
(0.353332,-0.128993)
(0.0864552,0.075724)
(0.112175,0.100106)
(0.00921054,-0.00728296)
(-0.00607759,-0.0476081)
(0.00516852,0.0262782)
(0.00302749,0.0181401)
(0.0207851,0.0301481)
(-0.0560328,0.00543604)
(0.00526018,0.0299257)
(0.383991,-0.0917833)
(0.0397093,-0.0207346)
(0.0236587,0.0378312)
(-0.0147961,0.059409)
(0.0195498,-0.0161968)
(0.0467304,-0.0758231)
(0.0904108,-0.0876738)
(0.0257148,-0.101986)
(0.0155171,0.00214256)
(0.427006,-0.082455)
(0.482253,-0.0986111)
(-0.0565173,0.00416496)
(0.481516,-0.151063)
(0.192317,-0.0673801)
(0.540846,-0.0256122)
(0.460251,-0.125095)
(0.477338,-0.0782753)
(-0.0442784,0.0236469)
(0.0712573,0.0393528)
(0.416881,-0.16335)
(0.362799,-0.0207801)
(-0.0203547,0.0126653)
(-0.0293363,0.0451473)
(-0.00490168,0.0283538)
(0.0097761,0.0319677)
(-0.0375929,-0.0123643)
(-0.00737749,0.0193567)
(-0.0484804,-0.0381347)
(0.0137166,-0.0463155)
(-0.0178008,-0.0514553)
(0.0417205,0.0280358)
(-0.0129415,0.0866688)
(0.03997,-0.0174694)
(0.0539916,-0.00325125)
(0.420179,-0.176354)
(0.379562,-0.128746)
(0.571691,-0.115042)
(0.496739,-0.0599792)
(0.0685785,-0.0913362)
(0.152197,-0.0150187)
(-0.0945075,-0.0665229)
(-0.123184,0.0615618)
(-0.0509427,-0.0645035)
(0.0398698,0.0678657)
(0.0233808,0.0279544)
(0.0105557,0.0317878)
(0.0184941,0.0147572)
(-0.00409278,0.0470104)
(0.0437327,0.0306055)
(0.070714,-0.105663)
(0.0135557,-0.024646)
(0.408242,-0.154861)
(0.472187,-0.0766609)
(0.372015,-0.0873765)
(0.57554,-0.123223)
(-0.0543518,-0.0462614)
(-0.0452007,-0.0488941)
(0.0534908,0.0638888)
(0.0562616,0.0376004)
(-0.0304344,0.0468271)
(-0.0592424,-0.0512881)
(-0.0077918,0.0154392)
(0.0313539,-0.120523)
(0.0955919,-0.0875923)
(-0.0390733,-0.0484667)
(-0.0728009,-0.0221515)
(-0.0218245,-0.0216912)
(-0.0625731,0.0275239)
(0.462961,-0.0845148)
(0.470133,-0.0217936)
(-0.0975454,0.0243915)
(0.375079,-0.09382)
(-0.0376527,-0.0148876)
(0.418879,-0.0817359)
(0.418168,-0.0884557)
(-0.0970011,0.0246294)
(-0.0800478,0.0403008)
(0.0851468,0.0821788)
(0.0821521,0.0103003)
(0.446167,-0.113731)
(0.564996,-0.146003)
(-0.0248266,-0.0430288)
(-0.00363558,-0.00512847)
(-0.0424406,0.0136277)
(0.0441426,0.0777321)
(0.702837,-0.177297)
(-0.0580701,-0.0605048)
(-0.0807086,-0.0810214)
(0.411205,-0.165388)
(-0.0379666,0.0611992)
(-0.00953493,0.0347925)
(-0.0731285,-0.0378528)
(-0.0189863,0.0123764)
(0.484275,-0.123921)
(0.470897,-0.171193)
(0.531313,-0.0542814)
(0.47233,-0.0588245)
(-0.0509214,0.0350189)
(-0.00629217,-0.0417645)
(-0.0037044,-0.0177981)
(0.193917,-0.0676014)
(0.000101359,0.0278971)
(0.067535,-0.00117552)
(-0.0156661,-0.0398847)
(-0.00815611,0.0741886)
(-0.0145022,0.0749509)
(-0.0259946,-0.0560432)
(-0.0456841,0.0136154)
(0.0833833,0.00308841)
(-0.00804129,-0.0488363)
(0.0333064,0.00651846)
(-0.0471851,0.0370508)
(-0.0425226,-0.040336)
(-0.0329466,0.0182873)
(-0.0544916,-0.0330358)
(-0.0499197,-0.0517891)
(-0.0385578,0.0240882)
(0.0417298,-0.0476958)
(0.0644525,-0.0127388)
(0.012355,-0.0122536)
(0.0400521,0.00946222)
(-0.0215777,-0.094597)
(0.0643657,-0.10663)
(-0.0231743,0.0130038)
(0.00913889,0.00408036)
(-0.0376875,-0.0273303)
(0.5242,-0.0618868)
(-0.0429649,-0.0675556)
(-0.0796882,-0.107869)
(-0.0149297,-0.0220171)
(0.0170639,-0.0106403)
(0.0476566,0.0329275)
(-0.015071,0.0170746)
(0.0175375,-0.0104642)
(-0.0743316,-0.0226993)
(-0.0534915,0.0539477)
(0.0125759,0.00666971)
(0.488375,0.0054506)
(-0.00569282,0.0652864)
(-0.0464969,-0.0174962)
(0.055271,0.0716436)
(0.0195701,-0.02179)
(0.0354058,0.0219534)
(0.0475782,0.0570499)
(0.0101676,-0.039261)
(-0.0104921,-0.0581992)
(0.11787,0.0595227)
(0.0424805,0.0219749)
(0.0189981,0.0052373)
(-0.0640709,0.000184249)
(0.0427791,0.0171389)
(0.113572,0.0322477)
(-0.0115942,0.0558301)
(0.00889283,-0.0393186)
(-0.0819545,0.0132016)
(-0.0393885,-0.0282547)
(-0.030733,0.00641703)
(-0.0546486,0.0320607)
(0.0559001,-0.043936)
(-0.00438757,0.0196515)
(-0.0578925,-0.0290943)
(-0.0606221,0.00443183)
(-0.000441684,0.0441265)
(-0.097809,0.0143264)
(-0.0400187,-0.021363)
(-0.0411383,-0.00368891)
(-0.0454126,0.0013618)
(0.0147502,-0.0369025)
(0.0616335,0.0213998)
(0.376027,-0.140924)
(0.00414106,0.00755999)
(-0.00726371,0.0187349)
(-0.0336108,-0.0379026)
(-0.0675018,-0.052379)
(-0.112638,-0.0802418)
(-0.0705502,-0.0330878)
(-0.0453351,-0.0503513)
(-0.0761861,-0.0215743)
(0.0322527,-0.0811075)
(-0.047588,-0.0881995)
(-0.0646914,-0.029326)
(0.450543,-0.217772)
(-0.0106507,-0.0235552)
(-0.0274265,0.0254308)
(0.0153098,-0.0186279)
(-0.00593051,-0.0307579)
(-0.0309906,-0.02209)
(-0.00626717,0.0219398)
(0.0852345,-0.06597)
(0.0019029,-0.00520724)
(0.000334111,0.0543844)
(-0.0278344,-0.0526011)
(0.0501962,-0.00611052)
(-0.0111064,-0.016962)
(-0.0454832,-0.0231127)
(0.0446405,-0.0419831)
(-0.00964301,-0.0796648)
(0.474535,0.00997107)
(0.0329035,-0.029262)
(0.0654402,0.0624317)
(-0.090841,-0.0773564)
(0.0485742,-0.0338549)
(0.0201706,-0.0448532)
(-0.0554255,-0.0687957)
(0.0717922,0.0549573)
(-0.0177158,0.00329889)
(-0.0162161,-0.0116001)
(0.0451044,0.0517695)
(0.0363826,0.0424664)
(0.00097916,0.109898)
(-0.0117816,0.00114758)
(0.146428,-0.0259544)
(0.378134,-0.103534)
(0.440847,-0.112965)
(0.0969144,-0.0481314)
(-0.00148565,0.0177347)
(0.417599,-0.111664)
(-0.0936766,0.0976352)
(0.0635015,-0.0315732)
(-0.024837,0.00156235)
(-0.0534969,-0.00216427)
(-0.00511502,9.20829e-05)
(0.258354,-0.104503)
(0.131763,-0.0644383)
(0.0214122,0.0371838)
(-0.0297163,0.011771)
(-0.0334542,0.0124049)
(0.0285423,0.0233645)
(0.468215,-0.188448)
(-0.0429737,-0.0610045)
(-0.0410493,0.0137037)
(-0.00217678,0.0303523)
(-0.0162894,0.0638322)
(-0.003714,-0.0509172)
(-0.018461,-0.0295332)
(-0.023619,0.0708847)
(0.469601,-0.123885)
(0.411049,-0.082414)
(0.024145,-0.0386221)
(0.0135367,-0.0885377)
(0.0297137,0.0435877)
(0.0699896,0.0381565)
(-0.0166906,0.0324923)
(0.147324,-0.0315518)
(0.364438,-0.0979033)
(-0.047072,-0.019273)
(0.0370751,-0.0587802)
(-0.0200799,0.00898399)
(0.0488831,0.0135993)
(0.0381268,0.108515)
(0.0187121,0.0322574)
(0.0277107,-0.0404513)
(0.00176624,-0.0917507)
(0.0501496,0.0234936)
(0.0101831,-0.0109214)
(-0.0370228,-0.0560441)
(0.0402483,0.097147)
(0.0724177,0.0550174)
(-0.0778254,-0.0243112)
(-0.0153128,-0.0832888)
(0.0351869,0.0563782)
(0.0557437,0.00660837)
(0.0429014,0.00609686)
(-0.0733191,0.0320427)
(-0.00573853,0.0508318)
(0.55546,-0.132892)
(-0.0470461,0.00951171)
(0.0042884,0.0216427)
(-0.0890883,-0.095547)
(-0.107484,-0.0874948)
(-0.00324799,0.0101848)
(0.0215859,-0.014805)
(-0.0515165,-0.037864)
(0.0312477,-0.0235903)
(0.00822877,0.0960586)
(0.0365001,-0.0215527)
(0.443497,-0.121661)
(0.0209427,0.10026)
(0.0128732,0.0288324)
(-0.0353052,0.0117148)
(0.0245421,0.0122518)
(0.0257457,0.0199969)
(-0.0237257,-0.0431136)
(0.0300541,-0.0206963)
(0.067307,-0.0424115)
(-0.0302405,-0.11593)
(-0.012851,0.0192017)
(-0.0384049,0.0213569)
(0.416547,-0.0971772)
(-0.0531875,-0.0281718)
(-0.00223226,0.0225698)
(0.0143666,0.0532874)
(-0.0521463,-0.069294)
(-0.0580558,-0.0256675)
(0.0448882,0.0108119)
(0.0547132,0.0539607)
(0.0767291,0.0352233)
(0.0652417,0.0316879)
(-0.0226212,-0.0677544)
(0.0475603,0.0134426)
(-0.0718783,-0.0545018)
(-0.0165241,-0.0691563)
(0.00252421,0.00337819)
(-0.0262847,-0.0330587)
(0.0988061,-0.0128614)
(-0.0100154,0.0158263)
(-0.019064,-0.0294224)
(-0.00215175,-0.054212)
(-0.0505991,-0.0541866)
(0.073089,-0.036301)
(0.0280257,0.00639398)
(0.19441,-0.125707)
(0.0499946,0.0401672)
(-0.0359521,0.0883536)
(0.0183295,0.0834232)
(0.0207231,0.0139157)
(-0.0897401,0.0827824)
(0.0170602,-0.0150892)
(0.0118799,0.0464471)
(-0.0472782,-0.0226107)
(0.0201394,0.0369176)
(0.00170269,-0.0331102)
(0.0111691,0.035922)
(-0.0483747,-0.0351457)
(0.0243643,-0.00087519)
(0.0469424,0.0327882)
(-0.0499144,0.000327704)
(-0.0557585,-0.0169112)
(-0.0727661,-0.0434131)
(0.0351452,-0.0106855)
(0.426911,-0.111916)
(-0.112412,0.00740903)
(0.561672,-0.104574)
(0.0258508,0.0517823)
(-0.069077,0.0717463)
(-0.0246791,0.0812855)
(-0.00439978,0.00500515)
(0.0716695,0.0626507)
(0.0418915,-0.0408491)
(0.00579948,-0.00784802)
(0.00389676,-0.0210031)
(-0.0350044,0.0613207)
(-0.00651408,-0.0209023)
(0.452426,-0.117957)
(-0.0161426,-0.0320403)
(-0.0294251,-0.0191951)
(0.0933634,0.0350435)
(0.0785659,-0.023905)
(-0.0358732,-0.0423907)
(0.43738,-0.0575646)
(0.0340402,-0.0319407)
(0.00805635,-0.0507768)
(0.70012,-0.0836987)
(0.0391318,-0.0585738)
(-0.0578632,0.0301213)
(-0.0321438,0.0314857)
(0.0503716,-0.0199354)
(0.391779,-0.0570783)
(0.517767,-0.17484)
(0.52995,-0.0636001)
(0.463131,-0.090954)
(-0.0470554,0.0140557)
(-0.0721325,0.021697)
(-0.0025734,-0.00767457)
(0.00732026,-0.0678886)
(-0.0239369,0.0367164)
(-0.067783,-0.00629796)
(-0.0793349,-0.029979)
(0.0857679,0.0315358)
(-0.0127106,0.0257993)
(-0.034823,0.0881747)
(0.00833365,-0.0239067)
(0.0429127,0.0148528)
(0.0563291,0.0257302)
(0.0539211,0.0338698)
(0.0764103,0.0494787)
(0.0467418,0.0108001)
(0.103186,-0.0417399)
(-0.00714416,0.00423876)
(-0.0381649,0.111522)
(-0.00362014,0.0705453)
(-0.0146694,0.011898)
(-0.0376421,0.0896919)
(-0.0526093,0.00752927)
(0.00106779,0.0256011)
(0.0222929,0.0521868)
(0.0284233,-0.0206377)
(0.0197784,0.025401)
(-0.00842516,-0.0373361)
(-0.0589906,-0.0390295)
(0.0622957,0.068662)
(0.050599,0.0172144)
(0.0173277,0.0776188)
(0.0505558,-0.00966444)
(0.423624,0.00775485)
(0.0389756,-0.000227785)
(0.543467,-0.117559)
(-0.0327602,0.0630793)
(0.0283735,0.0075474)
(-0.0440227,0.00311559)
(-0.115553,0.0520481)
(-0.00622338,0.0712605)
(-0.0475192,-0.031031)
(0.0204719,0.0585058)
(0.0442938,-0.00608209)
(0.0367194,-0.00620766)
(-0.000990913,-0.0118416)
(0.00215025,-0.0697722)
(-0.0307839,0.101195)
(0.0211073,-0.0515399)
(0.0342941,0.0689411)
(-0.0536168,-0.0145183)
(-0.0356477,-0.0249983)
(0.0537887,-0.0398075)
(0.0106412,-0.0903104)
(-0.00257805,0.0736971)
(0.0515981,0.0292353)
(0.0622653,-0.0214521)
(0.185336,-0.0845268)
(0.0723712,0.0564937)
(-0.0264795,-0.0436245)
(0.00817747,-0.0368566)
(0.0790844,-0.00527429)
(0.411544,-0.110251)
(0.00993889,0.061992)
(-0.0287129,0.0867115)
(0.0516176,-0.0632144)
(-0.058076,0.0805826)
(0.0472915,0.0505199)
(0.121805,-0.032274)
(0.251664,-0.115123)
(0.355031,-0.200065)
(-0.0285428,0.0576978)
(-0.0101443,0.0442265)
(-0.092343,0.0191435)
(0.193516,-0.130098)
(0.543345,-0.0688798)
(0.063467,0.0109898)
(-0.0639218,-0.0569142)
(-0.0224649,0.0319393)
(-0.0874102,-0.0246589)
(-0.0317144,0.05152)
(-0.0379334,0.0216751)
(-0.0223848,0.0351606)
(-0.0110331,0.00489737)
(0.024837,-0.00335599)
(0.060662,0.0194734)
(0.501829,-0.104922)
(0.0418232,-0.0017899)
(-0.0263273,-0.0261981)
(0.0474661,0.023971)
(0.0167235,-0.0441124)
(-0.0222587,-0.0550771)
(0.0473028,-0.00328357)
(0.0117811,-0.0170848)
(0.259235,-0.152035)
(0.00952214,0.0985734)
(-0.0210865,0.00599022)
(0.0208999,0.10338)
(0.0262899,-0.027365)
(-0.0377627,0.0292848)
(-0.0638184,-0.00450698)
(-0.0187125,0.0530909)
(0.26944,-0.0900661)
(0.680002,-0.0108169)
(-0.0797469,0.0574769)
(-0.0856414,-0.00333143)
(0.0178968,0.0263117)
(-0.105106,0.0607054)
(-0.131821,-0.0366412)
(-0.140934,-0.0210595)
(0.0166417,0.0641237)
(-0.0197106,-0.0202782)
(0.0226683,0.00614553)
(0.0539742,-0.0175673)
(0.00376535,-0.00989926)
(0.0327595,0.000331887)
(-0.0903964,-0.0275002)
(-0.0368546,0.0451568)
(-0.00472125,0.0669957)
(-0.0418565,0.0215757)
(-0.0310229,0.0486047)
(0.034445,-0.00419354)
(0.102878,-0.0537644)
(0.0635825,0.0587366)
(0.0981225,0.0542579)
(-0.070485,-0.0394054)
(-0.0585347,0.00211601)
(-0.0434809,0.017525)
(-0.0426123,0.0285105)
(-0.00224057,0.0199799)
(0.0142525,0.00127651)
(0.0154079,0.0102548)
(0.0589637,-0.0349001)
(-0.0264267,-0.0540521)
(0.0126738,-0.0378615)
(0.0283697,0.0133879)
(-0.0287574,0.0739729)
(0.0264462,0.0805925)
(-0.0262608,0.0333552)
(0.0488423,-0.00583735)
(0.620682,-0.105717)
(0.0675074,0.0610219)
(-0.0373907,-0.0488442)
(0.013073,-0.0298273)
(0.0518856,0.0968846)
(0.0366832,-0.0412603)
(0.0227769,-0.038426)
(0.0500012,0.0096894)
(0.0540554,-0.0581581)
(0.00104098,-0.0798793)
(0.0356842,-0.02963)
(-0.0203965,-0.0368484)
(0.0779209,-0.00532394)
(0.0826593,0.0382443)
(-0.00748869,-0.0112214)
(0.045617,-0.0382688)
(0.0433447,-0.0365858)
(0.00410381,-0.0411247)
(-0.0116503,-0.029054)
(-0.0146668,-0.0243003)
(-0.0461913,0.0428881)
(0.00084047,0.00244666)
(-0.00749581,0.0147058)
(-0.0563412,-0.00476248)
(-0.0225713,-0.0159638)
(-0.0130135,0.018171)
(-0.0358393,-0.116798)
(0.0325376,-0.0968478)
(0.0132224,-0.0576798)
(0.010821,-0.0425127)
(-0.0138599,-0.0262827)
(0.0597451,-0.0465164)
(-0.0533798,0.00661049)
(0.0305078,-0.0761201)
(0.0710129,-0.0386181)
(0.07082,-0.0873294)
(0.0197316,-0.101913)
(-0.0389043,-0.145932)
(-0.0447548,-0.00607739)
(0.0659855,-0.0458928)
(0.0917414,-0.0201209)
(-0.0346103,0.0689518)
(-0.063172,0.0320389)
(-0.0235453,0.0465906)
(-0.0112299,-0.0506594)
(0.0064751,0.00947818)
(-0.0260416,0.0797496)
(-0.0384733,0.108363)
(0.00472407,0.0295394)
(-0.0887617,-0.0320464)
(0.0160373,-0.0208796)
(0.0426188,0.0249439)
(-0.0170505,-0.0956342)
(0.0177588,-0.0214085)
(0.472981,-0.0686545)
(0.0329897,-0.0586765)
(0.0587876,-0.00146845)
(0.0072962,0.0446497)
(0.00383121,-0.0295898)
(0.0300039,0.0467233)
(0.0125299,0.0539434)
(0.0432709,0.061197)
(0.0342657,0.0240196)
(0.0618533,-0.0270245)
(0.0167246,0.00431687)
(0.0317246,-0.00385262)
(0.0405604,-0.0115335)
(0.0275498,0.0415686)
(-0.047161,0.0969513)
(-0.0239006,0.0114646)
(0.0598166,0.0599411)
(0.0644521,0.0159655)
(-0.014875,0.03365)
(0.0288421,0.0324398)
(-0.0203569,-0.00740161)
(0.012696,-0.0768018)
(-0.00440127,-0.0498082)
(-0.0111192,-0.137522)
(0.0950768,0.00158825)
(0.560029,-0.113579)
(0.460718,-0.0840957)
(-0.00705649,0.125291)
(0.445278,-0.0602157)
(0.0648236,-0.0679578)
(0.433819,-0.0574558)
(0.280511,-0.138477)
(-0.00235046,0.0414977)
(0.505847,-0.130229)
(0.555765,-0.107188)
(0.536979,-0.0967968)
(-0.0141912,0.0506891)
(-0.0503362,0.0440084)
(-0.0446761,0.00487307)
(-0.0528367,0.019502)
(0.02686,0.0572022)
(-0.0230997,0.0144186)
(-0.032316,0.0373833)
(-0.0528524,0.0222231)
(-0.0458726,0.00799116)
(0.0155992,-0.0647328)
(0.0393654,0.00387288)
(0.0446321,-0.0425091)
(-0.0453968,0.0394082)
(-0.0357933,-0.00943092)
(0.0344699,0.0449391)
(-0.024669,-0.0829671)
(-0.0453373,0.0716461)
(-0.0359489,0.0314272)
(0.0196704,0.0212393)
(0.00883663,-0.0257869)
(-0.0364401,-0.0896368)
(-0.00180857,0.0225832)
(-0.036633,-0.0407936)
(0.0186432,-0.0164615)
(-0.000372114,0.0262185)
(0.0276119,-0.0113178)
(0.0335148,0.0880043)
(-0.0325855,-0.00516289)
(0.0118364,0.0404679)
(-0.00844888,-0.00308894)
(0.0204842,0.0369235)
(-0.00616321,-0.036744)
(-0.0154629,-0.0298851)
(-0.0410207,-0.0365561)
(-0.0332923,-0.014898)
(-0.0314587,-0.0657887)
(0.00721823,0.0278457)
(0.555221,-0.25737)
(0.0404465,-0.0322574)
(0.0064131,0.00592462)
(0.0021607,0.00224112)
(0.014452,-0.00278295)
(0.0158484,0.0626257)
(-0.0189846,0.0501876)
(0.442165,-0.133547)
(0.633921,-0.187242)
(0.453282,-0.105475)
(-0.0227996,-0.00402255)
(0.405944,-0.0743099)
(-0.00350864,0.026465)
(0.0901999,-0.031265)
(0.0080989,0.0472042)
(0.0126829,0.0117213)
(0.184637,-0.0856772)
(9.4336e-05,0.0216341)
(-0.00904995,0.0498016)
(-0.0282144,0.0269532)
(0.109154,-0.0590778)
(0.0291055,0.000455753)
(-0.121908,-0.0305714)
(0.444546,-0.0721466)
(0.00608024,0.000410204)
(-0.0493722,0.013957)
(-0.0202125,0.0163601)
(0.019186,0.0378475)
(0.00992673,-0.0101376)
(-4.14021e-05,0.0581456)
(0.0640979,-0.0583624)
(0.00330038,0.0456167)
(0.0665528,0.0248894)
(0.196094,-0.0466748)
(0.0701718,0.0227511)
(0.0191851,0.0110763)
(-0.0721502,0.0597897)
(-0.0951617,0.0178375)
(0.00409728,0.0761475)
(0.0136399,-0.00796951)
(0.00719148,-0.05439)
(-0.0429844,0.0319777)
(-0.0108793,-0.0156678)
(0.00680546,-0.00781997)
(0.0156906,0.00839795)
(-0.0131785,0.0443696)
(0.060289,0.0457317)
(0.0330787,0.0497948)
(0.0257525,0.0348524)
(0.0216137,-0.0120057)
(0.0500728,0.0159181)
(0.0177389,-0.113102)
(0.0290097,0.0337168)
(-0.0594802,-0.0226714)
(0.0259959,0.115932)
(-0.00377665,0.036464)
(0.0344764,-0.125983)
(0.0839361,0.0742897)
(0.0124027,0.0468381)
(0.0626792,-0.0831808)
(0.000502592,0.055347)
(-0.0456934,-0.00937)
(-0.0227622,-0.0431856)
(-0.0151994,0.0599305)
(-0.060326,-0.0307058)
(-0.0486432,-0.01484)
(0.0578382,0.0600305)
(-0.0307544,-0.0195342)
(-0.106665,0.0774149)
(-0.00338976,0.00941851)
(0.00228764,0.0292321)
(-0.0301253,0.00856826)
(0.0469934,-0.00278857)
(0.00479416,0.0366667)
(0.138872,-0.0823709)
(0.0881695,-0.000485832)
(-0.0246573,-0.0629082)
(-0.0408762,0.0556811)
(-0.0525772,-0.0969641)
(-0.0165296,0.0993501)
(-0.0326529,0.0210247)
(0.0600075,0.0796215)
(0.0598743,0.0907176)
(0.0121485,-0.0280892)
(0.0178799,0.0434029)
(-0.05189,0.00848004)
(-0.024264,0.0758353)
(0.0175808,0.0102772)
(-0.0599283,-0.0411165)
(0.0190541,-0.103441)
(0.0830526,-0.0189895)
(0.0427459,0.0578133)
(0.0220577,0.0571114)
(-0.046964,0.0399663)
(-0.056589,-0.0204112)
(-0.0160945,-0.03189)
(0.0565006,-0.0118764)
(0.0566421,-0.0363662)
(0.45486,-0.0950782)
(0.0273737,-0.00298457)
(-0.0571884,-0.0490311)
(0.0148428,-0.0189136)
(-0.0321661,-0.0345681)
(0.00616578,-0.0598474)
(0.0497091,-0.0344216)
(-0.0294241,0.0162102)
(0.0246957,-0.0465724)
(0.550091,-0.130719)
(0.0348127,-0.102563)
(0.0553986,0.0067956)
(0.0637505,-0.0616738)
(0.52162,-0.124412)
(-0.0238985,0.00323742)
(-0.0417424,-0.00325461)
(0.0423967,0.0144462)
(-0.0157974,-0.00649532)
(-0.0400415,-0.012847)
(0.0145868,-0.0229746)
(-0.0521213,-0.021113)
(0.313694,-0.0827288)
(0.167895,-0.0872402)
(0.0181135,-0.00743257)
(-0.0128125,0.0377719)
(-0.0466763,-0.0642691)
(0.0403511,0.0769348)
(-0.0106332,-0.0825941)
(0.399048,-0.0494912)
(-0.0440231,-0.0176857)
(-0.00853648,0.0119648)
(0.00611496,-0.00154598)
(0.0288033,0.00329531)
(0.0716184,-0.0147516)
(0.0159508,0.0108528)
(0.491653,-0.108342)
(-0.0258522,-0.00277501)
(0.492842,-0.08814)
(-0.0833442,0.0609557)
(-0.0597886,-0.0275528)
(-0.00785627,-0.0567714)
(0.0327963,0.0322604)
(0.48019,-0.195826)
(0.104054,0.0110164)
(0.287451,-0.111135)
(0.0296233,-0.0192365)
(-0.0291003,0.00430582)
(-0.060597,-0.00877648)
(0.208014,-0.0324268)
(0.271713,-0.104738)
(0.00083558,0.0106171)
(-0.0110116,0.0115381)
(0.306827,-0.128887)
(-0.0251742,0.0154331)
(-0.0763856,-0.0303517)
(0.240399,-0.0977086)
(-0.0465506,0.0195558)
(-0.0126394,0.0225787)
(0.351115,-0.0822231)
(-0.0716318,-0.0776183)
(0.150641,0.00114737)
(0.209131,-0.0567902)
(0.0232684,0.0576568)
(0.222981,0.0157149)
(0.0749934,-0.0569144)
(0.0110367,-0.0509935)
(-0.0229271,0.0504926)
(-0.0798793,0.0322506)
(-0.0131738,-0.00226536)
(0.0663706,-0.0632466)
(0.031223,-0.0343373)
(0.0428274,0.0636085)
(-0.0490765,0.0667619)
(0.0621732,0.0603215)
(-0.0370819,0.0146873)
(0.0862319,0.0796237)
(-0.0965914,0.0181732)
(-0.0244042,0.0386088)
(-0.0253456,0.0266659)
(-0.0258064,-0.0341035)
(-0.0327777,-0.0152058)
(0.30875,-0.081392)
(0.0109672,0.0820048)
(0.00315353,0.0462579)
(0.112629,-0.0660293)
(-0.139545,0.0507385)
(-0.0743297,0.0286545)
(0.541579,-0.0794186)
(-0.00732915,0.0130381)
(0.557965,-0.126325)
(-0.0373189,-0.0241852)
(0.0141949,0.0115472)
(0.193492,-0.101185)
(-0.0438987,-0.00123248)
(0.0195363,0.0151615)
(0.451644,-0.126408)
(-0.0379239,-0.0248231)
(0.0570962,0.0460967)
(0.00604852,0.00276523)
(0.0031005,0.0983771)
(0.145222,0.0470867)
(0.0322661,-0.0643701)
(0.120309,-0.0367536)
(0.0470543,-0.041272)
(-0.119282,-0.0482439)
(0.240883,-0.155961)
(0.0223798,0.0361372)
(0.302313,-0.142607)
(-0.0182866,-0.070434)
(-0.040286,-0.0212127)
(0.469891,-0.118691)
(-0.0743624,0.106914)
(0.00136305,0.0525688)
(-0.0280323,-0.0134639)
(0.379295,-0.0822397)
(0.0103554,-0.0185522)
(-0.0446901,-0.0513511)
(0.0601252,0.035815)
(0.00499894,0.0329812)
(0.0375005,0.0353421)
(0.0893667,0.0163703)
(-0.125832,0.0156341)
(0.0273008,-0.00388944)
(-0.0414354,0.0271473)
(0.0871204,-0.0445749)
(-0.0776643,0.0353014)
(0.0036241,0.0485646)
(0.0780366,0.0267378)
(0.068544,0.0434073)
(0.0562251,-0.074868)
(-0.0427536,-0.0723174)
(0.0207351,-0.0922238)
(0.0219865,-0.0153765)
(0.00876911,-0.0443736)
(-0.0121571,0.0146911)
(0.0491892,0.0176072)
(0.0594255,0.0160933)
(0.0330997,0.0782149)
(0.00993474,0.0144633)
(0.0199966,0.0284081)
(-0.0185501,-0.0802569)
(-0.0623555,-0.115852)
(-0.0765793,-0.119451)
(-0.0438258,-0.0622828)
(0.0146294,-0.0130816)
(0.0202979,-0.0183276)
(0.018255,-0.00354371)
(0.454615,-0.113258)
(-0.0690556,0.00292682)
(0.0280165,0.00941518)
(0.000103128,0.00185915)
(0.411547,-0.0738084)
(0.030361,-0.00744123)
(0.0227461,-0.0307589)
(-0.0117282,-0.024619)
(0.011766,-0.000268361)
(0.0139794,-0.0176603)
(-0.0131816,-0.044312)
(0.0503083,-0.00815293)
(0.385212,-0.0881511)
(0.0299308,-0.0259396)
(-0.111008,-0.0373652)
(0.618119,-0.140101)
(0.0145978,0.008491)
(-0.00233054,0.0140215)
(0.0308249,-0.0580601)
(0.447202,-0.0820608)
(0.0564434,0.0314897)
(-0.0607757,-0.0586408)
(-0.00961309,-0.0632656)
(-0.120456,-0.0120647)
(-0.000508764,-0.0199419)
(-0.0810758,-0.0823813)
(-0.0072671,-0.0521922)
(-0.0156606,0.038092)
(0.00514728,-0.0378303)
(0.00282568,-0.0619473)
(0.00787011,-0.0490739)
(0.437955,-0.0492936)
(0.0550865,0.0104035)
(-0.0435081,0.0466529)
(-0.0390708,-0.0168658)
(0.00456944,0.00146907)
(0.00460235,-0.0637667)
(-0.0244817,0.0618751)
(-0.0200798,-0.0617797)
(-0.00531485,0.000906392)
(0.00529494,-0.0779792)
(0.00363097,0.0394208)
(0.0154539,0.0736711)
(0.415803,-0.098095)
(-0.0108716,0.0135295)
(0.00145838,0.00396987)
(-0.0114101,0.0766132)
(0.0208106,-0.0303134)
(-0.0618094,0.105963)
(-0.0138014,0.00497211)
(0.147598,-0.167459)
(0.206612,-0.105598)
(0.1498,-0.150383)
(0.0134181,0.008088)
(-0.0116655,0.0244628)
(0.60716,-0.165798)
(0.345496,-0.131749)
(-0.0138125,0.0207342)
(0.405375,-0.079933)
(0.478701,-0.0464815)
(0.19926,-0.107594)
(0.0529671,-0.0147133)
(0.0417771,-0.0196259)
(0.033628,0.0461178)
(0.0844264,-0.00478152)
(-0.00815917,0.0376259)
(0.00891384,0.0581543)
(-0.0905644,-0.00181666)
(0.0783646,0.00276236)
(-0.0930464,0.023279)
(-0.023151,-0.0471772)
(0.0477702,-0.0219956)
(0.478833,-0.135377)
(-0.0449062,0.0428468)
(0.00571722,-0.0154971)
(-0.049155,0.0165733)
(0.540657,-0.0925634)
(-0.0410014,0.085348)
(-0.00897314,0.00575563)
(0.543223,-0.167775)
(0.512505,-0.0813238)
(-0.0274778,0.0259026)
(0.34537,-0.076852)
(-0.000820255,0.0605236)
(-0.0398054,0.0954667)
(0.470381,0.019972)
(0.264844,-0.0833963)
(0.398135,-0.104639)
(0.478258,-0.0474492)
(0.0379504,-0.0068708)
(0.754824,-0.0286449)
(-0.0427182,0.0128567)
(-0.0213169,0.0832642)
(0.0620429,0.00328292)
(0.163389,-0.0502518)
(-0.0423695,0.0576164)
(0.0973638,-0.0648317)
(0.014918,-0.0046066)
(0.0258453,0.000545731)
(0.0315626,-0.0104029)
(0.0173557,0.00488003)
(0.0598924,-0.00527158)
(-0.0166641,0.0414302)
(0.0704569,0.047831)
(0.107506,-0.0470232)
(-0.0888277,0.0028925)
(0.0279751,-0.0613213)
(0.0357501,0.0421028)
(0.0313873,0.04212)
(0.0125268,0.0120499)
(0.462808,-0.07599)
(-0.0541732,0.114679)
(0.0216187,0.00779851)
(-0.00363186,-0.0165547)
(0.00625437,0.0308025)
(0.0498736,0.0105216)
(0.0149792,0.0325666)
(-0.0366809,-0.0962195)
(-0.0316074,-0.0266763)
(0.550757,-0.0937214)
(-0.024897,0.0113275)
(0.333211,-0.0393671)
(-0.000749499,0.018625)
(0.0462834,0.0371305)
(0.00813941,0.0105781)
(0.113772,-0.0305559)
(-0.0223527,-0.0410176)
(0.033978,-0.102224)
(0.0373165,-0.0326241)
(0.0232135,-0.0430863)
(0.041737,0.0269679)
(0.0271529,-0.03189)
(0.0624065,0.00763009)
(0.0328508,0.0416649)
(0.479448,-0.132782)
(0.27491,-0.0552805)
(-0.0134912,-0.0325452)
(0.0386545,-0.0388351)
(0.0359048,-0.0267292)
(0.0599565,-0.0474099)
(0.454955,-0.158372)
(0.0501729,0.0500384)
(0.090148,0.0260757)
(0.0811542,0.0602747)
(0.0740295,0.0147315)
(0.325366,-0.166783)
(0.0738294,0.0272492)
(-0.0388498,0.000246723)
(-0.0239075,0.00107048)
(-0.0149985,0.0183142)
(0.502348,-0.0741377)
(0.0344484,-0.0239663)
(-0.0188164,-0.00587227)
(0.047996,0.0780162)
(0.0278183,0.0150407)
(0.0438204,-0.00235712)
(0.47333,-0.0953011)
(0.397492,-0.134374)
(0.658357,-0.0836944)
(0.033678,-0.0604317)
(0.0495267,-0.0172044)
(0.484776,-0.0580608)
(0.0448134,-0.0356724)
(0.090311,-0.0854805)
(0.277073,-0.212484)
(-0.0610765,-0.059724)
(-0.0582339,-0.00332527)
(-0.0507578,-0.0314562)
(-0.0679479,0.0400624)
(-0.0176623,0.0217022)
(0.143128,-0.0553527)
(0.162885,-0.115728)
(0.278404,-0.14161)
(0.271304,-0.0448927)
(0.624892,-0.169744)
(-0.00238164,-0.0334942)
(-0.0809199,0.0137309)
(-0.0304508,0.00466318)
(0.0940082,0.0945841)
(0.547514,-0.0730269)
(0.540899,-0.139805)
(0.0102637,-0.0119121)
(-0.0363864,-0.0543011)
(0.00513021,-0.0454716)
(0.571883,-0.180457)
(-0.0118688,0.0864482)
(0.06816,0.0359297)
(-0.0559602,-0.00540514)
(0.598083,-0.0828891)
(0.0645064,0.0479414)
(-0.0536442,0.0683111)
(0.544015,-0.112664)
(0.512925,-0.121817)
(-0.0192417,0.0627683)
(-0.00815841,0.0333686)
(-0.0437078,-0.0440922)
(0.0128153,-0.0273356)
(0.0215302,-0.0525177)
(-0.00290784,0.0140534)
(0.0258657,-0.0309198)
(0.481852,-0.146682)
(0.684125,-0.0251023)
(0.598575,-0.119314)
(0.532862,-0.0600301)
(0.450117,-0.102709)
(0.176174,-0.104248)
(0.289055,-0.028009)
(0.185103,-0.0627303)
(0.187005,-0.0945525)
(-0.0216554,-0.0279592)
(0.0182058,-0.0586858)
(0.280766,-0.049382)
(0.533971,-0.146746)
(0.524097,-0.124166)
(0.430508,-0.0619759)
(0.520769,-0.13606)
(0.00783629,0.0555115)
(0.540014,-0.0710684)
(-0.0550728,0.085485)
(0.0103805,-0.0114183)
(-0.00495258,-0.0419192)
(-0.0265922,0.0703192)
(-0.0411533,-0.0285347)
(-0.00258204,-0.0575542)
(-0.0292864,0.011548)
(0.0321194,-0.0185888)
(0.0256067,0.0803784)
(0.401986,-0.0977021)
(-0.000287197,-0.0443553)
(0.499601,-0.206105)
(0.45661,-0.0213051)
(0.467956,-0.165757)
(-0.0303103,-0.00951061)
(0.0685303,0.0896633)
(-0.0395714,-0.00332777)
(0.552563,-0.10334)
(-0.0166961,-0.0825541)
(0.0237853,-0.00667322)
(0.319056,-0.131082)
(0.257527,-0.13274)
(0.518742,-0.0940096)
(0.373057,-0.0500994)
(0.59297,-0.243311)
(0.477633,0.0531159)
(-0.012852,-0.0720191)
(-0.0173639,-0.0699629)
(0.00207831,0.0204657)
(0.0344893,0.0818483)
(0.0255373,0.0909382)
(-0.0188695,-0.0243195)
(0.0286863,-0.00127201)
(0.3137,-0.117766)
(0.185598,-0.0351939)
(-0.0218084,-0.000357146)
(0.194958,-0.0316845)
(0.00344005,-0.0320494)
(0.505972,-0.113024)
(0.519061,-0.0179433)
(-0.0527483,0.0346843)
(0.0654047,0.0498301)
(0.0797671,0.0337182)
(0.0564002,-0.0546741)
(0.462939,-0.229215)
(-0.00304269,-0.0648606)
(0.165987,-0.109841)
(-0.0474844,0.0859575)
(0.288583,-0.120867)
(0.0125794,0.0576008)
(0.326481,-0.0518909)
(0.00599089,0.0394028)
(0.0298028,0.0382606)
(0.0193273,-0.0131259)
(0.0103809,0.00823883)
(0.481914,-0.0675358)
(-0.0148279,0.0158355)
(0.487765,-0.115056)
(0.463444,-0.0814241)
(-0.0330157,0.017781)
(0.476923,-0.042964)
(0.588993,-0.0106305)
(0.543035,0.0160866)
(0.0237428,9.0268e-05)
(0.492735,-0.141124)
(-0.0693958,0.0500015)
(-0.0572188,0.0385312)
(-0.0305829,0.0733741)
(-0.043228,0.00794208)
(-0.0406884,0.070486)
(-0.0414248,0.000234973)
(-0.0521556,0.0259184)
(0.71518,-0.0121061)
(-0.0562398,0.0073397)
(0.113883,-0.0303862)
(0.422012,-0.129529)
(0.452533,-0.113177)
(0.000224895,0.0153822)
(0.0475692,-0.0161511)
(-0.0127064,0.00137202)
(0.397753,-0.153456)
(-0.0433653,0.00661436)
(0.484721,-0.225531)
(0.370508,-0.105916)
(-0.0692,-0.0205102)
(-0.0262412,-0.0185366)
(0.524757,-0.0225543)
(-0.0763206,-0.0212918)
(-0.00427198,-0.0144128)
(-0.0327704,0.0591734)
(0.453509,-0.111972)
(0.453132,-0.0992816)
(0.223276,-0.14422)
(0.447945,-0.141767)
(0.48317,-0.0662556)
(0.0940242,-0.00941928)
(0.504529,-0.099928)
(0.604625,-0.0141638)
(0.0377969,-0.10505)
(0.509611,-0.0315005)
(0.0403483,0.079221)
(0.498379,-0.0765501)
(0.0828819,0.018441)
(0.00749642,0.04607)
(-0.0170081,-0.0126597)
(0.0557677,0.0335496)
(0.00831495,0.0881026)
(0.0670779,0.101928)
(0.0286069,0.0727258)
(0.052497,0.0254807)
(0.129493,-0.0689046)
(0.0297345,0.013035)
(-0.0305058,-0.0134101)
(0.0247829,0.0391491)
(0.00397748,0.00587063)
(0.00545934,0.0324492)
(0.0236397,0.00928429)
(0.0293479,0.0629193)
(0.127793,-0.100582)
(0.00352992,-0.00984065)
(0.0476868,-0.0313088)
(0.616849,-0.0692244)
(0.38325,-0.173683)
(-0.0204925,0.0230968)
(0.0862648,0.150767)
(0.0139502,0.126595)
(0.142435,0.0284231)
(-0.0372663,-0.0171352)
(0.0990317,-0.00592791)
(0.223621,-0.0930701)
(0.641548,-0.141585)
(0.567978,-0.129808)
(0.0209665,0.0644351)
(0.0766265,-0.0518529)
(0.543691,-0.137867)
(0.0408093,0.0621694)
(0.0480072,0.0334818)
(0.0822397,-0.0132617)
(0.50612,-0.0265509)
(0.080573,-0.058308)
(0.235146,-0.158984)
(0.00880538,0.00274586)
(0.131032,-0.12666)
(0.179982,-0.0675898)
(0.280577,-0.0553888)
(0.334544,-0.101299)
(0.0672765,0.0451121)
(-0.0427369,0.0703658)
(0.377331,-0.125473)
(-0.0508767,0.0915686)
(0.0138478,-0.00218871)
(0.0355493,-0.0362472)
(0.484546,-0.174171)
(0.0115174,-0.0294665)
(0.420807,-0.11971)
(0.0265893,-0.00725479)
(-0.0127389,0.0247439)
(-0.0079136,-0.0255719)
(-0.0101997,0.0442308)
(-0.0243211,0.00848423)
(0.00253635,0.0297753)
(0.0250836,0.0252102)
(-0.0227217,0.0168194)
(-0.0412904,0.0887004)
(0.528606,-0.115803)
(-0.0121006,-0.0110617)
(0.0514857,0.0328704)
(0.50982,-0.0545636)
(0.0938972,0.0204858)
(-0.00616526,0.037505)
(-0.00559857,0.0120301)
(0.00164827,0.0226868)
(-0.0635794,0.0679886)
(0.112583,-0.0846394)
(-0.0131196,0.072861)
(-0.0464259,-0.0463414)
(-0.0501144,-0.0855542)
(0.0450176,-0.0257763)
(-0.0483162,-0.0381308)
(0.479315,-0.000640512)
(-0.0440081,0.0697911)
(0.63192,-0.125907)
(0.36569,-0.143605)
(0.491646,0.00919408)
(-0.0422811,-0.00417206)
(0.379036,-0.00543827)
(0.391011,-0.154664)
(0.367584,-0.0583756)
(-0.0648108,0.0466291)
(0.00823665,0.056957)
(-0.0859865,0.0580552)
(-0.014155,0.0173904)
(0.577824,-0.189597)
(0.568641,-0.122316)
(-0.0597819,0.0067097)
(-0.0340221,-0.00353209)
(0.00877583,0.0114403)
(0.0473264,-0.0048722)
(0.331064,-0.0755052)
(0.04718,-0.00868359)
(0.0331836,0.03157)
(0.0170331,0.0259632)
(0.0712108,0.00245131)
(0.37534,-0.0748662)
(-0.0699847,-0.0961075)
(0.455934,-0.0331974)
(0.0246187,-0.00158771)
(0.0605516,0.0822173)
(0.0978445,0.0461711)
(0.654614,-0.157573)
(0.0133484,0.00536708)
(0.290069,-0.110377)
(0.54012,-0.125851)
(-0.0440948,-0.00988844)
(0.00208805,0.0266637)
(0.12776,-0.0850717)
(-0.0204235,0.0812428)
(-0.0895498,0.0238884)
(0.0438221,-0.126795)
(0.377241,-0.167335)
(0.251041,-0.188947)
(0.0722758,-0.0474054)
(0.0146275,0.00789362)
(0.0202983,-0.026376)
(-0.134509,0.0629458)
(0.0287959,0.015162)
(0.00107644,-0.0295268)
(0.420219,-0.0875496)
(0.536828,-0.087198)
(0.62528,-0.0616269)
(-0.0373708,-0.0379618)
(0.346906,-0.0650684)
(-0.0467071,0.0221626)
(0.0515357,0.00461152)
(0.050045,-0.00452689)
(-0.0244596,0.134519)
(-0.0196732,0.0266157)
(0.0620264,-0.0709033)
(0.257657,-0.0707427)
(0.573274,-0.103328)
(0.546103,-0.122765)
(0.129014,-0.0913326)
(0.529669,-0.151368)
(0.0431721,-0.161491)
(0.440218,-0.181603)
(0.480464,-0.0817132)
(-0.0189681,-0.0959929)
(0.469234,-0.126288)
(0.453653,-0.143946)
(0.541074,-0.146777)
(0.406897,-0.117775)
(0.524861,-0.0809246)
(0.136708,-0.0609135)
(0.281553,-0.134504)
(0.21847,-0.0500424)
(0.437529,-0.0694711)
(0.023666,-0.0566325)
(0.52325,-0.0503576)
(0.346446,-0.156718)
(0.0207985,0.00104623)
(-0.067159,0.00536928)
(-0.0923525,0.0754566)
(-0.0631446,-0.07649)
(0.431587,-0.164587)
(-0.0219679,0.0293354)
(0.467417,-0.145794)
(-0.0175146,0.023467)
(0.244996,-0.0445438)
(-0.0127095,-0.0484904)
(-0.0252127,-0.045746)
(0.44025,-0.125077)
(0.0297627,0.104551)
(0.0843604,-0.0539852)
(0.530572,-0.144285)
(0.0326432,-0.0358269)
(-0.0105724,-0.0449686)
(-0.0609181,0.043465)
(-0.0701399,-0.0250265)
(-0.0516024,0.0416204)
(-0.00631022,0.00522153)
(0.572276,-0.142098)
(0.570448,-0.162795)
(0.452378,-0.0968178)
(-0.032894,-0.0793853)
(0.0124119,0.0468383)
(0.35427,-0.201696)
(0.00116571,0.0293295)
(0.00711937,-0.013955)
(0.0191954,-0.0502648)
(-0.0377655,-0.0532323)
(0.56118,-0.129162)
(0.442279,-0.0399954)
(0.515166,-0.106854)
(0.4247,-0.0473572)
(0.396036,-0.0852181)
(-0.0910493,-0.0406394)
(0.414484,-0.0483811)
(0.303372,-0.115782)
(-0.0583969,-0.108375)
(0.375898,-0.0774062)
(0.503969,-0.103482)
(0.0107025,-0.0638203)
(0.0030517,0.0856382)
(0.542452,-0.119528)
(0.026342,0.00316329)
(0.0665309,-0.0210095)
(0.421737,-0.13206)
(0.0553272,0.00139934)
(-0.0284342,-0.0490881)
(0.0517345,0.034579)
(0.0776089,-0.0353717)
(0.499921,-0.0713744)
(-0.0256053,0.048455)
(-0.0844033,0.10228)
(0.00636531,0.0341905)
(0.384637,-0.0703606)
(-0.029273,0.051921)
(0.00215702,0.0166553)
(-0.0480219,0.0691083)
(0.0820123,-0.0427911)
(-0.0348884,-0.0838436)
(0.0296718,0.00929513)
(0.113909,0.0348415)
(0.101668,0.0194585)
(0.00994088,0.067437)
(0.0702757,0.0740148)
(0.0959243,0.0772221)
(0.513823,-0.0799175)
(-0.0771322,0.0319905)
(0.535587,0.00222972)
(-0.0116344,0.00129567)
(-0.0456861,-0.0705374)
(0.190545,-0.119327)
(0.53304,-0.139362)
(0.331431,-0.112242)
(-0.0878202,0.0524132)
(-0.0113913,-0.0307633)
(0.0571525,-0.0199462)
(0.0270542,-0.0390985)
(0.0120052,-0.000627832)
(-0.0217871,0.0138406)
(-0.047633,-0.0290298)
(0.0194993,0.0168777)
(-0.0578351,-0.0198909)
(0.0173147,0.0519896)
(0.0248831,-0.0373872)
(0.386965,0.0555062)
(-0.00168066,0.0552414)
(0.0534518,0.00515829)
(0.022128,0.0217512)
(0.0259616,0.0271864)
(0.187667,-0.0546717)
(0.117723,-0.0708555)
(-0.0056858,0.0417527)
(0.106769,-0.10356)
(0.524826,-0.0571427)
(-0.0524352,-0.122164)
(0.445213,-0.0709988)
(0.00150013,-0.171785)
(-0.00926063,0.0345387)
(0.103149,-0.0312087)
(0.0517298,-0.0811481)
(0.0859766,-0.0376465)
(-0.0441439,-0.0208594)
(0.0172817,-0.00932)
(-0.0403988,-0.0475548)
(-0.0418035,0.0431892)
(0.00609223,-0.00904875)
(0.3417,-0.15018)
(0.354113,-0.133291)
(0.0415367,0.00902799)
(0.15233,-0.0314283)
(0.17352,-0.0252501)
(0.591093,-0.0967523)
(0.0251441,0.010057)
(0.130057,-0.0244004)
(0.504318,-0.151163)
(0.146116,0.000499272)
(0.113351,-0.10317)
(-0.0320317,-0.0228479)
(-0.00460001,-0.0556373)
(0.101443,-0.0513491)
(-0.0410033,-0.00447567)
(0.431371,-0.0591003)
(0.379776,-0.122473)
(0.0121349,0.00265135)
(0.0439671,0.011222)
(0.16912,-0.0920158)
(0.0513635,-0.0460888)
(0.131156,-0.0553018)
(-0.0119927,0.0439855)
