1620
(-0.0245941,-0.126534)
(-0.0194363,0.0381435)
(0.0568619,0.0599145)
(0.0130878,-0.147995)
(-0.0130159,-0.0284341)
(-0.0312125,0.0423638)
(0.0438001,0.0569077)
(-0.0183756,-0.0165015)
(0.00212395,0.0165288)
(-0.00474411,0.0336385)
(-0.0509594,0.0395526)
(-0.00088116,0.0181968)
(0.0151258,-0.0420072)
(-0.0175902,0.0011082)
(-0.000185469,0.0510015)
(-0.035713,0.0244189)
(-0.0256428,-0.0871409)
(0.0156507,0.0309701)
(0.0169523,0.0211987)
(-0.00968724,0.0113727)
(-0.0194557,-0.0174094)
(0.00331182,0.0191353)
(-0.0620009,0.0115826)
(-0.0316654,-0.0483528)
(0.00426418,0.0352969)
(0.0316889,0.0143596)
(-0.0274835,0.0126655)
(0.0749821,-0.0778779)
(-0.0325207,-0.00785597)
(0.0640123,-0.0197063)
(0.0415758,0.0709884)
(0.040752,-0.0168762)
(0.00159732,0.0475456)
(-0.0916886,0.0366606)
(0.0565451,0.0299256)
(0.0125101,0.0641017)
(0.0624164,-0.00715893)
(-0.0109027,0.0302247)
(-0.0457822,0.00181858)
(0.0428822,0.00779336)
(0.0334631,-0.0788969)
(0.0793925,0.0140628)
(0.0574178,0.0215385)
(0.129442,0.00113008)
(-0.0365195,0.065402)
(0.129834,-0.0199696)
(0.0989614,-0.0275378)
(-0.0207099,-0.00335053)
(0.0529341,-0.0594462)
(-0.0144762,-0.025445)
(0.04186,0.00412296)
(0.0904322,-0.0268829)
(0.0144355,0.0136143)
(0.0208582,-0.00336817)
(-0.0103784,0.0251089)
(-0.0266361,0.0260651)
(0.0495812,0.0279568)
(0.0471945,0.0623326)
(-0.0153739,-0.0448142)
(0.0490597,-0.0313495)
(-0.0377625,-0.0153988)
(0.172919,-0.0711322)
(-0.0108467,0.00326367)
(0.394867,-0.0825428)
(-0.0206826,-0.00121182)
(-0.0104841,0.0381887)
(0.000169158,-0.00670162)
(0.0269766,0.0143255)
(0.0252453,0.137786)
(-0.038642,-0.0687148)
(0.00909001,0.0591572)
(0.00549703,0.0512431)
(-0.0241084,0.0712712)
(-0.0413663,0.0285942)
(-0.000322655,-0.0106912)
(-0.088851,0.0607434)
(0.00865207,-0.0420209)
(0.0102352,-0.0495923)
(-0.0205335,0.0101617)
(0.0796999,-0.0419069)
(-0.0111886,-0.0673245)
(-0.000164682,0.00820718)
(0.025992,-0.0686942)
(0.0299098,-0.0212287)
(0.0407018,0.0234565)
(0.0191555,0.0202515)
(-0.0333852,-0.0370849)
(-0.0369615,0.0117833)
(0.079162,0.0240567)
(0.0286615,-0.0144005)
(-0.109991,-0.0195277)
(-0.0218236,0.0212298)
(0.458998,-0.0709101)
(0.0151774,0.109307)
(-0.0175484,0.0709654)
(0.57211,-0.0163296)
(-0.0589645,0.0612874)
(0.441948,-0.1442)
(-0.0104005,-0.097654)
(-0.0479524,-0.0878217)
(0.061487,0.00630155)
(-0.0745974,-0.015534)
(0.0448748,-0.0808218)
(-0.00629139,-0.0434308)
(-0.0227628,-0.114851)
(0.442016,-0.0904655)
(0.023341,0.0651358)
(-0.072313,-0.00794109)
(0.0113719,0.0214427)
(0.0401746,0.0564439)
(0.00443742,0.0311961)
(0.705473,-0.144973)
(0.365958,-0.0351071)
(-0.00941104,-0.0128161)
(0.471565,-0.0478861)
(0.0204649,0.102837)
(0.00521112,0.0813506)
(0.637353,-0.0983029)
(0.0058924,0.0143065)
(0.481539,-0.0723167)
(0.428795,-0.0650357)
(0.0228461,0.0483668)
(0.391173,-0.0690146)
(0.279337,-0.11936)
(0.279552,-0.0775747)
(0.00973767,-0.0277483)
(0.0513117,-0.0221336)
(0.00223122,0.048178)
(0.352972,-0.126512)
(0.0788562,0.045874)
(0.116512,0.0747357)
(0.0144425,-0.0109401)
(-0.00526425,-0.0489264)
(-0.000856105,0.0205374)
(-0.00167009,0.0151485)
(0.0206187,0.0192287)
(-0.0528289,0.00769693)
(0.00337897,0.0306344)
(0.382664,-0.089891)
(0.0174749,-0.00857565)
(0.00747951,0.0529893)
(-0.0124323,0.0541449)
(0.0164145,-0.016496)
(0.0459774,-0.0634458)
(0.089918,-0.0848626)
(0.0255425,-0.0922195)
(0.0127667,-0.000815081)
(0.429527,-0.0849875)
(0.486078,-0.110457)
(-0.0620909,0.0009112)
(0.484118,-0.149103)
(0.200119,-0.0663049)
(0.54118,-0.0401774)
(0.46967,-0.102806)
(0.475065,-0.0775138)
(-0.0405432,0.0168847)
(0.0764616,0.0490236)
(0.411646,-0.148993)
(0.37617,-0.0094414)
(-0.0157527,0.00406312)
(-0.0293604,0.0321434)
(0.00326816,0.0359866)
(0.0109704,0.0422256)
(-0.0393796,-0.0189854)
(-0.0112662,0.0278268)
(-0.045048,-0.0295942)
(0.0186963,-0.0422246)
(-0.00738781,-0.0505159)
(0.0382419,0.0299849)
(-0.0197398,0.0842314)
(0.0426379,-0.0133853)
(0.0575025,0.00366047)
(0.417261,-0.166013)
(0.383935,-0.118028)
(0.565612,-0.129313)
(0.497292,-0.0804738)
(0.0632966,-0.0940651)
(0.147476,-0.0265204)
(-0.0858861,-0.0653147)
(-0.111832,0.0537084)
(-0.0568949,-0.0527507)
(0.0372839,0.0479668)
(0.0113747,0.0117933)
(0.0123124,0.0452091)
(0.0120045,0.0341419)
(0.000908753,0.0324259)
(0.0343416,0.0151965)
(0.0590583,-0.0981387)
(0.000672144,-0.0262998)
(0.413835,-0.151379)
(0.482509,-0.0789371)
(0.375771,-0.0887201)
(0.583513,-0.119101)
(-0.0415083,-0.0453757)
(-0.0449047,-0.0371409)
(0.0470274,0.0516118)
(0.0422778,0.034155)
(-0.0387897,0.0482611)
(-0.0485818,-0.0581353)
(-0.00639932,0.0108027)
(0.0190077,-0.123165)
(0.0757476,-0.0998475)
(-0.0443554,-0.0455966)
(-0.0626276,-0.0194061)
(-0.0105552,-0.0116745)
(-0.0471159,0.0264281)
(0.464572,-0.0979057)
(0.483063,-0.0336784)
(-0.0907099,0.0190392)
(0.382724,-0.0982364)
(-0.0356764,-0.0090463)
(0.410622,-0.0877523)
(0.406474,-0.090464)
(-0.079584,0.0122868)
(-0.0552073,0.0349904)
(0.0933856,0.0725863)
(0.0790438,0.00297727)
(0.451477,-0.113965)
(0.571053,-0.1407)
(-0.0142301,-0.0452259)
(-0.000528226,-0.0149347)
(-0.0352403,0.00959831)
(0.042501,0.0696904)
(0.703991,-0.169404)
(-0.0517577,-0.0520373)
(-0.073926,-0.0727071)
(0.4127,-0.160252)
(-0.0359941,0.0614413)
(-0.0184542,0.0361759)
(-0.0730441,-0.0355288)
(-0.020407,0.0102958)
(0.482617,-0.130855)
(0.466835,-0.180991)
(0.545514,-0.0522581)
(0.489459,-0.0561317)
(-0.0451126,0.030289)
(-0.0235281,-0.0473913)
(-0.0123039,-0.0262615)
(0.183619,-0.0613674)
(0.00369526,0.0249501)
(0.0700365,-0.0141701)
(-0.00468185,-0.0509184)
(-0.0116293,0.0702624)
(-0.0173573,0.0748271)
(-0.00502598,-0.0579244)
(-0.0332046,0.0228464)
(0.0785208,-0.00203337)
(-0.00305916,-0.0356815)
(0.0304533,0.00936784)
(-0.0391463,0.0269227)
(-0.046524,-0.0254665)
(-0.0271882,0.0192127)
(-0.055218,-0.0190022)
(-0.0508906,-0.0416404)
(-0.0381453,0.0198101)
(0.0318567,-0.0557093)
(0.0525267,-0.0105472)
(0.00715774,-0.0057682)
(0.0393067,0.000372288)
(-0.0247367,-0.0950829)
(0.0622431,-0.1106)
(-0.0243794,0.0130142)
(0.00750885,0.010953)
(-0.0475524,-0.0250016)
(0.526757,-0.0768249)
(-0.0523426,-0.057465)
(-0.0837903,-0.097793)
(-0.0202433,-0.0241337)
(0.0230689,-0.0086003)
(0.0550828,0.0285841)
(-0.0126476,0.0194692)
(0.0225938,-0.00661491)
(-0.0654502,-0.0178048)
(-0.047212,0.051052)
(0.0125117,0.00290497)
(0.500073,0.00835257)
(-0.000198148,0.0580699)
(-0.037441,-0.0111627)
(0.0627376,0.0611663)
(0.0126973,-0.00128055)
(0.0240848,0.0330175)
(0.0344075,0.0587254)
(0.0148764,-0.0394147)
(-0.00656847,-0.065396)
(0.106135,0.0544287)
(0.0409438,0.0264003)
(0.0239806,0.00880251)
(-0.0725134,0.00246229)
(0.0589634,0.0176149)
(0.100178,0.0229893)
(-0.0073751,0.0588634)
(0.0143842,-0.0332116)
(-0.0784472,0.012463)
(-0.0539569,-0.00974857)
(-0.0346057,0.00745519)
(-0.0448907,0.0392348)
(0.0523134,-0.0450103)
(0.00302113,0.0293765)
(-0.0565063,-0.028613)
(-0.0497369,0.00364274)
(0.0115887,0.0366173)
(-0.0931017,0.0239349)
(-0.0348177,-0.0215308)
(-0.0296848,0.000556222)
(-0.0364985,0.00909185)
(0.0098781,-0.0439976)
(0.0643337,0.0321099)
(0.375166,-0.130376)
(0.00184996,0.014249)
(-0.00838802,0.0241941)
(-0.0414513,-0.0205091)
(-0.0681283,-0.0615594)
(-0.117214,-0.0702783)
(-0.0610632,-0.0342741)
(-0.0408362,-0.0373054)
(-0.0610292,-0.0168679)
(0.0280223,-0.0854384)
(-0.0590807,-0.0854188)
(-0.054158,-0.0369051)
(0.438888,-0.210161)
(-0.00675749,-0.0271188)
(-0.0286513,0.019661)
(0.0102278,-0.0216035)
(0.0014576,-0.023209)
(-0.0222145,-0.0124787)
(0.000274255,0.0194753)
(0.0827313,-0.0689323)
(0.0101444,-0.00160287)
(0.0132729,0.0597503)
(-0.0294671,-0.049731)
(0.0275371,-0.00646767)
(-0.0207781,-0.0182144)
(-0.0483113,-0.00999383)
(0.0427101,-0.0387689)
(-0.0265733,-0.076174)
(0.470738,0.0115638)
(0.0359212,-0.0330838)
(0.0688817,0.0561564)
(-0.0976823,-0.0628222)
(0.054885,-0.0350386)
(0.0350407,-0.0439783)
(-0.0566516,-0.0630106)
(0.0742015,0.0453301)
(-0.0167219,0.00555406)
(-0.0180276,-0.00933464)
(0.0453297,0.0521623)
(0.0410849,0.041089)
(0.0124242,0.105942)
(-0.0143802,0.0106723)
(0.150942,-0.0217928)
(0.397036,-0.10112)
(0.457163,-0.10623)
(0.0956088,-0.046036)
(-0.00153695,0.0150506)
(0.414937,-0.121082)
(-0.0820564,0.102651)
(0.0563846,-0.0386804)
(-0.0329642,0.00224301)
(-0.0461507,-0.0114583)
(-0.00582833,-0.0071683)
(0.260913,-0.111051)
(0.112766,-0.0655534)
(0.029834,0.0434775)
(-0.0268932,0.0101213)
(-0.0294811,0.00815943)
(0.0254387,0.0285802)
(0.452711,-0.174014)
(-0.0456733,-0.055741)
(-0.0391528,-0.00656462)
(-0.00723489,0.0182056)
(-0.0036165,0.0681452)
(-0.00630001,-0.0512932)
(-0.0176984,-0.0256552)
(0.000960445,0.0800222)
(0.459826,-0.106942)
(0.415132,-0.0763633)
(0.0268973,-0.0311703)
(0.0135729,-0.0813783)
(0.0221433,0.0396047)
(0.0680854,0.0372548)
(-0.0122748,0.0360367)
(0.141722,-0.0254957)
(0.357837,-0.103983)
(-0.0427178,-0.0210091)
(0.0322492,-0.057688)
(-0.0285959,0.0191185)
(0.0604053,0.0106424)
(0.0380085,0.0892172)
(0.0139741,0.0226258)
(0.030194,-0.0376169)
(-0.0013121,-0.0790922)
(0.0386813,0.0158457)
(0.00963057,-0.0201295)
(-0.0397468,-0.0608672)
(0.0421135,0.0844108)
(0.0705336,0.0502452)
(-0.073434,-0.0241918)
(-0.0159685,-0.084076)
(0.0278887,0.0424734)
(0.047034,0.0117987)
(0.0450703,0.00837958)
(-0.0696351,0.0303432)
(-0.00678422,0.0494038)
(0.556823,-0.128509)
(-0.0498513,0.0136544)
(0.00518756,0.0187686)
(-0.0993326,-0.0921548)
(-0.117647,-0.0768471)
(-0.00432985,0.0199103)
(0.0196066,-0.00927846)
(-0.0584193,-0.0342217)
(0.0382,-0.0211893)
(0.0109531,0.0990219)
(0.0319831,-0.0219304)
(0.451587,-0.12494)
(0.0192488,0.103903)
(0.00544505,0.0347374)
(-0.0303772,0.0166257)
(0.0303224,0.00676653)
(0.0350844,0.0195602)
(-0.031707,-0.0516538)
(0.0306896,-0.0262456)
(0.0592598,-0.0457691)
(-0.0389056,-0.107635)
(-0.00568224,0.0273346)
(-0.0508201,0.0175538)
(0.418833,-0.0993286)
(-0.0632271,-0.0267436)
(0.00761461,0.0275521)
(0.0338968,0.0483506)
(-0.0622467,-0.0593634)
(-0.057929,-0.0201884)
(0.0215684,-0.00528677)
(0.0642773,0.0444568)
(0.0757608,0.0381613)
(0.0596328,0.0309543)
(-0.020917,-0.0604925)
(0.045467,0.0122958)
(-0.0737262,-0.0482968)
(-0.0313862,-0.074896)
(-0.00487769,0.000102338)
(-0.0232081,-0.0250643)
(0.0823036,-0.018302)
(0.000110327,0.00960388)
(-0.0298338,-0.029124)
(-0.00853748,-0.0692307)
(-0.049913,-0.0514069)
(0.0791624,-0.0423797)
(0.0302125,-0.00730725)
(0.205964,-0.13166)
(0.058797,0.0264719)
(-0.0264141,0.0842178)
(0.0232293,0.0655445)
(0.0272984,0.0140774)
(-0.0872212,0.0860342)
(0.00571315,-0.020634)
(0.0114746,0.0444169)
(-0.0442895,-0.0185086)
(0.0245636,0.0368881)
(0.0098671,-0.0242114)
(0.0162644,0.032267)
(-0.0561652,-0.0195938)
(0.0269902,0.00891612)
(0.0465273,0.0397119)
(-0.0487794,0.0226963)
(-0.0573926,-0.020765)
(-0.0776491,-0.0447301)
(0.0409692,-0.00679686)
(0.41514,-0.115288)
(-0.10447,0.00230395)
(0.574855,-0.113237)
(0.0281645,0.0626529)
(-0.0619123,0.0827505)
(-0.0157754,0.0859182)
(-0.00304818,0.00507012)
(0.0655357,0.0526362)
(0.0288917,-0.0517224)
(0.00891141,-0.00309836)
(0.000333811,-0.0134342)
(-0.0434929,0.0705222)
(-0.00431599,-0.0212863)
(0.440822,-0.120306)
(-0.0187798,-0.0302013)
(-0.0199255,-0.013716)
(0.0829233,0.032631)
(0.066212,-0.0262964)
(-0.0348948,-0.0348141)
(0.428838,-0.0574153)
(0.0440118,-0.024002)
(0.0192068,-0.05037)
(0.707967,-0.0791344)
(0.0422897,-0.0451356)
(-0.056184,0.0230452)
(-0.0252344,0.0302172)
(0.045351,-0.014593)
(0.395892,-0.0604302)
(0.515037,-0.172843)
(0.527434,-0.055395)
(0.450654,-0.0873704)
(-0.0414948,0.0135069)
(-0.067221,0.0228399)
(0.000251969,-0.00344626)
(0.00166741,-0.062044)
(-0.0199168,0.0323599)
(-0.0621847,-0.00344337)
(-0.0727327,-0.0258188)
(0.0817869,0.0314474)
(-0.0194662,0.0215353)
(-0.0329783,0.0823765)
(0.0104127,-0.0107441)
(0.0491389,0.0131437)
(0.0709535,0.0233164)
(0.0629566,0.029341)
(0.0784815,0.0451164)
(0.0396776,0.00739582)
(0.088835,-0.0385101)
(-0.00969866,0.00744937)
(-0.0357971,0.102647)
(-0.00482274,0.072826)
(-0.0121029,0.0111511)
(-0.0370109,0.0858643)
(-0.0437355,0.0142341)
(0.00267411,0.0251748)
(0.0276527,0.0661076)
(0.00560283,-0.0233156)
(0.0338201,0.0288886)
(-0.0209107,-0.038962)
(-0.0611949,-0.0411672)
(0.0686614,0.0546181)
(0.0467478,0.0165328)
(0.0260035,0.0657365)
(0.0436698,-0.0160127)
(0.432481,0.00427176)
(0.0351189,-0.00218532)
(0.540529,-0.119907)
(-0.0333629,0.0794728)
(0.0323716,0.00507378)
(-0.0496014,0.00864474)
(-0.0919632,0.069622)
(-0.00517264,0.0620028)
(-0.0464027,-0.00558914)
(0.015194,0.0520328)
(0.0312164,-0.0113342)
(0.0315083,-0.00770774)
(0.00414619,-0.005758)
(-0.00502646,-0.0588048)
(-0.0282785,0.0919733)
(0.0162373,-0.0462913)
(0.029121,0.0465178)
(-0.0572601,-0.0107465)
(-0.0505228,-0.0401199)
(0.054924,-0.05073)
(0.00317395,-0.092745)
(-0.0113552,0.0713832)
(0.0291886,0.0397023)
(0.0525051,-0.0213782)
(0.187883,-0.0822017)
(0.078143,0.0337893)
(-0.028277,-0.0420964)
(0.00689631,-0.036369)
(0.074532,-0.0274317)
(0.411183,-0.104186)
(0.00515247,0.0786341)
(-0.0301876,0.0832662)
(0.0305066,-0.0642743)
(-0.0633964,0.0761779)
(0.0529859,0.0372019)
(0.118955,-0.0325972)
(0.253631,-0.109811)
(0.34116,-0.190067)
(-0.0270294,0.0582802)
(-0.0111646,0.0409953)
(-0.0877131,0.0227655)
(0.193293,-0.121871)
(0.528991,-0.0717473)
(0.0611455,-0.00609711)
(-0.0618833,-0.052293)
(-0.0189078,0.0264025)
(-0.0781815,-0.0241143)
(-0.0284117,0.0506495)
(-0.0371037,0.0239031)
(-0.0159742,0.0349074)
(-0.00887378,-0.00662492)
(0.0402016,-0.00668349)
(0.0567787,0.0261611)
(0.495307,-0.106688)
(0.0390876,0.0127979)
(-0.0172068,-0.030032)
(0.0423923,0.0284951)
(0.00478403,-0.0355917)
(-0.0196104,-0.0425609)
(0.0412456,0.0072358)
(0.00812631,-0.0129083)
(0.257787,-0.162404)
(0.0317848,0.0946053)
(-0.0167668,0.00904669)
(0.0471747,0.0961529)
(0.0263199,-0.0260959)
(-0.0341301,0.0326134)
(-0.060627,-0.000471238)
(-0.0125535,0.0541898)
(0.269298,-0.0882284)
(0.670949,-0.0247381)
(-0.0665437,0.0560251)
(-0.0775002,-0.0011405)
(0.0161278,0.0256895)
(-0.0864292,0.0624575)
(-0.125751,-0.0196375)
(-0.132938,-0.0100274)
(0.028868,0.0561762)
(-0.0256229,-0.0197457)
(0.0264186,0.0157784)
(0.066029,-0.025997)
(0.0160034,-0.0186392)
(0.0325655,-0.00230506)
(-0.0910489,-0.014345)
(-0.0306077,0.0429276)
(-0.00146258,0.0632786)
(-0.040152,0.0242286)
(-0.0285922,0.0483658)
(0.0329439,-0.00622563)
(0.0954703,-0.0664809)
(0.0610081,0.0592849)
(0.0938495,0.0421964)
(-0.0610037,-0.0447413)
(-0.0579161,-0.0103058)
(-0.0450101,0.0120563)
(-0.0294786,0.0328025)
(0.00309873,0.0149968)
(0.0163201,0.000365701)
(-0.000695593,0.00444915)
(0.064935,-0.0216895)
(-0.0201416,-0.0492668)
(0.0198214,-0.0305002)
(0.0268265,0.015066)
(-0.0250108,0.0654199)
(0.0252749,0.0771755)
(-0.0191591,0.0332179)
(0.0494724,-0.003643)
(0.606826,-0.105921)
(0.0561329,0.0400387)
(-0.0348213,-0.0362774)
(0.00553207,-0.0251097)
(0.0633885,0.0940593)
(0.0250205,-0.0415113)
(0.0314457,-0.0288617)
(0.051226,0.0126652)
(0.0489258,-0.0550699)
(-0.00183562,-0.0680843)
(0.0357265,-0.0188129)
(-0.00413436,-0.0338032)
(0.0739829,-0.00303286)
(0.0721048,0.0329484)
(-0.0117879,0.000670169)
(0.0410439,-0.0264976)
(0.0343962,-0.0348454)
(-0.00447494,-0.034896)
(-0.0138312,-0.0393166)
(-0.0208653,-0.0321354)
(-0.0366623,0.0497002)
(0.00562448,0.00131773)
(-0.00918447,0.0202718)
(-0.0555337,0.000329817)
(-0.0234303,-0.0160912)
(-0.00927967,0.0255276)
(-0.0368964,-0.10401)
(0.0322954,-0.0924714)
(0.00589691,-0.0525275)
(0.0142211,-0.0373497)
(-0.0163626,-0.00679159)
(0.0637046,-0.04697)
(-0.0498159,0.0190033)
(0.024531,-0.0737002)
(0.076343,-0.0391188)
(0.0738185,-0.0892862)
(0.00962069,-0.0920279)
(-0.0466982,-0.130621)
(-0.0442198,-0.00450845)
(0.0592538,-0.0451449)
(0.0904526,-0.0250062)
(-0.0334983,0.0699311)
(-0.0643811,0.0320715)
(-0.0159368,0.0470958)
(-0.0147712,-0.0319642)
(0.00801539,0.00395605)
(-0.0180842,0.0744846)
(-0.0287276,0.0932477)
(0.0132195,0.0351251)
(-0.0821664,-0.031478)
(0.0127486,-0.0205214)
(0.050233,0.0212791)
(-0.0327053,-0.0857673)
(0.0158808,-0.0246607)
(0.468316,-0.0748807)
(0.0229266,-0.0648538)
(0.0433531,0.000429489)
(-0.00415374,0.0413836)
(-0.0103692,-0.0286519)
(0.0308645,0.0385846)
(0.0197253,0.0487119)
(0.0487188,0.0539399)
(0.0388814,0.019446)
(0.0555319,-0.0169794)
(0.0146469,-0.000189505)
(0.0279352,-0.00422939)
(0.0368014,-0.00999175)
(0.0356184,0.035656)
(-0.0492368,0.0697395)
(-0.0187942,0.0167787)
(0.0544797,0.0504267)
(0.0717712,0.021548)
(-0.0243807,0.0460554)
(0.0314961,0.0261532)
(-0.031683,0.00259621)
(0.0013733,-0.0723453)
(-0.0118575,-0.0498099)
(-0.0196315,-0.128116)
(0.090518,0.000647797)
(0.540297,-0.118906)
(0.471927,-0.0736418)
(0.00980023,0.126123)
(0.456462,-0.0503345)
(0.0610848,-0.071116)
(0.443214,-0.0619229)
(0.267318,-0.131191)
(-0.010397,0.0382644)
(0.503701,-0.138781)
(0.564537,-0.103897)
(0.546507,-0.0928193)
(-0.0182215,0.0592745)
(-0.0433328,0.0379836)
(-0.0404953,-0.000658832)
(-0.0542415,0.0157394)
(0.0306795,0.0541863)
(-0.0212551,0.0140609)
(-0.0305746,0.0337715)
(-0.04481,0.0210043)
(-0.0460526,0.00841565)
(0.00358159,-0.0607668)
(0.0300784,-0.00216083)
(0.0301522,-0.0390541)
(-0.0417668,0.0411827)
(-0.0370214,-0.00566822)
(0.0349909,0.0497518)
(-0.0262566,-0.0758612)
(-0.0515701,0.0742547)
(-0.0325207,0.0303867)
(0.0118956,0.0305056)
(0.0142405,-0.0247929)
(-0.0356927,-0.0821816)
(-0.00267161,0.031915)
(-0.0365774,-0.0361085)
(0.0201835,-0.0148731)
(-0.00133505,0.0203137)
(0.0266216,-0.00531268)
(0.0484867,0.0784234)
(-0.0230159,-0.00630611)
(0.00893508,0.0285283)
(-0.00962722,-0.0170844)
(0.0185269,0.034664)
(-0.0113284,-0.0249344)
(-0.0137898,-0.0218044)
(-0.0342416,-0.0399105)
(-0.0212777,-0.0164602)
(-0.0245059,-0.0780696)
(-0.000143262,0.0188595)
(0.539721,-0.25989)
(0.027809,-0.0328253)
(0.00110153,0.0149516)
(0.00284252,0.0103285)
(0.0110736,-0.00965106)
(0.0124914,0.060158)
(-0.0162044,0.048082)
(0.45337,-0.131368)
(0.641883,-0.184958)
(0.446613,-0.118488)
(-0.0234518,-0.0040415)
(0.41167,-0.0846414)
(-0.00699735,0.0220468)
(0.0849462,-0.0238206)
(0.0139656,0.0410283)
(0.0200539,0.00963954)
(0.193084,-0.0815792)
(0.0101963,0.0253925)
(-0.00300872,0.0466865)
(-0.0183657,0.0294313)
(0.115124,-0.0541772)
(0.0266006,-0.00284423)
(-0.117039,-0.0283231)
(0.444117,-0.0646515)
(0.00784454,-0.00234165)
(-0.0368476,0.0164648)
(-0.00410779,0.0183753)
(0.0264634,0.0391068)
(0.0223034,-0.0131146)
(0.00129269,0.0550441)
(0.0639298,-0.0616029)
(-0.00207223,0.0454695)
(0.0619416,0.0206522)
(0.192435,-0.0431546)
(0.0665728,0.0304812)
(0.0300022,0.00790878)
(-0.0513659,0.0569896)
(-0.0861418,0.0234427)
(0.0103603,0.0580362)
(0.0236354,-0.00378994)
(0.00398823,-0.0464514)
(-0.0465347,0.0332915)
(-0.00851281,-0.014326)
(0.00740589,-0.00888306)
(0.0114638,0.017316)
(-0.0153333,0.0478126)
(0.0530768,0.0499552)
(0.0243366,0.0525102)
(0.0206997,0.043116)
(0.0196345,-0.00900822)
(0.0377063,0.00760563)
(0.0175863,-0.109154)
(0.0259609,0.0343518)
(-0.0572462,-0.0209621)
(0.0389785,0.109647)
(-0.00073106,0.0443309)
(0.0264849,-0.127179)
(0.083678,0.0674966)
(0.00515034,0.0457074)
(0.0600956,-0.0904294)
(0.0114533,0.044857)
(-0.0442535,-0.0140203)
(-0.0268772,-0.0432524)
(-0.0140268,0.0499548)
(-0.0603286,-0.0280242)
(-0.0607316,-0.0202885)
(0.0571191,0.0462921)
(-0.0290873,-0.0271181)
(-0.092635,0.0739793)
(-0.0018326,0.00703045)
(0.0024533,0.0303422)
(-0.0258618,0.012873)
(0.0431636,-0.00219143)
(-0.00180865,0.0369767)
(0.125085,-0.0860454)
(0.083032,0.000710199)
(-0.0270836,-0.0689346)
(-0.0299979,0.0500132)
(-0.0526866,-0.0977916)
(-0.00659958,0.0927367)
(-0.0406222,0.0169045)
(0.0750503,0.0766726)
(0.0759413,0.0811417)
(0.00998751,-0.0319285)
(0.0232484,0.04361)
(-0.0492449,0.00806654)
(-0.0229501,0.0717215)
(0.0105819,0.00953323)
(-0.0460876,-0.0329182)
(0.0158468,-0.0864474)
(0.0866948,-0.0244601)
(0.0390994,0.0456662)
(0.0269409,0.0553805)
(-0.0482245,0.0459084)
(-0.0604731,-0.0250533)
(-0.00371299,-0.0345287)
(0.0457909,-0.00671713)
(0.0614352,-0.0405841)
(0.451881,-0.0967567)
(0.013119,0.00267162)
(-0.056941,-0.0476549)
(0.00494817,-0.0232059)
(-0.0385003,-0.0254576)
(0.00244158,-0.0556714)
(0.0448232,-0.0328119)
(-0.038809,0.0163285)
(0.0247588,-0.0484537)
(0.546774,-0.139267)
(0.0207479,-0.0981256)
(0.0490832,0.00291367)
(0.0562117,-0.0680084)
(0.520876,-0.129435)
(-0.0261363,-0.00704534)
(-0.0334918,-0.0129457)
(0.0392395,0.0141938)
(-0.0210592,-0.00848559)
(-0.0319144,-0.011837)
(0.0103563,-0.0220462)
(-0.0504856,-0.0211224)
(0.30507,-0.0741423)
(0.166946,-0.073708)
(0.0187209,-0.00189964)
(-0.0155219,0.0372323)
(-0.047752,-0.0613731)
(0.0456677,0.0643988)
(-0.0142021,-0.0802561)
(0.402238,-0.0453817)
(-0.0510179,-0.016768)
(-0.00612569,0.00273413)
(0.0077198,-0.00170796)
(0.0352327,3.21532e-05)
(0.0701992,-0.0216392)
(0.00948911,0.0035225)
(0.497609,-0.10579)
(-0.0152373,-0.0124471)
(0.503482,-0.0923651)
(-0.0556105,0.0702218)
(-0.0478505,-0.0023683)
(-0.0143725,-0.0550446)
(0.0342933,0.0392867)
(0.478408,-0.202632)
(0.105259,-0.00562322)
(0.279204,-0.126277)
(0.0297181,-0.00758359)
(-0.019869,0.00998139)
(-0.0589216,-0.00204946)
(0.208005,-0.0461204)
(0.250956,-0.0958621)
(-0.00616042,0.0189733)
(-0.00962311,0.00279396)
(0.305638,-0.128985)
(-0.0217087,0.022477)
(-0.0686649,-0.0278024)
(0.230758,-0.0956242)
(-0.0434379,0.0252124)
(-0.00230769,0.0196972)
(0.340425,-0.0689065)
(-0.0726076,-0.0549151)
(0.150933,0.000480828)
(0.205644,-0.0589773)
(0.014843,0.0647217)
(0.231522,0.013153)
(0.0659951,-0.0619239)
(0.0069417,-0.0564397)
(-0.0117158,0.0522144)
(-0.0648754,0.0415887)
(-0.0186947,0.00429128)
(0.0579719,-0.0557659)
(0.029481,-0.0404061)
(0.0444331,0.0530002)
(-0.0299216,0.0676873)
(0.0571484,0.0490235)
(-0.0363718,0.00674095)
(0.0804775,0.0613522)
(-0.100326,0.0226404)
(-0.0284457,0.0304209)
(-0.0255793,0.0224114)
(-0.0276642,-0.0352081)
(-0.0431831,-0.00704563)
(0.307546,-0.0766582)
(0.0163766,0.0727098)
(0.0128637,0.053907)
(0.11461,-0.0560673)
(-0.120937,0.0507014)
(-0.0727962,0.0406954)
(0.539223,-0.0779955)
(-0.00811963,0.0128344)
(0.552896,-0.130303)
(-0.0184813,-0.0226573)
(0.0129849,0.0272456)
(0.174186,-0.0994636)
(-0.0313811,-0.00266126)
(0.0231429,0.0253797)
(0.458143,-0.113531)
(-0.0315073,-0.0199278)
(0.067781,0.0441134)
(0.0105678,0.00103203)
(0.0151412,0.0813311)
(0.1277,0.0251396)
(0.035977,-0.0579657)
(0.0920621,-0.0505724)
(0.0450285,-0.0246165)
(-0.114155,-0.0458461)
(0.219045,-0.15819)
(0.022163,0.03964)
(0.288822,-0.153616)
(-0.0260497,-0.0651164)
(-0.0454389,-0.0196246)
(0.466129,-0.112812)
(-0.0652671,0.0931665)
(0.00374234,0.0513558)
(-0.0340044,-0.0079132)
(0.391533,-0.0803281)
(0.00653527,-0.0197352)
(-0.0481601,-0.0496216)
(0.06437,0.0277624)
(0.00510592,0.0371292)
(0.042642,0.0394848)
(0.0774931,0.0079028)
(-0.117673,0.0160276)
(0.0177978,-0.00268633)
(-0.0396977,0.0288349)
(0.0629418,-0.0511551)
(-0.0709582,0.0290422)
(-0.000604141,0.0446051)
(0.0776894,0.0303899)
(0.0679602,0.0405328)
(0.0317433,-0.0631768)
(-0.0403664,-0.0436978)
(0.00814544,-0.0876703)
(0.00571297,-0.00655168)
(0.00647968,-0.0390446)
(-0.0115689,0.0169237)
(0.0533838,0.0179342)
(0.0669565,0.0138855)
(0.0417138,0.0771542)
(0.0134058,0.0202055)
(0.00772496,0.0367335)
(-0.0174384,-0.0751238)
(-0.0616598,-0.108184)
(-0.0782867,-0.101392)
(-0.0519641,-0.0497285)
(0.010469,-0.00652254)
(0.0210427,-0.0280569)
(0.0125032,0.0104864)
(0.46612,-0.109682)
(-0.063359,0.00233691)
(0.0322295,0.0168436)
(0.00473078,0.00760512)
(0.420572,-0.0623365)
(0.0413755,-0.000118323)
(0.0207538,-0.023481)
(-0.0220497,-0.0295544)
(0.00509711,0.00392009)
(0.0176167,-0.0136437)
(-0.0165485,-0.0430513)
(0.0374243,-0.00715256)
(0.386827,-0.082348)
(0.0311572,-0.0129222)
(-0.0935736,-0.0113035)
(0.629561,-0.148265)
(0.0135442,-0.00560127)
(-0.00729707,0.0080784)
(0.0260921,-0.0417088)
(0.462698,-0.0759261)
(0.0443364,0.0269147)
(-0.0474131,-0.0384705)
(-0.0138867,-0.0494616)
(-0.122152,-0.00792251)
(-0.00461714,-0.0176254)
(-0.078764,-0.0689215)
(-0.00504124,-0.0587623)
(-0.0125899,0.0329625)
(0.0025197,-0.037035)
(-0.000195404,-0.0582648)
(0.00690025,-0.0502228)
(0.431271,-0.0494817)
(0.0549218,0.00593841)
(-0.0480112,0.0404523)
(-0.0346416,-0.0222844)
(0.00361017,-0.000661876)
(0.00568544,-0.0633281)
(-0.0151146,0.0678385)
(-0.0180116,-0.052249)
(-0.00852642,-0.0098029)
(0.00427481,-0.0763024)
(0.00552455,0.043664)
(0.0104475,0.069065)
(0.430096,-0.0883136)
(0.00150585,0.0024472)
(0.0114832,1.16305e-05)
(-0.0159671,0.0518189)
(0.0258635,-0.0240183)
(-0.0540061,0.087638)
(-0.00338063,0.00613374)
(0.154559,-0.174979)
(0.205645,-0.103849)
(0.144083,-0.149577)
(0.0113956,0.00837812)
(-0.0114642,0.0247049)
(0.608821,-0.176153)
(0.343983,-0.127407)
(-0.01961,0.0109056)
(0.401995,-0.0735959)
(0.468713,-0.0421044)
(0.199185,-0.112161)
(0.0504186,-0.0109986)
(0.0373142,-0.0210809)
(0.0480994,0.0409501)
(0.0984933,-0.00573384)
(0.00510154,0.0397796)
(0.0101486,0.0489432)
(-0.0749577,0.00410193)
(0.0782241,0.00243675)
(-0.0907065,0.014566)
(-0.030182,-0.0323122)
(0.0505309,-0.00833647)
(0.470627,-0.129111)
(-0.0376412,0.0395691)
(0.00155953,0.000174859)
(-0.0443525,0.0159798)
(0.545589,-0.093255)
(-0.0422272,0.0802179)
(-0.0112381,0.000666294)
(0.5287,-0.156348)
(0.507559,-0.0788423)
(-0.0291364,0.024699)
(0.338146,-0.0812199)
(-0.00264594,0.0455005)
(-0.0300817,0.0801718)
(0.476079,0.0140188)
(0.266774,-0.0838991)
(0.403791,-0.107365)
(0.471128,-0.0493747)
(0.0242375,-0.0149505)
(0.755355,-0.0282441)
(-0.0418984,0.00819184)
(-0.0222625,0.084113)
(0.0617144,-0.0024459)
(0.176089,-0.0659901)
(-0.0383742,0.0512711)
(0.101155,-0.0701126)
(0.0121244,-0.00433055)
(0.0214666,-0.00403469)
(0.0296136,-0.0128665)
(0.0197651,-0.00220018)
(0.056054,-0.00204373)
(-0.0118543,0.0469311)
(0.0661005,0.0444373)
(0.105055,-0.0467268)
(-0.0824129,0.0062661)
(0.0213884,-0.0536372)
(0.0281995,0.0549678)
(0.0201764,0.046063)
(0.0193528,0.0173957)
(0.456848,-0.0663128)
(-0.0423338,0.105021)
(0.0274713,0.00272624)
(-0.00368829,-0.0170424)
(-0.00382923,0.0304059)
(0.051175,0.006637)
(0.0210314,0.0392652)
(-0.0425525,-0.0890674)
(-0.0305213,-0.0156201)
(0.551413,-0.0797263)
(-0.0212169,0.00935979)
(0.332518,-0.0338448)
(-0.00280758,0.0158922)
(0.0482004,0.0303333)
(0.00330277,0.00416606)
(0.0987271,-0.0357524)
(-0.0319736,-0.0344179)
(0.0224056,-0.0990521)
(0.0254097,-0.0395142)
(0.00696415,-0.0421006)
(0.0396846,0.0231832)
(0.0295166,-0.034798)
(0.0677283,-0.00141208)
(0.0396456,0.0304961)
(0.461852,-0.12675)
(0.29802,-0.0598344)
(-0.0233689,-0.0222865)
(0.0460469,-0.0380795)
(0.0267612,-0.0201111)
(0.0679893,-0.0466833)
(0.45822,-0.141569)
(0.0499217,0.0431673)
(0.0853748,0.0031667)
(0.0893788,0.0365742)
(0.0755665,-0.00510361)
(0.31091,-0.152945)
(0.0665801,0.0199032)
(-0.0348607,0.000496693)
(-0.0204875,0.00274206)
(-0.0129505,0.0188309)
(0.496788,-0.065106)
(0.0356805,-0.0262848)
(-0.020524,-0.00253814)
(0.0458226,0.0616769)
(0.0323797,0.0123684)
(0.0353145,-0.00622443)
(0.481898,-0.0818126)
(0.40748,-0.145279)
(0.656627,-0.0661033)
(0.0381938,-0.0609664)
(0.0472415,-0.0116241)
(0.484748,-0.0612667)
(0.0373895,-0.0210993)
(0.0927268,-0.0677245)
(0.279198,-0.19392)
(-0.0577667,-0.0475538)
(-0.0610091,0.00718724)
(-0.0566586,-0.0191897)
(-0.0553562,0.0435965)
(-0.0272579,0.0291729)
(0.154394,-0.0638383)
(0.176445,-0.124738)
(0.283703,-0.145733)
(0.27888,-0.0522473)
(0.63061,-0.170761)
(-0.0065276,-0.0378264)
(-0.0657226,0.0118491)
(-0.0291633,0.00646048)
(0.0989815,0.0894053)
(0.548203,-0.0680253)
(0.539155,-0.12844)
(0.00304434,0.00101624)
(-0.0327741,-0.0499021)
(-0.00646351,-0.0349131)
(0.58152,-0.186749)
(0.00750778,0.0835968)
(0.0632837,0.033596)
(-0.0486309,-0.0059556)
(0.604529,-0.0731956)
(0.0556682,0.0426373)
(-0.0402268,0.0604625)
(0.551549,-0.121588)
(0.517605,-0.120721)
(-0.0186161,0.042518)
(-0.01684,0.0169169)
(-0.0343728,-0.0422967)
(0.0016981,-0.0341396)
(0.0315615,-0.0389019)
(0.00144557,0.000440033)
(0.0244432,-0.0217922)
(0.470316,-0.150632)
(0.677516,-0.024495)
(0.604747,-0.125153)
(0.540553,-0.0542586)
(0.448544,-0.104752)
(0.179255,-0.100601)
(0.284064,-0.0332947)
(0.192019,-0.067264)
(0.182155,-0.0926973)
(-0.0234811,-0.0376021)
(0.0186632,-0.0554409)
(0.287587,-0.0541672)
(0.546354,-0.151705)
(0.539071,-0.123019)
(0.436905,-0.0608411)
(0.522511,-0.143617)
(0.00808807,0.0442673)
(0.527204,-0.0717202)
(-0.0420319,0.0839995)
(0.0175022,-0.0240139)
(-0.0226511,-0.0437705)
(-0.0120069,0.0657029)
(-0.0527116,-0.0210404)
(-0.00930147,-0.0756725)
(-0.0167521,0.0129978)
(0.0321494,-0.0242109)
(0.0335444,0.0664963)
(0.406327,-0.0975007)
(-0.00654154,-0.0497629)
(0.482415,-0.206768)
(0.456474,-0.015556)
(0.454849,-0.159656)
(-0.0325503,-0.00118007)
(0.0692137,0.0708514)
(-0.0309234,0.0157276)
(0.555003,-0.0934515)
(-0.0345192,-0.0617732)
(0.0195756,-0.00499803)
(0.323164,-0.135153)
(0.251755,-0.14059)
(0.522987,-0.0880468)
(0.379667,-0.0533462)
(0.590838,-0.229969)
(0.487386,0.0423941)
(-0.0117057,-0.0666285)
(-0.014397,-0.0676103)
(0.0122406,0.023868)
(0.0317498,0.077589)
(0.0200332,0.0811346)
(-0.0107134,-0.0243162)
(0.0280013,0.00920338)
(0.292375,-0.113265)
(0.193154,-0.0346536)
(-0.0371569,-0.00355606)
(0.191974,-0.0298498)
(-0.00985744,-0.026809)
(0.483463,-0.125003)
(0.539519,-0.0233762)
(-0.0543464,0.0353279)
(0.0442689,0.0446001)
(0.0710508,0.0173978)
(0.0692829,-0.044876)
(0.44549,-0.215039)
(0.0137413,-0.0639124)
(0.153448,-0.0999709)
(-0.0516701,0.083513)
(0.28869,-0.138581)
(0.00885533,0.0616201)
(0.341345,-0.0711343)
(-0.00029651,0.0444431)
(0.028368,0.0343106)
(0.0208751,-0.00382921)
(0.0150628,0.0217744)
(0.48996,-0.0641161)
(-0.0130136,0.029407)
(0.496218,-0.124168)
(0.465796,-0.0789675)
(-0.0229311,0.0172789)
(0.482921,-0.0384704)
(0.584697,-0.0122077)
(0.538703,0.0204013)
(0.0208053,0.0135459)
(0.47463,-0.14168)
(-0.0623478,0.0576984)
(-0.0538972,0.0372161)
(-0.0355411,0.0661818)
(-0.0340375,0.0055088)
(-0.0278027,0.0731402)
(-0.0349613,-0.00362562)
(-0.0583205,0.0279726)
(0.721968,-0.009452)
(-0.0468672,0.0109597)
(0.112394,-0.0276015)
(0.408618,-0.123323)
(0.449238,-0.102491)
(-0.000394347,0.00751594)
(0.0571267,-0.0120033)
(-0.0210541,-0.00722167)
(0.39859,-0.158024)
(-0.04423,0.00513665)
(0.476948,-0.225138)
(0.374838,-0.114)
(-0.0603875,-0.0219228)
(-0.0124584,-0.0114458)
(0.528999,-0.016489)
(-0.0625345,-0.0215262)
(-0.0126829,-0.02974)
(-0.0271784,0.05313)
(0.449767,-0.112439)
(0.460972,-0.0961224)
(0.203842,-0.124519)
(0.449939,-0.140334)
(0.493268,-0.0638188)
(0.0905523,-0.0170144)
(0.495212,-0.100239)
(0.5891,-0.031714)
(0.0321419,-0.104863)
(0.507644,-0.0283564)
(0.0624931,0.068636)
(0.502016,-0.0710807)
(0.0911949,-0.0037791)
(-0.00268843,0.0464653)
(-0.0219668,-0.0174415)
(0.0561143,0.0380987)
(0.00271753,0.0872651)
(0.0602711,0.0941405)
(0.0130056,0.0714804)
(0.0434739,0.0286547)
(0.129316,-0.0887533)
(0.0231076,0.00690269)
(-0.0182246,-0.014662)
(0.0294115,0.0396486)
(0.00912728,-0.00752948)
(0.0102907,0.0219253)
(0.0379008,0.0038699)
(0.00982079,0.0566517)
(0.123006,-0.089329)
(-0.0132876,0.00566518)
(0.0413942,-0.0179249)
(0.622634,-0.0721581)
(0.380271,-0.17739)
(-0.0235938,0.0192713)
(0.0864757,0.142965)
(0.00346835,0.114949)
(0.136215,0.0264101)
(-0.0453377,-0.0078185)
(0.102711,-0.0104086)
(0.221249,-0.0955194)
(0.625648,-0.14879)
(0.574038,-0.124328)
(0.017023,0.0663628)
(0.0619516,-0.0442196)
(0.542798,-0.137108)
(0.0216436,0.042021)
(0.0458736,0.0211986)
(0.0839289,-0.0209173)
(0.500662,-0.0363797)
(0.0812128,-0.066465)
(0.240537,-0.16447)
(0.0064214,-0.00853278)
(0.125858,-0.124839)
(0.190024,-0.0799767)
(0.278356,-0.0495429)
(0.340257,-0.0988603)
(0.0833456,0.0412407)
(-0.0377756,0.0512395)
(0.387559,-0.129823)
(-0.0336523,0.0845998)
(0.0210447,-0.00553358)
(0.0307227,-0.0313135)
(0.475871,-0.158582)
(0.0131272,-0.0279835)
(0.427425,-0.108141)
(0.0387028,-0.0140054)
(0.00100545,0.0351482)
(-0.017184,-0.0148703)
(-0.00828468,0.0521563)
(-0.0238114,0.0199597)
(-0.00126758,0.0296017)
(0.0238467,0.0253223)
(-0.0258703,0.0182825)
(-0.0340568,0.0792207)
(0.523888,-0.121292)
(-0.0127928,-0.0107935)
(0.0458298,0.027807)
(0.509221,-0.0547579)
(0.0845704,0.0158511)
(-0.013221,0.0321509)
(-0.00767228,0.00919367)
(-0.00463147,0.0238165)
(-0.0576111,0.0605394)
(0.122273,-0.0893881)
(-0.0039157,0.0696563)
(-0.0463523,-0.0407403)
(-0.0461903,-0.0753931)
(0.0388285,-0.0215046)
(-0.0468194,-0.0381393)
(0.486329,0.0030939)
(-0.0454945,0.071832)
(0.638302,-0.123142)
(0.360554,-0.143227)
(0.49644,0.0183856)
(-0.0403425,-0.00306816)
(0.386593,-0.0140076)
(0.399994,-0.141713)
(0.379365,-0.0520434)
(-0.0679072,0.0432092)
(0.0159754,0.0567087)
(-0.0691436,0.069809)
(-0.0145704,0.0217771)
(0.565124,-0.171976)
(0.569496,-0.106451)
(-0.0500821,0.00423136)
(-0.0320164,0.00569977)
(0.0021494,0.0104137)
(0.054443,0.00490864)
(0.33164,-0.0708075)
(0.0506909,-0.00429139)
(0.0450876,0.0303357)
(0.0221674,0.0332479)
(0.0803342,-0.00105172)
(0.380031,-0.0745564)
(-0.0618385,-0.0867007)
(0.455363,-0.0349843)
(0.0125352,0.00348864)
(0.0525562,0.0712173)
(0.0844404,0.0397537)
(0.646727,-0.160143)
(0.0131711,0.00373934)
(0.292114,-0.112864)
(0.54509,-0.13601)
(-0.0488021,-0.00373402)
(0.00259574,0.0310812)
(0.0960707,-0.0995902)
(-0.0121144,0.0692256)
(-0.0761221,0.0314106)
(0.0296994,-0.12798)
(0.376389,-0.168131)
(0.25953,-0.193469)
(0.0567489,-0.0456281)
(0.0183139,-0.00460615)
(0.0110523,-0.0150534)
(-0.107541,0.0695716)
(0.0145588,0.00149376)
(0.00661255,-0.0372515)
(0.416117,-0.0841256)
(0.531236,-0.0924196)
(0.628297,-0.0682837)
(-0.0199612,-0.0415938)
(0.348446,-0.0710945)
(-0.0455289,0.0224843)
(0.0455981,0.0156126)
(0.0401512,0.00546207)
(0.00298433,0.137802)
(-0.0150924,0.0308921)
(0.0616101,-0.0580395)
(0.26616,-0.0753732)
(0.575055,-0.10799)
(0.548103,-0.130056)
(0.101346,-0.0896357)
(0.530335,-0.161253)
(0.0269188,-0.137724)
(0.42261,-0.17852)
(0.465133,-0.0753775)
(-0.0143945,-0.0920649)
(0.471204,-0.117836)
(0.439151,-0.14664)
(0.535657,-0.141833)
(0.41056,-0.114593)
(0.520527,-0.0888572)
(0.114518,-0.0537455)
(0.263347,-0.13128)
(0.208246,-0.0375051)
(0.43003,-0.0712509)
(0.0245549,-0.0459859)
(0.518427,-0.0514578)
(0.361356,-0.149356)
(0.0108771,0.000849415)
(-0.0644402,0.0103841)
(-0.0804865,0.0740623)
(-0.0631956,-0.060347)
(0.421113,-0.157444)
(-0.0252937,0.0113404)
(0.467834,-0.145869)
(-0.00537542,0.00736194)
(0.259002,-0.0466474)
(-0.0129429,-0.0486933)
(-0.026338,-0.0415412)
(0.440354,-0.11545)
(0.0418355,0.0909841)
(0.090055,-0.0678865)
(0.526124,-0.146749)
(0.0391455,-0.037327)
(-0.00651237,-0.0496521)
(-0.0468615,0.0313408)
(-0.0621858,-0.0258073)
(-0.0333878,0.0276909)
(-0.00941222,0.00317648)
(0.557231,-0.144917)
(0.567033,-0.166562)
(0.435463,-0.101943)
(-0.0311245,-0.0867711)
(0.0100466,0.0600543)
(0.353042,-0.193467)
(-0.0127032,0.0309953)
(0.00749964,-0.00783918)
(0.0199168,-0.0429044)
(-0.0339419,-0.040705)
(0.556644,-0.12241)
(0.441836,-0.0560256)
(0.498886,-0.102674)
(0.414354,-0.0450139)
(0.401911,-0.0800853)
(-0.089213,-0.030451)
(0.414527,-0.0404839)
(0.303099,-0.112509)
(-0.0608413,-0.101527)
(0.366563,-0.0843409)
(0.495448,-0.11086)
(0.0172167,-0.0643755)
(0.00156873,0.0763008)
(0.544729,-0.124418)
(0.0124715,0.0104069)
(0.0459301,-0.0255793)
(0.421878,-0.133711)
(0.0468187,-0.00296102)
(-0.0251987,-0.0428853)
(0.0443614,0.0357001)
(0.0728186,-0.0289041)
(0.494488,-0.0557769)
(-0.0225713,0.0294945)
(-0.0699864,0.0896636)
(-0.00198642,0.0262169)
(0.393794,-0.0664629)
(-0.0282786,0.0462327)
(0.0110777,0.024308)
(-0.0412945,0.0652453)
(0.0846443,-0.0438291)
(-0.0409727,-0.0799456)
(0.0306947,0.00914741)
(0.110358,0.0280709)
(0.110386,0.0144301)
(0.0143786,0.0606754)
(0.0694586,0.0681835)
(0.096026,0.0662252)
(0.49549,-0.0889946)
(-0.0708978,0.0365567)
(0.532587,-0.00896063)
(-0.019405,-0.00202644)
(-0.0364398,-0.0591978)
(0.185553,-0.10278)
(0.531827,-0.134323)
(0.324593,-0.104363)
(-0.0721622,0.0543017)
(-0.013456,-0.0308515)
(0.0527453,-0.0207971)
(0.0289334,-0.0395798)
(-0.000733623,-0.0010723)
(-0.0259979,0.0214475)
(-0.0483919,-0.0325834)
(0.0192821,0.0242335)
(-0.0627694,-0.0200382)
(0.00961364,0.0554064)
(0.0170685,-0.0263026)
(0.3982,0.0601472)
(0.000293831,0.0585546)
(0.0595744,0.00854782)
(0.022223,0.0155582)
(0.0326972,0.0253996)
(0.188794,-0.0497416)
(0.125525,-0.0704623)
(-0.0118063,0.0370597)
(0.111101,-0.107429)
(0.538834,-0.0669043)
(-0.048071,-0.100644)
(0.449241,-0.0794939)
(-0.0131933,-0.151668)
(-0.011556,0.0321169)
(0.10562,-0.0230198)
(0.0537112,-0.0707565)
(0.0899976,-0.0296534)
(-0.053622,-0.00415189)
(0.0250829,-0.0113046)
(-0.0546751,-0.0405634)
(-0.0325904,0.0571528)
(0.00267874,-0.00437612)
(0.339491,-0.145533)
(0.351766,-0.132675)
(0.0368684,0.0083804)
(0.168848,-0.0419673)
(0.197564,-0.0462049)
(0.591346,-0.103321)
(0.0186841,0.00796894)
(0.117277,-0.030297)
(0.497186,-0.151893)
(0.140715,-0.0102212)
(0.110675,-0.0915893)
(-0.0386222,-0.0392224)
(-0.00858264,-0.065206)
(0.0957748,-0.0449026)
(-0.0405062,-0.0125818)
(0.435102,-0.0536831)
(0.38055,-0.130653)
(0.0166554,0.00184429)
(0.0489729,0.0114618)
(0.167646,-0.091469)
(0.0517438,-0.0476655)
(0.128169,-0.0528065)
(-0.00443034,0.0438077)
