1620
(-0.0295875,-0.0594412)
(-0.0198479,-0.00549231)
(0.0265051,0.067379)
(-0.00704463,-0.115977)
(-0.0467832,0.0222429)
(0.0340223,0.0707732)
(0.0124262,0.0105827)
(-0.00596371,0.00852979)
(0.11819,0.0360848)
(-0.00946324,0.00670509)
(-0.0544255,0.0515338)
(-0.0388379,0.0277192)
(-0.010198,0.0138368)
(-0.0282194,0.0241876)
(0.0247517,0.0400672)
(-0.00792735,-0.0196573)
(-0.0363771,-0.066579)
(0.00193133,0.022076)
(0.049435,-0.026137)
(-0.00899239,-0.00501563)
(-0.0139321,-0.00459485)
(0.000961173,0.0306434)
(-0.0511451,0.0241492)
(-0.039028,-0.089783)
(0.0317168,0.0183194)
(0.0402237,0.00547206)
(0.00923264,0.0206763)
(0.00909301,-0.0298759)
(-0.0368879,-0.0560765)
(-0.0206365,-0.0282283)
(0.0329319,0.00505335)
(0.0382693,-0.0139836)
(0.0560964,0.0803377)
(-0.0402696,0.0498856)
(0.0308243,0.0278005)
(0.00762895,0.0267351)
(0.0517212,0.00276618)
(-0.0671595,0.00296241)
(-0.0677371,0.000768372)
(-0.014232,-0.0272229)
(0.0232805,-0.0138855)
(0.0625067,-0.031955)
(0.0638125,0.0218441)
(0.0775774,-0.0337685)
(0.00749208,0.105833)
(0.188147,-0.0559678)
(0.142144,-0.0634714)
(0.00245993,0.0364446)
(0.0349727,-0.0279173)
(-0.00194475,0.0232341)
(0.0692389,-0.0107672)
(0.0208321,-0.0202564)
(0.023457,-0.0129692)
(0.0361635,-0.0112859)
(-0.00670263,0.0239412)
(-0.017636,0.0138608)
(-0.000498048,-0.0231447)
(-0.014503,0.0069602)
(-0.0157708,-0.0183234)
(0.0762195,-0.0202766)
(-0.0305598,-0.00558022)
(0.208522,-0.0767958)
(-0.0160916,0.019078)
(0.38983,-0.150141)
(-0.0286097,0.0131582)
(0.0096532,0.0410042)
(-0.00547601,-0.044913)
(-0.0299083,-0.0668434)
(0.0255507,0.0664994)
(-0.00738446,-0.0149012)
(0.0261692,0.0372196)
(0.0488052,0.00330801)
(-0.00749846,0.0147505)
(-0.039969,0.00315981)
(0.00149691,0.0192792)
(-0.0497508,0.0277554)
(0.0197775,-0.0232184)
(0.0566981,-0.027423)
(-0.0160352,-0.000652845)
(0.122138,-0.0473011)
(0.0438473,-0.00963768)
(-0.00967497,0.015426)
(-0.0113747,-0.0656779)
(-0.0193788,0.00480316)
(-0.0302596,0.00875973)
(0.00290323,-0.00304292)
(-0.0107489,-0.0200559)
(-0.0112408,0.0105738)
(0.0781755,-0.0108663)
(0.0166163,0.00249173)
(-0.0960666,-0.002724)
(0.00566603,0.0158472)
(0.429506,-0.0559619)
(0.0298699,0.0648749)
(0.0213493,0.0375246)
(0.541335,-0.0203256)
(-0.0103741,0.0167311)
(0.443514,-0.0798641)
(-0.0365397,-0.0789759)
(-0.0359029,-0.0745064)
(0.06986,0.0128947)
(0.00905528,-0.00698392)
(0.032021,-0.020181)
(0.0051418,-0.0182549)
(0.00825946,-0.0491868)
(0.421695,-0.0303835)
(-0.0136549,0.023909)
(-0.0456718,-0.0484838)
(0.0220001,0.0293524)
(0.0085373,0.0111403)
(0.00868478,0.0389131)
(0.643458,-0.245086)
(0.361533,-0.0420227)
(-0.0398451,0.00795426)
(0.429764,-0.0972744)
(-0.00817799,0.0787232)
(0.00777471,0.0532098)
(0.508578,-0.163193)
(0.000643678,-0.0142963)
(0.62311,-0.159074)
(0.405222,-0.118568)
(0.00715237,0.0194743)
(0.306439,-0.0311376)
(0.337401,-0.137229)
(0.205872,-0.0133233)
(0.00321791,-0.00942752)
(0.080045,0.0174615)
(0.0602062,0.0547566)
(0.28661,-0.146455)
(0.0420288,0.0355909)
(0.0487571,0.0317707)
(0.00784969,-0.0310002)
(-0.075493,0.0149494)
(-0.00278444,0.0143209)
(0.0249656,0.0114092)
(0.0220949,-0.0216833)
(-0.0272358,0.0443733)
(-0.0228754,0.0360808)
(0.453779,-0.112612)
(-0.00669096,0.0372524)
(-0.00410238,0.061675)
(-0.00201093,0.0414193)
(-0.0313132,0.0334598)
(0.0123732,-0.0764915)
(0.0575624,-0.0331525)
(0.0284977,-0.0368914)
(-0.00989643,-0.0367126)
(0.395442,-0.187406)
(0.385535,-0.167726)
(-0.0320252,0.0237426)
(0.510141,-0.141529)
(0.208745,-0.112082)
(0.661192,0.0759707)
(0.496573,-0.0617973)
(0.500553,0.0738398)
(-0.0152865,-0.0281773)
(0.0576804,0.035613)
(0.39351,-0.0918846)
(0.420642,-0.0292604)
(-0.0468009,0.00457001)
(-0.054638,0.0367889)
(-0.00311053,-0.0205303)
(0.00380132,0.0100591)
(-0.0361359,-0.0145178)
(0.0193233,0.014697)
(-0.0413934,-0.0447719)
(0.0124784,-0.0126842)
(-0.000281573,-0.0175789)
(0.0118913,0.0233648)
(-0.0372618,0.0426367)
(0.0152347,-0.000335269)
(0.0162556,0.00659212)
(0.447582,-0.0978486)
(0.489382,-0.11288)
(0.532434,-0.0487479)
(0.50573,-0.0312709)
(0.0322526,-0.0341615)
(0.0633273,-0.0125491)
(-0.0126441,-0.0266862)
(-0.0320385,0.0185769)
(-0.0425373,-0.0152032)
(0.0538363,0.0572205)
(-0.00646738,0.0354004)
(0.0214163,0.0341693)
(0.00810376,0.02699)
(0.0485793,-0.0481836)
(0.0287314,-0.050265)
(0.0439716,0.00465106)
(-0.0247127,0.0376527)
(0.412355,-0.0562073)
(0.495849,-0.0582042)
(0.441758,-0.0311382)
(0.64069,-0.0565177)
(-0.0333094,-0.0349179)
(-0.0231298,-0.0406514)
(0.0171999,0.0463457)
(0.00284866,0.0409737)
(-0.0319673,0.00533476)
(-0.0529341,-0.0468934)
(-0.0147472,0.0694332)
(-0.0208391,-0.0710087)
(-0.0273634,-0.0471265)
(-0.0677117,-0.0157913)
(-0.0252128,-0.0171547)
(0.0018245,-0.00736708)
(-0.0148762,-0.00384232)
(0.559685,-0.156583)
(0.610313,-0.148762)
(-0.0814514,-0.010623)
(0.457764,-0.128515)
(-0.0295221,-0.00298084)
(0.45882,-0.0528395)
(0.437064,-0.0619402)
(-0.039258,-0.0154066)
(-0.00201632,-0.0216455)
(0.0218272,-0.00438431)
(-0.011438,0.0176016)
(0.50546,-0.0725878)
(0.60955,-0.106322)
(-0.0397956,-0.0422664)
(-0.0140683,-0.0183874)
(-0.0348181,-0.0290009)
(0.0208596,0.0705269)
(0.811234,-0.385372)
(-0.026615,-0.0306163)
(-0.0248441,-0.0500529)
(0.53526,-0.280718)
(-0.0304212,0.0648273)
(-0.0137708,0.0383008)
(-0.0583115,-0.0304169)
(-0.0391789,0.028654)
(0.419585,-0.108124)
(0.400292,-0.146965)
(0.595995,-0.0546742)
(0.622962,-0.0906369)
(-0.00913677,0.0134668)
(-0.0606698,0.0126801)
(-0.0382087,-0.0140474)
(0.131345,0.00845083)
(-0.0122545,-0.000865998)
(0.0367151,-0.0359982)
(-0.016839,-0.0398336)
(0.00279714,0.0905544)
(0.00890378,0.0881371)
(0.0112425,-0.0315362)
(-0.0895263,-0.0111979)
(0.0568084,-0.0187201)
(0.0376657,-0.0206449)
(0.0124368,-0.00404464)
(-0.0302592,-0.0555947)
(0.0129233,0.00816835)
(-0.103618,0.0106387)
(-0.0165041,0.0070871)
(-0.0343337,-0.0152705)
(-0.0639962,-0.0202554)
(-0.013906,-0.0762652)
(0.00793654,0.0423809)
(0.0140577,-0.0156493)
(0.0218995,-0.0477504)
(-0.013446,-0.105815)
(0.0378413,-0.0875583)
(-0.0159434,-0.0246189)
(-0.0173934,0.00981681)
(-0.0317079,-0.00572549)
(0.519442,-0.0517279)
(-0.0303948,-0.0168199)
(-0.035596,-0.106873)
(-0.02995,-0.00648981)
(0.00360403,-0.00169662)
(0.00562206,-0.0168183)
(-0.0309526,0.00673617)
(0.00727952,-0.00780399)
(-0.0302876,-0.0175392)
(-0.00441839,0.0449408)
(0.0147495,-0.0221895)
(0.514724,-0.100534)
(0.0178434,0.0310428)
(-0.00626014,-0.0135151)
(0.0444894,0.0412733)
(-0.0359603,0.0209917)
(-0.0187482,0.00785857)
(0.00614554,0.0165509)
(-0.0295911,-0.0361039)
(-0.0216771,-0.0505167)
(0.0491318,0.0289338)
(0.0192861,0.0452416)
(0.0126993,0.0284772)
(0.0382361,0.0319187)
(0.0521427,0.0206365)
(0.0272474,-0.00035964)
(0.0130786,0.00184883)
(-0.00520908,-0.00318183)
(-0.0423021,-0.0204856)
(-0.0472557,0.0467827)
(-0.0349676,-0.0092529)
(-0.0500309,0.0215521)
(0.0187125,-0.0420992)
(-0.013825,0.00586383)
(-0.0237072,0.0119395)
(-0.0430229,0.00478589)
(-0.00692898,0.0431371)
(-0.0661169,0.0249943)
(-0.0210829,0.00642005)
(-0.0381995,0.00621809)
(-0.0328657,0.0108257)
(-0.0102607,0.0343248)
(0.0341894,0.0299472)
(0.331799,-0.0902409)
(-0.000741283,0.0264657)
(-0.0307055,0.0389827)
(-0.0155763,-0.0115324)
(-0.0735224,-0.0363536)
(-0.0781279,-0.0333422)
(-0.0473929,-0.0157444)
(-0.034672,-0.0608228)
(-0.0662855,-0.0772295)
(0.00132354,-0.053293)
(-0.0547704,-0.0309007)
(-0.0702097,-0.050942)
(0.376599,-0.14416)
(-0.0204364,0.00841024)
(-0.0188334,0.0116686)
(-0.0276632,0.0290397)
(0.0320859,-0.0330079)
(0.0175083,-0.0256528)
(0.00649451,0.00612579)
(0.0702876,-0.0274008)
(-0.0074129,-0.000942507)
(0.0288043,0.0375312)
(-0.05172,-0.0258833)
(-0.00250736,-0.0210909)
(-0.0516891,-0.0159738)
(-0.0769406,0.00442529)
(0.0679202,0.000326451)
(-0.00544838,-0.0570465)
(0.385504,0.030716)
(0.0392648,-0.0620936)
(0.0465772,0.0276518)
(-0.0434127,-0.050812)
(0.076812,-0.03912)
(-0.0174951,-0.00464972)
(-0.0220508,-0.0935001)
(0.0267745,0.0166035)
(-0.0317098,0.0157716)
(-0.0290291,-0.00200352)
(0.00518911,0.0276048)
(0.010576,0.0444728)
(0.00652289,0.0483423)
(-0.0223313,0.0378857)
(0.0579616,0.0618044)
(0.395979,-0.165456)
(0.437962,-0.179958)
(0.0499606,-0.0705083)
(0.00841817,0.00636383)
(0.374933,0.00886999)
(-0.0466802,0.0258261)
(0.0308688,-0.0723227)
(-0.0363511,0.0226816)
(-0.00870647,-0.0208101)
(0.00177444,-0.0266893)
(0.201505,-0.065694)
(0.137047,-0.0352967)
(0.0499918,0.0364455)
(-0.0176056,0.0193513)
(0.000866265,-0.0071976)
(-0.034959,0.0688721)
(0.398012,-0.150209)
(-0.0110256,0.0195372)
(-0.00348022,-0.0374236)
(0.00749584,-0.0327011)
(0.0647428,0.0449356)
(-0.0379827,-0.0476259)
(-0.0745967,-0.0464128)
(0.0242609,0.0814084)
(0.35302,-0.0637678)
(0.363147,-0.0947603)
(0.0303825,-0.0273592)
(0.0174384,-0.0612673)
(0.00117452,0.00868153)
(0.0320338,0.0257633)
(-0.0541629,0.0182329)
(0.114359,0.0258498)
(0.297746,0.0297044)
(-0.0377561,-0.0556969)
(-0.011841,-0.00264281)
(-0.00775795,0.0363136)
(-0.00751047,-0.0286096)
(0.00593999,0.0915423)
(0.001775,-0.000568485)
(-0.0123588,-0.0212571)
(-0.0433286,-0.0251722)
(0.0291439,0.005148)
(-0.0590252,0.0153613)
(-0.0686968,0.00939886)
(0.0113465,0.0751526)
(0.0341524,0.0478024)
(-0.0626871,-0.043267)
(-0.0192742,-0.007585)
(0.0194793,0.0679833)
(0.0340316,0.0238775)
(0.0368859,0.022031)
(-0.0366979,0.0481628)
(-0.00514284,0.0555251)
(0.639034,-0.195178)
(0.0308365,0.0205093)
(-0.0419172,-0.00793094)
(-0.100294,-0.0465036)
(-0.0772203,-0.0613114)
(0.0166422,-0.0174648)
(0.0417672,-0.0187998)
(-0.0327528,-0.0256398)
(0.0562713,-0.044568)
(0.0140415,0.0821206)
(0.0242246,-0.0270403)
(0.44005,-0.0953907)
(-0.0164851,0.0410205)
(-0.0177415,0.0169965)
(-0.015052,-0.0058922)
(0.0421917,-7.34154e-06)
(0.0230456,0.0302886)
(-0.0271231,-0.0522829)
(0.0267119,-0.0126048)
(0.0656241,0.00900155)
(0.00577164,-0.05468)
(-0.00275434,0.0279506)
(-0.0292175,0.00721957)
(0.57145,-0.213519)
(-0.070616,-0.00884705)
(-0.0109237,0.0424809)
(0.0376598,0.0537088)
(-0.0759125,-0.0195873)
(-0.0418113,-0.0270042)
(-0.00442993,0.0103504)
(0.0738373,-0.00599536)
(0.0319838,0.058714)
(0.0176251,0.0231474)
(0.0250055,-0.0599481)
(-0.00879359,-0.0213273)
(-0.0246072,-0.0798882)
(-0.0642184,-0.00653937)
(-0.000727352,-0.0182812)
(-0.0153996,0.0328759)
(0.00768124,-0.013282)
(0.0259037,-0.0215644)
(-0.0381581,-0.0303725)
(-0.0511706,-0.0148527)
(-0.0291876,-0.0608795)
(0.107846,-0.03038)
(-0.00847544,-0.0216887)
(0.266867,-0.1128)
(0.0132958,-0.00215414)
(0.0254807,0.0483296)
(-0.0150205,0.0188903)
(0.0123545,0.0401536)
(-0.0338838,-0.01795)
(0.0378819,0.0266564)
(-0.0023571,0.058067)
(-0.0503274,0.0298367)
(0.0223694,0.0434623)
(0.00911178,-0.0433451)
(0.0281244,0.00849594)
(-0.0646717,-0.00172026)
(0.00544619,0.00534657)
(-0.00617848,0.0134237)
(-0.0349123,0.0518794)
(-0.0208343,-0.0335175)
(-0.0756279,-0.0369374)
(0.0149086,0.0345472)
(0.458108,-0.158471)
(-0.0882202,0.00403058)
(0.562454,-0.0979761)
(0.0183799,0.0419392)
(-0.0235313,0.0611854)
(-0.043371,0.0504094)
(0.0530351,-0.00155353)
(0.0617948,0.0788605)
(0.0535863,-0.00314998)
(0.0361094,0.00370353)
(0.00753222,-0.0152563)
(0.00174805,0.0101876)
(-0.0260158,-0.0151569)
(0.451868,-0.166601)
(0.0187725,-0.0265706)
(0.0583668,-0.0463307)
(0.0421694,-0.0245299)
(0.0250553,-0.06488)
(0.0406446,0.00133928)
(0.459265,-0.12376)
(0.0380099,0.00427884)
(0.039189,-0.020411)
(0.650339,-0.156724)
(0.0660941,-0.0155103)
(-0.0165463,0.037381)
(0.0186861,0.0532501)
(0.0439919,-0.0399053)
(0.440166,-0.180375)
(0.54677,-0.210072)
(0.725512,-0.312863)
(0.580175,-0.243573)
(-0.0081,0.0135029)
(-0.00360978,0.0271541)
(0.00220156,-0.0113793)
(0.00903091,-0.0976894)
(0.0208033,-0.0053318)
(-0.0710684,0.00210161)
(-0.0854018,0.00425454)
(0.0377609,0.0365197)
(0.00859047,0.0177274)
(-0.0143657,0.0388394)
(-0.0183573,-0.00549778)
(0.0232417,0.00758881)
(0.0490256,0.0233583)
(0.0378059,0.0194615)
(0.044968,0.0663547)
(0.0342875,0.00643215)
(0.064463,-0.0341472)
(-0.0220713,0.0217737)
(-0.0120043,0.0548994)
(-0.0214077,0.0816533)
(-0.00401246,0.0182593)
(-0.0208483,0.0214383)
(-0.0274158,0.0164427)
(-0.00668845,-0.00821741)
(0.0100991,0.0132426)
(0.0607786,0.026218)
(-0.00194891,-0.0255033)
(0.0199489,0.0137776)
(-0.0774277,-0.0254073)
(0.0233413,0.0179883)
(0.0514355,-0.0148508)
(0.0235403,0.0152874)
(0.0399127,-0.0603606)
(0.357847,-0.0549977)
(0.0463909,-0.0270137)
(0.534269,-0.119153)
(-0.0187834,0.0550171)
(0.0217683,-0.0044678)
(-0.00394945,0.0201976)
(-0.0982266,0.123412)
(0.0224192,0.0196199)
(-0.090215,0.0304044)
(0.0247682,0.0079639)
(0.013671,0.0280595)
(-0.00849719,0.00648783)
(-0.0357014,0.0352612)
(0.0208738,-0.03234)
(-0.0153263,0.106971)
(0.013813,-0.0430637)
(-0.0223361,0.0338169)
(-0.054967,-0.0227043)
(-0.0495299,-0.0163475)
(0.0821084,-0.0391347)
(0.0368934,-0.0799502)
(-0.00414264,0.0736982)
(-0.0125466,0.0710749)
(-0.0134347,0.00397791)
(0.197392,-0.105619)
(0.0618358,-0.0123435)
(-0.0325309,-0.0397445)
(-0.0102905,-0.0364176)
(0.0466952,-0.0586228)
(0.374945,-0.141564)
(0.00599292,0.0674711)
(-0.00386271,0.0344248)
(0.00807705,-0.0152929)
(-0.0508069,0.0304551)
(0.00140817,-0.0110872)
(0.100826,-0.0323256)
(0.291353,-0.1284)
(0.350802,-0.15887)
(-0.0138944,-0.0325999)
(-0.00705352,0.0676364)
(-0.0530717,-0.0470989)
(0.209636,-0.110237)
(0.515532,-0.160397)
(-0.0486404,-0.0179571)
(-0.0247945,0.0182747)
(0.00208652,0.0227521)
(-0.00517002,0.00431053)
(-0.0163433,0.0156511)
(-0.0297829,0.0136996)
(-0.00156188,-6.46662e-05)
(0.0112672,-0.0116842)
(-0.00207124,0.00517253)
(0.0549344,0.031077)
(0.47715,-0.114965)
(-0.0298491,-0.00895357)
(0.0117184,-0.0391551)
(0.0508224,0.0356268)
(-0.0121553,0.0220319)
(-0.00120594,0.0469803)
(0.0232623,0.0215292)
(-0.000772523,-0.0011231)
(0.301305,-0.119295)
(0.0566194,0.0376348)
(-0.0194446,0.00815451)
(0.069,0.0660951)
(0.0406381,-0.00297325)
(-0.0333172,0.00227186)
(-0.0417831,-0.0164294)
(-0.00945266,0.00276967)
(0.294924,-0.114053)
(0.513328,-0.0772376)
(-0.0528232,0.101157)
(-0.0753432,0.0471475)
(0.0279741,-0.0226741)
(-0.0861132,0.0872724)
(-0.120447,0.00593789)
(-0.111789,-0.0245322)
(0.0221501,0.0695454)
(-0.0309974,-0.0160677)
(0.0410166,0.0228665)
(0.0601713,-0.00789118)
(0.151074,-0.0230491)
(0.0657544,0.00120712)
(-0.118264,-0.0242301)
(-0.101062,0.0303411)
(-0.00772532,0.0196218)
(-0.0228916,0.0279438)
(-0.0266113,0.0149638)
(0.054026,0.00385299)
(0.064791,-0.0441704)
(0.057289,0.0415259)
(0.0232595,0.00744716)
(-0.0289525,-0.0663713)
(-0.0381117,-0.0736043)
(-0.00387421,-0.0261686)
(-0.0191302,0.0547766)
(0.00687469,0.0373606)
(0.0296624,0.0300827)
(0.00958971,0.044431)
(0.0434124,0.000915503)
(-0.00625299,-0.0221629)
(0.015659,-0.00681182)
(0.0577403,0.0304222)
(0.00838704,0.0367166)
(0.0317619,0.0842938)
(0.0350431,0.0366566)
(0.0642282,-0.00255098)
(0.565443,-0.158649)
(0.0170209,-0.00814116)
(0.00236706,0.0350527)
(-0.0160031,0.0106514)
(0.0389452,0.00510578)
(0.0217563,0.0173561)
(0.0312069,-0.00354832)
(0.0569375,-0.0120067)
(0.0269292,-0.0329571)
(0.0055649,-0.0182)
(0.035805,0.0201455)
(0.0129171,-0.0202675)
(0.0700144,0.0126965)
(0.0518954,0.0599353)
(0.0201575,0.0155374)
(0.0799992,-0.00759521)
(0.0950168,0.0152365)
(0.0264136,0.00838998)
(0.00460278,-0.0604516)
(-0.00863016,-0.0570054)
(-0.0415134,-0.0445747)
(-0.000721349,-0.0316156)
(0.00953587,0.0176062)
(-0.00712792,-0.00293936)
(-0.0459626,0.0333341)
(-0.00528082,0.0256456)
(0.000105983,-0.0380174)
(0.0221159,-0.0430973)
(-0.00708895,-0.0350469)
(0.0317099,0.0183241)
(-0.015776,0.0277053)
(0.0193996,-0.0189984)
(-0.0439785,-0.0484873)
(-0.0171902,-0.0368675)
(0.0486226,-0.010728)
(0.0569213,-0.0372355)
(0.041301,-0.0344904)
(0.0221068,-0.049655)
(-0.110229,-0.0548361)
(0.0469069,-0.0165882)
(0.0553249,0.00162189)
(-0.11856,0.0920851)
(-0.128049,0.0355649)
(0.00458569,0.0514582)
(-0.0538755,0.0239806)
(-0.00645324,-0.0362326)
(-0.0168556,0.0589846)
(-0.0464491,0.0835126)
(-0.00905976,-0.0227449)
(-0.0585797,-0.0162965)
(-0.00121645,-0.00843536)
(-0.00617501,-0.0182591)
(-0.0410555,-0.0328309)
(-0.0315906,-0.0211982)
(0.39973,-0.0737529)
(0.0277234,-0.0403147)
(0.0814363,0.0244421)
(0.0453109,0.0373335)
(-0.0111202,0.0252997)
(-0.0157793,0.0119775)
(0.0155871,0.0284138)
(0.0178833,0.0211651)
(0.00810859,0.0085696)
(0.0909421,0.0186837)
(-0.0529994,0.0619588)
(-0.00893542,0.0759486)
(0.0463543,0.0296045)
(0.0226283,-0.000912914)
(-0.0590135,0.03463)
(0.00453115,0.0372127)
(0.00972784,0.031208)
(0.0778217,-0.0123209)
(-0.0129034,0.0217533)
(0.0437195,0.0374825)
(0.00334372,0.0105903)
(0.0125694,-0.0518103)
(0.0155964,-0.0150512)
(-0.00142538,-0.0587525)
(0.0873886,-0.0111545)
(0.407623,-0.123952)
(0.440649,-0.0801209)
(0.0677182,0.0680927)
(0.415239,-0.0847234)
(0.0322767,-0.0328013)
(0.384117,-0.112023)
(0.214666,-0.106005)
(-0.030962,0.0520549)
(0.442386,-0.148164)
(0.491107,-0.00642359)
(0.548461,0.0756174)
(0.0176479,0.0711605)
(-0.0543585,0.0212881)
(-0.041346,-0.0145936)
(-0.0511295,-0.00428439)
(0.0203431,0.0960811)
(-0.0303323,0.00684248)
(-0.0388326,-0.0109204)
(-0.0344773,0.000259874)
(-0.0364164,-0.031137)
(0.039584,-0.049878)
(0.0197258,-0.00985145)
(0.0546873,-0.0336129)
(-0.0478229,0.00688838)
(-0.0400644,0.0435736)
(0.0352316,0.012286)
(-0.0379842,-0.0432761)
(-0.0129859,0.0558067)
(-0.0213289,-0.0156509)
(0.0217112,-0.00010499)
(0.0258538,-0.0183514)
(-0.0239449,-0.03803)
(0.0033066,-0.00762104)
(-0.00990123,-0.0260849)
(0.0359709,-0.0128726)
(0.0122487,-0.0507105)
(0.0444173,0.00546459)
(0.0447191,0.0658857)
(0.0199068,-0.00105545)
(0.00559734,0.0061456)
(-0.00238618,-0.0322707)
(0.025121,-0.0263413)
(-0.0191341,-0.0457375)
(-0.00493023,-0.0513443)
(-0.034152,-0.0170535)
(-0.0392046,0.0128471)
(0.0254686,-0.0328069)
(-0.00698412,-0.00632753)
(0.469854,-0.209403)
(-0.000548843,0.00848976)
(-0.0134071,0.00386758)
(0.021793,0.00889461)
(-0.0463042,0.00931628)
(-0.00450785,-0.0234356)
(-0.0147898,-0.0103197)
(0.457286,-0.0840641)
(0.614098,-0.116211)
(0.459184,-0.078337)
(-0.0315758,-0.00689805)
(0.415172,-0.0469297)
(-0.0198718,0.00165694)
(0.0457658,-0.0118011)
(-0.021925,0.027126)
(0.0274202,-0.01232)
(0.165682,-0.0939367)
(0.00463513,-0.00575927)
(-0.017427,0.0181679)
(-0.0147293,0.00644715)
(0.0947478,-0.0658883)
(-0.0275366,-0.0271582)
(-0.0869201,-0.0513913)
(0.441881,-0.105806)
(-0.0454762,-0.00820542)
(-0.0328577,-0.0109463)
(-0.0479239,0.0192136)
(0.00204762,0.0249957)
(-0.0129586,-0.0121637)
(0.0234182,0.038606)
(0.120404,-0.0784635)
(0.0243076,0.0171427)
(0.0889476,0.0180396)
(0.213415,-0.0790401)
(0.0399915,0.0318815)
(0.00459901,-0.00320812)
(-0.0151785,0.089198)
(-0.0398724,0.0534507)
(0.0213291,0.0657698)
(0.0274419,-0.0140653)
(-0.0215685,-0.0563931)
(-0.0184596,0.0279503)
(0.0458183,0.0120729)
(0.0730622,-0.0365611)
(-0.00752139,0.00102657)
(-0.00948332,0.0248226)
(0.029062,0.0378316)
(0.00546856,0.0279788)
(-0.00100461,0.000857874)
(0.0169252,0.0128714)
(0.0202556,0.0187908)
(-0.0125715,-0.0779596)
(0.0405339,0.0133838)
(0.0176171,-0.017753)
(0.0346377,0.0665508)
(0.0602506,0.0249133)
(0.017115,-0.0809104)
(0.0941029,0.0356875)
(0.00601602,0.0103003)
(0.0471829,-0.0353136)
(0.0200896,0.0315063)
(-0.028004,-0.0448382)
(0.0109108,-0.0222871)
(0.00113614,0.00634391)
(-0.0217312,-0.0684294)
(-0.033365,-0.0153152)
(0.0266786,0.04653)
(-0.00142602,-0.0234817)
(-0.0910201,0.0449522)
(-0.00930201,0.0186438)
(-0.0248906,0.0190158)
(0.00948194,-0.033419)
(-0.00483796,-0.00179693)
(-0.0292687,0.0128275)
(0.175489,-0.0548502)
(0.0525089,0.0158331)
(-0.0332567,-0.0300604)
(0.0523909,0.0372624)
(-0.0463455,-0.0391219)
(0.0345518,0.0590498)
(0.00277876,-0.0221767)
(0.0444405,0.105841)
(0.00345497,0.0909353)
(-0.0619271,-0.0706534)
(0.0312299,0.037666)
(-0.0306,0.0499257)
(-0.0106948,0.0993732)
(-0.0274309,-0.0371135)
(-0.0519372,-0.0328082)
(0.0336226,-0.0447631)
(0.0483795,-0.0472464)
(0.00555998,0.0140895)
(0.0260906,0.0509975)
(-0.0318243,0.0752811)
(-0.0268979,0.00512167)
(-0.0413745,-0.0386832)
(0.024263,0.0280218)
(-0.00683515,-0.0357451)
(0.585262,-0.230359)
(0.0134226,0.00757974)
(-0.046242,0.00480124)
(0.0147093,-0.0071724)
(-0.0200939,-0.00303713)
(0.00528715,-0.0536602)
(0.0210319,-0.0406535)
(-0.0374102,0.0202788)
(0.0278476,0.00916049)
(0.717958,-0.185088)
(-0.00545083,-0.0330463)
(0.0274825,0.0114047)
(-0.0213389,-0.0705248)
(0.696038,-0.235948)
(-0.0488666,-0.0172531)
(-0.0129663,-0.0448622)
(0.0301731,0.0116915)
(-0.00940201,0.0191573)
(0.0222927,-0.0344065)
(-0.0170662,0.0562391)
(-0.0467518,0.0296715)
(0.290698,-0.125178)
(0.14423,-0.107211)
(-0.0194989,-0.00146874)
(-0.0445544,0.0165609)
(-0.0537995,-0.0116069)
(0.00152509,0.0364366)
(-0.0429163,-0.0492321)
(0.407544,-0.0631948)
(-0.0584852,-0.0236611)
(-0.0437454,0.0156717)
(-0.0338319,-0.0240515)
(-0.0297368,0.0146249)
(0.0350012,-0.0193936)
(0.0110719,0.0101669)
(0.512612,-0.059288)
(-0.00486471,-0.0313517)
(0.381778,-0.0701983)
(-0.0116526,0.078111)
(-0.0137975,0.0380692)
(-0.0379677,0.0160552)
(0.00335574,0.028374)
(0.327102,-0.103826)
(0.0230287,-0.00611852)
(0.138723,-0.0559183)
(0.0054177,0.0446518)
(0.0249784,0.0211494)
(-0.0520609,0.025166)
(0.214891,0.036784)
(0.294711,-0.117592)
(-0.0132271,0.0159925)
(-0.0549273,-0.015663)
(0.331232,-0.184894)
(-0.0263947,0.00714465)
(-0.0464397,-0.0393439)
(0.324111,-0.145002)
(-0.0552845,-0.0068946)
(-0.0267875,-0.0417751)
(0.382543,-0.107308)
(-0.0157702,0.013625)
(0.203324,-0.033805)
(0.289677,-0.102681)
(0.00124388,0.10452)
(0.289124,-0.0269045)
(0.0167606,-0.0472451)
(-0.000518665,-0.0107925)
(0.0371376,0.0156404)
(0.0277251,-0.00191337)
(-0.0109359,-0.00128105)
(0.0367485,-0.0120849)
(-0.0101507,-0.0334563)
(-0.0062803,0.0240945)
(0.0286173,0.0144632)
(-0.00323437,0.0338083)
(-0.00738315,-0.0075679)
(0.0431615,-0.00724848)
(-0.0221738,-0.0108587)
(-0.0280879,-0.00155742)
(0.0118203,0.00808894)
(0.0309647,-0.00379533)
(-0.0161664,-0.00419873)
(0.407319,-0.117857)
(-0.0322765,0.0923568)
(0.0254875,0.0371977)
(0.0946659,-0.0159328)
(-0.0145701,0.0131333)
(-0.0747249,0.0369154)
(0.712295,-0.235609)
(-0.00511703,-0.00857102)
(0.724098,-0.22955)
(-0.00688808,-0.0094704)
(0.0159973,0.0190709)
(0.130715,-0.0527135)
(-0.0114276,0.00461571)
(0.0238431,0.00199645)
(0.514742,-0.0561234)
(-0.0117896,0.0165707)
(0.0670701,0.0123325)
(-0.00208377,-0.0142516)
(-0.0185105,-0.0299745)
(-0.0254963,-0.00654608)
(0.0223783,-0.047665)
(-0.0423522,0.0194275)
(0.0504026,0.00408904)
(-0.044473,-0.0227274)
(0.25721,-0.141927)
(0.032929,0.0482305)
(0.37248,-0.168498)
(-0.0365176,-0.0535446)
(-0.00670852,-0.0319979)
(0.509832,-0.0619554)
(-0.0571262,-0.00826043)
(0.0368062,0.0544311)
(-0.00622901,-0.0181947)
(0.361,-0.13411)
(-0.00384996,0.0230633)
(-0.0488563,-0.0110803)
(0.0217755,0.0865882)
(-0.0462246,0.0144189)
(0.00781489,0.0159384)
(-0.0136295,-0.00419568)
(-0.0745398,-0.0573216)
(-0.0260223,0.0359914)
(-0.0425564,-0.0167033)
(0.0231638,-0.0281846)
(-0.0399746,-0.0613474)
(0.0168319,0.00737887)
(0.0247948,0.00586506)
(0.0312888,0.00674032)
(0.0106581,-0.0239436)
(-0.00264834,0.0073638)
(0.00618655,-0.0328149)
(-0.0297224,0.0584499)
(-0.0252966,-0.00163577)
(-0.0264901,0.0191586)
(0.0278865,0.0145971)
(0.0114189,0.0105633)
(0.00355816,0.0489268)
(0.0155719,0.0343184)
(0.00376075,0.038535)
(-0.015832,-0.0128042)
(-0.0270465,-0.0549226)
(0.0368073,-0.0885779)
(-0.0222271,-0.0664935)
(0.0469584,-0.0590256)
(-0.00897856,-0.0105863)
(0.0158715,0.0353505)
(0.526396,-0.0600297)
(-0.0539528,0.0257611)
(0.0313235,-0.00490709)
(-0.0478975,-0.0161063)
(0.393246,-0.0935986)
(-0.0130901,-0.00373242)
(0.0209819,-0.0256842)
(-0.0613299,-0.0280556)
(0.0541995,-0.00381081)
(0.0109247,-0.00766553)
(-0.0437877,-0.0257772)
(0.00826895,0.0491204)
(0.368821,-0.0898488)
(-0.0285539,-0.0317653)
(-0.0051276,0.00759255)
(0.658534,-0.105584)
(-0.00742242,-0.0104665)
(-0.0124054,-0.0356925)
(0.0600519,0.0114117)
(0.446906,-0.0858869)
(0.0292834,0.054997)
(0.0501645,-0.00374389)
(0.0565773,0.0037282)
(-0.0131666,0.0380875)
(0.000487811,-0.00752792)
(-0.0177745,-0.0225016)
(0.0184758,-0.0176602)
(-0.032316,0.00256377)
(0.00777256,-0.0738739)
(-0.0318229,-0.113319)
(0.0223125,-0.00879531)
(0.44214,-0.0814829)
(0.00982949,0.0643399)
(0.021469,0.00364419)
(0.0322128,0.00429597)
(-0.0790165,-0.00676823)
(-0.00284582,-0.0486356)
(0.0198146,0.0268211)
(-0.00977438,-0.0333699)
(-0.0433412,-0.052398)
(-0.0077097,-0.0606601)
(0.0249314,0.0151572)
(0.0288137,0.0913748)
(0.42997,-0.0955463)
(0.016425,-0.0131501)
(0.0205855,-0.0160363)
(-0.0658291,0.0801504)
(0.0519909,-0.0317705)
(-0.0555241,0.0670103)
(0.00763366,-0.0487287)
(0.0850578,-0.125826)
(0.135111,-0.0842951)
(0.0585082,-0.0914722)
(0.0195529,-0.0370648)
(-0.00338059,-0.0185916)
(0.638395,-0.135826)
(0.313684,-0.115259)
(-0.0122899,0.0548789)
(0.410942,-0.108019)
(0.51301,-0.11174)
(0.253418,-0.108039)
(0.00404009,0.0605422)
(-0.00586969,0.0520578)
(0.0316005,0.0411098)
(0.0846697,-0.0170318)
(0.0232809,0.0094392)
(-0.0192283,0.00814984)
(-0.0130603,-0.082955)
(0.0299397,0.0588925)
(-0.0776593,0.00787654)
(-0.0457875,-0.0114424)
(-0.000424471,-0.00517263)
(0.538899,-0.151083)
(0.0140383,0.0580457)
(-0.0101285,0.012953)
(-0.0189417,0.0490582)
(0.559759,-0.10794)
(-0.00559578,0.0148108)
(-0.0394076,0.0257569)
(0.535066,-0.121205)
(0.502556,-0.0873978)
(-0.0351288,0.0518751)
(0.412616,-0.12382)
(-0.00489072,0.071247)
(-0.0404994,0.0908099)
(0.489976,-0.0296387)
(0.29454,-0.0923385)
(0.396833,-0.0773823)
(0.504173,-0.0948766)
(0.0039873,-0.0430998)
(0.751211,-0.0715387)
(-0.0386753,0.0594604)
(-0.00656666,0.0408605)
(0.179423,0.00892399)
(0.133619,-0.0482016)
(0.0098395,0.0963738)
(0.0414702,-0.0261968)
(0.0449194,0.00613804)
(0.00546668,0.0287537)
(0.0518114,0.0131829)
(-0.0224266,0.0410764)
(0.0397733,0.0079097)
(0.00200027,0.0127715)
(0.053722,0.0188432)
(0.145595,-0.0747812)
(0.000415574,-0.00730056)
(0.00371393,-0.127924)
(0.00821928,0.0536546)
(-0.00674283,0.0447052)
(0.00437483,-0.0405629)
(0.444353,-0.120043)
(-0.0350593,0.0254762)
(0.0208838,-0.00847783)
(-0.0195933,-0.0208219)
(0.026216,0.0208207)
(0.0173889,-0.00906319)
(-0.019909,-0.0164731)
(0.0128642,0.00311568)
(-0.0326669,-0.0523571)
(0.532828,-0.148744)
(-0.0217859,-0.012871)
(0.357342,-0.0834668)
(0.0359834,0.00433781)
(0.0608604,0.0496192)
(-0.0217636,-0.0330309)
(0.0550057,-0.0419517)
(-0.0520729,-0.0342127)
(0.0100142,-0.0498638)
(0.0101454,-0.0401392)
(0.0187361,0.00924681)
(-0.00328508,0.00615006)
(0.0191283,-0.0476571)
(0.0430302,-0.0273241)
(0.0170704,0.00172094)
(0.402122,-0.0202365)
(0.286449,-0.00695881)
(-0.0581353,-0.0250686)
(0.0381033,0.00660206)
(0.0416966,-0.0188971)
(0.0912523,-0.0131669)
(0.461895,-0.089457)
(0.012059,0.000914898)
(0.0622283,-0.00286081)
(0.0811,0.0251069)
(0.0738107,0.00376789)
(0.315903,-0.05225)
(0.00012828,0.022074)
(-0.00794918,-0.00283368)
(-0.00807223,0.00488104)
(0.00698522,0.0207031)
(0.397778,0.0230908)
(-0.0209673,0.0233979)
(-0.0131913,0.0244135)
(-0.0021279,0.0449435)
(0.0233404,0.0204061)
(-0.00754662,0.0130758)
(0.392148,0.0102817)
(0.490836,-0.157326)
(0.633791,0.0223082)
(0.0424251,-0.0134211)
(-0.0296332,0.0228477)
(0.518054,-0.103729)
(0.036479,-0.0191599)
(0.101824,-0.0528932)
(0.302626,-0.142648)
(-0.0316515,-0.0280174)
(-0.0193096,0.0547285)
(0.00619939,0.0330982)
(-0.02089,0.00547064)
(0.0389331,0.0638909)
(0.229022,-0.0814361)
(0.293735,-0.128817)
(0.296872,-0.154055)
(0.317339,-0.0549779)
(0.678657,-0.163693)
(-0.0624261,-0.0362623)
(-0.0416864,0.0202389)
(-0.0580563,0.00345098)
(0.0957983,0.0379086)
(0.524264,-0.191119)
(0.51446,-0.168687)
(-0.0335343,0.00330456)
(-0.00654023,-0.0768867)
(-0.0415492,-0.00947739)
(0.609923,-0.106435)
(-0.0269141,-0.00481714)
(0.0676721,0.0173121)
(-0.0159457,-0.0342634)
(0.76827,-0.324114)
(0.0528479,0.0228765)
(-0.0353483,0.00531371)
(0.639633,-0.00929856)
(0.55301,-0.0594489)
(-0.0220136,-0.00111775)
(-0.0202651,-0.0164106)
(-0.0169081,0.00734293)
(0.0169602,-0.00954058)
(-0.00501547,0.03296)
(0.0108307,0.00996436)
(0.0337879,0.036728)
(0.431463,-0.174441)
(0.678297,-0.0734817)
(0.532162,-0.140265)
(0.507418,-0.0946478)
(0.452465,-0.0879893)
(0.1824,-0.0903047)
(0.291333,-0.0486651)
(0.221405,-0.0867176)
(0.206303,-0.0418327)
(-0.00198605,-0.00167628)
(-0.00341046,-0.0216265)
(0.341788,-0.0741334)
(0.545022,-0.0934558)
(0.570223,-0.0212372)
(0.50928,-0.0274265)
(0.617919,-0.11731)
(0.0116201,0.0423598)
(0.532653,-0.108568)
(-0.0843773,0.106401)
(0.0351635,-0.0347647)
(-0.000813086,-0.0353508)
(-0.00454346,0.081971)
(-0.0399487,0.0167746)
(0.0136868,-0.0668718)
(0.0090663,0.0306277)
(-0.00653198,-0.0213212)
(-0.0111516,0.0822686)
(0.380506,-0.0688901)
(-0.0316438,-0.00868766)
(0.440859,-0.203202)
(0.447532,-0.0503379)
(0.427825,-0.190681)
(-0.0298059,0.0112885)
(0.0026826,0.0620286)
(-0.000480008,0.0352312)
(0.526769,-0.0991606)
(-0.0116621,-0.0112715)
(0.089562,-0.0222757)
(0.405644,-0.0982075)
(0.297566,-0.0868208)
(0.551701,-0.106414)
(0.510116,-0.207898)
(0.68912,-0.236376)
(0.404888,-0.0193412)
(-0.00743318,-0.0442676)
(0.00251568,-0.0897305)
(0.0122175,-0.0175528)
(0.0248593,0.0538401)
(-0.00126619,0.0515009)
(-0.00333491,-0.0475645)
(-0.00150507,0.0449882)
(0.26674,-0.0478739)
(0.188387,-0.0335855)
(-0.0341951,-0.0439502)
(0.150476,0.0190141)
(-0.00504275,-0.0494446)
(0.451863,-0.0637365)
(0.525579,-0.0222858)
(-0.0889247,0.00124037)
(-0.0246208,0.0581038)
(-0.021331,0.0438617)
(0.0348507,-0.0210527)
(0.413628,-0.0972414)
(0.00718043,-0.0356864)
(0.0920827,-0.000881409)
(-0.0720131,0.0350276)
(0.189265,-0.0916463)
(-0.023208,0.0335884)
(0.301396,-0.100465)
(-0.0157824,0.0297834)
(0.0580438,-8.38455e-05)
(0.0203822,-0.0005122)
(0.0258785,-0.00573708)
(0.447745,-0.00579886)
(-0.0102511,-0.00978433)
(0.430475,-0.0976257)
(0.433165,-0.0441699)
(0.0362559,-0.0395656)
(0.549733,-0.080838)
(0.562787,-0.185517)
(0.468081,-0.0138871)
(0.0402771,0.0118643)
(0.462315,-0.186303)
(-0.0075309,0.0390906)
(-0.0108291,0.0393442)
(-0.00415136,0.050618)
(0.00562728,-0.00362568)
(0.000538967,0.0104067)
(0.00869027,0.00225237)
(-0.0557582,0.0203759)
(0.654366,-0.211683)
(-0.0235414,0.0533256)
(0.00104284,0.0733954)
(0.399033,-0.172831)
(0.436509,-0.169741)
(0.0139904,-0.0285129)
(0.100115,-0.00632319)
(0.00312263,-0.0412566)
(0.389572,-0.0572132)
(-0.0384073,-0.000226841)
(0.478156,-0.113735)
(0.315874,-0.116374)
(-0.0435956,-0.0239227)
(0.0241694,-0.0105492)
(0.54889,-0.166022)
(-0.0364053,-0.027443)
(0.0307075,-0.0411045)
(-0.00420826,0.0464176)
(0.498111,-0.198018)
(0.43551,-0.142799)
(0.202386,-0.0493305)
(0.439141,-0.144211)
(0.528812,-0.220243)
(0.0481317,-0.0293662)
(0.497587,-0.152376)
(0.50309,-0.0575152)
(0.00528662,-0.0710482)
(0.52644,-0.162023)
(-0.0171583,-0.00288246)
(0.546335,-0.165695)
(-0.00954168,0.00308255)
(-0.0144458,0.0837007)
(-0.023096,0.0138407)
(0.00868459,0.0293997)
(0.054703,0.102736)
(0.0798882,0.101891)
(0.0267919,0.0291755)
(0.023833,-0.0426256)
(0.246892,-0.07539)
(0.00992921,-0.0139403)
(0.0407904,-0.0663682)
(0.0118135,-0.0387174)
(0.06508,-0.020354)
(0.0576768,-0.0170139)
(0.0703677,-0.0041483)
(-0.027665,0.0643163)
(0.157376,0.0148511)
(-0.0142634,0.0552569)
(0.0390491,0.0132253)
(0.759271,-0.287516)
(0.519542,-0.245421)
(-0.0099198,0.036893)
(0.0456539,0.0528913)
(-0.0105998,0.062444)
(0.0651609,0.0154485)
(-0.0370184,-0.0237038)
(0.116302,0.00280301)
(0.204919,-0.0527275)
(0.638965,-0.197225)
(0.571736,-0.129123)
(0.0175376,0.0604496)
(0.0183255,0.011478)
(0.605719,-0.12323)
(-0.0479792,0.0518731)
(0.00719989,0.019741)
(-0.0180236,-0.0326018)
(0.514223,0.0442227)
(0.0107856,-0.0448887)
(0.290827,-0.162581)
(-0.043007,0.00566868)
(0.0750189,-0.0508646)
(0.0879844,-0.0790477)
(0.232095,0.0247736)
(0.262857,0.0148985)
(0.0241935,-0.00663617)
(-0.0841216,0.034951)
(0.391899,-0.112076)
(-0.0664251,0.0296532)
(-0.0187032,-0.0772939)
(-0.00381036,-0.0973313)
(0.440753,-0.0918578)
(-0.0426434,-0.101108)
(0.405948,-0.0572507)
(0.0130068,-0.0231523)
(0.0429533,0.013086)
(-0.00628039,0.0170515)
(0.016328,0.0493643)
(0.00705563,0.0470557)
(0.00750638,0.0237103)
(0.026334,0.0182867)
(-0.0271841,0.0187004)
(0.00309612,-0.0143318)
(0.659941,-0.151014)
(-0.0175293,-0.0284601)
(-0.00110542,-0.000328979)
(0.616932,-0.111517)
(0.012718,0.00992465)
(-0.029307,0.0475413)
(-0.0428801,-0.00148799)
(-0.0277073,0.0256387)
(-0.0252539,0.0103994)
(0.172128,-0.0886202)
(0.0219479,0.0840603)
(-0.0514659,-0.00758649)
(-0.0156129,-0.0455026)
(0.0100626,0.0237867)
(-0.0440576,-0.0147586)
(0.562911,-0.0446227)
(-0.117229,0.071561)
(0.63205,-0.142467)
(0.505556,-0.207089)
(0.60124,0.00693722)
(-0.128919,-0.0896728)
(0.386595,-0.0051964)
(0.474541,-0.121012)
(0.453606,-0.0599096)
(-0.150201,-0.00477266)
(0.0634312,0.00345425)
(-0.0565043,0.0363724)
(0.0511009,0.0333335)
(0.560916,-0.0615204)
(0.577778,-0.045583)
(0.0174995,-0.0258973)
(-0.0214415,0.0450624)
(0.0032819,0.0634081)
(0.0670381,0.000307857)
(0.357484,-0.128671)
(0.0633127,0.00297573)
(0.0155114,-0.00945916)
(0.0185824,0.0133353)
(0.0691467,-0.0229949)
(0.448064,-0.105864)
(-0.0199454,-0.0521218)
(0.503618,-0.072965)
(0.0269745,0.0287151)
(0.00419557,0.0821988)
(0.0408003,0.0670972)
(0.561463,-0.128682)
(-0.0141332,0.0616348)
(0.31597,-0.0114522)
(0.524479,-0.0773098)
(-0.031342,0.0198799)
(0.0383877,0.0526624)
(0.0556785,-0.0501606)
(0.027096,0.0613092)
(-0.0504093,0.0216884)
(0.0182071,-0.0526768)
(0.355438,-0.184256)
(0.251645,-0.179065)
(0.0752337,-0.0412281)
(-0.0134346,0.00353969)
(-0.0268224,0.0165477)
(-0.0561167,0.151298)
(-0.00423894,0.0104541)
(-0.00695266,-0.00924682)
(0.347413,-0.11125)
(0.545979,-0.0963273)
(0.605348,-0.077044)
(-0.00520239,-0.0278788)
(0.418194,-0.00293744)
(-0.0231102,0.0338939)
(0.028704,0.0269228)
(0.0302492,0.0319151)
(0.0306437,0.0447892)
(-0.00112575,0.010759)
(0.0392641,-0.036767)
(0.238647,-0.0857625)
(0.604552,-0.16374)
(0.571511,-0.114185)
(0.0822827,-0.0735459)
(0.613746,-0.136558)
(0.0203319,-0.123174)
(0.387994,-0.163762)
(0.372421,-0.0804431)
(0.0169587,-0.036243)
(0.562687,-0.20472)
(0.402,-0.136249)
(0.584692,-0.177334)
(0.471107,-0.119491)
(0.581483,-0.0322208)
(0.132058,-0.02243)
(0.225311,-0.0634588)
(0.257607,-0.0528202)
(0.428006,-0.0605967)
(0.05536,-0.0470195)
(0.546209,-0.0266276)
(0.391546,-0.126679)
(0.0420614,0.0280674)
(-0.0477591,-0.00496588)
(-0.0670862,0.0434321)
(-0.0429659,-0.0574608)
(0.35965,-0.102266)
(-0.067523,-0.0136073)
(0.483389,-0.108204)
(-0.0296719,-0.0484751)
(0.258815,-0.0448316)
(-0.0440441,-0.00969669)
(-0.0409173,-0.00800566)
(0.441464,-0.123098)
(0.00927286,0.095274)
(0.0199234,-0.0234586)
(0.538542,-0.129489)
(0.0214716,-0.0500277)
(-0.0255933,-0.0678106)
(-0.00533984,0.0221379)
(-0.024512,-0.0117895)
(-0.0127815,-0.00852418)
(-0.0356671,-0.0294358)
(0.597379,-0.185244)
(0.622884,-0.177616)
(0.521798,-0.190434)
(-0.0534455,-0.0515572)
(0.00890849,0.0477939)
(0.31142,-0.0978662)
(-0.0205979,0.072359)
(-0.0202759,-0.0510458)
(0.0220945,-0.00983487)
(0.00184023,-0.010463)
(0.666489,-0.298233)
(0.440313,-0.0620221)
(0.473871,-0.0258189)
(0.405229,-0.0107226)
(0.56315,-0.261911)
(-0.0317972,-0.0277467)
(0.467527,0.00627468)
(0.282778,-0.0637779)
(-0.0114424,-0.0434038)
(0.471419,-0.16899)
(0.632489,-0.197073)
(-0.00359797,-0.0557902)
(-0.0327381,0.111297)
(0.615382,-0.0476126)
(-0.00781358,0.00201584)
(-0.0189585,0.0300352)
(0.473171,-0.0616337)
(0.0278534,-0.00781702)
(-0.0521294,-0.0271092)
(0.046551,0.0361336)
(0.0196127,-0.011172)
(0.507363,-0.0277208)
(0.0531412,0.0378026)
(-0.0125277,0.115547)
(0.028003,0.0219862)
(0.433081,-0.057156)
(-0.0427111,0.0490631)
(0.0627618,0.0121197)
(-0.0341704,0.0927547)
(0.145738,-0.0615182)
(-0.026869,-0.0314009)
(0.0745865,-0.000854504)
(0.0820427,0.0300807)
(0.100643,-0.0127419)
(0.00207529,0.0367878)
(0.0398426,0.024366)
(0.0826735,0.0625375)
(0.434699,-0.0216133)
(-0.0158489,0.00818083)
(0.475098,0.0183104)
(0.00775657,-0.00302296)
(0.0317493,-0.0327361)
(0.143065,-0.117256)
(0.476497,-0.107741)
(0.281354,-0.135774)
(0.0261993,-0.0254816)
(0.0260292,-0.0152231)
(0.0390509,0.0186995)
(0.0451045,-0.00416769)
(0.0210031,-0.00290779)
(-0.00378825,-0.0184418)
(-0.0188168,-0.0513255)
(0.0210353,-0.00088034)
(-0.0620318,0.00144481)
(-0.00476106,0.0736654)
(-0.0609683,0.00584765)
(0.352587,0.0187868)
(0.0327139,0.0655877)
(0.0594897,-0.00801807)
(-0.0279662,0.00545047)
(0.0586981,0.00627974)
(0.256225,-0.0682833)
(0.180402,-0.0559702)
(-0.0150124,0.0742372)
(0.14739,-0.0892934)
(0.541214,-0.0488088)
(0.013481,0.0147589)
(0.437673,-0.0497247)
(-0.0258523,0.0021392)
(0.0324247,-0.00304128)
(0.0408567,-0.013933)
(0.030417,-0.0322309)
(0.0368654,-0.0115315)
(-0.0335444,0.0365517)
(-0.00844625,-0.0469524)
(-0.0503819,0.0178052)
(0.00513404,0.0358682)
(0.0249122,-0.0203948)
(0.364612,-0.104987)
(0.392763,-0.10988)
(0.0587845,-0.000306376)
(0.198003,0.00175952)
(0.197528,-0.00966258)
(0.57033,-0.191987)
(-0.0203361,-0.0113304)
(0.125062,0.00338017)
(0.494879,-0.162042)
(0.132513,0.0473227)
(0.118648,-0.0628567)
(-0.0110863,-0.0416307)
(-0.024679,-0.0838258)
(0.0856263,-0.0260102)
(-0.0188363,-0.00998336)
(0.446581,-0.063796)
(0.402233,-0.0498195)
(0.0516716,-0.024393)
(0.0687206,-0.00145989)
(0.209021,-0.120138)
(0.0925455,-0.0679149)
(0.158622,-0.0790341)
(0.049628,0.00105497)
