1620
(0.0172288,-0.0320138)
(-0.0489574,-0.0099633)
(0.0343632,0.0331837)
(-0.0262233,-0.0656399)
(-0.0184522,0.0512975)
(0.0269943,0.016852)
(0.00540224,-0.0182252)
(0.0247557,0.00510119)
(0.0714846,-0.00348773)
(0.0115762,-0.0424312)
(0.00789375,-0.0160492)
(-0.00116634,-0.0275439)
(-0.00701973,-0.00896876)
(0.0525277,0.0350435)
(0.0137591,0.0122781)
(0.0120815,-0.0412189)
(-0.005749,-0.0271849)
(0.0159418,0.0164059)
(-0.043328,-0.0375928)
(0.043567,0.00641941)
(0.0383235,0.0238463)
(-0.033376,-0.00293237)
(-0.069904,-0.0165016)
(-0.0844166,-0.111568)
(0.0414495,-0.0225975)
(0.0320985,-0.00357427)
(-0.0322774,0.00179444)
(0.0320155,0.0202972)
(-0.0622548,-0.0946547)
(0.0306649,0.0205875)
(0.0346724,-0.00327183)
(0.0780924,-0.0256979)
(0.0184039,0.0017799)
(-0.0484734,0.080918)
(0.0552811,0.060377)
(0.00231114,0.0939401)
(0.0191538,0.101437)
(-0.0207732,0.0106609)
(-0.0147558,-0.000784207)
(0.0339608,-0.0207114)
(0.00974136,-0.0138905)
(0.0347922,-0.0305542)
(0.0702314,0.00254171)
(0.054005,-0.0355805)
(0.00937425,0.0134736)
(0.14641,-0.03872)
(0.115803,-0.0573905)
(-0.000623497,-0.0158551)
(-0.0464732,-0.00888815)
(0.00323764,-0.0118353)
(0.0627816,0.0263048)
(0.0107868,-0.0147639)
(-0.0140489,0.0149616)
(-0.0114147,0.018321)
(-0.0220715,0.0307996)
(-0.0284905,0.0129708)
(-0.000998816,-0.0159076)
(0.0116014,0.0225877)
(-0.00151606,-0.0179797)
(0.0225304,0.00797389)
(-0.0296772,0.00543727)
(0.244582,-0.0710204)
(0.00153324,-0.00823453)
(0.389888,-0.126574)
(-0.00351909,-0.0243157)
(0.00212838,0.0216358)
(0.0306421,-0.0336137)
(0.0298445,-0.0566874)
(0.0465557,-0.0054571)
(-0.00619699,-0.0318554)
(0.0037071,0.0091918)
(0.0119663,0.0156092)
(-0.016534,0.0302981)
(-0.0206249,-0.0129019)
(0.0114366,0.0139467)
(-0.0234083,0.0338547)
(0.0372927,-0.0304166)
(0.0704391,-0.101908)
(-0.0134529,0.025178)
(0.104259,-0.0986721)
(0.00566694,-0.0441391)
(0.0407367,-0.00786602)
(-0.00151809,0.00915308)
(0.00444722,0.038613)
(-0.0295837,0.0361511)
(0.0437315,0.00109451)
(-0.0481673,-0.00433146)
(0.0439134,0.0574315)
(0.0647029,0.017499)
(0.0546854,-0.0227213)
(-0.0552577,-0.0253723)
(0.0433275,0.0277466)
(0.337025,-0.0977336)
(0.0383384,0.0745603)
(0.0562114,0.0534678)
(0.402285,-0.0543622)
(0.0414194,0.000385638)
(0.399652,-0.132316)
(0.0163132,-0.0574326)
(0.0200879,-0.0542778)
(0.0260636,-0.0427446)
(0.0436935,0.00861567)
(0.0355559,-0.0180178)
(0.0113509,-0.00628451)
(0.0290749,-0.0622606)
(0.477055,-0.0625284)
(0.014516,0.0356446)
(4.41069e-05,0.0285776)
(0.0224121,0.0114114)
(0.017503,0.0116762)
(0.0168174,0.017578)
(0.591485,-0.170659)
(0.395165,-0.0528318)
(-0.0259283,0.0222751)
(0.409521,-0.0962184)
(0.109259,0.0351233)
(0.0732024,-0.000472624)
(0.456458,-0.136321)
(0.00404401,-0.0115224)
(0.373441,0.235383)
(0.44723,-0.121073)
(0.00650798,0.0129309)
(0.329616,-0.173371)
(0.263479,-0.154844)
(0.274332,-0.145617)
(0.0207852,-0.0404754)
(0.00348808,-0.0312095)
(-0.0124907,0.0202512)
(0.316996,-0.156529)
(0.0100813,-0.0294023)
(0.049017,-0.0273779)
(0.0280054,0.00131636)
(0.00228519,-0.013325)
(-0.00777046,-0.0180744)
(0.0203698,-0.0110871)
(0.0436344,0.00465294)
(-0.0690589,0.0526783)
(0.0148047,0.0379911)
(0.257566,-0.0720934)
(0.0373168,0.0302952)
(0.0283996,0.0810131)
(0.0354269,0.045335)
(0.00220734,0.0139308)
(-0.0265264,-0.00636633)
(0.0580106,-0.0784613)
(0.0296201,-0.068783)
(0.00603444,0.0211067)
(0.317691,-0.176362)
(0.32856,-0.164736)
(-0.0654292,0.0608159)
(0.426176,0.0224557)
(0.126155,-0.0831681)
(0.64886,-0.0773476)
(0.510291,-0.0361175)
(0.513087,-0.134678)
(-0.0737644,-0.00764314)
(0.0940274,-0.0752549)
(0.461491,-0.107972)
(0.379737,-0.00930373)
(-0.0757483,-0.0074691)
(-0.079304,0.0293734)
(-0.0120134,0.00623192)
(-0.0295897,0.0102788)
(-0.0132545,-0.00990507)
(0.0182785,-0.013153)
(0.00615678,0.018189)
(-0.00902305,-0.00797131)
(0.000975982,0.0221738)
(-0.010843,-0.0255482)
(-0.0274531,-0.00358538)
(-0.0140545,-0.0122826)
(-0.0189523,0.00528556)
(0.368054,-0.100631)
(0.351531,-0.0334354)
(0.502156,-0.172197)
(0.455286,-0.170684)
(0.00648889,-0.0290507)
(0.0419676,-0.034538)
(-0.016613,-0.0228449)
(-0.0109899,-0.0355624)
(-0.0265127,-0.00478564)
(0.105883,0.000159369)
(0.0614134,-0.0148861)
(0.0404428,0.0594417)
(0.03027,0.0745399)
(0.00730381,-0.0156962)
(-0.0096156,-0.0452974)
(0.107328,0.0164018)
(0.00531624,0.0620727)
(0.410444,-0.164457)
(0.380778,-0.165994)
(0.333289,-0.068104)
(0.398958,-0.0429955)
(-0.0436576,-0.0149899)
(-0.0372959,-0.00518976)
(0.0121234,0.0242347)
(-0.000326958,0.00745722)
(0.0175803,0.0339689)
(-0.0502666,-0.0236126)
(0.079386,-0.00984275)
(-0.0126268,-0.0699517)
(0.0438962,-0.0421638)
(-0.10649,-0.0147511)
(-0.0631362,-0.0212561)
(-0.039325,0.00133485)
(-0.0537302,-0.00938903)
(0.411848,0.209675)
(0.413855,0.229089)
(-0.066104,0.0364456)
(0.375743,-0.130786)
(-0.0267231,-0.00201427)
(0.368067,-0.0766466)
(0.367256,-0.0614014)
(-0.0130438,-0.0563805)
(0.0193132,-0.0969435)
(0.102089,0.0325454)
(0.0424963,0.00430689)
(0.329588,-0.0381269)
(0.359641,-0.0113174)
(-0.04773,-0.00549705)
(-0.0480703,-0.0400105)
(-0.0414785,-0.0763405)
(0.10128,0.0519608)
(0.536684,0.544587)
(0.0210549,-0.0487764)
(0.0235662,-0.0587565)
(0.375756,0.378763)
(0.0151037,0.00705279)
(-0.0152704,0.00424285)
(-0.0196232,-0.00572099)
(-0.00561689,-0.0133632)
(0.371935,-0.0613014)
(0.382223,-0.159131)
(0.501827,0.0464462)
(0.466546,0.0530882)
(-0.0312342,0.0982675)
(-0.0788113,-0.0425236)
(-0.0857682,-0.0416852)
(0.152912,-0.118939)
(-0.0381542,0.0237832)
(0.0436195,-0.0134102)
(0.026772,-0.0652699)
(0.0335118,0.0171115)
(0.0191956,0.0449887)
(0.0562149,-0.0460723)
(-0.0863769,0.0555591)
(0.0632656,-0.0108042)
(0.0352267,0.0405855)
(-0.0393075,0.0661527)
(-0.0310257,-0.111949)
(0.00928884,0.011085)
(-0.0784026,0.0393319)
(0.000603875,0.00700116)
(-0.0132187,-0.00219434)
(-0.0393727,-0.000228482)
(-0.00825062,-0.0440479)
(0.049775,-0.0595921)
(0.0195366,0.000975143)
(0.0188567,-0.0560181)
(0.0127836,-0.0327358)
(0.0120786,-0.0242823)
(-0.0209352,0.0154329)
(-0.0456408,0.0241191)
(-0.00457738,0.00456839)
(0.534786,-0.0268782)
(-0.0105688,-0.00466793)
(-0.0587773,-0.0965631)
(0.00399142,0.0201302)
(-0.018574,-0.0006712)
(-0.00517406,-0.0210576)
(-0.0392393,0.00485275)
(-0.0136217,-0.00778962)
(-0.00311148,-0.0374354)
(-0.0182771,0.0542585)
(0.0258515,-0.0414336)
(0.448896,-0.0828839)
(0.0233303,0.0237123)
(-0.00314596,-0.0295918)
(0.0366242,0.0372566)
(0.0200902,0.00103611)
(0.0315029,0.0190753)
(0.0714965,0.0200032)
(0.0228047,0.014849)
(0.0445665,0.00786886)
(0.061046,0.064734)
(0.0750247,0.0411011)
(0.0440294,-0.00300813)
(0.0121552,0.0332509)
(0.0381327,-0.00670357)
(0.0459607,0.0523671)
(-0.0129918,0.0113923)
(0.0089806,-0.00823613)
(-0.040006,-0.00797303)
(-0.0615479,0.0125883)
(-0.0652919,0.0518634)
(-0.00367651,0.0349172)
(0.0355517,-0.00160602)
(-0.00288197,0.0131873)
(-0.0258247,0.00708447)
(-0.00763542,-0.0190821)
(0.0131194,0.00481984)
(-0.0347297,0.0228938)
(-0.0155266,0.0137142)
(-0.0403818,-0.000132306)
(-0.0298654,-0.00384765)
(0.051514,-0.0256751)
(0.00850524,0.0122452)
(0.349124,-0.149542)
(-0.0468986,0.0143268)
(-0.0582786,0.0405239)
(0.0211084,-0.0351117)
(0.0129175,-0.0330141)
(-0.0712335,-0.00256909)
(0.00273863,0.0182382)
(-0.0234751,0.0123835)
(-0.0482745,0.0174821)
(-0.0232025,0.00116613)
(-0.0693131,-0.00252236)
(-0.0100917,0.00990089)
(0.353115,-0.175613)
(0.00357334,0.0136623)
(0.0412437,-0.00473527)
(-0.00866424,-0.0266127)
(0.031325,-0.0295057)
(0.0299475,-0.0117806)
(0.0534004,-0.0185518)
(0.00437206,-0.0386349)
(-0.00550386,-0.035415)
(0.00608274,0.0570911)
(-0.0577238,0.0125125)
(0.043437,-0.0483413)
(-0.0462536,-0.057635)
(-0.069976,-0.0340345)
(0.00311968,-0.00803781)
(0.0587474,-0.0310176)
(0.320035,-0.101019)
(0.015613,-0.0233887)
(0.0190516,0.0392515)
(0.0253893,-0.0409279)
(0.0246365,-0.0203098)
(-0.0111158,0.0206766)
(-0.035326,-0.0268915)
(0.0188709,0.0397894)
(-0.00276462,0.0304624)
(-0.0194478,0.0271166)
(0.0301476,0.0531882)
(0.0326605,0.0105155)
(-0.0202436,0.0324288)
(-0.00980256,0.00697847)
(0.0930873,-0.113502)
(0.451153,-0.170466)
(0.48487,-0.190066)
(0.0188141,-0.0309618)
(-0.0193768,-0.028353)
(0.402119,-0.16461)
(-0.00685963,-0.00518769)
(0.0188046,-0.0258783)
(3.34546e-05,0.0197627)
(0.00683675,0.0175364)
(-0.0575278,-0.0390384)
(0.218939,-0.116088)
(0.0653045,-0.108316)
(0.0300402,-0.00307065)
(0.0222711,0.0553498)
(-0.00569355,0.0234269)
(0.0204253,-0.0195925)
(0.384921,-0.138018)
(-0.0449371,-0.0493647)
(0.0431271,0.0160836)
(0.0297445,0.0354612)
(0.0398773,-0.0123029)
(-0.0125789,0.00987077)
(-0.0394657,0.000428144)
(0.0143824,0.0472952)
(0.365266,-0.103383)
(0.405014,-0.154258)
(-0.0155819,-0.0119232)
(-0.0498096,-0.035899)
(0.0880624,-0.000241248)
(0.00740427,-0.0189088)
(-0.049523,0.0221132)
(0.177702,-0.104985)
(0.376179,-0.186946)
(0.0345339,-0.000909753)
(-0.0231146,-0.0382299)
(0.00624002,-0.00606357)
(0.00771147,-0.00390958)
(0.0257286,0.0617643)
(-0.00246716,0.00423424)
(-0.0562535,0.0281613)
(-0.071249,0.0310314)
(0.0109512,0.0142212)
(-0.00684172,0.0231113)
(0.0338428,-0.000125973)
(0.0265965,0.0517155)
(0.0476502,0.0198667)
(-0.0875691,-0.0582078)
(-0.00326946,-0.0877962)
(0.0403582,0.0347353)
(0.00218823,0.0175975)
(-0.0051704,0.00172044)
(-0.0489238,0.0669974)
(0.0264062,-0.0253384)
(0.541732,0.0550698)
(-0.00166557,0.023865)
(-0.0470386,0.0360423)
(-0.0384258,-4.98929e-05)
(-0.0478759,-0.0218062)
(0.00885227,0.0426511)
(0.00634759,-0.00450626)
(-0.0188746,-0.0553743)
(-0.00219872,-0.0450537)
(0.0216167,0.0420206)
(0.0163522,-0.0372725)
(0.410994,-0.0746843)
(0.0870826,0.0067181)
(-0.0171464,0.0201468)
(0.0508516,-0.0159578)
(0.00762719,-0.0440843)
(0.0323803,-0.013648)
(-0.015771,-0.0462022)
(-0.0338,-0.016891)
(0.0609811,-0.039945)
(-0.0159732,-0.0189392)
(0.0386103,-0.02739)
(-0.0337569,-0.000631192)
(0.536002,0.0974801)
(-0.0333634,0.00580781)
(-0.0262134,-0.00346494)
(0.011281,0.00367135)
(-0.0572991,0.0139098)
(-0.00107431,-0.0264589)
(0.0280998,-0.0540484)
(0.0788229,-0.0428267)
(0.0272977,-0.020574)
(0.0395809,0.0170284)
(-0.00276892,-0.0213559)
(0.0228641,0.0316431)
(-0.0296793,0.0102064)
(-0.0375522,-0.0440551)
(-0.0395613,0.0180943)
(-0.00286519,-0.0070526)
(0.0312465,0.0141349)
(0.0237031,-0.0228073)
(-0.0924279,-0.0389299)
(-0.0222434,-0.0696866)
(-0.0814335,-0.0376434)
(0.0205369,-0.0439479)
(-0.0150901,0.00511741)
(0.235453,-0.102674)
(-0.0177129,0.0116701)
(-0.0415243,0.0403263)
(-0.0282243,0.0172454)
(-0.0334425,0.00897264)
(-0.0418745,0.0207773)
(-0.00210085,-0.0403821)
(0.0408143,0.00902323)
(-0.0267694,0.0236559)
(-0.00920097,0.00223253)
(0.0366536,0.0170177)
(-0.00395894,0.00271774)
(-0.0927543,-0.0204589)
(0.0304642,9.80887e-06)
(0.0790436,-0.0227285)
(-0.0510146,0.0296824)
(0.0040202,-0.048849)
(-0.0663284,-0.0425593)
(0.0030826,0.00497315)
(0.343091,-0.162175)
(-0.111625,-0.0188025)
(0.518274,-0.0779508)
(0.0214762,0.00480173)
(-0.033843,0.0599538)
(0.0392053,0.052854)
(0.0310955,-0.0522999)
(0.0710953,-0.0128098)
(-0.0220838,-0.0576864)
(0.0166564,-0.0538155)
(0.00307393,-0.0510152)
(-0.0164193,-0.00859295)
(-0.00883797,0.00393014)
(0.366188,-0.148456)
(-0.0201458,-0.0117121)
(-0.0435135,-0.0575176)
(0.0477735,-0.00329901)
(0.0238729,-0.0118132)
(-0.024145,-0.0709669)
(0.334511,-0.139542)
(0.0184634,0.00558917)
(0.018166,-0.0225964)
(0.670697,-0.0247362)
(-0.00569228,-0.0597626)
(-0.00452181,0.00983334)
(0.0115068,0.0199631)
(0.0633922,-0.084269)
(0.406108,0.0805234)
(0.496178,0.0341619)
(0.668514,0.416559)
(0.491934,0.283113)
(-0.0212192,0.0631104)
(-0.0231933,0.0553641)
(-0.0145787,0.0320775)
(-0.0178037,-0.100962)
(0.00213418,0.00624088)
(-0.0434375,0.0988578)
(-0.0542746,0.0801073)
(0.00553001,-0.0131471)
(0.0647039,0.0171956)
(-0.00941065,0.039709)
(0.0429829,0.00647746)
(0.0198488,-0.0182974)
(0.0382213,-0.0118799)
(0.0452572,-0.0144455)
(0.0453906,0.0195157)
(-0.0169145,-0.0122766)
(0.000771399,-0.0155615)
(0.00555256,0.0168132)
(-0.00409988,-0.0131415)
(0.026986,0.0252312)
(-0.0432583,-0.00739799)
(-0.0549312,0.12951)
(-0.0605698,0.0185192)
(-0.0406322,0.05502)
(-0.00295222,0.00740156)
(-0.00686169,-0.0239025)
(-0.039231,0.0410619)
(-0.0186427,-0.0199523)
(-0.0454544,-0.038303)
(0.00875536,0.0283925)
(0.02885,9.26774e-05)
(-0.0014638,0.0115248)
(0.0109007,-0.0210672)
(0.390376,-0.0943815)
(0.0184588,0.0117582)
(0.545448,-0.0530716)
(0.018755,0.0100546)
(0.0314093,-0.0168026)
(0.0245144,0.0183669)
(-0.0322709,0.113221)
(0.0308928,0.0474724)
(-0.0611002,0.042389)
(0.0398569,0.0327459)
(0.055197,0.0521216)
(0.00604323,-0.00906444)
(-0.0340881,0.00651465)
(-0.0306636,-0.019614)
(0.0292166,0.0648048)
(-0.0100018,-0.0541665)
(-0.0722181,0.0311461)
(-0.0423899,-0.0401074)
(-0.0591681,0.00346699)
(0.0163969,-0.0802064)
(-0.00994158,-0.119256)
(0.0268199,0.0664996)
(0.0477986,0.0167982)
(0.00101822,-0.00773287)
(0.107984,-0.0906644)
(0.0855482,-0.00937559)
(-0.080292,-0.0237057)
(-0.0503794,-0.0361109)
(0.0846946,-0.031199)
(0.412281,-0.160244)
(0.0366331,-0.0102853)
(0.0204881,-0.0223879)
(0.0359939,-0.0607248)
(-0.0217102,-0.00592969)
(0.0319464,0.00160829)
(0.0291793,-0.0260648)
(0.182836,-0.117471)
(0.373915,-0.0920612)
(0.0132841,-0.0366561)
(0.0482669,-0.0193702)
(-0.0151115,-0.0417883)
(0.128869,-0.12206)
(0.42863,-0.115234)
(0.0282628,0.0264695)
(-0.0429253,-0.0167326)
(0.0475612,0.0156178)
(-0.0189003,-0.0122066)
(0.0315672,0.0358238)
(-0.00326358,0.0305764)
(0.014059,0.0177444)
(0.0610233,-0.0692157)
(-0.0100705,0.0127655)
(0.0437838,-0.00394442)
(0.43566,-0.116386)
(0.00215029,0.0212071)
(0.0565132,-0.0366229)
(0.0394954,0.0156532)
(-0.0265316,-0.063778)
(-0.0776421,-0.0228437)
(0.0170238,-0.00561111)
(-0.00704706,0.000696305)
(0.290108,-0.0833569)
(0.0710343,0.0378518)
(-0.00975773,0.046514)
(0.0661663,0.0384935)
(0.045794,-0.00909553)
(-0.0467396,0.0648064)
(-0.0462502,-0.0381152)
(-0.00684188,0.0477496)
(0.225882,-0.081235)
(0.537095,-0.0864634)
(0.00328006,0.0776444)
(-0.0318996,0.0657178)
(-0.0421958,-0.0139826)
(-0.063676,0.0807105)
(-0.106401,-0.0189529)
(-0.103613,-0.0148142)
(0.0498782,0.0120634)
(-0.0537738,0.0481098)
(0.0129819,0.024312)
(0.0899896,-0.0335701)
(0.122752,-0.0322929)
(-0.0126201,-0.0145236)
(-0.106562,0.0530006)
(-0.0167518,0.0969714)
(0.0437689,0.0272593)
(-0.00563764,0.0168571)
(-0.0130642,0.0325251)
(-0.0152208,0.00558557)
(0.0156941,-0.0948902)
(0.0389685,0.0564063)
(0.0356965,0.0569759)
(-0.0184639,-0.0310394)
(-0.0494184,-0.0340633)
(-0.0264047,-0.0265217)
(-0.00814967,0.0693207)
(0.0170507,0.0521714)
(-0.0461637,0.0142068)
(0.0109351,0.0386451)
(0.0188231,0.00314048)
(-0.00590083,0.00129087)
(0.0154202,0.00284921)
(0.0488061,-0.0384763)
(0.0293146,0.0306636)
(0.0844495,0.00452042)
(0.0135531,0.036965)
(0.0462205,-0.0288828)
(0.496398,-0.168015)
(0.0456062,0.00108154)
(-0.0072062,0.0433558)
(-0.0221729,0.0514301)
(0.0734665,0.0558215)
(0.0209726,-0.0198161)
(0.0320782,-0.00637398)
(0.064411,0.00598783)
(0.0419079,-0.00342836)
(0.0351624,-0.0122812)
(0.0680607,-0.0204302)
(0.0232989,0.0133633)
(0.0789207,-0.00280919)
(0.113456,0.0498742)
(0.0496652,-0.00710908)
(0.106182,0.0227602)
(0.0879035,0.0391354)
(0.0360719,-0.0195057)
(-0.0593186,-0.08366)
(-0.0879864,-0.0621472)
(-0.0527151,0.0225192)
(-0.0119032,-0.0250369)
(-0.0269023,-0.0122042)
(-0.0336844,-0.0470157)
(0.0510826,0.0326979)
(0.00976403,0.0085768)
(0.0269716,-0.00683082)
(-0.0374439,-0.0270085)
(-0.0779596,-0.00968233)
(0.104916,-0.0402519)
(-0.00696724,-0.0101082)
(0.0443697,-0.0322816)
(-0.0684554,0.00191547)
(0.0268008,-0.0462378)
(0.0667826,-0.0205)
(0.06597,-0.0388034)
(-0.015285,-0.0134793)
(-0.0179258,-0.0261597)
(-0.0334198,0.103866)
(0.0189411,-0.0124516)
(0.0323519,0.00561209)
(0.0323083,0.0836685)
(0.0068078,0.14118)
(0.0011031,0.0336385)
(0.00604831,0.00155629)
(-0.0138107,-0.0411105)
(-0.0102847,0.0563017)
(-0.0294849,0.0706179)
(0.00315553,-0.010243)
(0.0184786,0.027242)
(-0.0107575,0.00692)
(0.0159078,0.0243572)
(-0.0388431,-0.103306)
(-0.00466862,-0.00438024)
(0.429694,-0.0787585)
(0.00037112,-0.106508)
(0.0119124,-0.00692136)
(0.0156712,0.0259272)
(0.0192642,-0.0108141)
(0.0232071,-0.0117177)
(0.0117637,0.0313818)
(0.0569403,-0.00253709)
(0.0297699,-0.0260823)
(0.00785091,0.00616736)
(-0.0484302,0.0170254)
(-0.0100515,0.0239638)
(-0.00273262,-0.000804636)
(0.0242049,0.0107476)
(-0.0182563,0.00656599)
(-0.0445004,0.0184238)
(-0.00610941,0.0350624)
(0.0366152,-0.040314)
(0.0281614,-0.0231776)
(-0.0157642,-0.0144069)
(0.019252,-0.0166987)
(-0.00814849,-0.0590474)
(0.0334021,-0.0754479)
(0.0130366,-0.0405712)
(0.0208742,-0.0485901)
(0.39772,-0.100131)
(0.446345,-0.0544797)
(0.0336937,-0.0313582)
(0.416048,-0.0311636)
(0.0245448,-0.0163196)
(0.400472,-0.11892)
(0.2388,-0.0800794)
(0.0488843,0.0192782)
(0.422467,-0.121802)
(0.497366,-0.216724)
(0.588222,-0.173215)
(-0.0138138,0.0259704)
(-0.108495,0.00941403)
(-0.0552846,0.0180342)
(-0.040253,0.00650508)
(0.072814,0.0405461)
(-0.017675,0.0326751)
(-0.0568851,0.0347022)
(-0.0210703,-0.019007)
(-0.0678438,0.0041886)
(0.0313268,-0.0125477)
(0.012795,0.00902906)
(0.023563,-0.00205318)
(-0.0213939,-0.0334077)
(0.0412409,0.0601037)
(0.00723883,0.0486843)
(0.000648742,-0.00143502)
(-0.0278824,0.00686415)
(-0.0379232,-0.0334002)
(0.018872,-0.0447912)
(0.0158263,0.0237478)
(-0.0211322,-0.00267691)
(-0.0132396,-0.0206391)
(-0.0198886,0.00217803)
(0.000136977,0.0118912)
(-0.00487468,-0.0570566)
(0.0112935,-0.00608924)
(0.122022,-0.0231327)
(0.0437895,-0.0273523)
(-0.0131217,-0.00640735)
(0.011262,-0.0434657)
(0.0126983,-0.0317396)
(-0.0642157,-0.0405645)
(-0.0295062,-0.0121818)
(0.0166961,-0.0327341)
(0.0247885,-0.0198831)
(0.0321083,-0.0248195)
(-0.000519791,-0.0234742)
(0.453904,-0.241401)
(0.0115613,-0.00243605)
(-0.0677516,-0.0139026)
(-0.00685856,-0.014814)
(-0.0123985,0.073205)
(0.0356143,-0.0140166)
(0.0565144,-0.00069679)
(0.307576,-0.12858)
(0.430914,-0.134424)
(0.404266,-0.230122)
(-0.0416575,-0.0012272)
(0.311642,-0.196418)
(-0.0452587,-0.00184602)
(0.075247,-0.0014299)
(0.0472103,0.0469229)
(-0.000704733,-0.00788795)
(0.20281,-0.0548393)
(-0.0278755,0.0202679)
(-0.030713,0.00269831)
(-0.0440967,-0.00666148)
(0.131236,-0.0560361)
(0.000475182,-0.00713461)
(-0.104061,-0.0540295)
(0.336336,-0.101201)
(-0.0146672,-0.0243856)
(-0.10199,-0.00540122)
(-0.0558689,0.0951823)
(0.0142624,0.0646182)
(-0.000297155,0.0276591)
(0.0229958,0.0568271)
(0.101981,-0.0867807)
(0.0132797,0.0401777)
(0.125281,0.0137788)
(0.220001,-0.0224341)
(0.085434,-0.0143231)
(0.0361377,0.0402304)
(-0.0443544,0.0202304)
(-0.0562488,0.0521072)
(-0.0216831,-0.00579656)
(0.0250943,0.0137597)
(0.0292997,-0.0363199)
(0.0133133,-0.00285423)
(-0.00253439,0.0146963)
(0.0524614,-0.0759449)
(-0.0193528,0.00450696)
(0.00233626,0.0327924)
(0.0828561,-0.00195026)
(0.0964603,0.0208026)
(-0.0226103,0.0062034)
(-0.0300375,0.0115237)
(0.0508545,-0.00690111)
(0.0276987,0.0099864)
(0.00725937,-0.00575266)
(-0.0169949,-0.0696255)
(0.036688,-0.00895877)
(0.0112037,-0.0208507)
(0.00579656,0.00911468)
(0.136426,0.0165913)
(0.00671143,0.00221547)
(0.00151422,-0.0171614)
(0.00219549,0.0107935)
(-0.0146527,-0.0116579)
(-0.0430357,0.00951478)
(-0.0321219,-0.0114799)
(-0.052102,-0.00731313)
(-0.0531604,0.0205461)
(0.0775331,0.0220135)
(0.0275292,-0.0223975)
(-0.0743894,0.0619497)
(0.0137016,0.0223688)
(-0.00481805,0.0111769)
(-0.0289537,0.024959)
(0.0581987,-0.0492123)
(0.000680705,-0.0121022)
(0.121005,-0.119385)
(0.0143492,-0.0168169)
(0.015476,0.0368901)
(0.0606754,0.00914261)
(0.00704729,0.0162991)
(0.0699003,0.00346983)
(-0.0387825,0.000986297)
(0.0646067,0.0685097)
(0.0298183,0.0389503)
(0.0360779,0.045958)
(0.0163102,-0.0123064)
(0.0362544,0.00137223)
(0.0711162,0.0224052)
(0.0214857,0.0421963)
(-0.00497248,0.00435313)
(0.0069511,-0.0225503)
(0.0261593,-0.0239845)
(-0.0217346,-0.0272715)
(0.0214925,0.00878974)
(0.0178983,0.00205407)
(-0.0417461,0.00703953)
(-0.0356471,-0.0186343)
(0.0332653,-0.0337362)
(0.00854023,-0.0295469)
(0.383849,0.21522)
(0.0194809,-0.0182718)
(0.012058,-0.00455926)
(0.0384062,-0.0358639)
(-0.0441179,-0.00155528)
(-0.0402556,-0.0484029)
(-0.0445475,-0.0164982)
(0.0364137,-0.0164088)
(0.0866418,-0.0314145)
(0.389742,0.172632)
(0.00722137,-0.0566599)
(0.0517286,-0.00390832)
(0.0507838,-0.0862394)
(0.418094,0.190674)
(-0.0465736,0.0539579)
(-0.0473517,0.0138885)
(0.00153814,0.00571226)
(-0.0336812,0.0335708)
(-0.0304895,0.0209431)
(0.00500057,-0.0165777)
(0.00375087,-0.0250574)
(0.254993,-0.107575)
(0.150473,-0.0860796)
(-0.0138477,0.00234778)
(0.000320656,-0.0289772)
(-0.00590948,-0.026385)
(0.0426381,-0.021567)
(-0.0161896,-0.0264667)
(0.311472,-0.0645874)
(-0.0351399,-0.0446335)
(0.0206347,0.0396574)
(-0.00813303,-0.00861166)
(-0.00463169,0.0465922)
(-0.000814401,-0.0481235)
(-0.00753801,-0.0334471)
(0.412557,0.0211894)
(-0.031405,-0.0179647)
(0.468649,-0.126841)
(-0.0101112,0.00464884)
(-0.0073746,-0.00786506)
(-0.0659646,-0.0165117)
(0.0137805,0.0460825)
(0.483506,-0.18304)
(0.0672653,-0.0533211)
(0.254571,-0.126298)
(-0.0113969,-0.0526122)
(0.0134406,-0.0153929)
(0.0652075,0.0118927)
(0.155325,-0.0895888)
(0.239263,-0.118392)
(-0.0274948,0.0138544)
(-0.0460548,0.0792335)
(0.244067,-0.187819)
(-0.0193874,0.026608)
(-0.024307,0.00475237)
(0.202205,-0.153309)
(-0.0111922,0.017317)
(-0.0561066,0.0612885)
(0.35766,-0.102351)
(0.0121468,0.0397764)
(0.149937,-0.0192676)
(0.230521,-0.117566)
(0.00871315,0.0273774)
(0.234362,-0.0436844)
(0.00845122,-0.0452786)
(0.0318097,-0.0527241)
(0.0105721,-0.0191173)
(0.0104576,0.00338359)
(-0.0139732,0.0050008)
(0.00670343,-0.0198379)
(0.013063,-0.0376515)
(0.0119084,0.0173816)
(0.0142899,-0.00161919)
(0.0152558,0.0181319)
(0.0321574,-0.0239582)
(0.0363182,0.00992948)
(-0.0372374,0.0304197)
(-0.00749194,-0.0167491)
(0.0299635,0.0176817)
(-0.0131685,0.0122656)
(-0.00411664,0.0405569)
(0.253979,0.00350274)
(0.091711,0.0501246)
(0.0619868,-0.0309058)
(0.0463936,-0.0648658)
(-0.023727,0.0252857)
(0.0217249,-0.0294616)
(0.474729,0.182534)
(0.00894272,0.00406407)
(0.465455,0.125744)
(-0.0269515,-0.000775025)
(0.0146717,-0.00580008)
(0.156665,-0.0850582)
(-0.0249405,0.0034231)
(0.0220161,-0.0320219)
(0.42367,0.029141)
(-0.0149397,0.00377156)
(0.0859337,-0.0348653)
(-0.0124612,-0.0485563)
(-0.00773489,-0.114475)
(-0.0224914,-0.0339793)
(0.0198865,-0.0193941)
(-0.0049869,0.0354423)
(0.0373937,-0.0746062)
(-0.0476646,0.0197983)
(0.276307,-0.0440572)
(0.0230148,0.0280183)
(0.344904,-0.0907585)
(0.0226619,-0.056007)
(0.0322024,-0.0512396)
(0.417309,-0.00861021)
(-0.0184722,0.0430885)
(0.0281131,0.0411001)
(0.0289145,-0.0404099)
(0.396854,-0.143448)
(-0.0704596,0.0277718)
(-0.0913724,-0.00656503)
(-0.0619153,0.0291134)
(0.0208782,0.00319277)
(0.00661457,0.0213189)
(-0.0171202,0.00523441)
(-0.0625312,-0.0743332)
(0.0268676,0.0544401)
(-0.0235324,0.0153967)
(0.0249195,-0.00821775)
(-0.0404374,-0.0959829)
(0.00539488,-0.0233466)
(0.0188408,-0.000941713)
(-0.00409243,-0.00615998)
(0.0298754,-0.0318739)
(0.00210363,-0.0101904)
(-0.0182992,0.00483222)
(0.0348535,0.0717768)
(-0.0250128,-0.0795697)
(-0.0153079,-0.0837476)
(0.0696426,0.01155)
(0.0376903,-0.0112711)
(0.0628809,0.0299585)
(0.0121552,-0.0999343)
(-0.00749223,0.0190482)
(-0.00272548,-0.0944446)
(-0.0486021,-0.00998903)
(0.0602605,-0.0588496)
(-0.036473,-0.0106817)
(-0.0568863,-0.113221)
(0.000246894,0.0339738)
(0.0624601,0.0170913)
(0.395402,0.0131032)
(-0.0682557,-0.0128217)
(0.0578638,-0.0298997)
(-0.0349736,0.0302138)
(0.361461,-0.0631507)
(-0.00841313,-0.00259831)
(-0.0246627,-0.00337115)
(-0.0493155,0.00531866)
(0.0373803,-0.0720855)
(-0.0161788,0.000638615)
(-0.057141,0.00952708)
(0.0083084,0.0231448)
(0.357888,-0.0332687)
(0.00322275,-0.00530699)
(-0.00402518,0.0230387)
(0.507881,0.0454171)
(-0.0229662,-0.0299515)
(-0.0125703,-0.00202025)
(0.0531714,0.0178794)
(0.403332,-0.0812364)
(0.00338416,0.040157)
(0.0737468,-0.0226699)
(0.083435,0.024784)
(-0.0379762,0.0461993)
(-0.0640543,0.0350497)
(-0.0337942,0.0210493)
(0.036006,-0.0219924)
(-0.0286119,-0.0225606)
(-0.0904344,0.00145779)
(-0.104817,0.00824177)
(-0.0229036,0.00483597)
(0.331526,0.0516783)
(-0.0455976,0.00786587)
(-0.0365695,-0.0208546)
(-0.0151578,-0.0268772)
(0.0157903,-0.0141073)
(-0.00162389,-0.00550071)
(0.0422881,0.0350142)
(0.0123019,-0.0337405)
(-0.0398403,-0.00373772)
(-0.00968074,-0.0192067)
(0.00445329,0.0505951)
(0.0718421,0.0369914)
(0.394282,-0.102508)
(0.0225715,-0.0311074)
(0.0189248,-0.0321994)
(0.0367729,0.0708458)
(0.0183887,-0.0102933)
(-0.021326,0.0691886)
(0.00589689,-0.0506923)
(0.188592,-0.0673711)
(0.216407,-0.114404)
(0.196125,-0.0793695)
(-0.0563355,-0.0225076)
(-0.0244081,-0.0267453)
(0.445252,-0.0406246)
(0.363566,-0.0831772)
(0.033234,0.0425468)
(0.351426,0.04527)
(0.364064,0.141058)
(0.216865,-0.113149)
(-0.0357659,-0.0281102)
(-0.0491553,-0.00832314)
(-0.00186784,0.0119831)
(0.0791517,-2.3514e-05)
(0.0406189,-0.000537889)
(0.0670153,0.00212329)
(0.00721276,-0.121525)
(-0.0204139,-0.00506621)
(-0.0479574,-0.0222593)
(0.0164173,0.0156536)
(0.0522362,0.00368943)
(0.535078,0.0305949)
(0.0315729,0.0102792)
(-0.0217071,-0.019895)
(0.023317,-0.00494317)
(0.480996,-0.00383538)
(0.00116421,0.0171781)
(0.00466747,-0.00621955)
(0.516994,0.00626639)
(0.496096,-0.00132296)
(0.0299498,0.0111808)
(0.314788,-0.170345)
(0.0185438,0.042451)
(-0.0212756,0.0702473)
(0.392339,-0.0756711)
(0.232729,-0.0795438)
(0.352532,-0.0876819)
(0.377215,-0.163031)
(-0.0434082,-0.0373985)
(0.573657,-0.174469)
(0.00322352,-0.0178433)
(-0.0109201,0.0135639)
(0.0874142,-0.040312)
(0.19908,-0.0966393)
(0.014217,0.0113798)
(0.113088,-0.0393703)
(0.0263953,-0.0300945)
(-0.015822,-0.0167488)
(0.00364776,-0.0281514)
(0.0564498,0.0285072)
(0.00279665,-0.0500137)
(0.0279557,-0.0135833)
(0.03173,-0.0585071)
(0.185117,-0.0673906)
(-0.0312439,-0.00593735)
(-0.109179,-0.104933)
(-0.0542854,0.0447552)
(-0.0535936,0.0487665)
(0.0314604,-0.00846787)
(0.398404,-0.143512)
(-0.0215314,-0.000399968)
(-0.0331444,0.00275819)
(-0.0273017,-0.00437437)
(0.0571371,-0.0223068)
(-0.0246771,-0.00222572)
(-0.0397133,0.0259926)
(-0.00112795,-0.0154715)
(-0.000841717,0.0115242)
(0.454276,-0.158565)
(-0.0226654,-0.0359197)
(0.330659,-0.0779896)
(0.0645358,-0.0408529)
(0.0516234,-0.0269044)
(-0.0128804,-0.0270628)
(0.00470506,-0.00707281)
(-0.0744066,-0.00321293)
(-0.0272862,-0.00229249)
(-0.0388999,-0.0495586)
(0.0257432,-0.00918837)
(-0.0111792,0.00799557)
(-0.00154305,-0.0215953)
(0.0230583,-0.0281278)
(0.0174789,-0.0340746)
(0.34771,-0.16764)
(0.389401,-0.0772779)
(-0.0679526,0.0074026)
(0.0255002,-0.00310494)
(0.00282765,-0.0556166)
(0.0222583,-0.0189596)
(0.446054,-0.0374001)
(-0.0331759,0.0125396)
(0.077514,-0.037582)
(0.0709776,-0.0275575)
(0.0421151,-0.0659574)
(0.29466,-0.175193)
(-0.0224183,0.0211401)
(-0.00553835,0.013553)
(0.00582168,0.00261161)
(0.00607876,0.0117963)
(0.386772,-0.116147)
(0.0120431,0.0120027)
(0.0230788,-0.00057763)
(-0.0690743,0.0348641)
(-0.000793819,0.0453888)
(-0.0586387,0.036946)
(0.467327,-0.0896265)
(0.437011,-0.173434)
(0.626823,-0.0596569)
(0.0758884,-0.0164135)
(-0.00924099,0.0173137)
(0.46508,-0.135875)
(0.0683633,0.0388168)
(0.170478,-0.0278668)
(0.38763,-0.13641)
(-0.0301647,-0.0223547)
(0.0454587,0.0908535)
(0.0507145,0.0659882)
(0.0125307,0.00953307)
(0.0510019,0.0862592)
(0.191969,-0.0794716)
(0.250975,-0.133805)
(0.243946,-0.171304)
(0.242801,-0.0715534)
(0.584143,0.0546995)
(-0.0257163,-0.0437014)
(-0.0334237,0.0174397)
(-0.0517644,0.0191929)
(0.0755297,0.00779255)
(0.48479,-0.0679473)
(0.487149,-0.0938161)
(-0.0129246,0.0272999)
(-0.0280169,-0.0120078)
(-0.0324017,0.0274852)
(0.546221,-0.0770668)
(0.0185302,0.0260753)
(0.0357394,0.0181277)
(-0.0170405,0.0198557)
(0.688262,0.286674)
(0.0415035,0.0785515)
(-0.00133093,0.0467475)
(0.552542,-0.0745643)
(0.375497,-0.0301862)
(0.0291351,-0.00279242)
(0.0317692,-0.0359422)
(-0.0370467,-0.00519767)
(0.0237181,-0.0935326)
(-0.0199501,0.0299657)
(-0.0104385,0.00664378)
(-0.000547614,0.0290289)
(0.441999,-0.133905)
(0.553401,-0.150723)
(0.571193,-0.153123)
(0.524628,-0.0862164)
(0.448193,-0.0400891)
(0.122251,-0.100668)
(0.202187,-0.067565)
(0.159487,-0.080915)
(0.0636512,-0.0796935)
(0.035272,-0.0904061)
(0.0130008,-0.0252458)
(0.238571,-0.0718435)
(0.452116,-0.118197)
(0.541638,-0.157265)
(0.421493,-0.103252)
(0.423469,-0.0688691)
(-0.0137759,0.0211386)
(0.462866,-0.142879)
(0.0255988,0.116335)
(0.0105414,-0.0220189)
(0.0219984,-0.00248605)
(0.0183437,0.0186404)
(0.0307183,0.0187575)
(-0.000653194,-0.0233657)
(0.0175219,-0.0168934)
(-0.0191701,-0.0128129)
(0.081131,0.0301489)
(0.345508,-0.12756)
(0.00115282,-0.0234283)
(0.451927,-0.201778)
(0.334917,-0.0760697)
(0.452955,-0.176946)
(-0.0296835,0.00980911)
(0.014609,0.0268905)
(0.0135943,0.0673045)
(0.55353,-0.0419513)
(0.0476416,0.00622104)
(0.0506259,-0.0752229)
(0.24621,-0.135093)
(0.24864,-0.138506)
(0.41379,-0.148628)
(0.474141,0.153566)
(0.58744,0.0482562)
(0.437689,-0.0643027)
(0.0202751,-0.0548683)
(-0.0193731,-0.0468273)
(0.0386322,-0.0383828)
(0.00731672,-0.0261116)
(0.0147013,0.12072)
(0.00662049,-0.0362562)
(0.00540367,0.0014389)
(0.193913,-0.131868)
(0.180264,-0.0122818)
(-0.0405666,-0.0215518)
(0.0947213,-0.0277841)
(-0.0600794,-0.0114808)
(0.350198,-0.219293)
(0.551529,-0.0740464)
(-0.0470678,-0.0171119)
(0.0157079,0.0442322)
(0.0209803,0.0392697)
(-0.00630938,0.0078193)
(0.370114,-0.124396)
(0.000693014,0.0240154)
(0.126964,-0.0925271)
(-0.049844,0.0326054)
(0.272691,-0.0787468)
(-0.0270867,0.0300784)
(0.222141,-0.125006)
(-0.0090087,0.0295534)
(0.0493996,-0.0150322)
(0.0241559,-0.021198)
(0.0339794,-0.0198838)
(0.485437,-0.056815)
(0.0157704,-0.0251436)
(0.463558,-0.148781)
(0.442162,0.000833755)
(-0.055112,-0.0279097)
(0.466968,0.00133765)
(0.47232,-0.0712062)
(0.393298,-0.0761259)
(0.0440904,-0.0202622)
(0.455435,-0.109272)
(-0.0277021,0.0174482)
(0.0269734,0.0549348)
(0.0635046,0.0533493)
(0.0307861,0.00685657)
(-0.0434031,-0.0165049)
(0.0636461,-0.0290189)
(-0.0290242,-0.0022158)
(0.606624,-0.0383087)
(-0.0508408,0.037283)
(0.0973112,-0.0795901)
(0.405926,-0.130058)
(0.442523,-0.16289)
(0.00565597,-0.0355182)
(0.0905691,-0.0717117)
(-0.00679092,-0.0629301)
(0.36865,-0.211738)
(-0.0174645,0.0110082)
(0.420906,-0.157137)
(0.266205,-0.140762)
(-0.0302405,0.00420196)
(-0.0153557,0.00246273)
(0.460818,-0.14635)
(-0.038439,0.0159656)
(0.0223816,-0.0547522)
(-0.0210632,0.0265816)
(0.447074,-0.104838)
(0.366131,0.0329019)
(0.14728,-0.151243)
(0.386574,0.0343587)
(0.467583,0.123745)
(0.0267334,-0.0650107)
(0.524573,-0.114223)
(0.434329,-0.0657226)
(-0.0290618,-0.0822135)
(0.406615,-0.115167)
(0.0537427,3.06102e-05)
(0.442345,-0.13228)
(0.121529,0.00220155)
(0.0285792,0.0340575)
(0.0242964,0.031618)
(0.0258773,0.00535896)
(0.0390716,0.115099)
(0.0325529,0.114276)
(0.055958,-0.036543)
(-0.00595589,-0.0842079)
(0.174061,-0.0744223)
(0.032214,-0.0554916)
(0.0586574,-0.0142546)
(-0.0212119,-0.0506999)
(0.0324747,-0.0233027)
(0.03895,-0.029451)
(0.0201534,0.0015959)
(0.00229524,0.0586131)
(0.20017,-0.026617)
(0.00242232,0.0669306)
(0.00329419,0.0157615)
(0.510255,0.397391)
(0.401419,0.265738)
(-0.0333102,0.0456772)
(0.055682,0.0212069)
(0.0119344,0.0471967)
(0.0405885,-0.0101198)
(-0.0128738,-0.0285972)
(0.201864,-0.0897623)
(0.294845,-0.176219)
(0.594577,-0.140181)
(0.466352,-0.0213823)
(0.0056509,0.0381051)
(0.109229,-0.0382087)
(0.469795,-0.0957021)
(-0.00455604,0.0439669)
(0.0689172,-0.00236905)
(0.0843123,-0.0534488)
(0.538474,-0.0226282)
(0.0592578,-0.0247351)
(0.26691,-0.157686)
(-0.0114687,0.0287359)
(0.134151,-0.0384312)
(0.137699,-0.102123)
(0.228934,-0.0987719)
(0.255892,-0.211657)
(0.064278,-0.0735981)
(-0.0735207,0.0425654)
(0.481071,-0.167251)
(-0.0380729,0.0022171)
(-0.0228252,-0.0322463)
(-0.0500782,-0.0770063)
(0.421497,-0.0582081)
(-0.0338756,-0.0211629)
(0.421568,-0.0914425)
(-0.0170309,0.0352525)
(0.00809758,-0.0175987)
(0.00343789,0.026067)
(0.0222179,0.068349)
(0.0461128,0.0814435)
(0.0164459,-0.0222408)
(0.0248012,-0.0216986)
(0.049224,0.00386263)
(-0.0158926,-0.0135951)
(0.414782,-0.025786)
(-0.00740128,0.0294054)
(-0.033306,-0.0326011)
(0.349826,-0.0839207)
(-0.0390053,-0.0243365)
(-0.0675746,0.0331174)
(-0.0883494,-0.0340514)
(-0.0854072,-0.00657419)
(-0.0110676,-0.0388059)
(0.175024,-0.105492)
(0.0701754,0.059312)
(-0.0439626,0.00637002)
(-0.0763319,-0.0601065)
(0.00837466,-0.00749332)
(-0.0298824,0.0153939)
(0.356484,-0.118703)
(0.0116191,0.067327)
(0.462597,0.00974652)
(0.478172,0.118576)
(0.456105,-0.111354)
(-0.0251126,0.0716364)
(0.276816,-0.130359)
(0.356521,0.000407026)
(0.355281,-0.0278218)
(0.00813626,0.0895312)
(0.0634891,-0.0329298)
(-0.0149265,0.0052428)
(0.0703301,-0.0657738)
(0.572413,-0.0734398)
(0.587356,0.021468)
(-0.0288731,-0.0242305)
(-0.0363709,0.0327039)
(0.0603515,-0.012244)
(0.124634,-0.00991221)
(0.251153,-0.100696)
(0.0574907,-0.0109449)
(0.0241192,-0.0109475)
(0.0119509,0.0117654)
(0.0518562,-0.0329483)
(0.29313,-0.094559)
(-0.0263145,-0.0348146)
(0.337897,-0.0693636)
(0.0662898,0.0215717)
(-0.0328602,0.0679315)
(0.0304524,0.0825664)
(0.453509,-0.0415448)
(0.0176232,0.07613)
(0.345645,-0.117707)
(0.428962,-0.184471)
(-0.0251783,0.0149691)
(0.0557857,-0.0271209)
(-0.012765,-0.0516603)
(0.0369418,0.0634521)
(-0.0519222,0.0329606)
(-0.0154238,-0.0326084)
(0.347342,-0.159086)
(0.279861,-0.136068)
(0.100405,0.0286371)
(0.0172457,-0.0285885)
(-0.00831144,-0.04224)
(-0.0628865,0.0756878)
(0.01708,-0.0296702)
(0.0127853,-0.0119358)
(0.335035,-0.166303)
(0.446329,0.0775091)
(0.47858,0.0518346)
(0.0187921,0.0467542)
(0.38395,-0.115192)
(-0.0237393,0.0383175)
(0.0229604,0.00954786)
(0.0551818,-0.00685466)
(0.0568117,0.0148066)
(0.00636175,0.0150649)
(0.0834976,-0.0146611)
(0.307032,-0.125552)
(0.547256,-0.121722)
(0.38742,-0.0173228)
(-0.0108748,-0.0583139)
(0.370507,0.00756934)
(-0.0614658,-0.0172321)
(0.298603,-0.141199)
(0.309783,-0.0991016)
(-0.00859465,-0.0192348)
(0.429345,0.0878825)
(0.285475,-0.105987)
(0.401372,0.0761298)
(0.335636,-0.0385938)
(0.458614,-0.0193634)
(0.177598,-0.00972715)
(0.319333,-0.0472204)
(0.236323,-0.0466145)
(0.381011,-0.0467739)
(0.0827961,0.00338424)
(0.465266,0.0151241)
(0.44223,-0.168496)
(0.0634089,0.0203346)
(-0.0441025,0.0510983)
(-0.0547451,0.0758989)
(-0.0650426,0.0428256)
(0.306091,-0.0784655)
(0.0254841,0.0299447)
(0.337321,-0.138389)
(-0.00832856,0.000621472)
(0.332711,-0.0763312)
(-0.0234697,-0.00190329)
(-0.0345479,0.000176162)
(0.495743,-0.111495)
(0.0269166,0.0237667)
(0.0860073,-0.00811779)
(0.381605,0.0434798)
(-0.0132216,-0.0341546)
(0.00830534,-0.0458632)
(-0.018073,0.0316876)
(-0.0476205,-0.00842229)
(-0.0300171,0.00699195)
(-0.0626488,-0.0565535)
(0.448148,0.111316)
(0.482121,0.101535)
(0.434782,0.161064)
(-0.00648161,-0.0438996)
(-0.0224114,0.0451281)
(0.339458,-0.140868)
(-0.0443603,0.0743259)
(0.00915782,-0.0234432)
(-0.0149788,-0.0306339)
(-0.0482764,-0.028124)
(0.462895,0.342073)
(0.322923,-0.125355)
(0.470507,-0.0797487)
(0.350973,-0.052871)
(0.480293,0.330912)
(-0.0454484,0.019498)
(0.403985,-0.112949)
(0.269258,-0.113224)
(-0.0302686,-0.0191657)
(0.350781,0.151395)
(0.453982,0.213053)
(-0.00673821,-0.0336976)
(0.066566,0.0722067)
(0.451808,-0.0195554)
(0.0216253,-0.0382262)
(0.0661557,0.00575048)
(0.370795,-0.0479517)
(-0.0203586,0.0361095)
(-0.0486491,0.0344971)
(0.0120836,0.0391675)
(0.0249223,-0.0162724)
(0.442738,0.0292196)
(0.0325778,0.0164761)
(-0.00898131,0.0595208)
(0.0409586,0.0414938)
(0.3448,-0.0257844)
(0.00315518,0.130568)
(0.0110057,-0.00889708)
(0.0275325,0.11123)
(0.134797,-0.0726287)
(-0.0296888,-0.0290572)
(0.0880885,0.0112276)
(0.015671,0.0539263)
(0.0508155,0.00532009)
(-0.00301953,-0.0358456)
(-0.0111892,-0.0206131)
(0.0209584,0.0763784)
(0.323531,-0.195736)
(0.0239365,-0.0164416)
(0.350569,-0.171953)
(0.0230939,-0.0277174)
(-0.0119463,-0.000439146)
(0.180427,-0.107757)
(0.480697,-0.0951476)
(0.339726,-0.156805)
(-0.00764655,0.011183)
(0.0188915,-0.0374324)
(0.0221113,-0.0241242)
(0.0273225,-0.032891)
(0.0441293,-0.0503441)
(-0.0175588,-0.0246323)
(-0.085615,0.0395091)
(0.0122782,-0.029865)
(-0.0365719,0.0809831)
(0.0548346,0.0109303)
(0.019031,-0.00467)
(0.359934,-0.011487)
(0.0341961,0.0827716)
(0.0507496,0.00845028)
(-0.00228694,-0.0317106)
(0.0016346,-0.0149149)
(0.18102,-0.0695835)
(0.101291,-0.0579998)
(0.0527035,0.0350766)
(0.188086,-0.0666926)
(0.500855,-0.0570235)
(0.0157167,0.00972401)
(0.420241,-0.0799097)
(0.0145257,0.0424599)
(0.029101,-0.0468847)
(0.0544176,-0.0240566)
(0.0444873,-0.0468143)
(0.0682691,-0.0266318)
(-0.0296062,0.0144828)
(0.00190336,-0.0260908)
(-0.0388516,-0.00582082)
(0.0180822,0.0352341)
(0.0345145,-0.0626486)
(0.397389,-0.123553)
(0.415171,-0.14093)
(0.0480265,-0.0478292)
(0.275669,-0.116465)
(0.290611,-0.0942919)
(0.485618,-0.149766)
(0.0514143,-0.0186374)
(0.0711767,-0.0789141)
(0.387709,-0.133419)
(0.0844673,-0.0525212)
(0.0418495,-0.0989668)
(-0.0146943,-0.0214281)
(0.015167,-0.077232)
(0.00899882,-0.0395236)
(0.00366582,-0.040891)
(0.361189,-0.0757285)
(0.321669,-0.13087)
(0.0299527,-0.033041)
(0.0511362,0.011986)
(0.163355,-0.0718391)
(0.0716704,-0.0563844)
(0.135932,-0.0194375)
(0.0219963,-0.0504011)
