1620
(-0.0217728,-0.114358)
(-0.0142499,0.0286452)
(0.0578386,0.0582917)
(0.0204582,-0.139027)
(-0.0317533,-0.0324068)
(-0.0298953,0.0400342)
(0.0518702,0.0337864)
(-0.017192,-0.0284628)
(0.0035225,0.0110694)
(-0.000391176,0.0275058)
(-0.0521322,0.0536826)
(-0.00629076,0.0306593)
(-0.00369927,-0.0458862)
(-0.0197929,-0.00380244)
(0.0142624,0.0483585)
(-0.038215,0.0213996)
(-0.0333474,-0.0810007)
(0.0166799,0.0211946)
(0.0236349,0.00780943)
(0.00329617,0.0158101)
(-0.0252973,-0.0148211)
(0.00302388,0.0229277)
(-0.061523,0.0123645)
(-0.0306239,-0.0307531)
(0.00200079,0.0291825)
(0.0385012,0.0135995)
(-0.0183563,0.0199653)
(0.0654696,-0.0953121)
(-0.0324705,0.0027976)
(0.0657973,-0.0359722)
(0.0427866,0.0522006)
(0.0483009,-0.0170979)
(-0.0063674,0.0628576)
(-0.0847302,0.0324584)
(0.0495578,0.0329525)
(0.0132666,0.0589846)
(0.0526016,-0.00153107)
(-0.0192127,0.0271814)
(-0.0585205,0.00118737)
(0.0524716,0.0129691)
(0.0174582,-0.0765809)
(0.0807968,0.00386812)
(0.0465654,0.0346599)
(0.132361,0.00722573)
(-0.0439144,0.0696313)
(0.133024,-0.0188249)
(0.103981,-0.0323673)
(-0.0209258,0.00508097)
(0.0526891,-0.0641318)
(-0.0141139,-0.017042)
(0.0410315,0.00249072)
(0.0831682,-0.0306061)
(0.00793643,0.00504611)
(0.0180314,-0.0088898)
(-0.0199971,0.0202189)
(-0.0340015,0.0254599)
(0.0495071,0.0275742)
(0.0426699,0.0500128)
(-0.0214682,-0.0369602)
(0.0422522,-0.0271881)
(-0.03922,-0.0107933)
(0.167811,-0.0752364)
(-0.00484784,0.000893995)
(0.393435,-0.0847483)
(-0.0178665,-0.00169597)
(-0.00228177,0.048525)
(0.00606038,-0.0118489)
(0.0299578,0.00834542)
(0.0405017,0.122382)
(-0.0395546,-0.0660604)
(0.00377039,0.0715037)
(0.00268798,0.0597138)
(-0.0168799,0.0635453)
(-0.0369377,0.035712)
(-0.0114042,0.0200854)
(-0.0906167,0.0584584)
(-0.000174959,-0.0447571)
(0.00613335,-0.0484284)
(-0.0192449,0.0112225)
(0.0693953,-0.0449357)
(-0.00192941,-0.0653056)
(-0.0179687,0.00616094)
(0.0275827,-0.0779586)
(0.0384425,-0.0313848)
(0.0473171,0.0242656)
(0.00398184,0.0113261)
(-0.0308392,-0.0216168)
(-0.0476297,0.00461564)
(0.0780235,0.0235479)
(0.019734,-0.01338)
(-0.103597,-0.0157971)
(-0.0365156,0.0172702)
(0.457338,-0.0671941)
(0.0121416,0.105499)
(-0.0195959,0.0757887)
(0.574062,-0.0145734)
(-0.0539114,0.0632639)
(0.456305,-0.136952)
(-0.0110815,-0.0914675)
(-0.0477907,-0.0801421)
(0.0711927,-0.00151668)
(-0.0723388,-0.00683256)
(0.0413643,-0.0817185)
(-0.00904176,-0.0514469)
(-0.027931,-0.107787)
(0.433315,-0.0927978)
(0.0174811,0.0613762)
(-0.0751319,0.00213902)
(0.0129607,0.0269638)
(0.0415648,0.045443)
(-0.000281023,0.0357174)
(0.683603,-0.147247)
(0.361328,-0.0356896)
(-0.0144588,-0.0112415)
(0.473078,-0.0465169)
(0.0193782,0.0974559)
(0.00736065,0.0860464)
(0.619727,-0.0946077)
(0.00320872,-0.00547612)
(0.489897,-0.0525942)
(0.426918,-0.0618517)
(0.0245465,0.0504789)
(0.377319,-0.0822292)
(0.28344,-0.124861)
(0.263149,-0.0936366)
(0.0197051,-0.0281126)
(0.0622937,-0.0119966)
(0.0132009,0.0587382)
(0.35386,-0.136509)
(0.0683549,0.0278219)
(0.114399,0.0525719)
(0.0246742,-0.0171267)
(-0.00952614,-0.0431194)
(-0.0105392,0.0150065)
(-0.0131376,0.00955213)
(0.0186361,0.0085367)
(-0.0505058,0.0157338)
(0.00208547,0.0369509)
(0.383617,-0.0906785)
(0.00605764,-0.000808823)
(0.00106627,0.0603206)
(-0.00138385,0.0505048)
(0.00570039,-0.00676694)
(0.0432454,-0.0604315)
(0.0798056,-0.0826474)
(0.0188415,-0.0806922)
(0.0168793,-0.00329144)
(0.437897,-0.0981288)
(0.4799,-0.114994)
(-0.0657599,0.00435162)
(0.499161,-0.133761)
(0.196691,-0.0686011)
(0.556469,-0.0191395)
(0.483979,-0.0868608)
(0.458369,-0.0711751)
(-0.0390815,0.0181355)
(0.080815,0.0486965)
(0.418967,-0.134629)
(0.391811,-0.00752583)
(-0.0105524,-0.00428548)
(-0.0285126,0.0175727)
(0.0107285,0.0423085)
(0.0187868,0.0492159)
(-0.0442275,-0.0250972)
(-0.0119118,0.0315921)
(-0.0457092,-0.0190059)
(0.0186491,-0.0359469)
(-0.00421738,-0.0460654)
(0.0334558,0.0271715)
(-0.0191343,0.0749594)
(0.0415358,-0.0110671)
(0.0603425,0.00798624)
(0.421729,-0.160346)
(0.40205,-0.11966)
(0.550927,-0.127806)
(0.49204,-0.0795706)
(0.0591024,-0.0975135)
(0.143079,-0.0379716)
(-0.079943,-0.0669212)
(-0.10821,0.0423545)
(-0.0578583,-0.0326488)
(0.0224977,0.0343396)
(0.00114564,0.00445136)
(0.0123279,0.0467266)
(0.0111392,0.0408618)
(0.00133503,0.018876)
(0.0241368,0.0110348)
(0.0488558,-0.0918276)
(-0.00923829,-0.0280738)
(0.402325,-0.156479)
(0.47371,-0.0869701)
(0.388558,-0.0808291)
(0.602473,-0.107712)
(-0.0341701,-0.0445931)
(-0.0344005,-0.0303911)
(0.0388107,0.0502637)
(0.0257566,0.03136)
(-0.0422868,0.0579177)
(-0.0432383,-0.0670804)
(-0.00351795,0.00619723)
(0.0106198,-0.119284)
(0.0589889,-0.106935)
(-0.0507101,-0.0471699)
(-0.0481953,-0.0177435)
(-0.00556004,-0.00418104)
(-0.027694,0.021108)
(0.471839,-0.11666)
(0.505517,-0.0548997)
(-0.0764532,0.0211238)
(0.379488,-0.0968414)
(-0.0354282,-0.00722443)
(0.410975,-0.0908445)
(0.400019,-0.0908253)
(-0.0719761,0.00126943)
(-0.0383972,0.0256643)
(0.0900434,0.0454086)
(0.0538943,-0.00612043)
(0.46036,-0.110244)
(0.579352,-0.131695)
(-0.00291447,-0.0519619)
(0.00166476,-0.0203411)
(-0.0294285,0.00849736)
(0.0265076,0.0648873)
(0.718301,-0.183922)
(-0.0464499,-0.0472516)
(-0.0732076,-0.066437)
(0.412041,-0.178591)
(-0.0511059,0.0603717)
(-0.0312831,0.0378417)
(-0.0690059,-0.0473127)
(-0.0368701,0.00303929)
(0.485527,-0.137242)
(0.468421,-0.178691)
(0.567543,-0.064017)
(0.519657,-0.0687133)
(-0.0381918,0.0241695)
(-0.0453754,-0.0447865)
(-0.0225369,-0.0310909)
(0.165766,-0.060387)
(0.00975912,0.0217861)
(0.0609842,-0.0218035)
(-0.00332664,-0.06169)
(-0.0100068,0.0648769)
(-0.0176097,0.0698113)
(0.00675528,-0.061942)
(-0.0298975,0.0347014)
(0.0805853,-0.00440856)
(0.00339158,-0.030364)
(0.0240099,0.0071472)
(-0.0290237,0.0214874)
(-0.0480701,-0.014387)
(-0.0306573,0.02775)
(-0.0546976,-0.0106894)
(-0.0529698,-0.0370385)
(-0.0430538,0.0182778)
(0.0338652,-0.0605591)
(0.0468358,-0.0124865)
(0.00446443,0.000664787)
(0.0455364,-0.00364748)
(-0.00630542,-0.08332)
(0.0585462,-0.104347)
(-0.0119869,0.019095)
(0.00898729,0.0146828)
(-0.0570773,-0.0173161)
(0.503695,-0.0758365)
(-0.0571135,-0.0383486)
(-0.0841216,-0.0981557)
(-0.0262267,-0.0247216)
(0.0309878,-0.00661197)
(0.0687931,0.0271178)
(-0.0104996,0.0165147)
(0.029387,-0.00548896)
(-0.0657192,-0.0118577)
(-0.0382623,0.0456634)
(0.0146272,-0.00869676)
(0.516974,-0.00569465)
(0.00362348,0.0448772)
(-0.039307,-0.00599482)
(0.0581128,0.0445153)
(0.00494322,0.00636535)
(0.0159791,0.0312793)
(0.0249764,0.0487164)
(0.0176605,-0.0444168)
(-0.0083135,-0.0676279)
(0.102079,0.0572787)
(0.0352856,0.03597)
(0.0277466,0.0207215)
(-0.0765936,0.0175556)
(0.0686976,0.017752)
(0.0954448,0.022752)
(-0.00103837,0.0652845)
(0.0178103,-0.0315668)
(-0.0737838,0.0172831)
(-0.0645783,0.0101078)
(-0.0358012,0.00858899)
(-0.0434388,0.0388472)
(0.0579594,-0.0409281)
(0.00836462,0.0365872)
(-0.0588405,-0.0286135)
(-0.0442076,0.00932194)
(0.0144081,0.0348371)
(-0.0940897,0.0232765)
(-0.0378895,-0.0230164)
(-0.0247859,-0.0025825)
(-0.0303903,0.0100003)
(0.00496568,-0.040842)
(0.0637109,0.0365671)
(0.370342,-0.112589)
(0.0031555,0.0215971)
(-0.00187402,0.029924)
(-0.0350139,-0.00303698)
(-0.0694199,-0.0754615)
(-0.11425,-0.0673872)
(-0.0579318,-0.0306635)
(-0.0235553,-0.0285579)
(-0.041968,-0.0207074)
(0.0167564,-0.0842036)
(-0.070112,-0.0787391)
(-0.0456935,-0.0515605)
(0.426406,-0.196409)
(-0.00999402,-0.0278853)
(-0.0415477,0.0102249)
(-0.0118087,-0.017187)
(0.00795117,-0.0238275)
(-0.0151758,-0.0146459)
(-0.00635196,0.00828793)
(0.0830847,-0.0686225)
(0.0130733,0.00225587)
(0.021737,0.0561707)
(-0.0225302,-0.0423981)
(0.0237171,-0.00858678)
(-0.0340347,-0.027319)
(-0.0508696,-0.0051248)
(0.0405178,-0.0336981)
(-0.0368589,-0.0560114)
(0.471431,0.0102253)
(0.034845,-0.0320378)
(0.0688691,0.0543069)
(-0.0964929,-0.0405751)
(0.0554696,-0.0325795)
(0.0465728,-0.0571249)
(-0.057749,-0.0629963)
(0.0742455,0.0401279)
(-0.0238412,0.00803223)
(-0.0254961,-0.00902159)
(0.0479303,0.052213)
(0.0398324,0.0403598)
(0.0129208,0.0922898)
(-0.0280481,0.00962272)
(0.152293,-0.0370287)
(0.394655,-0.105718)
(0.45629,-0.106896)
(0.104706,-0.0492345)
(0.00546013,0.0225689)
(0.397965,-0.130862)
(-0.0715451,0.0944488)
(0.0617018,-0.0390202)
(-0.0404453,0.00681891)
(-0.0409519,-0.00976479)
(0.000280896,-0.00960219)
(0.256493,-0.117702)
(0.0988519,-0.056248)
(0.0386198,0.0521765)
(-0.0306692,0.0103934)
(-0.0254695,0.00891722)
(0.0306482,0.0186217)
(0.449824,-0.174381)
(-0.0472257,-0.0285134)
(-0.03179,-0.00769667)
(-0.00510225,0.0137967)
(0.00659023,0.0720268)
(-0.00740459,-0.0549943)
(-0.016623,-0.0286366)
(0.0200151,0.0852318)
(0.462871,-0.105146)
(0.416316,-0.0541621)
(0.0311912,-0.0213258)
(0.0134758,-0.0690496)
(0.0189904,0.0200084)
(0.067253,0.0398449)
(-0.00756961,0.0418424)
(0.133445,-0.0302866)
(0.334809,-0.122364)
(-0.0260411,-0.0364675)
(0.0308131,-0.0626288)
(-0.0283085,0.0337016)
(0.0724788,0.00655583)
(0.0336995,0.0819204)
(0.0158258,0.0264311)
(0.0341867,-0.0367358)
(0.000647265,-0.0633237)
(0.0359298,0.0184733)
(0.00560391,-0.023124)
(-0.0396108,-0.0608653)
(0.0374453,0.0816974)
(0.0641672,0.0535123)
(-0.0702322,-0.0235223)
(-0.0187285,-0.0875697)
(0.0241048,0.0375732)
(0.0387854,0.0156714)
(0.0466636,0.0132139)
(-0.0620539,0.0319121)
(-0.00512001,0.0404128)
(0.550418,-0.120521)
(-0.0468809,0.0192118)
(0.00830697,0.0167377)
(-0.095186,-0.0840403)
(-0.108566,-0.0670371)
(0.00223408,0.0213697)
(0.0255086,-0.00952242)
(-0.05392,-0.035565)
(0.0586554,-0.0182033)
(0.0103418,0.0909817)
(0.0242057,-0.0275777)
(0.45745,-0.112474)
(0.017665,0.0997122)
(0.0117076,0.0335569)
(-0.0314801,0.0198963)
(0.0370227,-0.00303458)
(0.0404876,0.0139985)
(-0.0303761,-0.0609528)
(0.0307819,-0.0326308)
(0.0461893,-0.0424659)
(-0.0416631,-0.100344)
(-0.00745777,0.0359124)
(-0.0462067,0.0197221)
(0.401196,-0.108435)
(-0.073742,-0.0181566)
(0.0169684,0.0333534)
(0.0509873,0.0469456)
(-0.0674308,-0.0405265)
(-0.059938,-0.0204035)
(0.00123602,-0.0074832)
(0.0691936,0.0384477)
(0.0700342,0.0325715)
(0.0591721,0.0323035)
(-0.0219651,-0.0486631)
(0.046991,0.0115313)
(-0.0786143,-0.0389919)
(-0.0436171,-0.0681225)
(-0.00390859,0.0025492)
(-0.0237818,-0.0103266)
(0.0770367,-0.0167429)
(0.0074974,0.00933247)
(-0.0365213,-0.0311184)
(-0.0239023,-0.0747525)
(-0.0436755,-0.0471888)
(0.0847087,-0.0406775)
(0.0222992,-0.0171373)
(0.207375,-0.131282)
(0.0600685,0.0093855)
(-0.00682606,0.0725441)
(0.0140468,0.046603)
(0.033412,0.00770179)
(-0.0814981,0.0846819)
(0.00247879,-0.0175693)
(0.0026359,0.0461396)
(-0.0448405,-0.00951275)
(0.0386011,0.0317216)
(0.0188972,-0.0217082)
(0.017945,0.0304277)
(-0.0615962,-0.0115678)
(0.0251128,0.0116486)
(0.0393671,0.0389717)
(-0.0476494,0.0392379)
(-0.0573339,-0.0217931)
(-0.0797728,-0.0448975)
(0.034501,-0.0112261)
(0.416429,-0.122985)
(-0.103136,4.81823e-06)
(0.576487,-0.103706)
(0.0288999,0.0730895)
(-0.0447298,0.0863412)
(-0.00615458,0.0819448)
(-0.00794731,0.00529239)
(0.0509947,0.0516439)
(0.0184385,-0.0569658)
(0.00924795,-0.00291132)
(-0.00326382,-0.010474)
(-0.0361139,0.0684281)
(-0.011478,-0.0273751)
(0.441656,-0.129062)
(-0.0171625,-0.0272785)
(0.00880446,-0.00787027)
(0.0789839,0.0239325)
(0.0660348,-0.0310774)
(-0.0229494,-0.00436133)
(0.430753,-0.0607228)
(0.0440989,-0.0169506)
(0.0209325,-0.0450617)
(0.701897,-0.0777753)
(0.0526204,-0.0349919)
(-0.0553924,0.0227591)
(-0.0248179,0.0332165)
(0.0415083,-0.0168643)
(0.386711,-0.0682318)
(0.503987,-0.162697)
(0.534093,-0.0733677)
(0.458087,-0.0901953)
(-0.0426911,0.00890524)
(-0.0644509,0.0209251)
(0.000863023,-0.00949614)
(-0.00218226,-0.0583973)
(-0.0144173,0.0209554)
(-0.0552637,-0.000146575)
(-0.0671838,-0.0209642)
(0.0750704,0.0312914)
(-0.0340782,0.0143437)
(-0.032368,0.0850652)
(0.0159696,-0.0105133)
(0.0497945,0.00960103)
(0.0776629,0.0197965)
(0.0626968,0.0239302)
(0.0753283,0.0434598)
(0.0380874,0.0112053)
(0.0791064,-0.0331539)
(-0.0202801,0.00946012)
(-0.0399447,0.100353)
(-0.01347,0.0764652)
(-0.00939367,0.0133562)
(-0.0276989,0.0799477)
(-0.0363111,0.0153933)
(0.00355655,0.0217964)
(0.0319435,0.074676)
(0.00593799,-0.0175706)
(0.0463255,0.0256263)
(-0.0142609,-0.0291971)
(-0.0637974,-0.0407176)
(0.069851,0.0445921)
(0.0466956,0.0158561)
(0.0290963,0.0564146)
(0.0475932,-0.0169224)
(0.438618,0.0149189)
(0.0395589,-0.000914188)
(0.53018,-0.11676)
(-0.0288167,0.0940171)
(0.0341532,-0.00467989)
(-0.0444784,0.00713878)
(-0.0758955,0.0804407)
(-0.000546846,0.056379)
(-0.042224,0.0180998)
(0.0131728,0.0455317)
(0.0151983,-0.0157513)
(0.0297934,-0.00848065)
(0.00830567,-0.00586926)
(-0.0109368,-0.0477817)
(-0.0279177,0.0849608)
(0.00949601,-0.0454282)
(0.00771511,0.0371667)
(-0.0608016,-0.00989413)
(-0.0616188,-0.0314883)
(0.0602103,-0.0548925)
(0.0024926,-0.0958118)
(-0.0153019,0.0685822)
(0.0214046,0.0471066)
(0.0497674,-0.0199461)
(0.182243,-0.0787328)
(0.0755319,0.0176939)
(-0.0314333,-0.0403595)
(0.00354974,-0.0343834)
(0.0601432,-0.0349046)
(0.408308,-0.0871513)
(0.00678324,0.0895877)
(-0.0275278,0.0760039)
(0.0180848,-0.0573245)
(-0.0594053,0.0689576)
(0.0537469,0.0215954)
(0.110912,-0.0290085)
(0.252103,-0.107532)
(0.337352,-0.184312)
(-0.0262024,0.0490291)
(-0.0085393,0.0352445)
(-0.0840594,0.0168582)
(0.193253,-0.116481)
(0.525015,-0.082091)
(0.0564709,-0.0250405)
(-0.050954,-0.0337974)
(-0.00312441,0.0151868)
(-0.0493327,-0.0250351)
(-0.0368909,0.0437575)
(-0.0434249,0.0227888)
(-0.0173284,0.0250087)
(-0.0105822,-0.00924122)
(0.040889,-0.0109178)
(0.0665655,0.0295757)
(0.488327,-0.108358)
(0.042443,0.0121741)
(-0.0139816,-0.0332194)
(0.0489655,0.0367778)
(-0.00282884,-0.0270267)
(-0.0174211,-0.0373971)
(0.0422127,0.00910752)
(0.0101734,-0.0100948)
(0.245657,-0.165347)
(0.0494123,0.0857523)
(-0.0167764,0.0131272)
(0.0653872,0.0872665)
(0.0249003,-0.0210851)
(-0.0282913,0.0353149)
(-0.0616814,0.00655025)
(-3.04834e-05,0.0533824)
(0.271893,-0.0903553)
(0.669117,-0.0354545)
(-0.0586766,0.0561374)
(-0.0721754,0.00416201)
(0.0121211,0.0136093)
(-0.075467,0.0572025)
(-0.120956,-0.0169491)
(-0.129243,-0.0124885)
(0.0369146,0.0489047)
(-0.0343243,-0.0217583)
(0.0296276,0.023043)
(0.078403,-0.0334971)
(0.0230239,-0.0203599)
(0.0426098,-0.0108676)
(-0.0816423,-0.00305946)
(-0.0236705,0.0347196)
(-0.00842907,0.0594923)
(-0.0418155,0.0301894)
(-0.0270034,0.0499526)
(0.036657,-0.0115925)
(0.082322,-0.0714991)
(0.0595008,0.0637588)
(0.0921896,0.0369177)
(-0.0596229,-0.047502)
(-0.0553801,-0.0194768)
(-0.0377753,0.00648117)
(-0.0190306,0.031873)
(0.00532592,0.00987022)
(0.0224287,-0.0028756)
(-6.26096e-05,0.0026474)
(0.0744651,-0.00755198)
(-0.0221042,-0.0423506)
(0.0182653,-0.0246162)
(0.0259363,0.035344)
(-0.0207058,0.0549615)
(0.00851593,0.0866232)
(-0.0145292,0.0326088)
(0.0578179,0.00801116)
(0.599875,-0.111758)
(0.0499687,0.0330276)
(-0.0416485,-0.0299389)
(-0.00175061,-0.0241541)
(0.0736973,0.0811163)
(0.0140458,-0.0345937)
(0.0428933,-0.0204404)
(0.0526231,0.0131382)
(0.0513914,-0.0466729)
(-0.000403688,-0.0483834)
(0.0422106,-0.00625518)
(0.00637259,-0.0372914)
(0.0771954,0.00736793)
(0.0566165,0.0335796)
(-0.00578808,0.00536073)
(0.0299657,-0.0201616)
(0.0252201,-0.0347228)
(-0.00416707,-0.0259608)
(-0.0130425,-0.0550635)
(-0.0187866,-0.0403686)
(-0.026102,0.0482287)
(0.00889889,0.00658456)
(-0.0132674,0.0273636)
(-0.0609889,0.00793799)
(-0.0261387,-0.0162062)
(-0.0047815,0.0287825)
(-0.0310621,-0.0885404)
(0.0233152,-0.0850844)
(-0.00316539,-0.0501106)
(0.0252165,-0.0302145)
(-0.0155634,-0.00499127)
(0.0612029,-0.0442236)
(-0.0448625,0.0290988)
(0.0221855,-0.0700969)
(0.0725238,-0.0337311)
(0.0724342,-0.0809999)
(0.000720309,-0.0785075)
(-0.0451645,-0.108675)
(-0.0461891,-0.0173924)
(0.0436051,-0.0456023)
(0.0727869,-0.0302632)
(-0.0369105,0.0534072)
(-0.0761979,0.025405)
(-0.0180065,0.049388)
(-0.0261314,-0.0142436)
(0.00946995,0.00407364)
(-0.0192495,0.0723532)
(-0.0276268,0.0830453)
(0.0183581,0.0415245)
(-0.0848882,-0.0335328)
(0.0161715,-0.0169977)
(0.0535201,0.0139111)
(-0.0393811,-0.0806413)
(0.0157047,-0.0321693)
(0.473521,-0.0787216)
(0.0191609,-0.0697072)
(0.0343384,0.00564436)
(-0.0116533,0.0403137)
(-0.0264631,-0.0186496)
(0.0229109,0.0327379)
(0.0254256,0.0397976)
(0.0423632,0.0474752)
(0.0337908,0.0127572)
(0.0503832,-0.0065941)
(0.0120362,0.00791063)
(0.0282304,0.00475823)
(0.0393491,-0.00647483)
(0.0412584,0.0266454)
(-0.0541406,0.0554386)
(-0.0120357,0.0245234)
(0.0530159,0.0488839)
(0.0785181,0.0159054)
(-0.0332174,0.0566074)
(0.0342077,0.0265672)
(-0.0368456,0.020198)
(-0.00508573,-0.0751678)
(-0.0137055,-0.0522783)
(-0.0302822,-0.107161)
(0.0896715,-0.0014128)
(0.521889,-0.127788)
(0.473643,-0.0561579)
(0.0225987,0.123656)
(0.458684,-0.0401123)
(0.0444235,-0.0666138)
(0.442828,-0.0567127)
(0.24858,-0.13082)
(-0.0252976,0.0361361)
(0.492223,-0.140963)
(0.550928,-0.112334)
(0.533035,-0.0862596)
(-0.0167076,0.0686051)
(-0.0406721,0.0358934)
(-0.0350961,0.0011788)
(-0.0513237,0.0155869)
(0.0339991,0.0479506)
(-0.0268096,0.00652046)
(-0.0296828,0.014831)
(-0.0428675,0.0264141)
(-0.0424659,-0.000732429)
(0.00209062,-0.0614278)
(0.0295355,-0.00213252)
(0.0262162,-0.0372942)
(-0.0373673,0.0411255)
(-0.0379083,-0.00524767)
(0.0281539,0.0465179)
(-0.0319471,-0.0755229)
(-0.0503406,0.0827893)
(-0.0317317,0.0305306)
(0.00570733,0.0385106)
(0.012169,-0.0231612)
(-0.0383846,-0.075959)
(-0.00254364,0.0394616)
(-0.0346163,-0.0300496)
(0.0185672,-0.0143046)
(0.00149473,0.015628)
(0.0276234,-0.000273431)
(0.0523037,0.0761306)
(-0.0181127,-0.00651091)
(0.00761401,0.020106)
(-0.00223015,-0.0262301)
(0.0183193,0.0298758)
(-0.00657396,-0.011141)
(-0.0119332,-0.0123076)
(-0.0329207,-0.0431861)
(-0.0171018,-0.0247461)
(-0.021539,-0.0751291)
(0.00289589,0.0117479)
(0.529901,-0.243159)
(0.0199505,-0.0337437)
(0.00721131,0.0235553)
(0.00652232,0.015375)
(0.0031668,-0.0174436)
(0.0111753,0.0484461)
(-0.0153393,0.0425248)
(0.475904,-0.136655)
(0.665767,-0.180482)
(0.448799,-0.121627)
(-0.0283837,-0.00675372)
(0.422592,-0.0966427)
(-0.00998984,0.0171741)
(0.0797959,-0.0162245)
(0.00802969,0.0308459)
(0.0259262,0.00944316)
(0.203815,-0.0808031)
(0.016442,0.0296868)
(-0.00225633,0.0487517)
(-0.0179842,0.0318541)
(0.114969,-0.0513764)
(0.0242633,-0.0040098)
(-0.112126,-0.0306359)
(0.447405,-0.0624658)
(0.00613002,-0.000569759)
(-0.0342244,0.0168504)
(0.00142007,0.023925)
(0.0285225,0.0312679)
(0.0238935,-0.0197835)
(0.000771499,0.0477455)
(0.0671718,-0.0631792)
(-0.00609336,0.0426294)
(0.0592292,0.0168478)
(0.189818,-0.0470358)
(0.073502,0.0273457)
(0.0322992,0.00174647)
(-0.0440955,0.0553115)
(-0.079247,0.0227774)
(0.010212,0.05066)
(0.0268267,-0.0007653)
(0.00387597,-0.0413433)
(-0.0516739,0.0323617)
(-0.00874577,-0.0112067)
(0.0127085,-0.00661693)
(0.00955624,0.0239797)
(-0.0155687,0.0479223)
(0.0554896,0.0471908)
(0.0234491,0.0486387)
(0.0183377,0.04535)
(0.0222826,-0.00397778)
(0.0294942,-0.0017972)
(0.0161625,-0.111129)
(0.0186776,0.0375843)
(-0.0645504,-0.0171958)
(0.0434827,0.101123)
(0.00673203,0.0534244)
(0.0254784,-0.126908)
(0.0780228,0.0533428)
(0.00169276,0.0407449)
(0.0563627,-0.0951846)
(0.0148184,0.0346357)
(-0.0414888,-0.0170735)
(-0.0153429,-0.0427945)
(-0.00325657,0.0360152)
(-0.0515311,-0.0253962)
(-0.0678659,-0.0177326)
(0.040656,0.0475658)
(-0.0240041,-0.0329193)
(-0.0889588,0.0663602)
(-0.00815272,0.00569927)
(0.00222872,0.0259938)
(-0.0100397,0.0195381)
(0.0306252,0.000586651)
(0.000439849,0.031428)
(0.116142,-0.0775128)
(0.0706911,0.0023608)
(-0.0323104,-0.0785655)
(-0.020359,0.054317)
(-0.0520891,-0.10218)
(0.00187758,0.0971195)
(-0.0390245,0.0123283)
(0.0824971,0.0636022)
(0.0782719,0.0681459)
(0.014422,-0.0436193)
(0.0226681,0.0487866)
(-0.0478664,0.0122363)
(-0.0263221,0.075235)
(0.0120813,0.00313121)
(-0.0369826,-0.0247551)
(0.011221,-0.0789607)
(0.0915659,-0.022849)
(0.0371855,0.0292786)
(0.023678,0.0594678)
(-0.0532988,0.0529206)
(-0.0555099,-0.0182759)
(0.00394233,-0.0362522)
(0.0332458,0.0221431)
(0.0596783,-0.0447184)
(0.467788,-0.0903602)
(-0.00507286,0.0104811)
(-0.0559732,-0.0458782)
(-0.0111583,-0.0290476)
(-0.0405644,-0.0171696)
(0.00337752,-0.0544652)
(0.0366931,-0.03424)
(-0.0514061,0.0143772)
(0.0297725,-0.0437056)
(0.55227,-0.131329)
(0.00970135,-0.0932368)
(0.039974,0.00462615)
(0.0533428,-0.0718571)
(0.532751,-0.127403)
(-0.028969,-0.0217408)
(-0.0188181,-0.0266059)
(0.0343823,0.0173677)
(-0.011823,-0.0112413)
(-0.0101741,-0.00374534)
(0.0010768,-0.00965159)
(-0.0479896,-0.0205974)
(0.310411,-0.0794864)
(0.170135,-0.076039)
(0.0201317,0.00406684)
(-0.015001,0.0302089)
(-0.0447156,-0.0592362)
(0.0397193,0.0575812)
(-0.0103119,-0.0792912)
(0.405855,-0.0480602)
(-0.0519699,-0.0216617)
(-0.0125432,-0.00777223)
(0.0132113,0.00113669)
(0.0327968,-0.00461151)
(0.0769877,-0.0239783)
(0.0113174,0.00254863)
(0.477564,-0.114289)
(-0.00138895,-0.0264123)
(0.522104,-0.123716)
(-0.0423563,0.0673007)
(-0.0403062,0.00341773)
(-0.0220224,-0.0577471)
(0.0365687,0.0354169)
(0.476814,-0.217179)
(0.103107,-0.0268298)
(0.2665,-0.136017)
(0.0237613,0.00383889)
(-0.0168672,0.0179981)
(-0.0598194,0.00544167)
(0.203955,-0.0548017)
(0.254581,-0.0741953)
(-0.00787791,0.0256912)
(-0.0100908,-0.0106704)
(0.313136,-0.138934)
(-0.0208956,0.0213626)
(-0.0689454,-0.0260643)
(0.238341,-0.0964521)
(-0.0455535,0.0236643)
(0.010957,0.0102593)
(0.355679,-0.0569958)
(-0.0718187,-0.0303575)
(0.155598,0.00583538)
(0.209784,-0.0603824)
(0.0049113,0.0687846)
(0.23816,0.0196125)
(0.0631863,-0.0675977)
(0.00704371,-0.0575651)
(0.00179398,0.0588216)
(-0.0408697,0.0547022)
(-0.021475,0.012013)
(0.048808,-0.0455986)
(0.0327509,-0.0438547)
(0.0339985,0.0393674)
(-0.0172363,0.0565766)
(0.0447261,0.0400848)
(-0.0360347,-0.004317)
(0.0750353,0.0525763)
(-0.102307,0.0277326)
(-0.0371286,0.0208011)
(-0.0401209,0.0107834)
(-0.0317922,-0.0333779)
(-0.0484079,0.000942147)
(0.316834,-0.0803647)
(0.0119066,0.0650228)
(0.0163905,0.0620084)
(0.116586,-0.0567252)
(-0.108181,0.0474949)
(-0.0692577,0.0516641)
(0.553607,-0.0907807)
(-0.0170807,0.0108664)
(0.557611,-0.137751)
(0.00272701,-0.0173082)
(0.0114954,0.0441498)
(0.160339,-0.0726659)
(-0.0145949,-0.00140778)
(0.0270787,0.0369928)
(0.447751,-0.0988179)
(-0.0241871,-0.0100497)
(0.070482,0.0352408)
(0.0125385,0.000782982)
(0.0288901,0.0710044)
(0.121531,0.013602)
(0.0541095,-0.0514782)
(0.069788,-0.0593883)
(0.0426938,-0.00838373)
(-0.113945,-0.0385394)
(0.209919,-0.163554)
(0.0214023,0.0382347)
(0.285224,-0.165406)
(-0.025326,-0.0598497)
(-0.0420898,-0.0179633)
(0.447547,-0.107952)
(-0.0578796,0.0846568)
(0.00344589,0.0483842)
(-0.032517,-0.00506707)
(0.391144,-0.0744977)
(0.00235449,-0.0231228)
(-0.0504146,-0.0526865)
(0.0642125,0.0209128)
(-0.00200838,0.0344506)
(0.0404702,0.0311297)
(0.0719954,0.0053892)
(-0.110354,0.0105868)
(0.00619175,-0.00164921)
(-0.0351595,0.0342846)
(0.0484095,-0.046699)
(-0.063375,0.022906)
(0.00210639,0.0350768)
(0.0746453,0.0195991)
(0.0622999,0.02792)
(0.0229306,-0.0550701)
(-0.0355379,-0.0318703)
(-0.00318675,-0.0782389)
(-0.0100324,0.00157975)
(-0.000452697,-0.049142)
(-0.0206187,0.00696773)
(0.0493204,0.0196561)
(0.0656439,0.0100209)
(0.0423782,0.0714878)
(0.00358439,0.023583)
(-6.28352e-05,0.0382366)
(-0.0225105,-0.0774821)
(-0.0686577,-0.101176)
(-0.0751796,-0.103011)
(-0.0617005,-0.0455457)
(0.0193892,-0.00618416)
(0.0182992,-0.0352399)
(0.0123891,0.0169272)
(0.459417,-0.10352)
(-0.0625852,0.0038157)
(0.0348652,0.0111402)
(0.00412294,0.00102403)
(0.427978,-0.0518506)
(0.0430387,0.00274086)
(0.0230693,-0.0120565)
(-0.0266857,-0.0247808)
(0.00306794,0.014108)
(0.0241006,-0.00534895)
(-0.0126875,-0.0333752)
(0.0143187,0.00560848)
(0.386009,-0.0652635)
(0.0329087,-0.0086112)
(-0.0786604,0.0032198)
(0.603869,-0.157168)
(0.0103459,-0.0229666)
(-0.00640138,0.00188355)
(0.0263563,-0.0345065)
(0.472126,-0.061901)
(0.0428725,0.0308299)
(-0.0378177,-0.0362065)
(-0.0139208,-0.0508726)
(-0.123006,-0.00123365)
(-0.0105313,-0.0181785)
(-0.0778007,-0.0556343)
(0.00408409,-0.0603207)
(-0.00955646,0.0255876)
(-0.0102924,-0.038238)
(-0.00673762,-0.0651853)
(0.0163343,-0.0478858)
(0.422385,-0.0372464)
(0.0518889,0.0016297)
(-0.0365123,0.033026)
(-0.0239262,-0.0213517)
(-0.00513929,-0.00348624)
(0.0102459,-0.0633464)
(-0.0140236,0.0727999)
(-0.0239065,-0.0414767)
(-0.0089911,-0.0149061)
(0.0100414,-0.0725572)
(0.00187111,0.0443409)
(0.0111629,0.0642447)
(0.442791,-0.0749445)
(0.014148,-0.00248869)
(0.0213349,0.000159537)
(-0.0153005,0.0380773)
(0.0251182,-0.0211573)
(-0.0466846,0.0765195)
(0.000572757,0.00711008)
(0.170792,-0.18686)
(0.201752,-0.115841)
(0.144969,-0.160898)
(0.00259964,0.00275451)
(-0.0181005,0.0238407)
(0.587517,-0.178333)
(0.354685,-0.126189)
(-0.0220087,0.00566391)
(0.403823,-0.0541773)
(0.466259,-0.0204997)
(0.199308,-0.115752)
(0.0430629,-0.00729633)
(0.0298365,-0.023409)
(0.0570615,0.0390516)
(0.113017,-0.00539147)
(0.010231,0.0443565)
(0.00986582,0.0405709)
(-0.0629806,0.00324075)
(0.0757957,0.00299923)
(-0.0836732,0.0147385)
(-0.0283079,-0.0242547)
(0.0550842,-0.00975953)
(0.465592,-0.135287)
(-0.0319363,0.042293)
(0.00364879,0.0099502)
(-0.0397858,0.0199113)
(0.551477,-0.0941309)
(-0.0406399,0.071569)
(-0.016093,-0.0107053)
(0.516063,-0.164804)
(0.492965,-0.0625952)
(-0.0350416,0.0181266)
(0.340869,-0.0828497)
(-0.00418939,0.0375047)
(-0.0273258,0.0689751)
(0.478164,0.0216939)
(0.268467,-0.0876626)
(0.399827,-0.106322)
(0.473113,-0.0452467)
(0.0142185,-0.0124611)
(0.760121,-0.0112914)
(-0.0445755,0.00107652)
(-0.0192188,0.0777714)
(0.0602722,-0.00355862)
(0.175803,-0.0719446)
(-0.0419496,0.0464739)
(0.0984012,-0.0724235)
(0.011303,-0.0028327)
(0.0201651,-0.00281162)
(0.0362543,-0.0143217)
(0.0163658,-0.00691559)
(0.0474946,0.0016738)
(-0.00666054,0.0378299)
(0.0573823,0.040666)
(0.112496,-0.047415)
(-0.0616554,0.00408237)
(0.0251581,-0.0519314)
(0.0187083,0.0585978)
(0.00999582,0.046306)
(0.0167878,0.0154351)
(0.457058,-0.0628522)
(-0.0355729,0.0831538)
(0.0256685,0.00167995)
(-0.00875355,-0.0148758)
(-0.018444,0.0393139)
(0.0434781,0.0011481)
(0.0249063,0.0381398)
(-0.0498043,-0.0795098)
(-0.0364671,-0.0109149)
(0.554067,-0.0769449)
(-0.0213989,0.0109412)
(0.344497,-0.0339513)
(0.00189353,0.012794)
(0.0518569,0.0252314)
(-0.000864245,-0.00244253)
(0.0836004,-0.034889)
(-0.0338204,-0.0226291)
(0.00754197,-0.0919206)
(0.0162269,-0.0367184)
(-0.00598966,-0.0382592)
(0.0218209,0.00942881)
(0.0343358,-0.0310212)
(0.0700891,-0.00023811)
(0.0385665,0.028073)
(0.450893,-0.119258)
(0.309711,-0.0676558)
(-0.0261071,-0.00713212)
(0.0400014,-0.0407314)
(0.022487,-0.0129746)
(0.0688658,-0.0478079)
(0.459088,-0.127583)
(0.0359605,0.019154)
(0.0772789,-0.00954391)
(0.0926807,0.0197058)
(0.0780294,-0.0177795)
(0.304967,-0.136414)
(0.0426854,0.00452904)
(-0.0411406,0.00361519)
(-0.032351,0.00346577)
(-0.011093,0.0217672)
(0.496246,-0.0625764)
(0.0328128,-0.0239564)
(-0.0336587,-0.00392698)
(0.0282625,0.051982)
(0.0305253,0.00833693)
(0.02167,-0.00262994)
(0.492451,-0.082993)
(0.409221,-0.142218)
(0.657389,-0.0686951)
(0.0276577,-0.0628945)
(0.0205438,-0.00356905)
(0.490859,-0.0546102)
(0.0365394,-0.0167356)
(0.0956133,-0.06377)
(0.284983,-0.184749)
(-0.0521514,-0.035318)
(-0.0582785,0.0116437)
(-0.0530747,-0.00923594)
(-0.0427288,0.0420091)
(-0.0255339,0.0339722)
(0.159041,-0.0645244)
(0.181286,-0.127051)
(0.284676,-0.151002)
(0.280979,-0.0529271)
(0.619881,-0.164742)
(-0.0129802,-0.0391391)
(-0.0647984,0.00624733)
(-0.0313115,0.00665489)
(0.113451,0.0877602)
(0.546143,-0.0775141)
(0.539731,-0.122903)
(0.00827465,0.00749287)
(-0.0387377,-0.0431805)
(-0.010111,-0.0226997)
(0.601928,-0.170973)
(0.0157705,0.0809633)
(0.0605275,0.0374737)
(-0.0550182,-0.00243128)
(0.62,-0.0830248)
(0.0515633,0.0406281)
(-0.0392955,0.0576108)
(0.579477,-0.103593)
(0.536793,-0.110753)
(-0.0160536,0.0331145)
(-0.013862,0.00998218)
(-0.0394961,-0.0421316)
(-0.00743956,-0.0346243)
(0.0273019,-0.00731046)
(-0.00082443,-0.00726602)
(0.0208671,0.00850663)
(0.46514,-0.141868)
(0.680917,-0.0135549)
(0.6101,-0.122546)
(0.538978,-0.0547099)
(0.437742,-0.0977642)
(0.18042,-0.103274)
(0.275105,-0.0316337)
(0.194333,-0.0743828)
(0.178331,-0.0895058)
(-0.0266404,-0.0393723)
(0.019158,-0.055701)
(0.290516,-0.0595517)
(0.54298,-0.148792)
(0.535294,-0.111087)
(0.432869,-0.0478212)
(0.516395,-0.140728)
(0.00679242,0.0343899)
(0.523632,-0.0639448)
(-0.034535,0.0794355)
(0.0242111,-0.032321)
(-0.0348083,-0.051869)
(-0.00220624,0.0642602)
(-0.0528517,-0.0170488)
(-0.0117842,-0.0925875)
(-0.00772176,0.0196062)
(0.030129,-0.0366086)
(0.0304932,0.0582316)
(0.402258,-0.0995539)
(-0.0150394,-0.0551617)
(0.47365,-0.189069)
(0.460588,-0.0119902)
(0.446779,-0.14344)
(-0.0362814,0.000283392)
(0.0725641,0.0571988)
(-0.0165536,0.0273004)
(0.546469,-0.0696194)
(-0.0356449,-0.03391)
(0.0221835,0.00383151)
(0.331147,-0.130895)
(0.243809,-0.142274)
(0.53196,-0.074581)
(0.363973,-0.0703551)
(0.590478,-0.206249)
(0.497072,0.0441822)
(-0.012595,-0.0583599)
(-0.0230519,-0.068207)
(0.0110952,0.00917987)
(0.0235838,0.0801723)
(0.0178187,0.0764284)
(-0.0237904,-0.033996)
(0.0160268,0.00618206)
(0.278692,-0.0983635)
(0.208475,-0.0297904)
(-0.043539,-0.00050886)
(0.192829,-0.0223032)
(-0.0153626,-0.0185757)
(0.466408,-0.122364)
(0.551747,-0.0212768)
(-0.054373,0.0362801)
(0.0367297,0.0426977)
(0.072384,0.00589126)
(0.0795785,-0.0349713)
(0.419599,-0.185246)
(0.0215151,-0.0619733)
(0.127512,-0.0743598)
(-0.0449267,0.0776149)
(0.281692,-0.145368)
(0.0115739,0.0626715)
(0.352016,-0.073156)
(-0.000739605,0.0504533)
(0.0228009,0.0321981)
(0.0283993,0.000599439)
(0.0188492,0.0309046)
(0.504786,-0.0711038)
(-0.0116577,0.0386284)
(0.508574,-0.126321)
(0.478253,-0.0847758)
(-0.00197949,0.000778116)
(0.495412,-0.0272134)
(0.583255,-0.0305004)
(0.544159,0.024994)
(0.0216777,0.0230756)
(0.464734,-0.13588)
(-0.0456346,0.0664783)
(-0.0515729,0.0410827)
(-0.0467983,0.0662045)
(-0.0336495,-0.00884898)
(-0.00455727,0.0715687)
(-0.0277855,-0.0147733)
(-0.0602747,0.0349776)
(0.719619,-0.026604)
(-0.0438309,0.015012)
(0.0973311,-0.0343651)
(0.402061,-0.118286)
(0.446898,-0.101506)
(-0.000188681,0.00602404)
(0.0569072,-0.00568452)
(-0.023627,-0.00519761)
(0.394005,-0.157268)
(-0.0439435,0.00583084)
(0.463183,-0.214098)
(0.370905,-0.113486)
(-0.0526579,-0.0197974)
(-0.00467874,-0.00109716)
(0.553011,-0.0305829)
(-0.0494051,-0.0143466)
(-0.0169669,-0.0321058)
(-0.0143681,0.0490642)
(0.450424,-0.122517)
(0.459346,-0.10727)
(0.192718,-0.101206)
(0.441653,-0.139238)
(0.498344,-0.0770337)
(0.0804067,-0.018478)
(0.485775,-0.0969492)
(0.583512,-0.0243757)
(0.0261438,-0.0940976)
(0.512629,-0.0373389)
(0.0733923,0.0589278)
(0.511195,-0.072255)
(0.0904828,-0.0171353)
(-0.0164662,0.0489913)
(-0.0307342,-0.0210251)
(0.0483852,0.0354537)
(0.00137757,0.0853552)
(0.0532519,0.0881933)
(-0.000385929,0.0837947)
(0.0450836,0.0394013)
(0.13534,-0.102591)
(0.0158834,0.00965787)
(-0.0121749,-0.0209662)
(0.0435866,0.0395486)
(0.0147983,-0.0125123)
(0.0142946,0.016546)
(0.0510247,0.00297322)
(-0.00487448,0.060321)
(0.122377,-0.077044)
(-0.0212381,0.0280133)
(0.0465526,-0.00338139)
(0.643298,-0.0916696)
(0.378203,-0.193933)
(-0.0261744,0.0153996)
(0.0903077,0.14069)
(-0.00240529,0.115248)
(0.135335,0.0254879)
(-0.051208,-0.00371151)
(0.0879102,-0.0192519)
(0.194089,-0.100695)
(0.612601,-0.143588)
(0.567799,-0.137265)
(0.0152134,0.0711988)
(0.0548644,-0.0452408)
(0.545404,-0.140267)
(0.00514675,0.0328292)
(0.0464725,0.00706926)
(0.0898304,-0.0301845)
(0.482151,-0.0265658)
(0.0775141,-0.0757471)
(0.253478,-0.172454)
(0.00182897,-0.020712)
(0.116894,-0.125285)
(0.191901,-0.0955557)
(0.268415,-0.0487813)
(0.339027,-0.108564)
(0.0934083,0.0281924)
(-0.0361629,0.0279476)
(0.366882,-0.135381)
(-0.0214706,0.0684032)
(0.0347126,-0.0108725)
(0.0355887,-0.0256779)
(0.462365,-0.160767)
(0.0227831,-0.0310633)
(0.425129,-0.102805)
(0.0469142,-0.0209806)
(0.0140753,0.0334936)
(-0.0206712,-0.0108131)
(-0.00895664,0.0501774)
(-0.0200377,0.0221338)
(0.00106158,0.0356571)
(0.0281715,0.0244033)
(-0.0299277,0.0194715)
(-0.0161257,0.0553896)
(0.519236,-0.122269)
(-0.00547788,-0.0102952)
(0.0487601,0.00726961)
(0.505902,-0.0526249)
(0.0872098,0.00222654)
(-0.0146974,0.0258947)
(-0.00290513,0.00933966)
(-0.000903373,0.0250399)
(-0.0554521,0.0423066)
(0.134625,-0.0956674)
(-0.000654856,0.0625367)
(-0.0425575,-0.0362885)
(-0.0367311,-0.0581262)
(0.0290962,-0.0123197)
(-0.0386614,-0.0339708)
(0.481902,0.00695896)
(-0.0374852,0.0546882)
(0.650059,-0.118162)
(0.352227,-0.153816)
(0.492075,0.0351419)
(-0.0296053,-0.0172952)
(0.395766,-0.0260986)
(0.420617,-0.132485)
(0.400547,-0.0485716)
(-0.0569083,0.0267168)
(0.0196867,0.0505176)
(-0.0537984,0.074841)
(-0.0112125,0.0232997)
(0.565101,-0.158532)
(0.585464,-0.1056)
(-0.0276823,-0.0140444)
(-0.0316863,0.00668897)
(-0.00452258,0.0185197)
(0.0534906,0.00273948)
(0.336498,-0.0781067)
(0.057728,0.0012138)
(0.0547198,0.0286433)
(0.0307443,0.0378706)
(0.0892137,-0.0009318)
(0.382972,-0.0795974)
(-0.0628031,-0.0838831)
(0.461654,-0.0416427)
(0.00553891,0.00456171)
(0.0511612,0.0693077)
(0.0792624,0.0352646)
(0.638237,-0.170034)
(0.0106588,0.00634069)
(0.287569,-0.111497)
(0.533731,-0.142865)
(-0.0408583,0.00554893)
(0.00596363,0.0401447)
(0.0722202,-0.103022)
(-0.0142905,0.0543975)
(-0.0741466,0.0273592)
(0.0181842,-0.125841)
(0.383694,-0.176936)
(0.275572,-0.203181)
(0.0514391,-0.0482659)
(0.0140693,-0.0229883)
(0.00497724,-0.000413696)
(-0.0907667,0.0691705)
(-0.00567184,-0.0063121)
(0.00475854,-0.0522649)
(0.410703,-0.0921462)
(0.527653,-0.107508)
(0.63109,-0.0854038)
(-0.0160743,-0.0480183)
(0.358664,-0.0621271)
(-0.0355577,0.0248649)
(0.0451338,0.0285916)
(0.0352405,0.0186213)
(0.0238197,0.133895)
(-0.00343764,0.0320106)
(0.0633916,-0.0552644)
(0.267474,-0.0786742)
(0.565544,-0.106056)
(0.541655,-0.125758)
(0.0840757,-0.0844622)
(0.526202,-0.159976)
(0.0194069,-0.118306)
(0.414618,-0.179707)
(0.461821,-0.0707192)
(-0.00751526,-0.0924508)
(0.480131,-0.112567)
(0.427943,-0.145428)
(0.535882,-0.13269)
(0.417808,-0.111557)
(0.53309,-0.0931421)
(0.104575,-0.0492803)
(0.247701,-0.130612)
(0.202382,-0.0332797)
(0.436715,-0.0779968)
(0.0279444,-0.0425502)
(0.535673,-0.0573836)
(0.368351,-0.143336)
(0.0113307,0.000923371)
(-0.0652235,0.00935085)
(-0.0788568,0.0693292)
(-0.0587909,-0.0431574)
(0.408012,-0.157246)
(-0.0222075,-0.00157704)
(0.464526,-0.146391)
(0.00772397,-0.00784238)
(0.264652,-0.052175)
(-0.010629,-0.0444665)
(-0.023504,-0.0373199)
(0.441009,-0.117815)
(0.0503584,0.0807452)
(0.103454,-0.0793622)
(0.533547,-0.141517)
(0.0540674,-0.043983)
(-0.00405222,-0.051791)
(-0.0384085,0.0163795)
(-0.0526087,-0.0291967)
(-0.0177928,0.0115055)
(-0.00623963,0.00762863)
(0.554602,-0.138499)
(0.582573,-0.155468)
(0.437809,-0.0975223)
(-0.026377,-0.0981892)
(0.0169927,0.067999)
(0.341053,-0.193361)
(-0.0180007,0.0308797)
(0.0108327,-0.00413132)
(0.0173555,-0.0310161)
(-0.0262349,-0.0217187)
(0.571847,-0.123557)
(0.44143,-0.0519161)
(0.488352,-0.0909787)
(0.407768,-0.0386984)
(0.395436,-0.104248)
(-0.0863789,-0.0146528)
(0.407103,-0.0292408)
(0.296292,-0.111299)
(-0.0635228,-0.0922588)
(0.376168,-0.076308)
(0.509808,-0.0948587)
(0.0328161,-0.068112)
(-0.00234024,0.0689581)
(0.557845,-0.123799)
(0.0119041,0.00674341)
(0.0311235,-0.0278081)
(0.427299,-0.12841)
(0.0535303,0.00394847)
(-0.0252702,-0.0385068)
(0.0489954,0.0448864)
(0.0695403,-0.024659)
(0.506401,-0.0428659)
(-0.0182463,0.0142973)
(-0.0613353,0.0781301)
(-0.00463882,0.0185536)
(0.398261,-0.0658319)
(-0.0265092,0.0403159)
(0.0142767,0.0319163)
(-0.0389744,0.0586443)
(0.0897025,-0.0470216)
(-0.0411768,-0.07721)
(0.0317426,0.00520298)
(0.0998884,0.0256035)
(0.104491,0.0100529)
(0.0197975,0.0533041)
(0.0774234,0.0644973)
(0.0858849,0.0607194)
(0.4795,-0.0907192)
(-0.0630452,0.0396556)
(0.529771,-0.0195182)
(-0.0241057,-0.00679534)
(-0.0154553,-0.0533773)
(0.187513,-0.101032)
(0.540584,-0.142416)
(0.324851,-0.103409)
(-0.0390642,0.0510327)
(-0.00839564,-0.0278478)
(0.0461222,-0.0154034)
(0.0294106,-0.0335406)
(-0.014646,-0.00295671)
(-0.0263178,0.026484)
(-0.0596862,-0.0191174)
(0.0198679,0.0318099)
(-0.0786256,0.00137076)
(-0.0017688,0.0636291)
(-0.00876149,-0.0204135)
(0.426439,0.0424653)
(0.00157235,0.0572755)
(0.0597038,0.00578082)
(0.0201074,0.00953261)
(0.0323621,0.0239035)
(0.187938,-0.0472687)
(0.127,-0.069779)
(-0.0241172,0.0361272)
(0.109876,-0.107403)
(0.55099,-0.0667242)
(-0.0553412,-0.0855643)
(0.460476,-0.0767535)
(-0.0318692,-0.137185)
(-0.00904645,0.0256262)
(0.0973366,-0.0283265)
(0.0436466,-0.0638947)
(0.0868508,-0.0334571)
(-0.0539089,0.0141891)
(0.0272967,-0.0115077)
(-0.0570248,-0.0252833)
(-0.0154861,0.065367)
(-0.00576688,-0.00586083)
(0.354866,-0.137396)
(0.366738,-0.124476)
(0.0282251,0.00570131)
(0.176935,-0.0419631)
(0.205147,-0.0556227)
(0.586756,-0.117103)
(0.00625645,-0.0108611)
(0.102618,-0.0288596)
(0.493197,-0.158002)
(0.129786,-0.0130906)
(0.112941,-0.0810068)
(-0.0445486,-0.0448146)
(-0.00985522,-0.0676851)
(0.0923563,-0.0378629)
(-0.0355769,-0.0147085)
(0.443003,-0.0604188)
(0.377137,-0.141496)
(0.0232299,-0.0030666)
(0.0551624,0.00314909)
(0.170783,-0.0954701)
(0.0555507,-0.0507901)
(0.129652,-0.05776)
(0.00497769,0.0415353)
