1620
(0.0727112,-0.0359353)
(0.0224654,0.067338)
(0.0875698,0.0222854)
(0.0187915,-0.071414)
(0.075904,0.0764171)
(0.0335959,-0.0305968)
(0.109012,0.0503884)
(0.0028026,0.02451)
(0.0579499,-0.0508147)
(-0.0186732,-0.039243)
(-0.00911177,0.0595493)
(0.021769,-0.0101802)
(0.0288618,0.0576)
(-0.082281,0.0439445)
(-0.0432895,0.0035974)
(0.0210287,-0.025665)
(0.0023913,-0.0384529)
(0.0343195,-0.0620347)
(-0.0949459,-0.0311744)
(0.0301938,-0.0813992)
(-0.0441245,0.0143534)
(-0.0139994,0.00824784)
(-0.0690742,-0.00801232)
(-0.261553,0.0433282)
(0.160705,0.0557027)
(0.00284337,-0.0121882)
(-0.024354,0.0884147)
(0.0508619,0.0138688)
(-0.182736,0.00504833)
(0.0333199,0.00556704)
(0.0442754,0.0189755)
(0.0542646,-0.0448299)
(0.0104123,0.0276308)
(-0.041812,0.0716969)
(0.065091,-0.011525)
(0.0678859,0.0312524)
(0.147577,-0.0128257)
(0.0115532,-0.0484398)
(-0.0137322,-0.0470233)
(-0.0871627,-0.0649483)
(-0.0261685,0.0473402)
(0.0550008,0.0170953)
(0.0455036,-0.00617925)
(0.0569194,-0.0152658)
(0.00783249,0.0480889)
(0.146439,-0.0981592)
(0.0826067,-0.10474)
(-0.0533063,0.0353573)
(0.0755284,-0.0436339)
(-0.0593132,0.0174281)
(0.0724591,-0.040428)
(-0.0185772,-0.0374789)
(-0.0124276,-0.0255334)
(0.00151354,-0.0484349)
(-0.0282676,-0.00214764)
(0.0122965,-0.00602604)
(0.00345877,-0.0623901)
(-0.0340259,-0.00774722)
(-0.002908,0.0291095)
(0.061393,0.0274499)
(-0.0289829,0.0306259)
(0.263658,-0.0903116)
(-0.0207921,0.0639901)
(0.328744,-0.19584)
(0.00191265,0.0473142)
(-0.0416866,-0.00355061)
(0.0048129,-0.0172374)
(0.00173107,-0.0179332)
(-0.0271363,-0.00410367)
(-0.022027,-0.0353349)
(0.045514,0.0122446)
(0.0847937,0.0115352)
(-0.00451019,0.0354101)
(-0.0322906,0.039056)
(0.14249,0.0643242)
(0.0516903,-0.05879)
(0.048531,-0.0774186)
(0.075226,-0.0993508)
(0.00246561,0.00367431)
(0.0880547,-0.135864)
(-0.00247258,-0.0786944)
(0.0533372,0.0102545)
(0.0146625,0.0136286)
(0.0177194,-0.0106324)
(-0.0110074,-0.00423677)
(0.058138,-0.0253073)
(-0.00479283,-0.00983373)
(0.00441732,-0.068561)
(-0.0215596,-0.101469)
(0.049554,-0.0921076)
(-0.0310635,0.0319375)
(-0.033477,-0.0693695)
(0.337152,-0.0552276)
(0.112875,0.150627)
(0.117598,0.118396)
(0.415468,0.0054223)
(0.0345468,-0.0466912)
(0.438096,-0.0365885)
(-0.0477459,-0.0389914)
(-0.00503459,-0.0337807)
(0.0423122,0.00935323)
(0.0512685,-0.0839836)
(-0.0344188,-0.081843)
(-0.0235612,-0.0756362)
(-0.00397251,-0.0604701)
(0.56717,0.000568242)
(0.0352756,0.0740329)
(-0.0951746,0.0316308)
(-0.00315412,0.0487143)
(0.040492,0.0393077)
(-0.0434444,0.0275184)
(0.534463,-0.105216)
(0.431941,-0.0346602)
(-0.0359227,0.0142566)
(0.37499,-0.00445119)
(0.0641593,0.0883566)
(0.0538517,0.0659896)
(0.400628,-0.0608007)
(-0.0190271,0.0066767)
(0.759593,-0.0319458)
(0.391235,-0.0420388)
(0.0204675,0.0211262)
(0.394293,-0.093801)
(0.261832,-0.109505)
(0.296207,-0.0828207)
(-0.0819964,-0.0467436)
(0.0406249,-0.0443367)
(0.0552208,0.00137107)
(0.324932,-0.145004)
(-0.0405236,-0.0115264)
(-0.0405815,0.00211246)
(0.040906,-0.0190821)
(-0.0529079,0.0507579)
(-0.0403709,-0.00204675)
(-0.0585874,-0.0481606)
(0.0530702,-0.0432267)
(-0.0808043,0.0092798)
(0.0204044,0.00739559)
(0.501256,-0.0323523)
(0.074218,0.0115545)
(0.0832322,0.0122543)
(-0.0143116,0.0289301)
(0.00645103,-0.0304995)
(-0.00678555,0.0117569)
(0.0698974,-0.034302)
(0.0451166,-0.0364779)
(0.0104818,0.0422578)
(0.337909,-0.128738)
(0.319714,-0.110307)
(-0.0838513,-0.00574381)
(0.618958,-0.0728852)
(0.129969,-0.121504)
(0.835269,-0.124726)
(0.571561,-0.00836225)
(0.575417,-0.106961)
(-0.0152542,0.103037)
(0.0885805,-0.034834)
(0.501271,-0.044636)
(0.407428,-0.00792775)
(-0.0720254,0.0932624)
(-0.0237831,0.101508)
(-0.0605651,0.10885)
(-0.0480094,0.114011)
(-0.0274164,0.0343177)
(0.0257754,0.0340117)
(-0.112557,0.0262581)
(-0.00255287,-0.00505366)
(0.0139552,-0.0255827)
(-0.00367507,0.0529429)
(-0.0284168,0.107119)
(0.00868885,0.00998049)
(0.0263348,0.00136362)
(0.548513,-0.0414611)
(0.609249,-0.0180959)
(0.578067,-0.0953593)
(0.529436,-0.103718)
(-0.0306678,0.0143626)
(-0.0354475,0.0151423)
(-0.0136428,0.0261859)
(0.0102642,0.0187788)
(-0.0607391,-0.0437025)
(0.188331,-0.0182102)
(0.0879459,0.00462362)
(0.10652,-0.00107848)
(0.0887209,-0.00467728)
(0.0134142,0.01025)
(0.000884542,-0.0264491)
(0.134268,0.044714)
(0.0702198,0.0866734)
(0.380914,-0.0779347)
(0.446364,-0.08995)
(0.478514,-0.029283)
(0.676784,-0.0572404)
(-0.0764739,0.0442388)
(-0.0539588,-0.03325)
(0.0303007,0.0273493)
(0.0100094,0.0016461)
(-0.0194867,0.075498)
(-0.0749078,0.0537313)
(0.00145096,0.0388018)
(-0.0584088,-0.0348915)
(-0.00614486,-0.00631187)
(-0.00249544,0.0442238)
(-0.0610584,0.0172973)
(-0.0468158,0.0506397)
(-0.0333218,0.0384003)
(0.85238,0.00781829)
(0.847407,0.0244249)
(-0.103879,0.0723546)
(0.384447,-0.174874)
(0.00667759,-0.0331686)
(0.506314,-0.0281657)
(0.519091,-0.0457694)
(0.0415887,-0.0644225)
(0.0281962,-0.0833241)
(0.0720522,-0.0221444)
(0.0477223,-0.0499619)
(0.486797,-0.0298903)
(0.615658,-0.0510623)
(-0.0468562,0.0524102)
(-0.093564,0.0065949)
(-0.149419,-0.0725741)
(-0.00646066,0.0475742)
(1.16925,0.0814266)
(0.00568034,-0.0420811)
(-0.0014332,-0.0645383)
(0.861734,0.051525)
(-0.0700693,0.00107024)
(0.0194242,-0.0153461)
(-0.0605256,-0.0312932)
(-0.0508176,-0.0356564)
(0.519786,-0.124873)
(0.456724,-0.179704)
(0.735126,-0.0151513)
(0.784059,-0.000840119)
(0.0564581,0.0196416)
(-0.106362,0.0433693)
(-0.107841,0.0455607)
(0.198498,-0.13097)
(0.0111922,0.0183113)
(0.0419882,-0.0181771)
(-0.0304064,-0.0392673)
(0.0257963,0.0555112)
(0.0547024,0.108965)
(-0.0319771,-0.0688604)
(-0.0024071,0.0147266)
(0.0782797,-0.104703)
(0.0718879,-0.0380681)
(0.0878642,0.027602)
(-0.133454,-0.115967)
(0.0567066,0.0408885)
(-0.0104188,0.039193)
(0.046321,-0.00787175)
(0.0349841,-0.0356867)
(-0.0186564,0.0383778)
(-0.0406474,-0.0314109)
(0.0506105,-0.0289392)
(0.0746507,0.00832344)
(-0.00181867,-0.108578)
(0.0111783,-0.0523043)
(0.0853481,-0.0363868)
(0.00651066,-0.00617585)
(-0.0378439,0.0552846)
(-0.0219814,-0.0350176)
(0.782455,-0.140991)
(-0.0256142,-0.0585918)
(0.0183843,-0.102134)
(0.00489412,0.00644532)
(-0.00601323,0.0183254)
(0.0415255,-0.0345494)
(-0.0267571,-0.0138348)
(-0.000565367,-0.01657)
(-0.0226202,-0.0214193)
(0.00959541,0.0487032)
(0.030932,0.037092)
(0.473636,-0.0650809)
(0.0353859,0.0593104)
(-0.0178989,-0.0182918)
(0.0513273,0.0506252)
(0.0202796,-0.0731892)
(0.0372189,-0.0323899)
(0.0500905,-0.0116365)
(-0.00570589,-0.0670688)
(0.0139295,-0.0898774)
(0.110183,0.0605759)
(0.0103482,-0.0343318)
(-0.0580985,-0.0422038)
(0.0243443,0.0478222)
(0.017823,0.00794574)
(0.0924558,0.0385581)
(0.0617216,0.0070113)
(0.00429348,-0.0591033)
(0.0263196,0.0137005)
(-0.0724215,0.0819824)
(0.00241823,0.0168417)
(-0.0311636,0.0353572)
(0.0752435,-0.0685756)
(0.0038648,0.0174681)
(0.0491418,0.00242437)
(-0.0130691,0.00702675)
(0.0262071,0.0132485)
(-0.065085,0.0203257)
(0.0384669,-0.00509185)
(0.0247233,-0.0236344)
(0.0281292,-0.0305207)
(0.0443761,-0.0313455)
(0.0144562,0.0337362)
(0.386485,-0.163856)
(-0.0475219,0.053389)
(-0.0549545,0.0876952)
(-0.029301,-0.110559)
(0.037004,-0.0765089)
(-0.0756799,-0.0159512)
(-0.0355814,0.0480617)
(0.0109487,0.0110857)
(0.0121647,-0.00694456)
(0.0416171,-0.0364286)
(-0.026914,-0.0334583)
(0.03441,-0.0389184)
(0.428919,-0.185111)
(-0.0548852,0.0126338)
(0.0281171,-0.0455214)
(-0.0358885,-0.052101)
(-0.0577099,-0.056095)
(-0.00710861,-0.0690349)
(0.0482455,-0.0724148)
(0.0275748,-0.0547765)
(0.00716477,-0.0463729)
(0.01852,0.017188)
(-0.0585787,0.0576359)
(0.0114214,-0.0268746)
(-0.0399256,-0.0140817)
(-0.0695308,0.0466983)
(-0.00182924,-0.027885)
(0.0746511,-0.0540095)
(0.336657,-0.0753892)
(0.0262245,-0.0486658)
(0.0238007,0.084434)
(0.0399657,-0.0262721)
(0.0389007,0.00646152)
(0.0299565,-0.0291769)
(0.00516997,-0.0894219)
(0.0284927,0.0574317)
(0.0106716,0.0155932)
(0.00746996,0.0140931)
(0.0681309,0.054257)
(0.153694,0.104038)
(0.013674,0.0219361)
(0.0214194,-0.0201399)
(0.105217,0.0248573)
(0.4098,-0.177706)
(0.423164,-0.149652)
(0.064534,0.0228428)
(-0.082109,-0.0197027)
(0.430911,-0.139767)
(0.0149966,0.025531)
(0.0316245,-0.0954526)
(0.0179754,0.0081623)
(-0.0173326,0.0311291)
(-0.0828077,0.0109605)
(0.223833,-0.12349)
(0.0581661,-0.133374)
(0.00118111,-0.0580693)
(0.0326569,-0.0246346)
(-0.00708213,0.0322859)
(0.00587234,0.045951)
(0.465252,-0.135886)
(-0.0905215,-0.0378715)
(-0.0199512,-0.000622272)
(0.00100466,-0.00667533)
(0.022016,-0.0465733)
(-0.00104916,0.0166686)
(-0.0113905,0.0568244)
(0.019123,0.106307)
(0.439197,-0.136276)
(0.376648,-0.141122)
(-0.0381412,-0.0149329)
(-0.0255672,0.00337247)
(0.0188149,-0.0229479)
(0.0237768,5.57529e-05)
(-0.0484269,0.0318126)
(0.153464,-0.0513822)
(0.382112,-0.11077)
(-0.0418388,-0.0391576)
(0.0173609,-0.0614326)
(-0.0387627,-0.0551924)
(0.0279182,-0.0166303)
(0.041239,0.0107328)
(-0.00590715,0.0535273)
(0.0415006,-0.037125)
(-0.00250747,-0.0562824)
(0.0216356,0.0402339)
(-0.0387946,0.0925597)
(-0.0452175,0.0700089)
(0.0193528,0.0379029)
(0.0189918,0.0420561)
(-0.19222,-0.0136753)
(0.00238295,-0.0814478)
(0.0409685,-0.0102363)
(0.0105026,0.0244866)
(-0.00219212,0.0340305)
(-0.00297959,0.0272738)
(0.0190611,0.086168)
(0.926468,-0.062171)
(0.0262708,0.0573591)
(0.017189,-0.0170174)
(-0.0959807,0.061927)
(-0.113327,0.0141158)
(0.0501354,0.00190735)
(0.0636119,0.0551802)
(-0.0637937,0.0490999)
(-0.0436542,0.0100363)
(0.075511,0.130934)
(0.0504394,0.00987754)
(0.553827,-0.0733494)
(0.0283705,-0.0310044)
(-0.0337174,0.0217934)
(0.0134493,0.0992978)
(0.00504106,-0.0276203)
(0.0312638,-0.0163838)
(-0.0539879,0.00458262)
(0.0299338,-0.00665505)
(0.0233021,0.012931)
(0.0521801,0.0396788)
(0.020821,0.0714274)
(-0.00993233,-0.0108734)
(0.931214,-0.0201005)
(-0.0473653,-0.0384227)
(-0.0236935,0.0525237)
(0.0231143,0.0597733)
(-0.068769,-0.0464043)
(-0.0300934,0.110258)
(-0.00179383,-0.0727254)
(0.0499966,-0.114443)
(0.045161,-0.0476183)
(0.100887,0.00984032)
(-0.045707,-0.0241756)
(0.0437819,0.0722882)
(-0.111681,-0.0337328)
(-0.0426832,-0.0221476)
(0.046601,0.00268947)
(-0.0356431,0.0217831)
(0.0794728,-0.00179923)
(0.0109669,0.0183422)
(-0.0886356,0.0594683)
(-0.0632877,-0.0191911)
(-0.0440546,0.0127843)
(0.037219,0.0217815)
(-0.00039562,-0.00226482)
(0.224856,-0.161113)
(0.00150223,0.0120279)
(-0.0106198,0.0640517)
(-0.00253579,0.0219471)
(0.0146062,0.065911)
(-0.0211886,0.0779456)
(-0.0336335,0.0238559)
(0.0142401,0.0267761)
(-0.0442136,0.0310052)
(0.0323775,0.11779)
(0.0546063,-0.0336517)
(-0.0290104,0.0649241)
(-0.0841086,0.094609)
(0.0295065,0.0264245)
(0.0319333,0.00725285)
(-0.0484075,0.114623)
(0.0270017,-0.0342167)
(-0.0136625,0.00113628)
(0.0278357,0.0142204)
(0.363558,-0.128277)
(-0.102552,-0.00574899)
(0.727952,-0.100374)
(-0.0117318,-0.0406631)
(0.0219091,0.0498966)
(0.0566779,0.0173062)
(0.00804774,-0.0314448)
(0.0153942,0.0514418)
(0.0123466,-0.00360735)
(0.00741538,-0.0340501)
(0.0239262,-0.00391886)
(0.00207928,-0.0303451)
(0.0426625,-0.0660508)
(0.389813,-0.128116)
(-0.0218998,0.0620411)
(-0.0865416,0.0233876)
(-0.0661615,-0.0584644)
(-0.0525026,-0.064465)
(-0.116678,-0.0161285)
(0.351913,-0.120179)
(0.0273076,0.0399384)
(0.0177304,0.00224057)
(0.691985,-0.0231934)
(0.0269923,-0.0263413)
(0.0241054,0.0401773)
(0.0302314,0.0459262)
(-0.0607633,-0.159122)
(0.655461,-0.0156569)
(0.813759,-0.0387578)
(1.00118,0.00401921)
(0.779381,0.00519353)
(0.0234133,0.0673133)
(0.00143387,0.0627748)
(0.0485571,0.0717862)
(-0.197212,-0.0623199)
(-0.00167761,0.0234291)
(-0.0147137,0.109415)
(-0.0386455,0.0842435)
(-0.0106972,0.0179267)
(0.037776,-0.040126)
(0.0122538,0.0415275)
(0.0145065,0.0328651)
(0.0338918,-0.0283305)
(0.0426665,0.00846905)
(0.0537534,-0.00938928)
(0.113635,0.0376095)
(0.00721218,0.0173391)
(0.0628203,0.0303886)
(0.0188569,0.0194287)
(0.0178393,-0.00663948)
(0.00991766,0.0384933)
(-0.0316845,0.0166128)
(0.082777,0.0735072)
(-0.0344016,0.0345512)
(0.0685012,0.0404897)
(-0.0286797,-0.0287896)
(-0.0277266,0.0215776)
(0.00114861,0.0214419)
(-0.0618485,0.0185151)
(-0.0255759,0.0281949)
(-0.00927498,0.0597489)
(-0.0252313,-0.067811)
(-0.0609757,0.0711598)
(-0.0138524,-0.0877201)
(0.394412,-0.0987103)
(-0.0104526,-0.0781457)
(0.591709,-0.0189034)
(0.0079516,0.0608271)
(0.0314357,0.0150776)
(-0.000988698,0.00770785)
(-0.0275795,0.138095)
(0.0102953,0.0468694)
(-0.0502618,0.036464)
(0.0296233,0.0207138)
(0.0361154,0.0544044)
(0.0659565,-0.00872979)
(-0.0192326,0.00430795)
(0.0227931,-0.017387)
(0.0369214,0.0793022)
(0.0278456,-0.0074196)
(-0.0149562,0.00469412)
(-0.0448928,-0.0185336)
(-0.00652865,-0.0270882)
(0.040134,-0.0151688)
(0.0331135,-0.0686832)
(0.0552237,0.0351664)
(0.0522817,0.0625328)
(0.0455644,-0.0114682)
(0.0922433,-0.105751)
(0.0740827,-0.0248081)
(-0.166022,0.0219952)
(-0.131244,-0.0160482)
(0.0866111,-0.0499732)
(0.344099,-0.118051)
(0.0395361,0.0361423)
(-0.00926317,0.0806429)
(0.0280154,-0.0835588)
(-0.0501392,0.110513)
(0.00457935,-0.00657744)
(0.0195907,-0.0312558)
(0.155863,-0.122726)
(0.375497,-0.0652078)
(-0.067672,0.0187759)
(0.00732391,0.0470712)
(-0.0696751,0.05807)
(0.0837822,-0.112833)
(0.459744,-0.0925354)
(0.000135978,0.0245334)
(-0.0732929,-0.0228052)
(-0.0279032,0.00352926)
(-0.0821934,-0.00217942)
(0.0375668,0.0124186)
(-0.00594025,0.017729)
(0.0138089,-0.00806872)
(0.0574121,-0.0758023)
(0.0560067,-0.0203525)
(0.0449484,0.085475)
(0.491268,-0.0635113)
(-0.0118573,0.041953)
(0.0716488,-0.0456972)
(0.024047,0.0649952)
(-0.031454,-0.0779272)
(-0.0577505,-0.0103484)
(0.0108279,0.0577528)
(-0.0217614,0.0365749)
(0.383666,-0.0617697)
(0.0444365,0.0386648)
(0.0209988,0.0194964)
(0.0605056,0.0610416)
(0.0555763,0.00269776)
(0.000431406,0.0235409)
(-0.0459499,-0.0040649)
(0.00554281,0.0171736)
(0.199121,-0.128461)
(0.607532,-0.0941123)
(0.0132884,0.0630754)
(-0.0309002,0.0686284)
(-0.053575,-0.00355062)
(0.0128474,-0.0102184)
(-0.0130362,-0.0704074)
(0.000620516,-0.0707496)
(0.0643004,-0.0389998)
(0.0105608,0.0235357)
(-0.0578639,-0.0182906)
(0.0850312,-0.0700015)
(0.087899,-0.132522)
(-0.0374235,-0.0480175)
(-0.0458444,0.0360864)
(-0.0100572,0.0995249)
(0.051896,0.01493)
(-0.028784,0.0398612)
(-0.000571888,0.0380265)
(0.00442235,-0.0447477)
(0.0507983,-0.0453979)
(0.0667456,0.0894291)
(0.068231,0.0540095)
(-0.0203694,-0.0626113)
(-0.0359548,-0.106332)
(0.00726956,-0.0922176)
(0.00921746,0.00871147)
(0.0111931,0.00993243)
(0.0394502,0.0323826)
(0.144505,0.0771135)
(0.0683368,-0.0510307)
(0.0103773,0.0277393)
(0.0269469,0.0364837)
(-0.0762918,-0.00267497)
(-0.0325025,0.0814866)
(-0.0674793,0.0160137)
(-0.0628079,0.0509164)
(-0.0400983,0.00531364)
(0.552494,-0.118665)
(0.0332078,-0.0108617)
(-0.0476707,0.0643661)
(-0.054779,-0.00146615)
(0.0853658,0.0190601)
(0.0173421,0.0265511)
(0.0567929,-0.0505255)
(0.115526,0.00706505)
(0.0992124,-0.0818377)
(0.0674632,-0.0828894)
(0.0703373,-0.0361649)
(0.0413418,-0.0698555)
(-0.011319,0.0190059)
(0.0167243,0.0526413)
(0.0267787,-0.053951)
(0.199544,0.0818279)
(0.172454,0.0854482)
(0.0302344,-0.011477)
(-0.0466084,-0.00995795)
(-0.0869722,0.0274248)
(0.00790404,0.0315925)
(-0.00410756,-0.0388214)
(-0.0361445,0.0193071)
(-0.0462159,0.00881455)
(0.0667271,0.00243835)
(0.0630739,-0.00683985)
(0.0656797,-0.00754953)
(0.0359734,0.0356953)
(0.00538763,0.0225266)
(0.0642504,-0.0321403)
(-0.0311073,-0.0396591)
(-0.00573872,-0.0565934)
(-0.0298756,0.0340359)
(-0.0840761,-0.0368675)
(0.049791,-0.0589782)
(0.033805,-0.0896701)
(0.024611,-0.0286609)
(-0.0306901,-0.0317267)
(-0.0326775,0.139131)
(0.0618538,-0.00538508)
(0.0574506,0.00583069)
(0.0668346,0.144179)
(0.0485319,0.140462)
(-0.0196744,0.0657737)
(-0.0342221,-0.0800164)
(-0.0953318,-0.00749567)
(-0.00991902,0.0468665)
(0.0305853,0.00013739)
(-0.0492411,-0.0555814)
(0.0409398,-0.0686845)
(-0.0316248,0.043249)
(-0.0696214,-0.0565973)
(-0.00310487,-0.0996055)
(-0.0209786,-0.0464437)
(0.46563,-0.0474778)
(0.027119,-0.0654088)
(0.0529689,-0.0546081)
(0.055999,-0.0127193)
(0.0020045,-0.0229898)
(0.0425063,-0.0432461)
(0.00502061,0.0284969)
(0.0681454,-0.0118763)
(0.0441264,-0.0563982)
(-0.00269842,-0.0517764)
(-0.0086463,0.037275)
(0.0195707,0.0132831)
(0.0185644,-0.0328838)
(0.00581684,0.00713153)
(0.0241038,-0.0620929)
(-0.0426614,0.0517568)
(0.00330877,0.118443)
(0.0622723,0.0448109)
(-0.0259009,-0.0699921)
(-0.00943452,0.0221131)
(-0.0243735,-0.040688)
(-0.0298515,-0.109363)
(0.0157658,-0.101626)
(0.0102487,-0.0371662)
(0.0378928,0.0262262)
(0.519977,-0.0782021)
(0.529159,-0.0428266)
(0.0408366,-0.0629841)
(0.448699,-0.0414824)
(0.0339927,-0.0211784)
(0.422129,-0.0892931)
(0.376066,-0.0157195)
(0.0209928,-0.0423728)
(0.520873,-0.0941793)
(0.592618,-0.0920278)
(0.65755,-0.0714564)
(0.0437145,0.00712257)
(-0.0673983,0.0540923)
(-0.0804969,0.0329398)
(-0.0778427,0.0576061)
(0.0357635,0.0132093)
(-0.0223744,0.0138852)
(-0.0319157,0.0224254)
(-0.0331699,0.0248188)
(-0.0396813,0.00503293)
(0.0553923,0.00969516)
(0.014115,0.0561763)
(0.0531416,0.0205222)
(0.00390017,0.0852223)
(0.0587129,0.00473083)
(0.0425652,0.113041)
(0.0718362,-0.0518233)
(0.0219987,0.0323491)
(-0.0158516,0.101195)
(-0.00154747,-0.0313229)
(-0.0383892,-0.0599355)
(-0.0319588,0.0307714)
(-0.000540171,-0.0168807)
(-0.00237792,0.0193332)
(-0.00498038,-0.0583664)
(-0.0642284,-0.0630607)
(0.00681551,-0.0528168)
(0.143287,0.00949586)
(0.0371348,-0.0158184)
(-0.0347216,-0.0127463)
(-0.0479499,0.0115147)
(-0.0544707,-0.043929)
(-0.167481,0.103732)
(-0.117308,0.0827029)
(0.00745829,0.0366252)
(0.00259061,0.0977471)
(0.0282197,-0.080198)
(-0.0505251,0.0047775)
(0.480109,-0.231217)
(-0.0832896,-0.012553)
(-0.115265,0.129759)
(-0.0376105,-0.00360606)
(0.0929646,0.0386227)
(-0.0602576,0.0336316)
(-0.00732966,0.0830907)
(0.464331,-0.0919674)
(0.610952,-0.088592)
(0.397792,-0.0672285)
(-0.00344321,-0.0534644)
(0.356636,-0.0797138)
(-0.0355806,-0.0325184)
(0.0507529,0.00695917)
(0.00316414,0.037066)
(0.00986979,-0.0193488)
(0.31948,0.0251207)
(0.0190075,-0.0259705)
(-0.0273018,0.0643554)
(-0.0317275,0.0387521)
(0.242046,0.0277093)
(0.0382637,0.0729867)
(-0.193841,0.0437259)
(0.297005,-0.138899)
(0.0804687,0.113901)
(-0.0623109,0.0440895)
(0.031112,-0.0136134)
(0.021239,0.0429525)
(0.0481506,-0.015644)
(0.0323226,0.0319273)
(0.0859872,-0.124687)
(0.0346842,-0.0321562)
(0.120748,-0.0548947)
(0.195093,-0.1492)
(0.0506683,-0.0374645)
(-0.0960132,-0.0361168)
(-0.061187,-0.0348989)
(-0.0445654,0.0531502)
(-0.0374935,-0.0143553)
(-0.06047,-0.0678455)
(0.0135092,-0.0342339)
(0.0895675,-0.071464)
(-0.0351566,0.0191082)
(0.0365053,-0.119649)
(0.039376,0.00136404)
(0.0519303,-0.00717516)
(0.0394002,-0.0416846)
(0.0548676,-0.0494126)
(0.0626706,0.0208004)
(-0.038466,0.0412261)
(0.0658516,0.0326435)
(0.124415,-0.0252066)
(-0.00432903,-0.0164339)
(-0.0312704,-0.0098316)
(0.0433561,0.0116259)
(-0.0297296,-0.0619338)
(0.115503,0.0325924)
(0.0796689,-0.0837766)
(0.0527924,0.0346431)
(0.0209874,-0.0192172)
(-0.0160592,-0.0199863)
(-0.0243705,0.0448426)
(-0.0566458,0.106704)
(-0.0570862,-0.052773)
(-0.0530605,0.0856622)
(-0.0899858,0.00649465)
(0.0270485,-0.022317)
(-0.0101279,0.0246696)
(0.00758982,-0.0159919)
(0.0104524,-0.00187951)
(-0.024785,9.31163e-05)
(-0.00847409,0.0375326)
(0.00413643,0.00621635)
(-0.0484182,0.00225012)
(0.0869837,-0.180091)
(0.014453,-0.0569129)
(0.00120618,0.0069472)
(0.0405636,-0.0961387)
(0.000220135,-0.0144054)
(0.0444364,-0.0954029)
(-0.0219054,0.0118011)
(0.0538824,0.00837633)
(0.0199349,0.0782003)
(-0.0333706,-0.0983417)
(0.00572619,0.0397034)
(0.0232506,-0.0374631)
(0.0479504,-0.0300552)
(-0.00485431,-0.044962)
(-0.0969433,0.0740687)
(0.0928746,0.00535654)
(0.0364029,-0.0225859)
(-0.039277,-0.0167541)
(-0.00193004,0.0606276)
(-0.0143237,0.0670618)
(-0.0255963,0.0173447)
(-0.10418,0.070368)
(0.0349335,-0.0411173)
(-0.0163208,-0.0419425)
(0.749064,-0.0120843)
(-0.0173601,-0.0428625)
(0.00661541,-0.0302173)
(0.012915,-0.0547575)
(-0.0789418,0.063006)
(-0.0850079,0.00349854)
(-0.0740121,0.0387112)
(0.00831089,-0.0645612)
(0.0307339,-0.0114926)
(0.813355,-0.0427659)
(-0.0807975,0.0464145)
(0.0357147,-0.0263663)
(-0.0739693,-0.0229241)
(0.828923,-0.0254964)
(0.0638087,0.0862701)
(0.0328191,0.0877451)
(-0.00902421,-0.0046789)
(-0.0399853,0.105188)
(0.00804965,0.0842215)
(0.00747344,-0.00726961)
(0.0221067,-0.0585258)
(0.266283,-0.0829497)
(0.16244,-0.101826)
(0.0169515,0.00542184)
(-0.0426491,-0.0153558)
(0.00812388,-0.0525916)
(-0.000493516,-0.0385638)
(0.00299286,-0.0617417)
(0.312318,-0.105302)
(-0.0548055,-0.011982)
(0.0359982,-0.0158502)
(-0.0145227,-0.0094819)
(0.0440478,0.0147869)
(0.0431458,-0.0598839)
(0.0396181,-0.0308266)
(0.692594,-0.0226109)
(-0.00187553,0.0453928)
(0.565336,-0.0474492)
(-0.0368795,-0.0248391)
(-0.014893,-0.0225457)
(-0.0789767,0.155885)
(0.00175371,0.0556272)
(0.548662,-0.0982706)
(0.138878,-0.035523)
(0.310044,-0.119397)
(0.00902936,0.0341921)
(0.00786807,0.0237442)
(-0.0591948,0.0918468)
(0.220516,-0.171863)
(0.243723,-0.08145)
(0.00689974,0.016831)
(0.0703387,0.0753179)
(0.245649,-0.127248)
(-0.0116573,0.00691122)
(-0.017162,-0.0195308)
(0.194908,-0.0865159)
(-0.0136751,-0.0229418)
(0.0232552,0.0602277)
(0.384995,-0.0605326)
(0.0165112,-0.0339576)
(0.167822,-0.137428)
(0.217194,-0.114508)
(0.0607145,-6.59446e-05)
(0.250389,-0.168462)
(-0.00734155,-0.0626384)
(0.0269551,-0.0442817)
(0.0336618,-0.0155302)
(0.0428801,-0.0366581)
(0.0302462,-0.0166374)
(-0.0226009,-0.0288662)
(-0.000428473,-0.0280219)
(-0.00458366,0.00527739)
(0.0406381,0.0487021)
(-0.019179,0.0020056)
(-0.00168491,0.0087885)
(0.0390823,0.0227725)
(-0.0384601,0.0796147)
(-0.0215753,0.0190603)
(-0.0397638,-0.0686086)
(-0.026568,0.0335248)
(0.00613519,0.0599641)
(0.496748,-0.00708927)
(0.0818866,0.0447748)
(0.0751524,0.0200879)
(0.0368408,-0.0828442)
(-0.000544861,0.0160279)
(-0.0127735,0.111756)
(0.90108,0.0247831)
(-0.021765,0.0253356)
(0.852356,0.00453015)
(-0.0502763,0.0236417)
(-0.0405221,-0.013924)
(0.161913,-0.10173)
(-0.0675691,-0.0373911)
(-0.0226889,-0.0134423)
(0.580654,-0.0496738)
(-0.0534259,-0.0561618)
(-0.0544505,-0.0866479)
(-0.109862,-0.0572605)
(-0.0158652,-0.130795)
(-0.0550642,-0.0969041)
(0.00796329,-0.00592083)
(-0.0418539,-0.0544096)
(0.0719058,-0.0235866)
(0.0644981,-0.05273)
(0.305751,-0.0289652)
(0.0224678,0.0374014)
(0.37638,-0.0221297)
(-0.0590474,-0.0112734)
(0.0310398,-0.0108118)
(0.643787,-0.0524546)
(-0.0547345,-0.0190262)
(0.0329089,0.0467761)
(0.00933681,0.0136796)
(0.363545,-0.0996637)
(-0.0851559,0.163424)
(-0.133461,0.122057)
(-0.00661159,0.216575)
(-0.00268225,-0.0235281)
(-0.0026734,-0.0103203)
(-0.0389467,-0.0583876)
(-0.142814,0.0103283)
(0.0964588,-0.00715066)
(-0.0231223,-0.0206514)
(0.0530009,-0.0125183)
(-0.125631,-0.0595127)
(0.0254997,-0.0232206)
(-0.016525,-0.000500856)
(-0.0201126,-0.0220044)
(0.0407495,-0.0167937)
(0.0213461,-0.0109735)
(0.0476319,-0.0120829)
(0.106896,0.0111333)
(0.00759845,-0.0290254)
(0.0217328,-0.0300071)
(0.0789844,-0.0245124)
(0.0338279,-0.0348506)
(0.0923924,-0.00255827)
(0.0645502,-0.102699)
(-0.0407262,0.0514898)
(0.00361332,-0.0559971)
(0.0634855,-0.0310309)
(0.110848,-0.0678615)
(-0.125624,-0.0913652)
(-0.211307,-0.0247618)
(0.0683526,0.00255849)
(0.0487453,-0.0600833)
(0.522548,-0.0482551)
(-0.0723379,-0.00462516)
(-0.0270465,-0.107856)
(0.0179878,0.0908315)
(0.38248,-0.0713378)
(0.0185995,-0.0161847)
(-0.0523274,-0.0106038)
(-0.0738629,0.0596519)
(-0.160387,-0.0881672)
(-0.0412606,0.0129621)
(-0.0738755,0.0568888)
(0.00229454,0.0430028)
(0.480255,-0.0340764)
(-0.00147056,-0.00182035)
(0.0458158,-0.0220333)
(0.843665,-0.0735697)
(-0.00645674,0.0265618)
(-0.00045386,0.032711)
(0.117702,0.0213414)
(0.51518,-0.0794186)
(0.0453462,0.044096)
(0.10956,-0.0260059)
(0.112031,0.00943838)
(-0.000974601,0.0485679)
(-0.102042,0.144142)
(0.0531072,-0.0301535)
(-0.0171058,0.0286343)
(0.0222691,0.0386059)
(-0.0964318,0.0735609)
(-0.135581,0.0983648)
(-0.0486204,0.0674898)
(0.526875,-0.0253862)
(-0.0127977,0.108477)
(-0.0419732,-0.0682548)
(-0.0325825,-0.06769)
(-0.0454543,-0.00294502)
(0.0104989,-0.0158722)
(0.0926802,0.129952)
(-0.0531377,0.0132068)
(-0.0671515,-0.0300904)
(0.0133526,-0.0403952)
(0.0186428,0.135572)
(0.0546525,0.00349568)
(0.45261,-0.0986323)
(-0.0379395,0.0125603)
(-0.0207465,0.00210468)
(0.13064,0.198989)
(0.0509737,0.0043587)
(0.0293234,0.213007)
(0.0475187,-0.0619845)
(0.137362,-0.108687)
(0.202699,-0.0973763)
(0.14175,-0.0837126)
(-0.0647262,0.0402537)
(-0.03005,0.0739007)
(0.717991,-0.100035)
(0.431283,-0.00371019)
(0.0215222,-0.00311706)
(0.525363,-0.0349176)
(0.639285,-0.0260741)
(0.197588,-0.159046)
(-0.0107558,0.0596905)
(-0.0366986,0.105704)
(0.0874658,0.149292)
(0.180674,0.0733514)
(0.11706,0.113975)
(0.0017446,0.0700243)
(0.0598729,-0.140809)
(0.0248457,0.0587391)
(-0.000499383,0.0153471)
(-0.0254605,0.0254595)
(0.0181128,0.0345927)
(0.810764,-0.0575193)
(0.0317522,-0.0562854)
(0.0249423,-0.016739)
(0.0261179,-0.0512921)
(0.676963,-0.08412)
(0.00466106,0.0756089)
(-0.01238,-0.0152767)
(0.792989,-0.0762416)
(0.643384,-0.00769318)
(-0.035649,0.0497764)
(0.300082,-0.135568)
(0.0362981,-0.00730758)
(0.0373563,-0.00318054)
(0.365387,-0.187163)
(0.219487,-0.115406)
(0.427381,-0.047974)
(0.360585,-0.158324)
(-0.0270101,-0.0276258)
(0.523104,-0.242825)
(0.0250792,-0.0377911)
(-0.0319306,-0.0777916)
(0.0710129,-0.0204669)
(0.232492,-0.110718)
(0.0315299,-0.00326968)
(0.182508,-0.0864113)
(-0.0788398,-0.0582961)
(-0.0319062,0.00449541)
(-0.0531147,-0.035455)
(0.0962227,-0.020375)
(-0.0237473,0.0272944)
(-0.0384493,-0.0812269)
(-0.017114,0.033903)
(0.221147,-0.162689)
(-0.0625549,0.0330663)
(-0.219571,0.0600708)
(-0.0688753,0.091335)
(-0.066016,0.0648649)
(-0.13085,-0.0473493)
(0.341525,-0.13651)
(-0.025209,0.0442878)
(-0.029119,-0.0163119)
(-0.0788007,0.0142432)
(-0.0964562,-0.0776613)
(-0.0494696,-0.0185794)
(0.0410754,0.0261941)
(0.0155024,0.00753082)
(-0.14737,-0.0293904)
(0.383715,-0.192914)
(-0.0132481,-0.0290874)
(0.34704,-0.168103)
(0.146867,-0.128873)
(0.121196,-0.0898059)
(0.00680496,0.0424383)
(0.0582296,0.0271124)
(-0.0432439,-0.00635964)
(0.056114,-0.00525796)
(-0.0124755,-0.0342155)
(0.0827623,-0.0132794)
(-0.0115889,0.0354222)
(0.0195533,-0.0357715)
(0.0308601,-0.033189)
(0.0130325,-0.0387252)
(0.31217,-0.118118)
(0.325782,-0.147394)
(-0.0514174,0.00174063)
(0.0462339,-0.0241293)
(-0.00571378,-0.0413809)
(0.070488,-0.0441034)
(0.559406,-0.0405887)
(-0.0068931,0.0669049)
(0.0694516,-0.0453505)
(0.0717597,-0.0102443)
(0.0551244,-0.02407)
(0.289487,-0.128987)
(0.0110188,0.0623548)
(-0.0751891,0.0691452)
(-0.11582,0.0277125)
(-0.0162041,0.0729883)
(0.348236,-0.11314)
(0.037903,0.00940912)
(0.0742637,-0.057855)
(-0.0278462,0.0122043)
(-0.00965207,0.0125708)
(-0.0628237,0.0159731)
(0.423119,-0.160404)
(0.394719,-0.224026)
(0.795623,-0.0676091)
(0.101234,-0.0738537)
(-0.0374602,0.0274295)
(0.417633,-0.181415)
(0.102265,-0.0167047)
(0.193281,-0.0420604)
(0.381831,-0.0946118)
(0.0206896,-0.0174378)
(0.0491338,0.0330592)
(0.056304,0.0513526)
(0.0305663,0.0158927)
(0.0557096,0.075177)
(0.15988,-0.127061)
(0.204952,-0.191336)
(0.227719,-0.13685)
(0.235392,-0.0753985)
(0.941189,-0.0734922)
(-0.0100802,-0.0253193)
(-0.0487938,-0.00841237)
(0.00727458,-0.00754788)
(0.248839,0.0959174)
(0.506543,-0.0342129)
(0.496959,-0.0757964)
(-0.0446509,0.0395396)
(-0.152664,0.0654224)
(-0.0654419,0.0295728)
(0.738781,-0.118325)
(-0.00673728,0.145853)
(0.0648726,-0.0808453)
(-0.0993785,0.0952472)
(1.01971,-0.0120442)
(0.0666792,-0.0295595)
(-0.028625,0.155222)
(0.771557,-0.120216)
(0.628206,-0.079587)
(-0.0023146,-0.0306994)
(-0.00646083,-0.038646)
(-0.0575427,-0.00267493)
(-0.00390579,-0.105689)
(-0.0538899,0.0779627)
(0.0396835,-0.0361337)
(-0.0143146,0.0898265)
(0.365509,-0.140522)
(0.507315,-0.166242)
(0.510332,-0.153439)
(0.495482,-0.0938168)
(0.535632,-0.0164568)
(0.077501,-0.105941)
(0.190224,-0.144768)
(0.12352,-0.099713)
(0.0652833,-0.0864787)
(0.0154067,-0.0962261)
(0.0468147,-0.0534701)
(0.225653,-0.0837395)
(0.566434,-0.0711091)
(0.619209,-0.0691677)
(0.541009,-0.0491281)
(0.649608,-0.0317979)
(0.00319603,-0.0394535)
(0.411803,-0.143536)
(0.0144501,0.155746)
(-0.00550472,-0.00703896)
(-0.0470977,-0.000607039)
(0.0235622,0.0184512)
(-0.00869337,0.00604022)
(-0.0397483,0.00417373)
(0.000659354,0.0206121)
(0.00870784,0.0110427)
(0.10179,0.018773)
(0.410783,-0.0626329)
(0.0180489,-0.029737)
(0.384489,-0.180528)
(0.317495,-0.0986517)
(0.360313,-0.140785)
(-0.0189252,-0.00282467)
(0.0492524,0.0123901)
(0.014314,0.00144508)
(0.695564,-0.0199811)
(0.0411547,-0.0614216)
(0.0161424,-0.133151)
(0.23618,-0.0878409)
(0.23431,-0.20585)
(0.389027,-0.144879)
(0.807731,-0.00914515)
(1.01185,-0.0876494)
(0.464773,-0.10667)
(0.0114516,-0.0610423)
(-0.184862,-0.00775904)
(-0.109766,-0.100654)
(0.0465575,-0.0772447)
(0.0461856,0.0583174)
(-0.183748,-0.0384937)
(0.0243996,0.0129429)
(0.230514,-0.0803617)
(0.269546,0.0465986)
(-0.0491158,-0.00563082)
(0.170237,0.0203189)
(-0.0519358,-0.0165871)
(0.342548,-0.104742)
(0.641895,-0.16621)
(-0.0274116,0.0592003)
(0.0449863,0.0675211)
(0.0423981,0.0135762)
(0.0577153,-0.053486)
(0.569089,-0.0345516)
(0.0396778,-0.0573997)
(0.282397,0.0163198)
(-0.0587623,0.104482)
(0.398441,0.0156594)
(-0.0105263,0.0493083)
(0.385996,-0.0761833)
(-0.00770516,0.0329787)
(0.035583,-0.0486459)
(0.0367137,-0.027468)
(-0.0401129,-0.0639515)
(0.594361,-0.100987)
(-0.0483686,-0.0395888)
(0.489761,-0.15633)
(0.589599,-0.0814763)
(-0.0572951,0.0453927)
(0.692882,-0.0904842)
(0.498416,-0.0517483)
(0.529976,-0.0935017)
(-0.00826011,-0.0525162)
(0.373448,-0.126854)
(-0.0465112,0.0357731)
(0.00137837,-0.00747131)
(-0.00488843,-0.0430728)
(0.00722925,-0.0544435)
(-0.041348,0.0515492)
(0.0217105,-0.0213601)
(0.000514775,0.0240923)
(0.62082,-0.0272266)
(-0.0602151,-0.0288232)
(0.18547,0.0752703)
(0.326908,-0.113786)
(0.366419,-0.137235)
(-0.0586886,-0.036944)
(0.124604,-0.120544)
(-0.0772114,-0.0495722)
(0.450573,-0.0619153)
(-0.047067,0.0408708)
(0.561628,-0.0421392)
(0.257535,-0.0921299)
(-0.0722461,0.0374133)
(-0.00134186,0.0150563)
(0.502835,-0.109849)
(-0.069602,0.0297082)
(-0.0151968,-0.0792747)
(0.0124801,0.159382)
(0.475109,-0.0367769)
(0.631679,0.0189448)
(0.194039,-0.0973416)
(0.637244,-0.0182693)
(0.748732,0.00931539)
(-0.047388,-0.0271606)
(0.457955,-0.0725096)
(0.391917,0.0312656)
(-0.10605,-0.0426032)
(0.434042,-0.0937635)
(0.0867713,0.105299)
(0.454199,-0.0918561)
(0.180023,0.112544)
(0.0530509,0.00971981)
(0.0117672,0.00730595)
(0.0200808,-0.0276837)
(0.0461618,0.0777021)
(0.0727723,0.0665773)
(-0.0927051,-0.0458664)
(-0.105436,0.0139883)
(0.194282,-0.000569618)
(0.0302581,-0.0534563)
(0.062098,-0.00241392)
(-0.0447361,0.043113)
(-9.79226e-05,-0.0703842)
(-0.0364937,-0.0759631)
(0.0147627,-0.0539264)
(0.00402352,-0.0275279)
(0.248437,0.0313252)
(0.00103888,-0.0287554)
(-0.0131971,0.00266024)
(1.05792,0.0583902)
(0.897725,0.023686)
(-0.0416857,-0.0364722)
(0.0123224,-0.0144848)
(0.0254586,-0.034642)
(-0.0188776,0.0101095)
(-0.0500967,-0.013271)
(0.274737,-0.0791948)
(0.388812,-0.162736)
(0.51828,-0.1742)
(0.812187,0.0188171)
(-0.0289971,0.00343475)
(0.0768374,-0.00543666)
(0.743299,-0.0115395)
(-0.00773834,-0.0414795)
(-0.00411184,0.0525724)
(-0.0723254,-0.000427586)
(0.716936,-0.161588)
(0.079615,-0.0235976)
(0.248036,-0.125328)
(0.0410052,0.0404241)
(0.129303,-0.0228714)
(0.151232,-0.104953)
(0.274751,-0.120228)
(0.282426,-0.0662901)
(0.085717,-0.0539941)
(0.0132956,0.0872071)
(0.635672,-0.163334)
(0.0196924,0.0426173)
(-0.0275831,0.0634363)
(-0.124069,0.0478923)
(0.614888,-0.122457)
(-0.0581137,0.0831255)
(0.544119,-0.161212)
(0.0379491,0.00651673)
(0.036282,0.0775288)
(0.0579448,0.0040377)
(0.107629,0.0117987)
(0.0495202,0.00961724)
(-0.0358831,-0.0432096)
(-0.0020358,-0.030579)
(0.0157734,-0.0615494)
(0.0385377,0.00356026)
(0.72226,-0.00880217)
(-0.0107564,0.0302825)
(0.0240202,-0.0222038)
(0.648454,-0.0395112)
(0.0273209,-0.0478082)
(-0.0265361,0.110716)
(-0.124315,0.0983646)
(-0.0987255,0.128918)
(0.0200081,0.00899484)
(0.160011,-0.0983883)
(0.0918637,-0.0123742)
(-0.0648462,0.0326951)
(-0.129656,-0.0045715)
(-0.0248681,0.00134526)
(-0.0446966,0.0322475)
(0.533432,-0.0865655)
(0.00187381,0.137633)
(0.738651,-0.0839938)
(0.861381,-0.010845)
(0.601481,-0.0971464)
(-0.037386,0.16833)
(0.325609,-0.0782443)
(0.610901,-0.0928144)
(0.523193,-0.0877443)
(-0.00350943,0.174432)
(-0.0595021,-0.116018)
(-0.0195053,0.0762037)
(0.0080745,-0.139352)
(0.732252,-0.0546344)
(0.773991,-0.0403195)
(-0.0620872,0.019326)
(-0.0552774,-0.0456001)
(0.0325008,-0.0521741)
(0.175678,-0.0305744)
(0.275671,-0.109889)
(0.113429,0.0159926)
(0.0652176,0.0334112)
(0.0611403,0.0525123)
(0.111711,-0.00685622)
(0.293006,-0.104043)
(0.0675495,-0.0294753)
(0.369705,-0.061145)
(-0.00148486,-0.0124767)
(0.0168887,0.108746)
(0.0636675,0.129784)
(0.682124,-0.122875)
(0.0282768,0.00379174)
(0.344331,-0.0315291)
(0.530006,-0.0806234)
(-0.0358696,0.00463969)
(0.0184804,-0.0818357)
(-0.0431753,-0.00731831)
(0.138274,0.0233261)
(-0.0453622,0.0144712)
(-0.0395655,0.00871566)
(0.344624,-0.15387)
(0.248386,-0.140886)
(0.134998,-0.0109745)
(0.0262938,-0.0320545)
(-0.00805239,-0.0512742)
(-0.0416872,0.119934)
(0.00349027,-0.0472453)
(0.026443,-0.0394026)
(0.382311,-0.125131)
(0.757281,-0.0317054)
(0.742866,-0.0459649)
(0.0361375,-0.0786882)
(0.490469,-0.0552682)
(-0.0198995,0.0190523)
(0.0508578,-0.0137408)
(0.071234,-0.0173815)
(0.0139729,-0.0108888)
(-0.0180664,0.0107718)
(0.119757,-0.0652286)
(0.306686,-0.119135)
(0.513943,-0.17048)
(0.601406,-0.0594041)
(-0.00245721,-0.00306024)
(0.643176,-0.0473363)
(-0.0325139,0.0243608)
(0.41572,-0.0910276)
(0.471782,-0.104596)
(-0.0188507,0.0222485)
(0.679075,-0.0304892)
(0.476445,-0.0925686)
(0.667663,-0.0507728)
(0.530754,-0.0231836)
(0.539734,-0.0223158)
(0.293188,-0.00168319)
(0.4251,0.0149751)
(0.331617,-0.0685388)
(0.477827,-0.0461864)
(0.0566553,-0.00125183)
(0.538559,-0.022275)
(0.489641,-0.119787)
(0.0339558,-0.0100556)
(-0.0326239,-0.0168387)
(-0.0164238,0.0147411)
(-0.0353646,0.076629)
(0.449916,-0.119503)
(0.0401565,0.0874279)
(0.529954,-0.0590833)
(0.0223251,0.071511)
(0.297584,-0.11015)
(-0.0619361,0.0539532)
(-0.0622651,0.0444611)
(0.474056,-0.133911)
(0.0517556,-0.0108279)
(0.0698548,-0.0594361)
(0.63867,-0.059545)
(-0.0101812,0.00228996)
(0.0183514,-0.089264)
(0.0527567,0.0347275)
(-0.0188931,0.0140983)
(0.020243,0.0493392)
(-0.137349,0.0425601)
(0.729434,-0.0420894)
(0.765855,-0.0609943)
(0.681822,-0.0137705)
(0.0302721,-0.0574093)
(0.0258844,0.130992)
(0.308065,-0.109586)
(0.0293897,0.139662)
(-0.0173867,-0.108982)
(-0.0393637,0.00494218)
(-0.0895974,0.0120065)
(0.896855,0.0257894)
(0.474148,-0.115738)
(0.583069,-0.077051)
(0.477142,-0.0797399)
(0.868243,0.0212896)
(-0.024038,0.0612015)
(0.4671,-0.124507)
(0.274921,-0.120908)
(-0.0301126,0.0234796)
(0.61789,-0.0127688)
(0.811139,-0.0274881)
(0.00853954,-0.0220531)
(0.0548572,0.114628)
(0.564455,-0.0177218)
(-0.0156278,-0.0327778)
(0.0514881,0.0402254)
(0.482836,-0.0167785)
(-0.0403135,0.0547039)
(-0.0412885,0.0309776)
(0.00132633,0.0416585)
(0.0465961,-0.0243447)
(0.582689,-0.00662537)
(0.0554617,0.047573)
(0.00641534,0.0943363)
(0.069973,0.0188015)
(0.398527,-0.0271485)
(0.0327777,0.0997348)
(0.0639089,0.0106336)
(0.0523592,0.0618804)
(0.128535,-0.0725685)
(-0.012461,-0.00674778)
(0.0968587,-0.0427155)
(0.0346258,0.0185098)
(0.0551103,-0.0539481)
(-0.00547533,-0.0559829)
(0.03658,-0.02974)
(0.0453629,0.0232579)
(0.303194,-0.100212)
(-0.00242741,0.0473818)
(0.354058,-0.0903559)
(-0.0010122,-0.00100711)
(-0.00658414,0.0174913)
(0.208903,-0.10905)
(0.601011,-0.0598201)
(0.341933,-0.109237)
(0.0375676,-0.0105893)
(0.0246232,-0.0370127)
(0.00582952,0.0207031)
(0.0191669,-0.000581805)
(0.0069565,-0.0432572)
(-0.0146538,0.00808121)
(-0.0371796,0.109794)
(-0.00348293,-0.0200428)
(0.0419104,0.0984566)
(0.0136803,-0.0486533)
(-0.0315438,-0.0520652)
(0.506636,0.0264275)
(0.0291153,0.027603)
(0.0511181,-0.0410761)
(0.0506897,-0.0110481)
(0.0465943,-0.0206449)
(0.248354,-0.109993)
(0.147536,-0.0999845)
(0.0412533,0.0059895)
(0.18837,-0.144073)
(0.598936,-0.113552)
(-0.0186014,0.044272)
(0.450435,-0.0575073)
(-0.0151513,-0.0176829)
(0.0650691,-0.0225086)
(0.0071761,-0.00386116)
(0.00521999,-0.0171559)
(0.0442379,0.00657447)
(-0.0486361,0.0390025)
(-0.109841,0.00496194)
(-0.0487391,-0.00113155)
(-0.0172422,0.0410139)
(0.101436,-0.00659851)
(0.417897,-0.000346069)
(0.439013,-0.00556218)
(0.129623,-0.00846841)
(0.266571,-0.102036)
(0.262386,-0.124493)
(0.50053,-0.102687)
(-0.00405857,-0.0344895)
(0.118876,-0.0836724)
(0.463014,-0.0766346)
(0.138854,-0.0772686)
(0.0240167,-0.0645618)
(-0.0112365,-0.0496145)
(-0.0257764,-0.0723936)
(0.0030274,-0.0107774)
(-0.019804,-0.0418659)
(0.399445,-0.161027)
(0.367718,-0.230084)
(0.033815,-0.0755459)
(0.0565861,-0.0703515)
(0.141751,-0.140855)
(0.0631136,-0.0949058)
(0.122885,-0.127788)
(0.0243895,-0.08865)
