1620
(-0.0950467,0.00725526)
(0.000671693,0.0616561)
(0.0738658,0.0283316)
(-0.0987383,-0.0491179)
(-0.0159298,-0.0302167)
(0.0150566,0.0162644)
(0.0832012,0.0743235)
(0.0553692,0.0787006)
(0.0641392,-0.0545737)
(-0.00947145,-0.00621665)
(-0.0260212,0.102722)
(0.00401893,0.0699342)
(-0.00863372,-0.0282332)
(-0.0400824,0.0427637)
(0.00883333,0.0489729)
(-0.0219454,0.0119118)
(-0.0741998,-0.0529285)
(-0.00423512,0.0286583)
(-0.00244828,-0.00701329)
(-0.00684393,0.0160506)
(-0.0461399,0.0240021)
(0.0108714,-0.00132387)
(-0.0217326,-0.0134937)
(-0.10419,-0.00366138)
(0.0642378,0.00525657)
(0.0144655,-0.0139926)
(0.00435051,0.0513025)
(0.0276875,0.0393989)
(-0.0825782,0.0292641)
(0.00833559,0.0423496)
(0.0403006,-0.0126286)
(0.0253184,-0.0340007)
(0.0746594,0.0473324)
(-0.0482939,0.053756)
(0.0140461,0.0175907)
(-0.0190738,0.0127054)
(0.00332985,-0.0255471)
(-0.00489324,0.0581268)
(-0.00766653,0.0262014)
(-0.0182836,-0.0318006)
(0.0571569,-0.0144522)
(0.044949,-0.0348197)
(0.068613,0.0248914)
(0.106825,-0.0253823)
(0.0329899,0.0850592)
(0.145283,-0.0861585)
(0.0998468,-0.083106)
(-0.024973,-0.0348444)
(0.0335652,0.0129258)
(-0.0380872,-0.0419783)
(0.0474915,-0.00794938)
(0.0202736,-0.0291215)
(3.86212e-05,0.00860582)
(-0.00304914,-0.0116408)
(-0.00166197,-0.0162924)
(-0.0157822,-0.00219207)
(-0.0197922,-0.0164261)
(0.0201916,-0.00113406)
(-0.0527266,0.0440657)
(0.0752156,-0.0449917)
(-0.0642165,0.0320139)
(0.256025,-0.0401516)
(-0.00785565,0.0186895)
(0.373919,-0.128462)
(-0.0147933,0.0121223)
(-0.0282347,0.04103)
(-0.022777,-0.0144266)
(-0.0556218,0.0396488)
(0.0384227,0.0138646)
(-0.0161058,-0.0546982)
(-0.0044284,0.0310986)
(0.00603692,-0.0033089)
(-0.0386807,0.0181212)
(-0.0479724,0.0433897)
(0.0455247,0.0394254)
(-0.0383786,-0.0108842)
(0.0168675,-0.0450865)
(0.0786781,-0.072483)
(-0.0129852,-0.0351809)
(0.147031,-0.111119)
(0.0437244,-0.0883619)
(0.0142959,-0.00660536)
(0.00117691,-0.0419129)
(-0.0128372,0.0343505)
(-0.0774954,-0.00832077)
(0.0262262,-0.0456305)
(-0.0563193,0.0347271)
(0.000669942,-0.00496057)
(0.0417069,-0.038034)
(0.0176257,-0.0308047)
(-0.0757962,0.0239271)
(0.00396974,-0.0237286)
(0.432371,-0.0697531)
(0.0404304,0.102932)
(0.0470297,0.0723698)
(0.535145,-0.0317001)
(-0.0454295,-0.00952995)
(0.43222,-0.127319)
(-0.0597096,-0.0514001)
(-0.0825376,-0.0316356)
(0.0737765,-0.013884)
(-0.0556672,-0.035746)
(0.074925,-0.0497176)
(0.041984,-0.081313)
(-0.014577,-0.060024)
(0.49959,-0.0607628)
(-0.0120901,0.0436666)
(-0.0556072,-0.0115224)
(0.0106191,0.0375671)
(0.0100131,0.0204882)
(-0.00509863,0.0499764)
(0.501804,-0.146791)
(0.371858,-0.010585)
(-0.0306415,0.0230189)
(0.432663,-0.0372539)
(0.0438038,0.142329)
(0.104287,0.127049)
(0.427011,-0.0385178)
(-0.013786,-0.0042544)
(0.316892,-0.216032)
(0.394323,-0.0385181)
(0.011314,0.0386091)
(0.470871,-0.0158054)
(0.285528,-0.152567)
(0.385707,-0.039739)
(0.0103075,0.00334089)
(0.0848508,-0.0713931)
(0.0421146,-0.017653)
(0.381909,-0.0797256)
(0.0366948,-0.00844531)
(0.047886,0.0207423)
(0.0268521,-0.0192285)
(-0.0106039,0.0330195)
(-0.00222562,-0.0334549)
(0.00470104,-0.0588834)
(0.0447438,-0.0550889)
(-0.00948056,0.0344194)
(0.0212283,0.0683488)
(0.3916,-0.175551)
(0.0129373,0.0100928)
(0.0196469,0.0390414)
(0.0108741,0.0686357)
(0.022772,0.0625022)
(-0.0175607,-0.0604145)
(0.0812372,0.0127461)
(0.047936,-0.00505631)
(-0.0275781,-0.00908076)
(0.326174,-0.155926)
(0.328748,-0.10515)
(-0.0491053,0.0267057)
(0.398809,-0.20123)
(0.182125,-0.160866)
(0.755264,-0.182113)
(0.524929,-0.0438832)
(0.661065,-0.0631341)
(-0.0192529,0.0390614)
(0.090733,0.0469113)
(0.488331,-0.0492679)
(0.400812,-0.0788079)
(-0.0292634,0.0466535)
(-0.0311031,0.0552807)
(0.00598655,0.0496983)
(0.0334544,0.0854227)
(-0.0210104,0.000791082)
(-0.0275318,3.85503e-05)
(-0.0359684,0.00659802)
(0.0122898,-0.00338356)
(0.0026885,0.00353959)
(0.0395778,0.0229388)
(0.0124059,0.0648926)
(0.0300772,0.00795493)
(0.0311617,0.0190482)
(0.446724,-0.165021)
(0.455076,-0.194461)
(0.579233,-0.125786)
(0.620942,-0.124836)
(0.0128562,0.00636445)
(0.0498896,0.0237988)
(-0.028543,-0.0242575)
(-0.0371309,-0.0152457)
(-0.00430928,0.00249475)
(0.0956328,0.0767041)
(0.0516349,0.0743661)
(0.0604427,0.0340635)
(0.0483231,0.0253212)
(0.0068494,-0.0761384)
(0.00218494,-0.110504)
(0.13809,-0.0193211)
(0.0304975,0.0352475)
(0.50763,-0.149915)
(0.497881,-0.161458)
(0.455747,-0.0982653)
(0.597139,-0.188119)
(-0.0471236,0.00143737)
(-0.0243094,0.0103486)
(0.0759856,0.105841)
(0.0780338,0.0583663)
(-0.0306383,0.0275442)
(-0.0421213,-0.00102527)
(0.0132107,0.00328436)
(-0.0419255,-0.0759349)
(-0.0224522,-0.0496148)
(0.0308157,-0.0127409)
(-0.054512,0.00157575)
(-0.0326553,-0.00675796)
(-0.0358118,0.0268534)
(0.294327,-0.156906)
(0.323007,-0.221298)
(-0.0663777,0.052777)
(0.376005,-0.121903)
(-0.0144242,-0.00635309)
(0.44257,-0.161653)
(0.418887,-0.134183)
(-0.00614719,-0.0400568)
(0.00441985,-0.0655272)
(0.0323567,0.115497)
(0.0479275,0.0765357)
(0.442876,-0.16612)
(0.495334,-0.203567)
(-0.0307657,0.0112866)
(-0.00925463,-0.00723927)
(-0.0444741,0.012312)
(0.0108355,0.048802)
(0.0113423,-0.395672)
(-0.0234659,-0.03527)
(-0.0119878,-0.0466596)
(-0.0282562,-0.217609)
(-0.0178171,0.0257763)
(-0.0149802,-0.00835095)
(-0.0545138,0.00808346)
(0.0031129,0.0149454)
(0.386814,-0.131172)
(0.425476,-0.148046)
(0.517125,-0.154973)
(0.528228,-0.207181)
(-0.0195387,-0.0393496)
(-0.014477,0.0207679)
(-0.0199595,-0.00762026)
(0.200031,-0.0378401)
(-0.00065908,0.0249475)
(0.0769339,0.0191017)
(-0.00270807,-0.0248064)
(0.0104361,0.078665)
(0.0309941,0.103039)
(0.0124369,-0.0347828)
(-0.0865906,0.0149824)
(0.0304663,-0.0745754)
(0.00154369,-0.0641304)
(-0.00790059,0.00259939)
(-0.0466351,-0.00191917)
(0.00976513,-0.0285129)
(-0.0699737,0.0469869)
(-0.00655557,-0.0198042)
(-0.0183166,-0.0151899)
(-0.0454044,0.0174775)
(-0.0811413,-0.0478959)
(0.094886,0.0231208)
(0.0444813,-0.0272695)
(-0.00100249,-0.0507893)
(-0.0565575,-0.0355445)
(-0.0200202,-0.0783018)
(-0.0173324,-0.0036898)
(-0.0288007,0.0429877)
(-0.00732108,-0.0219645)
(0.578628,-0.146323)
(-0.00712315,-0.0361251)
(-0.0546993,-0.0723938)
(-0.0339002,0.0208884)
(-0.0082831,0.0239487)
(0.0399566,0.00127258)
(-0.0153524,0.0213818)
(0.00209943,0.0359693)
(-0.0324559,-0.00257349)
(-0.0379303,0.0410726)
(-0.0200597,-0.0240737)
(0.454953,-0.147594)
(-0.0027675,0.0241136)
(-0.011204,0.00975148)
(0.0530332,0.0509514)
(0.0108723,0.0282433)
(-0.0238364,0.0531713)
(-0.00149897,0.0895677)
(-0.0286135,-0.0173855)
(-0.037491,-0.0323771)
(0.03325,0.0269957)
(0.0292676,0.0289732)
(0.0150016,0.0270574)
(0.00443767,-0.0284065)
(0.0211441,-0.00180549)
(0.0278094,0.0275557)
(0.00860949,0.0171561)
(0.00976064,-0.0241194)
(-0.0389212,0.0132096)
(-0.0261083,0.0503015)
(-0.015478,-0.0434305)
(-0.064316,0.0665089)
(0.00027612,-0.0961098)
(-0.0263106,0.0553762)
(-0.0425809,-0.0357901)
(-0.037273,0.036127)
(0.0353189,0.0953532)
(-0.0832347,0.0381895)
(-0.0118481,-0.0100854)
(0.00756269,-0.0113125)
(0.00866094,-0.018731)
(0.0541666,0.0490607)
(0.0433954,0.0637414)
(0.417861,-0.144007)
(-0.0314666,-0.00138067)
(-0.062435,0.0406988)
(-0.0715471,-0.0314823)
(-0.00667913,-0.0422486)
(-0.0999424,-0.0247934)
(-0.0595058,-0.0480791)
(-0.0428368,-0.0305415)
(-0.0680559,-0.0586299)
(-0.0319915,-0.0880459)
(-0.0727454,-0.0712755)
(-0.0332773,-0.0431163)
(0.430665,-0.177154)
(-0.0581989,-0.0629406)
(0.0231349,0.0113011)
(0.0341614,0.00254824)
(0.00867409,-0.0353308)
(0.0227676,0.00262676)
(0.045082,0.0294807)
(0.0540953,-0.0576062)
(0.0481893,0.0268798)
(-0.0319698,0.0144746)
(-0.0480696,0.00423362)
(0.00217177,-0.0122478)
(0.028362,-0.0261841)
(-0.0398741,-0.0251716)
(0.0262062,-0.0363035)
(0.0413434,-0.0727625)
(0.417064,-0.0412353)
(0.000104719,-0.0422611)
(0.0461313,0.0237324)
(-0.00815719,-0.0503045)
(0.0601112,-0.058639)
(-0.00644528,-0.00476031)
(-0.0752142,-0.0390145)
(0.0321586,0.0293453)
(-0.0329571,-0.0121948)
(-0.0159367,-0.0285094)
(0.0125535,0.0175429)
(0.0498709,0.0381633)
(-0.0415192,0.030313)
(-0.0341314,-0.00178219)
(0.19603,-0.0321155)
(0.443878,-0.0935821)
(0.453182,-0.0735429)
(0.104668,-0.0845957)
(-0.0183176,-0.00356834)
(0.540683,-0.109164)
(-0.0649803,0.0281884)
(-0.00307086,-0.094654)
(-0.0360718,0.0436263)
(-0.0701286,-0.0674946)
(-0.0167925,-0.0328202)
(0.285565,-0.093145)
(0.127354,-0.133763)
(0.0158569,-0.0107407)
(0.0105451,-0.0107095)
(-0.0294588,-0.0537297)
(0.0711798,0.0421999)
(0.417277,-0.126702)
(0.0251807,-0.0581336)
(-0.104295,-0.0483542)
(-0.104244,-0.0264699)
(0.0283886,-0.00625442)
(-0.0429533,-0.00888565)
(-0.0710547,0.0130505)
(0.0108519,0.0687662)
(0.436371,-0.0456498)
(0.412285,-0.0853181)
(0.00890362,-0.046611)
(-0.00701957,-0.0629331)
(0.0334028,0.0934266)
(0.0242493,-0.00120016)
(-0.0993531,0.002741)
(0.207547,-0.0167177)
(0.508418,-0.090161)
(-0.0446243,0.0377767)
(0.0294076,0.00129196)
(-0.0701756,0.002783)
(0.0162263,0.0289297)
(0.0593557,0.0625703)
(-0.00498562,0.0408177)
(0.0188431,0.0415743)
(0.0165398,0.0431581)
(0.0369153,0.0463426)
(-0.00732718,0.0203354)
(-0.0143587,-0.0248729)
(0.0488716,0.0521894)
(0.0544447,0.0286096)
(-0.0691235,0.0062501)
(0.0312507,-0.0155503)
(0.0508661,0.0401555)
(0.0553881,0.00540324)
(0.0512511,-0.0149348)
(-0.0442123,0.043201)
(0.0052269,0.0286348)
(0.499974,-0.189935)
(0.0245894,-0.0340034)
(-0.00144293,0.0528013)
(-0.0715889,-0.02915)
(-0.0732436,-0.0442664)
(-0.0161894,-0.026183)
(0.0732381,-0.0639297)
(-0.0321488,-0.0605279)
(0.0250614,-0.0504714)
(0.0291794,0.0968174)
(-0.0059145,-0.0466058)
(0.502904,-0.179703)
(-0.0229018,0.0612369)
(0.0134911,0.0274027)
(0.0280794,0.0886052)
(0.0301436,-0.0143536)
(0.0307732,0.0400111)
(-0.00466836,-0.0477488)
(0.0240622,0.00219396)
(0.0652614,0.00118484)
(0.0318644,-0.0618112)
(0.0817946,0.118267)
(-0.0341605,0.015622)
(0.326919,-0.130412)
(-0.0197783,0.0100421)
(0.00876082,0.00496667)
(0.0377809,0.0240706)
(-0.0168315,0.0199986)
(-0.0210099,0.0618079)
(-0.0419448,-0.0300538)
(0.0335664,-0.0174334)
(0.0381726,0.00460424)
(0.0293779,-0.00934903)
(-0.0294767,-0.0505261)
(-0.0262603,0.0064494)
(-0.0832787,-0.0480435)
(-0.0201052,0.00797242)
(0.0249737,-0.0221416)
(-0.0175641,0.0386888)
(0.0416671,0.00607178)
(0.00360041,-0.0176158)
(-0.0337752,-0.0417443)
(-0.00314161,0.000850728)
(-0.0480138,-0.0347329)
(0.101502,-0.0683107)
(-0.0204002,-0.0412649)
(0.216059,-0.156447)
(0.0266861,-0.0517827)
(-0.0041469,0.0358743)
(-0.0317999,0.00184896)
(0.0335927,0.0821824)
(-0.056121,0.00645812)
(0.0127421,-0.0273171)
(0.0100459,0.0418003)
(-0.0448906,0.0404703)
(0.0498978,0.0988199)
(0.042838,0.0228172)
(0.0451168,-0.000483342)
(-0.0567255,-0.0222981)
(-0.00643025,0.0346444)
(-0.0238751,0.065516)
(-0.0380691,0.0434513)
(0.00177034,-0.0151074)
(0.010335,-0.0117254)
(-0.00919596,0.0408588)
(0.405222,-0.154086)
(-0.0690692,-0.0285166)
(0.647119,-0.1852)
(-0.00668975,0.0328615)
(-0.0326643,0.129145)
(0.0302483,0.122925)
(0.0781201,0.0110034)
(0.0649517,0.0694524)
(0.032823,-0.0243469)
(0.0847833,0.0438812)
(0.000583754,-0.0364587)
(0.00462325,-0.017605)
(-0.0187805,0.00949451)
(0.427922,-0.139307)
(0.0421484,-0.0328789)
(0.0064321,-0.0854341)
(0.0175298,-0.0453939)
(-0.0250702,-0.0602521)
(0.0370528,-0.0894632)
(0.401005,-0.115832)
(0.0370439,0.0338706)
(0.0395238,-0.00344389)
(0.556522,-0.126364)
(0.0865212,-0.0599727)
(-0.0177967,0.014499)
(-0.021217,0.0185694)
(-0.0149134,-0.06436)
(0.22514,-0.0558224)
(0.420603,-0.189738)
(0.0441517,-0.121504)
(0.0878501,-0.206658)
(-0.0103062,0.00944109)
(-0.0160876,0.00583223)
(0.0104079,-0.0235199)
(-0.0858917,-0.0835337)
(-0.00840452,0.0225558)
(-0.0427941,0.00183893)
(-0.0681379,0.0126357)
(0.0483841,0.0666862)
(0.0270677,-0.0214414)
(0.0017343,0.00927966)
(0.00575421,0.0636794)
(0.0223323,0.0362988)
(0.0211388,0.0253695)
(0.0199749,0.0322324)
(0.090647,0.013013)
(0.0319468,-0.0130502)
(0.0594192,-0.0271356)
(0.00614378,-0.00213135)
(-0.00952345,0.0151134)
(0.0227834,0.0572875)
(0.00884909,-0.00414296)
(-0.0671239,0.0327192)
(-0.0280006,0.0176024)
(-0.0244972,0.0202628)
(-0.0287597,0.0380364)
(0.0164367,-0.0227535)
(-0.0190641,0.0201169)
(-0.029528,-0.0310393)
(0.0142598,0.00037594)
(0.041216,0.0204514)
(0.0233951,-0.0224583)
(0.0516365,0.0117071)
(-0.000984097,-0.0628185)
(0.394712,-0.0323262)
(0.00430062,-0.0442503)
(0.502527,-0.125749)
(-0.00367083,0.0777416)
(0.0271036,0.056313)
(-0.0264805,0.0403705)
(-0.0564867,0.140267)
(-0.0260582,0.00744268)
(-0.0658133,0.0227169)
(-0.0378617,0.0249514)
(0.00983399,0.0574189)
(0.000276707,-0.0182592)
(0.00345186,0.0332534)
(-0.0373516,-0.0358015)
(-0.0101015,0.0924716)
(-0.027705,-0.0574531)
(-0.049023,-0.00744361)
(-0.0347205,-0.0184646)
(-0.0808127,-0.0287053)
(0.0803408,-0.0600613)
(0.0322512,-0.0794699)
(0.000418257,0.0548552)
(0.0230031,0.105807)
(0.0151527,0.00257118)
(0.138764,-0.146458)
(0.0883397,0.00810708)
(-0.0468227,-0.00226908)
(-0.0288113,-0.0106849)
(0.102763,-0.0246399)
(0.36344,-0.0693999)
(0.0152413,0.0850689)
(0.0385593,0.00877331)
(0.0379618,-0.0615033)
(0.00491289,0.0392262)
(0.0141313,-0.0143139)
(0.0792066,-0.0599799)
(0.197405,-0.179435)
(0.377917,-0.0908806)
(-0.0270536,0.0214148)
(0.00292904,0.0313163)
(-0.0611673,0.0333621)
(0.146869,-0.151667)
(0.481774,-0.114444)
(-0.0258588,0.0115616)
(0.00336134,-0.0201323)
(0.0221908,0.0653978)
(0.000667312,-0.0130085)
(-0.0432072,0.0121935)
(-0.047475,-0.0107183)
(-0.0229518,0.00393254)
(-0.00180035,-0.0577964)
(0.0498858,0.0316848)
(0.0279216,0.0490979)
(0.481752,-0.0924525)
(0.0350462,0.0791649)
(0.00548408,-0.0610723)
(0.0203953,0.0425917)
(0.00419795,0.0206429)
(0.0443078,0.064487)
(-0.00194767,0.00164508)
(-0.00129822,-0.0209076)
(0.367534,-0.087156)
(0.0572493,0.0820567)
(-0.0534728,-0.0241862)
(0.0604136,0.0684778)
(0.00555883,-0.0198552)
(-0.0506787,-0.0243323)
(-0.0673841,-0.0409383)
(-0.0313233,0.0162259)
(0.198518,-0.101603)
(0.60544,-0.00410437)
(-0.0414641,0.0787749)
(-0.0647943,0.0467842)
(0.0093855,-0.00414845)
(-0.0578142,0.0488055)
(-0.091501,-0.00418608)
(-0.0949599,-0.00567021)
(0.0392811,0.0739573)
(-0.00494421,-0.0599858)
(-0.00544742,-0.00995042)
(0.0742653,0.0313551)
(0.0707358,-0.110565)
(0.00268767,-0.00731835)
(-0.0730297,0.0507249)
(-0.0616432,0.0847064)
(-0.0302969,0.0287933)
(-0.0436599,-0.0191235)
(-0.032814,0.0128355)
(0.00964274,-0.00819107)
(0.0815344,-0.00250622)
(0.0360339,0.0214094)
(0.0259374,0.0406712)
(0.00461926,-0.0610012)
(-0.0363204,-0.0711539)
(-0.0300684,-0.0139264)
(-0.0327781,0.02383)
(-0.0212239,0.00788417)
(0.0769322,0.0695822)
(0.0961729,0.100955)
(0.029649,-0.00935924)
(-0.0200936,0.0134732)
(0.00451932,0.0260212)
(0.0475432,-0.0389008)
(0.0150901,0.0484965)
(0.0278792,0.0120019)
(-0.00148993,0.0361489)
(0.0414464,-0.031674)
(0.575662,-0.106551)
(0.0295827,-0.0296491)
(-0.00795772,0.00298478)
(-0.0414568,0.0226649)
(-0.00346814,0.0768767)
(0.00380313,-0.00625606)
(0.0172137,-0.0130716)
(0.0230798,0.00513851)
(0.0151271,-0.0980413)
(0.0128508,-0.0718307)
(0.0216018,0.00952316)
(0.0053138,-0.0336489)
(0.046251,-0.0127951)
(0.0345729,0.038571)
(0.0256875,0.0109672)
(0.145696,0.0176056)
(0.149403,0.0341223)
(0.009397,-0.00601831)
(0.0232528,-0.0856631)
(-0.0190316,-0.0765286)
(-0.0672537,-0.0409448)
(-0.00122007,0.00257194)
(-0.00799998,-0.0142643)
(-0.0195364,-0.0184156)
(-0.0678849,0.0830332)
(0.0197208,-0.0172868)
(-0.0282821,-0.0042281)
(0.0207405,-0.056445)
(0.0274994,-0.0442252)
(0.0164182,0.0194009)
(-0.0473593,0.0183096)
(0.0649123,-0.0118286)
(-0.0510052,-0.00941024)
(-0.00747814,-0.0166009)
(0.0978281,0.00400536)
(0.103807,-0.0308761)
(-0.00652067,-0.0607821)
(-0.0118432,-0.066418)
(-0.145771,0.0315223)
(0.0280064,-0.0458423)
(0.0671481,-0.0039888)
(-0.0347167,0.0972667)
(-0.121961,0.0831483)
(0.00370481,0.0174163)
(0.0163436,-0.00229155)
(-0.042527,0.0339979)
(-0.00280424,0.0397063)
(0.00316174,0.0596794)
(-0.00141508,-0.0149526)
(-0.0130227,-0.0022318)
(-0.000585499,-0.0183413)
(-0.00790197,-0.00570376)
(-0.0175812,-0.0602631)
(-0.0157999,0.0122106)
(0.474464,-0.0356792)
(0.0390234,-0.0570836)
(0.055502,-0.0797219)
(0.0229327,-0.02967)
(0.00294025,0.0264302)
(0.0121193,0.0487788)
(0.0298078,0.0629459)
(0.0039923,0.0422486)
(0.031778,0.0421341)
(0.0282104,-0.0617215)
(-0.0142429,0.0518934)
(0.0308174,0.0620818)
(0.0305247,-0.00115138)
(0.0437522,0.0624561)
(-0.0353579,0.00229962)
(0.0314756,0.0384498)
(9.9088e-05,0.0504366)
(0.0671624,-0.0189749)
(-0.0239296,0.0377139)
(0.0713522,-0.00891019)
(0.000273879,0.0363933)
(-0.0266819,-0.0693828)
(0.0241621,-0.048901)
(0.0313431,-0.0577882)
(0.0761687,-0.0371145)
(0.502553,-0.0515399)
(0.441381,-0.0878797)
(0.0573348,0.0247394)
(0.367322,-0.0673088)
(0.0668219,-0.0159867)
(0.392706,-0.0490195)
(0.345113,-0.0544581)
(0.000540795,0.0607089)
(0.480263,-0.0952118)
(0.677729,-0.0106339)
(0.726446,-0.0211536)
(0.0124294,0.0239905)
(-0.054698,0.000176391)
(-0.0178131,0.00694558)
(-0.0123513,0.00929621)
(0.0278984,0.0312234)
(-0.0473033,-0.029959)
(-0.0463696,-0.0256597)
(-0.0455058,0.0208748)
(-0.0440313,-0.0111528)
(0.0320893,-0.0482027)
(0.0103756,0.012478)
(0.0501411,-0.0267436)
(-0.0285572,0.083076)
(-0.0481507,0.0887942)
(0.0225085,0.0472659)
(-0.0102598,-0.0103886)
(-0.0148838,0.0575004)
(-0.0105987,0.0474686)
(0.0199897,-0.0346788)
(-0.0305216,-0.0534521)
(0.00940683,-0.0847596)
(-0.00736125,-0.0368572)
(0.0117304,-0.0830221)
(-0.00746569,-0.0395047)
(-0.0132086,-0.0107876)
(0.0185358,-0.0327406)
(0.209494,0.103856)
(0.0239549,-0.0157505)
(-0.00494784,0.0137097)
(0.0193392,-0.0226591)
(0.00495497,-0.00117476)
(-0.0299008,0.0308678)
(-0.0242358,-0.00576078)
(0.0285776,-0.000311429)
(0.030039,0.0321357)
(-0.0140368,-0.065714)
(-0.00550071,0.00240529)
(0.50587,-0.20238)
(0.00867441,-0.00489646)
(0.00823636,0.0816182)
(-0.00706779,-0.0165389)
(0.00677226,0.00448985)
(-0.0159715,-0.00130471)
(-0.010003,0.0396694)
(0.43413,-0.142913)
(0.53535,-0.19226)
(0.524372,-0.16531)
(-0.0292148,0.00487814)
(0.436734,-0.110673)
(-0.0261473,0.0149519)
(0.05752,-0.00299411)
(-0.0186901,0.0574285)
(-0.0106801,-0.0518964)
(0.315625,-0.0708811)
(-0.0380555,-0.0541013)
(-0.0290309,0.0336527)
(-0.0299261,0.0201219)
(0.21074,-0.0335532)
(-0.0227035,0.0213365)
(-0.0905713,0.0123893)
(0.345711,-0.12006)
(-0.0109107,0.048467)
(-0.0585628,-0.003482)
(-0.0641801,0.00292632)
(0.000513532,0.0687671)
(0.0173064,0.0107156)
(-0.00792982,0.037714)
(0.0900637,-0.0503158)
(-0.0093099,-0.0182412)
(0.0848183,0.0175347)
(0.159172,-0.0786036)
(0.0148046,0.0264024)
(-0.0292218,-0.0364455)
(0.021014,-0.00956208)
(-0.0642556,0.0346735)
(0.0515644,-0.0191836)
(-0.0226858,-0.0762757)
(0.0317976,-0.00710957)
(0.00936513,0.0168676)
(0.00153981,0.0115463)
(0.0623349,-0.0295443)
(-0.0136837,0.0121072)
(0.00515371,-0.00243302)
(0.00130711,0.0481769)
(-0.00381805,0.0732262)
(-0.00924123,-0.0109682)
(-0.0194602,-0.0158744)
(0.0559055,0.0185322)
(0.0479607,-0.0072362)
(0.0299841,-0.0375485)
(0.0279553,-0.000575232)
(0.0347325,0.0517026)
(0.017212,-0.0222937)
(0.072741,-0.032561)
(0.0636709,-0.0292538)
(0.0178254,-0.0021974)
(0.0336401,-0.00825718)
(0.00520792,0.0302418)
(-0.0350169,0.00482687)
(-0.0197848,0.0164977)
(0.0461886,-0.0137509)
(-0.0425619,0.00398862)
(-0.0503253,0.00584958)
(0.0244832,0.097011)
(-0.0111483,0.00250362)
(-0.0579443,0.0460633)
(-0.00658468,0.0396655)
(-0.0194571,0.0468422)
(0.0100854,0.0383507)
(-0.0304555,0.0767844)
(-0.031094,0.0302678)
(0.15482,-0.118059)
(0.0558393,-0.0462313)
(-0.023573,-0.0120424)
(-0.00118114,-0.00515297)
(-0.0326173,-0.04464)
(-0.00242355,0.0462106)
(0.029681,0.0238481)
(0.069927,0.0334445)
(0.0591566,0.0602693)
(-0.0745097,-0.0123834)
(0.0212574,-0.0043478)
(-0.00556462,0.0299023)
(0.00890219,0.0903299)
(-0.0868197,0.000702724)
(-0.00857132,0.0257083)
(0.0510931,-0.0212049)
(0.043334,-0.0263655)
(0.0399803,0.0266252)
(0.0264239,0.0117902)
(-0.00179568,0.0990025)
(-0.00357282,0.0506207)
(-0.0252708,0.0344739)
(0.0805191,0.0452973)
(0.02928,-0.0661086)
(0.211756,-0.290993)
(-0.00318119,-0.00185658)
(-0.0221642,-0.0106496)
(0.0526994,-0.0102267)
(-0.0388568,0.044747)
(-0.0152898,-0.0701069)
(-0.00449894,-0.0237323)
(-0.0124173,0.0193967)
(-0.000376274,0.00773515)
(0.402306,-0.285652)
(-0.0260977,0.0262009)
(0.0121202,-0.0305463)
(0.00533534,-0.0337626)
(0.345496,-0.311339)
(-0.00715557,-0.0138502)
(0.0148795,-0.0129061)
(0.00596277,-0.0370637)
(-0.0045666,0.0743608)
(0.0304273,0.0333249)
(0.025253,0.0636459)
(-0.0159241,0.0106469)
(0.308428,-0.126688)
(0.181507,-0.0924258)
(-0.0165219,0.037384)
(-0.0405181,0.026997)
(-0.0297624,-0.0180938)
(-0.000506984,0.0751757)
(-0.0348417,-0.0229005)
(0.304194,-0.0891493)
(-0.0401974,-0.0267909)
(-0.011118,0.0293138)
(-0.0251226,0.0354475)
(-0.0150509,0.0319138)
(0.0628382,-0.0537112)
(0.0455317,-0.0410938)
(0.547311,-0.147117)
(0.0178876,-0.0209962)
(0.531064,-0.0887958)
(0.00827151,0.00173615)
(-0.0181992,0.0129905)
(-0.00722581,0.0666886)
(0.0126677,0.0793488)
(0.522258,-0.077039)
(0.111233,0.0314885)
(0.29962,-0.0258219)
(0.0872041,0.0879811)
(0.0152626,-0.0173299)
(-0.0640261,0.0868155)
(0.301125,-0.090741)
(0.317347,-0.0868867)
(-0.0169873,0.0338185)
(-0.005396,0.00951932)
(0.277113,-0.191231)
(-0.0339938,-0.00826822)
(-0.0143622,-0.0309013)
(0.276413,-0.171441)
(-0.0206504,-0.0208054)
(-0.0084356,0.0267592)
(0.407037,-0.073411)
(-0.0013663,0.0202062)
(0.152242,-0.084896)
(0.234487,-0.144429)
(0.0131398,0.0578351)
(0.244465,-0.131713)
(0.00551095,-0.0478351)
(0.0327377,-0.00431223)
(0.0142288,-0.015484)
(0.00256423,-0.0139251)
(-0.0139631,0.0104366)
(0.0149328,-0.0232377)
(0.00371074,-0.000126688)
(0.0215156,0.0192381)
(0.0169437,-0.0101192)
(0.0339533,0.0206922)
(0.00176446,-0.00296072)
(0.0287029,-0.0221026)
(-0.0554875,0.0594283)
(-0.0101115,-0.0103345)
(0.00505929,-0.0587514)
(-0.0063135,0.0335275)
(-0.0367715,0.0504031)
(0.33273,-0.169403)
(0.000898699,0.145489)
(0.14216,0.0824)
(0.0920939,-0.0952624)
(-0.0367236,-0.0195548)
(-0.0530085,0.128722)
(0.409188,-0.304741)
(-0.0115099,0.0357348)
(0.435457,-0.297688)
(0.0168801,-0.0130346)
(-0.021555,0.0216895)
(0.213585,-0.0235412)
(0.0286905,-0.0355564)
(-0.00363134,-0.0117136)
(0.472307,-0.0912073)
(0.0286517,-0.0435895)
(0.028688,0.00381926)
(-0.0188263,0.00564214)
(-0.0189458,-0.0861336)
(-0.0182682,-0.0118319)
(0.021837,-0.0427976)
(-0.0118433,0.0338743)
(0.135143,0.0138962)
(-0.0267194,-0.0398785)
(0.256185,-0.127347)
(0.0119041,0.0443276)
(0.301987,-0.189148)
(-0.0688601,-0.0166438)
(-0.0552128,0.00820762)
(0.495965,-0.13014)
(-0.0356308,-0.00338341)
(-0.000798824,0.0390544)
(-0.0541288,0.00471884)
(0.355317,-0.0493112)
(-0.00582559,0.0290076)
(-0.0439415,0.0197566)
(0.0432321,0.0572481)
(-0.00101005,-0.00237348)
(0.00108078,-0.0410306)
(-0.0272236,0.0103919)
(-0.084476,0.0239173)
(0.0176678,-0.000595244)
(-0.0412981,0.0217502)
(0.0372066,-0.0153363)
(-0.0564139,0.0100834)
(0.00283971,0.0278977)
(0.0506105,0.017804)
(0.0436868,0.00830024)
(0.0132242,0.00542183)
(-0.0105839,0.0162086)
(0.0172588,-0.0184386)
(0.0121536,-0.00757274)
(0.0198659,0.016886)
(-0.00353407,0.0181559)
(0.0807218,0.0428014)
(0.0765328,-0.00593899)
(0.0823957,0.0672826)
(0.0131988,0.00414544)
(-0.026155,0.0108183)
(0.0305531,-0.0129457)
(0.0096843,-0.0466077)
(0.0330143,-0.134119)
(-0.0907499,-0.043264)
(-0.026563,-0.0446956)
(0.0162417,-0.0153891)
(0.0334428,0.00331551)
(0.479708,-0.149964)
(-0.0143396,-0.00547362)
(0.0199355,-0.0104948)
(-0.0397423,0.0179022)
(0.352598,-0.0464458)
(0.0566665,0.0595547)
(-0.00123904,-0.0444938)
(-0.0530568,0.0073682)
(-0.00496928,-0.0349553)
(-0.00791432,-0.0223997)
(-0.0466828,-0.0112576)
(-0.0119711,0.0636047)
(0.373658,-0.113896)
(0.0450547,0.0505174)
(-0.0169917,-0.00307709)
(0.696621,-0.242036)
(0.0119239,-0.0157906)
(-0.00584048,0.0123677)
(0.0494965,0.0198571)
(0.461024,-0.0859142)
(0.0239275,0.0353027)
(0.0366616,-0.0242103)
(0.0404334,-0.0211552)
(-0.0779004,-0.0217913)
(-0.0172243,0.0226979)
(-0.0158819,-0.0229554)
(-0.0159619,-0.00429664)
(-0.0086252,0.0591479)
(-0.0384921,-0.0764)
(-0.108582,-0.0809108)
(-0.0276731,-0.0130092)
(0.352235,-0.149324)
(0.0316118,0.0459573)
(0.0482524,-0.0552098)
(0.0513784,-0.0779329)
(-0.00858223,0.00661919)
(-0.0102947,-0.042783)
(0.0363024,0.0550537)
(0.02797,-0.0377278)
(-0.0303327,-0.042812)
(-0.0239523,-0.0357845)
(0.0129516,0.0484593)
(0.0219437,0.0634034)
(0.416944,-0.0386844)
(0.0283252,0.00314845)
(0.013301,-0.0155939)
(0.0285441,0.11555)
(0.0455724,-0.0619432)
(0.0220422,0.0951684)
(0.00583071,-0.0796219)
(0.169312,-0.00113117)
(0.269419,-0.0413444)
(0.205263,-0.00419407)
(0.00955761,-0.0310424)
(0.00631894,0.0240501)
(0.618968,-0.263309)
(0.458971,-0.0746422)
(-0.0199016,0.0201579)
(0.318514,-0.125598)
(0.326428,-0.152637)
(0.189766,-0.0888185)
(0.0543691,0.0731647)
(0.026153,0.0650234)
(0.0753515,0.0128584)
(0.167108,-0.054943)
(0.0700367,0.0193164)
(-0.0301282,0.0482005)
(-0.00706047,-0.150267)
(0.0597179,0.0259168)
(-0.0295572,0.0209505)
(-0.0383085,0.0294958)
(0.0395393,0.0539616)
(0.496222,-0.153271)
(-0.00263089,0.0183995)
(0.0172772,0.0513341)
(-0.00685978,0.0212471)
(0.482739,-0.209169)
(-0.000293785,0.0176852)
(-0.00639237,0.0466096)
(0.539095,-0.152054)
(0.492946,-0.14212)
(-0.00959609,0.0807797)
(0.346305,-0.17942)
(0.0175721,0.03476)
(0.000368336,0.0533)
(0.452472,-0.180314)
(0.205992,-0.0834079)
(0.425989,-0.115308)
(0.435634,-0.156681)
(-0.00108462,-0.0743542)
(0.662711,-0.210314)
(-0.000968751,0.0462564)
(-0.019357,0.0834877)
(0.141561,-0.0735451)
(0.201411,-0.0285712)
(0.02209,0.0545701)
(0.0762651,0.0226976)
(-0.0015052,-0.0401861)
(-0.00198684,-0.0093128)
(0.000820032,-0.0254582)
(0.00610775,0.0848633)
(0.0390918,-0.0187056)
(0.0146608,0.0507894)
(0.057661,-0.0340066)
(0.152316,-0.0858256)
(-0.0450101,-0.00527178)
(-0.0758943,-0.0875745)
(-0.0263891,0.0273233)
(-0.0205546,0.0384039)
(-0.0569293,0.0353861)
(0.438495,-0.0806631)
(-0.0540132,0.0283762)
(0.0276847,-0.0169699)
(0.0116799,-0.0238803)
(0.011126,-0.0155294)
(0.0347737,-0.015561)
(-0.0396825,-0.0245524)
(-0.0190183,0.0100229)
(-0.0723277,0.0135951)
(0.486885,-0.144895)
(-0.0144367,0.00284482)
(0.317995,-0.126448)
(0.0954617,-0.00568818)
(0.140603,-0.000760713)
(0.00447578,0.0172147)
(0.0556797,-0.0353832)
(-0.0342973,-0.0184101)
(0.0320995,-0.0357422)
(0.0159735,-0.0410604)
(0.0298032,0.00897024)
(-0.0381247,0.0116699)
(-0.00170364,-0.011148)
(0.0256025,0.0050503)
(0.00994971,0.0313963)
(0.477852,-0.0961878)
(0.428044,0.0114993)
(-0.0453845,-0.0351739)
(0.011001,-0.000672206)
(0.0192343,-0.0614082)
(0.079473,-0.0168214)
(0.453964,-0.0643866)
(-0.0508884,0.00802752)
(0.0885948,-0.0244677)
(0.091776,0.00402809)
(0.0842266,-0.0233736)
(0.44573,-0.116966)
(-0.0410365,0.0379897)
(-0.0219563,-0.00731514)
(-0.0304385,0.0112333)
(0.0107469,0.0294062)
(0.498402,-0.0169354)
(0.0126482,0.0622374)
(-0.0247066,0.00967305)
(-0.0365089,0.00266726)
(-0.0275023,-0.00517339)
(-0.0379445,-0.0205964)
(0.551769,0.0249254)
(0.425964,-0.200328)
(0.832609,-0.0637488)
(0.00786341,-0.0278271)
(-0.0443803,0.0276876)
(0.464394,-0.156198)
(0.0819477,-0.00046957)
(0.18122,0.00523822)
(0.390573,-0.0199722)
(-0.00116944,0.0231374)
(-0.0288381,0.0886302)
(-0.00730025,0.0418912)
(0.0149821,0.0248248)
(0.0333678,0.0224017)
(0.190764,-0.124608)
(0.231797,-0.213426)
(0.265453,-0.181032)
(0.297817,-0.0962014)
(0.700784,-0.328233)
(-0.053914,0.0277852)
(-0.0571242,-0.0124004)
(-0.0717863,0.0592971)
(0.212501,0.0832456)
(0.457983,-0.123932)
(0.476227,-0.0963932)
(0.00503747,0.024857)
(-0.059183,-0.0644512)
(-0.0313798,-0.00376066)
(0.641707,-0.275357)
(-0.0171242,0.0569867)
(0.0364795,0.00279683)
(-0.0437037,-0.0379639)
(0.235375,-0.0786158)
(0.0340106,0.0273888)
(-0.0287007,0.0201724)
(0.691056,-0.25451)
(0.503809,-0.212661)
(0.000366964,-0.0600165)
(0.00824847,-0.0634432)
(-0.0557932,0.000736539)
(0.0286931,-0.033825)
(-0.0228092,0.0464318)
(0.0116148,-0.0144942)
(0.00663029,0.0784007)
(0.429883,-0.116533)
(0.613419,-0.118605)
(0.608754,-0.0949847)
(0.517113,-0.0372656)
(0.458305,-0.129503)
(0.137905,-0.136641)
(0.300694,-0.144674)
(0.169257,-0.121843)
(0.221551,-0.083715)
(0.0107321,-0.0339474)
(0.017051,-0.0235657)
(0.280961,-0.126498)
(0.551853,-0.190923)
(0.629659,-0.128217)
(0.49941,-0.130917)
(0.507358,-0.222508)
(-0.0248216,0.0245601)
(0.508027,-0.082086)
(-0.0501398,0.127368)
(0.0112305,-0.0510407)
(0.011748,-0.00646317)
(0.000886288,0.0591468)
(-0.0504665,0.0334131)
(0.0145656,-0.0532795)
(-0.000992183,0.0227652)
(-0.00729369,-0.00687981)
(0.0683247,0.124602)
(0.438937,-0.0626419)
(0.00239791,-0.0100884)
(0.444215,-0.154822)
(0.359176,-0.084202)
(0.397905,-0.105354)
(-0.0186327,-0.0380309)
(0.032171,0.0806803)
(-0.0374749,0.00274556)
(0.546002,-0.129213)
(0.000308937,-0.0637791)
(0.0655853,-0.0486939)
(0.334887,-0.175358)
(0.264865,-0.132541)
(0.45831,-0.166026)
(0.160455,-0.0773915)
(0.554188,-0.294817)
(0.458589,-0.0367553)
(0.0349352,-0.0235115)
(-0.0737796,-0.0876549)
(-0.000219972,0.0118791)
(0.00733383,0.0235054)
(0.0147029,0.0461565)
(-0.051879,-0.0356733)
(-0.0316818,0.0242722)
(0.288275,-0.156193)
(0.27632,-0.121582)
(-0.0492004,-0.000407939)
(0.192745,-0.0815087)
(-0.0155061,-0.0419089)
(0.471863,-0.187708)
(0.58052,-0.204561)
(-0.0633447,0.0681232)
(0.0041789,0.102099)
(0.031484,0.112264)
(0.033227,-0.0143234)
(0.531368,-0.185637)
(0.00976886,-0.0171686)
(0.193401,-0.0689934)
(-0.0361482,0.0937702)
(0.2011,-0.165327)
(-0.00731726,0.0643457)
(0.369231,-0.191679)
(-0.0165478,0.0489489)
(0.0698718,-0.0368662)
(0.0481232,0.0335654)
(0.00380022,-0.0616865)
(0.573873,-0.039886)
(-0.00359969,-0.0308984)
(0.530293,-0.0915529)
(0.438029,-0.088926)
(-0.028891,-0.0620717)
(0.53489,-0.265478)
(0.497449,-0.103752)
(0.493695,-0.120531)
(0.0307569,-0.0295543)
(0.417739,-0.0958149)
(-0.031324,0.0407344)
(-0.00411604,0.0450882)
(0.0172185,0.034472)
(0.0072571,-0.0432163)
(-0.020516,0.0288433)
(0.0130467,-0.00878394)
(-0.0459398,0.0523274)
(0.554522,-0.116644)
(-0.0118671,0.00729199)
(0.141275,-0.0160118)
(0.363508,-0.0758701)
(0.428979,-0.0732001)
(-0.0278864,0.00844456)
(0.0882674,-0.0651989)
(-0.0392271,-0.00517236)
(0.474908,-0.138555)
(-0.0407201,0.0306972)
(0.557457,-0.169308)
(0.303527,-0.0989182)
(-0.0568976,0.0174864)
(-0.0134168,-0.0275674)
(0.482631,-0.15656)
(-0.0551259,0.00851593)
(-0.00652988,-0.0411275)
(0.0495788,0.0862245)
(0.417399,-0.174069)
(0.378398,-0.102035)
(0.274105,-0.113772)
(0.414608,-0.167058)
(0.275279,-0.0487981)
(0.0207144,-0.0781517)
(0.437145,-0.0517861)
(0.489815,0.0278926)
(-0.0477518,-0.0936055)
(0.461033,-0.104253)
(0.00119967,0.0367979)
(0.453329,-0.1461)
(0.0096169,-0.00182939)
(-0.00445343,0.0797722)
(-0.0176277,0.030955)
(0.0198444,-0.0220152)
(0.0616429,0.0430358)
(0.0776481,0.00816796)
(0.0296886,0.00235709)
(0.00414062,-0.0280527)
(0.176193,-0.128158)
(-0.0120774,-0.0662308)
(0.00859525,-0.0764704)
(-0.00417166,-0.0046272)
(0.0118537,-0.0482674)
(-0.00902175,-0.0182578)
(0.0187086,-0.0484886)
(-0.0172454,0.0529678)
(0.307623,-0.0368146)
(-0.00207725,0.0587978)
(0.0302119,0.0195946)
(0.222911,-0.348285)
(0.142116,-0.174132)
(-0.0536232,0.0202836)
(0.0335677,0.0246945)
(-0.0137912,0.0270257)
(0.0566849,0.0259907)
(-0.0172059,-0.0162542)
(0.173035,0.0216735)
(0.248829,-0.0343586)
(0.573023,-0.108375)
(0.565793,-0.176247)
(-0.0111619,0.0780507)
(0.106608,0.0337027)
(0.552177,-0.22895)
(-0.0284836,0.043593)
(0.0492818,0.0393941)
(0.0287247,0.00738017)
(0.589085,-0.139969)
(0.0607082,-0.0181879)
(0.254432,-0.143487)
(-0.00866189,0.0282394)
(0.154234,-0.0596735)
(0.157741,-0.0405707)
(0.301989,-0.0679548)
(0.396016,-0.11092)
(0.0636698,0.0511777)
(-0.0469027,0.0729206)
(0.420593,-0.0490717)
(-0.0249391,0.0943531)
(-0.0348639,0.00672385)
(-0.0480656,-0.0469194)
(0.501598,-0.184891)
(-0.0712006,-0.00531406)
(0.505204,-0.203768)
(0.00623811,-0.0177651)
(0.0325527,0.0177042)
(0.0101642,0.00898912)
(0.044076,0.0473725)
(0.0193319,0.075134)
(-0.0252354,0.0143558)
(-0.00715018,0.00913907)
(-0.0196238,0.0412058)
(-0.0120621,-0.00698922)
(0.511596,-0.235197)
(-0.0269265,-0.0329782)
(0.0221216,0.0241094)
(0.520064,-0.207193)
(0.0353183,0.0222467)
(-0.00648486,0.0676808)
(-0.0368956,0.0686089)
(-0.00591302,0.0838567)
(-0.0243755,-0.00177766)
(0.147247,-0.0701146)
(0.0264706,0.0756495)
(-0.0191864,-0.0482944)
(-0.0816561,-0.0499712)
(0.0179619,0.0219154)
(-0.0272558,-0.0195184)
(0.518251,-0.162031)
(-0.018612,0.109061)
(0.513269,-0.206074)
(0.307249,-0.126125)
(0.60481,-0.128042)
(-0.139434,0.0647297)
(0.381127,-0.0963389)
(0.415956,-0.222926)
(0.417832,-0.202342)
(-0.0825094,0.135601)
(-0.0161094,-0.0121521)
(-0.00511858,0.0850946)
(0.0376712,-0.0461158)
(0.592033,-0.142266)
(0.565734,-0.134744)
(-0.0170962,-0.0458725)
(-0.0538547,0.0186062)
(0.0502103,0.0443456)
(0.126258,0.0254214)
(0.329604,-0.181159)
(0.12777,-0.00736292)
(0.0398006,0.0096909)
(0.0640549,0.0399341)
(0.106532,-0.0364759)
(0.346466,-0.182658)
(0.0204018,-0.0419983)
(0.443375,-0.146333)
(0.0495648,0.0402467)
(0.00574421,0.0595671)
(0.0345137,0.0643131)
(0.491999,-0.169238)
(0.0219318,0.072654)
(0.44947,-0.0894513)
(0.514332,-0.163727)
(-0.0114882,0.0412977)
(0.0422263,-0.00866722)
(-0.00869302,-0.0309358)
(0.0498942,0.0859266)
(-0.0746793,0.0406032)
(-0.0211195,-0.00676785)
(0.3835,-0.129791)
(0.269723,-0.110322)
(0.0921806,-0.0360106)
(0.019721,-0.0112091)
(-0.0294964,-0.0116988)
(-0.0125921,0.168373)
(-0.0108836,-0.0127725)
(0.028154,-0.0112459)
(0.434629,-0.056777)
(0.438795,-0.109791)
(0.492661,-0.134987)
(-0.00224497,-0.0259899)
(0.463508,-0.0959112)
(-0.0112177,0.0453287)
(0.0203199,0.0147262)
(0.024069,0.0130378)
(0.021646,0.00909054)
(0.0109662,0.0589866)
(0.0551069,0.00978926)
(0.278623,-0.0599017)
(0.517274,-0.100826)
(0.468544,-0.231772)
(0.0131012,-0.0789148)
(0.440722,-0.250559)
(-0.0411787,-0.104529)
(0.364613,-0.206846)
(0.409544,-0.124335)
(-0.000950245,-0.0159915)
(0.285466,-0.151547)
(0.397978,-0.201236)
(0.341254,-0.199725)
(0.364886,-0.172597)
(0.576363,-0.151916)
(0.1405,0.0082897)
(0.235072,-0.0953555)
(0.224024,-0.0191574)
(0.422565,-0.111998)
(0.0432743,-0.0263154)
(0.567219,-0.12755)
(0.424622,-0.0129905)
(0.0409835,0.0241254)
(-0.0774826,0.0212812)
(-0.058491,0.0460184)
(-0.0424427,-0.0538792)
(0.373444,-0.143657)
(-0.0219406,0.107818)
(0.449658,-0.18011)
(-0.0284146,0.0632588)
(0.313668,-0.015355)
(-0.00971805,-0.0144526)
(-0.0114353,-0.0376042)
(0.451723,-0.0579646)
(0.0335931,0.0881511)
(0.0785806,0.0755819)
(0.391051,-0.227006)
(0.01375,-0.0362264)
(-0.00225054,-0.0878969)
(-0.00325477,0.0675624)
(-0.0365566,0.0124763)
(-0.0198531,0.0604685)
(-0.0543564,0.0533415)
(0.337897,-0.227464)
(0.407573,-0.25265)
(0.215045,-0.205284)
(0.00738684,-0.051959)
(0.0669517,0.109575)
(0.432572,-0.157203)
(0.0279421,0.0895852)
(-0.0259093,-0.0756867)
(0.00132806,-0.0179446)
(-0.0496716,-0.0161773)
(0.0856472,-0.332795)
(0.53143,-0.161441)
(0.528015,-0.0895808)
(0.492585,-0.0811462)
(0.00140674,-0.126868)
(-0.0308012,-0.0358195)
(0.540597,-0.10667)
(0.363524,-0.118246)
(-0.0350525,-0.0226516)
(0.217306,-0.213673)
(0.329842,-0.248198)
(0.0163026,-0.0460474)
(-0.0148528,0.101443)
(0.609721,-0.150549)
(-0.0331752,0.00943253)
(-0.00377603,0.0130615)
(0.496318,-0.108135)
(-0.0089506,-0.0147895)
(-0.0514657,-0.00859388)
(0.00101292,0.0343123)
(0.0290514,-0.0120852)
(0.600676,-0.127801)
(0.0310511,0.013425)
(-0.00588756,0.107673)
(0.0226099,0.00849296)
(0.391607,-0.142684)
(-0.0160045,0.0476729)
(0.0115177,-0.026806)
(-0.0187525,0.0804691)
(0.114729,-0.0668685)
(-0.0322487,-0.0241956)
(0.0566686,0.00107558)
(0.0733975,-0.0229245)
(0.125781,-0.0609875)
(0.00892062,0.0337996)
(0.0247449,0.00296939)
(0.0904161,-0.0122846)
(0.448762,-0.121125)
(0.0255494,-0.00395558)
(0.48059,-0.0873019)
(0.0573528,0.0267762)
(0.00566496,-0.0235987)
(0.171435,-0.0772076)
(0.505427,-0.11031)
(0.300449,-0.0919444)
(-0.0118798,-0.0255429)
(0.00220851,-0.012086)
(0.0241461,0.0248761)
(0.0254601,0.00341458)
(0.0676591,-0.00480988)
(0.00920787,-0.00912923)
(-0.0597926,-0.00609216)
(-0.00128938,-0.0326148)
(-0.078271,0.0477297)
(0.0172711,0.0683226)
(-0.0112014,0.0236889)
(0.51408,-0.0392273)
(0.0570585,0.049955)
(0.0957325,-0.0197132)
(0.0170491,0.0529436)
(0.0346584,-0.012029)
(0.208664,-0.0597158)
(0.147794,-0.0727601)
(0.00193963,0.0807855)
(0.115047,-0.113518)
(0.487033,-0.21643)
(0.0213447,-0.0239593)
(0.411681,-0.112598)
(0.0107653,0.0133525)
(-0.00935061,0.02331)
(0.0703872,0.00792893)
(0.0523881,-0.0204857)
(0.0678219,0.033642)
(-0.0137383,0.0533447)
(-0.0392631,0.039748)
(-0.0166391,0.0294846)
(0.0121407,0.0904649)
(0.0280623,-0.0444668)
(0.465194,-0.1204)
(0.514468,-0.181187)
(0.0761915,-0.0483104)
(0.419517,-0.00577788)
(0.355418,-0.00592676)
(0.467325,-0.23269)
(0.0125685,0.0419422)
(0.154279,-0.104824)
(0.436827,-0.246806)
(0.195267,-0.0715326)
(0.105601,-0.0926894)
(-0.0156736,-0.0676702)
(-0.00347872,-0.0960195)
(0.0836893,-0.0423032)
(0.0027206,-0.0553297)
(0.374283,-0.120795)
(0.401486,-0.154412)
(0.0432393,-0.0154751)
(0.0479334,-0.014915)
(0.127538,-0.0943052)
(0.060373,-0.0429744)
(0.0899878,-0.0741418)
(0.0511963,-0.0019305)
