1620
(-0.0310693,-0.0622283)
(-0.0183354,0.00654061)
(0.0364204,0.079981)
(-0.024943,-0.142065)
(-0.0287396,0.0227157)
(0.0359238,0.0463979)
(0.03037,0.0410018)
(-0.0126126,0.0256695)
(0.127702,-0.00227433)
(-0.00348555,-0.00126878)
(-0.0695679,0.0677999)
(-0.04031,0.0489822)
(0.00540989,0.0177847)
(-0.0385817,0.0281272)
(0.00969599,0.024518)
(0.000855968,0.00566942)
(-0.0487648,-0.092485)
(0.0112698,0.0138611)
(0.0185707,-0.0203742)
(0.00121708,-0.0157682)
(-0.0149435,0.00258892)
(0.0106978,0.0186492)
(-0.0384593,0.0117175)
(-0.099025,-0.086574)
(0.0358184,0.00371153)
(0.0193971,-0.00298917)
(0.00809264,0.0360145)
(0.00360723,-0.0123816)
(-0.0746303,-0.0596447)
(-0.0209776,-0.00461876)
(0.019456,0.00655409)
(0.0377937,-0.0263723)
(0.0678204,0.0716251)
(-0.0208365,0.0337764)
(0.0229983,0.0238213)
(-0.00234669,0.0123414)
(0.0506846,0.000332861)
(-0.0697469,0.0223492)
(-0.0755407,0.00923284)
(-0.020126,-0.0370754)
(0.0338993,-0.0176282)
(0.0435423,-0.0291512)
(0.0721145,0.0218553)
(0.0797117,-0.0246461)
(0.00780248,0.0965118)
(0.163129,-0.0699407)
(0.141237,-0.0867327)
(0.0123182,0.0155553)
(0.0277801,-0.0336837)
(0.00580043,0.00337387)
(0.0546521,-0.0158691)
(-0.00145412,-0.0251799)
(0.0258733,-0.00342666)
(0.0412064,-0.00915924)
(-0.00313163,-0.000685284)
(-0.029655,-0.00216889)
(-0.0230313,-0.0205876)
(-0.0280283,-0.00138047)
(-0.0323999,-0.00587417)
(0.0943729,-0.018788)
(-0.0360712,0.00291676)
(0.187771,-0.0538585)
(-0.0117401,0.0325572)
(0.352642,-0.141632)
(-0.0219607,0.0297752)
(0.00146997,0.0284476)
(-0.0147354,-0.0531839)
(-0.0646722,-0.0581376)
(0.0237098,0.0744779)
(0.0148741,-0.0344567)
(0.0157191,0.0335179)
(0.0339533,-0.00466493)
(-0.0412294,0.011842)
(-0.0406328,0.0104013)
(0.0219337,0.0339161)
(-0.0362677,0.0173388)
(0.0284435,-0.0200924)
(0.0635676,-0.0373381)
(-0.0102304,-0.00111964)
(0.133798,-0.0573022)
(0.0579232,-0.0339452)
(0.000100617,0.0160517)
(-0.0258146,-0.0620237)
(-0.0147564,0.0260991)
(-0.0319265,0.0116414)
(0.0237105,-0.00909875)
(-0.0297582,-0.0302242)
(-0.00091111,0.00301915)
(0.0542207,-0.0305826)
(0.0273753,0.00587009)
(-0.0916725,0.0102371)
(0.0071864,-0.0109337)
(0.425189,-0.056476)
(0.0181093,0.0713774)
(0.00612177,0.0588115)
(0.530801,-0.0270524)
(-0.0095119,0.0197829)
(0.457891,-0.0921191)
(-0.0376293,-0.0918338)
(-0.047884,-0.0910659)
(0.075355,0.00229976)
(0.0113223,-0.0205906)
(0.0561979,-0.0307773)
(0.0333562,-0.0529639)
(0.0280482,-0.0735041)
(0.440298,0.0170759)
(-0.018188,0.0237665)
(-0.0680304,-0.033693)
(0.020706,0.024032)
(0.0159957,0.00669009)
(0.012631,0.0372184)
(0.589243,-0.246025)
(0.341895,-0.0118597)
(-0.0420092,0.0143353)
(0.40054,-0.0979771)
(-0.00109273,0.110931)
(0.0191967,0.0913075)
(0.455827,-0.145846)
(-0.000444366,-0.0130706)
(0.589516,-0.253833)
(0.364217,-0.119052)
(0.00313815,0.0234135)
(0.365181,0.00574818)
(0.326213,-0.151378)
(0.263938,0.020023)
(0.00498429,-0.00625029)
(0.0833974,-0.00709619)
(0.0562823,0.0312125)
(0.29138,-0.102266)
(0.0534438,0.0165364)
(0.0497342,0.02311)
(0.025967,-0.0196072)
(-0.0730623,0.0316558)
(-0.00452373,-0.0102407)
(0.0162447,-0.030504)
(0.0501023,-0.0233486)
(-0.0142456,0.0349369)
(-0.0300356,0.0473504)
(0.440181,-0.146249)
(-0.00947842,0.0308473)
(-0.000973334,0.0571836)
(-0.016745,0.0357022)
(-0.0223329,0.0490311)
(-0.0170694,-0.0731639)
(0.0667988,-0.0197053)
(0.0318058,-0.0341876)
(-0.0255049,-0.0325993)
(0.354953,-0.178634)
(0.346727,-0.151819)
(-0.0324644,0.0128788)
(0.507943,-0.183949)
(0.21139,-0.126786)
(0.734061,0.0253207)
(0.499754,-0.0420566)
(0.583825,0.0718106)
(-0.0199376,-0.0264787)
(0.0589596,0.0564653)
(0.390494,-0.0579381)
(0.426329,-0.0216079)
(-0.0457772,0.0234941)
(-0.043428,0.0564649)
(-0.011871,-0.0012549)
(0.00235287,0.0389683)
(-0.0409696,-0.00664465)
(0.0193981,0.00969659)
(-0.0633973,-0.0254377)
(0.00804764,0.00165475)
(0.00117776,0.0010453)
(0.00314985,0.0403366)
(-0.0501066,0.0593492)
(0.0116858,0.0171891)
(0.0179059,0.0265077)
(0.461274,-0.113327)
(0.485946,-0.143187)
(0.576534,-0.0699585)
(0.56767,-0.0479345)
(0.0323032,-0.0408718)
(0.0638029,-0.0215239)
(-0.013233,-0.0252574)
(-0.0256679,0.0188917)
(-0.0394479,-0.0233306)
(0.049545,0.0759431)
(0.000648696,0.0595373)
(0.012015,0.0350187)
(0.00642215,0.0260454)
(0.047136,-0.0507532)
(0.0324604,-0.0608122)
(0.0668245,0.0150556)
(-0.0104774,0.0547935)
(0.467107,-0.069517)
(0.533096,-0.0886773)
(0.458299,-0.0459064)
(0.638499,-0.0953355)
(-0.049145,-0.0283035)
(-0.0298127,-0.0169494)
(0.0251157,0.0697193)
(0.0302724,0.0692615)
(-0.0456651,0.0088158)
(-0.06001,-0.0289604)
(0.00276452,0.058385)
(-0.0272408,-0.0739429)
(-0.0254021,-0.0310768)
(-0.0621959,-0.00225164)
(-0.0337271,-0.0239004)
(-0.00867661,-0.00728451)
(-0.0171946,-0.00669857)
(0.513259,-0.244968)
(0.555188,-0.245604)
(-0.100021,-0.0194211)
(0.438907,-0.139246)
(-0.0143708,0.00640073)
(0.469305,-0.0933211)
(0.45673,-0.0979178)
(-0.0376371,-0.0251084)
(-0.00719528,-0.0346338)
(-0.00476505,0.0166554)
(-0.00643849,0.0386016)
(0.485228,-0.108794)
(0.575071,-0.147016)
(-0.0355587,-0.021024)
(-0.0182697,-0.0147146)
(-0.0430802,-0.0278352)
(0.025749,0.043185)
(0.610855,-0.497549)
(-0.0136561,-0.0366392)
(-0.0086845,-0.0516041)
(0.403083,-0.359606)
(-0.0168639,0.0382212)
(-0.0234458,0.026549)
(-0.0516071,-0.0253991)
(-0.0231732,0.0201781)
(0.435935,-0.117134)
(0.419533,-0.148098)
(0.608299,-0.102594)
(0.619577,-0.153751)
(-0.0108911,0.00107604)
(-0.0488556,0.0189742)
(-0.0418365,-0.00881073)
(0.174883,0.0139313)
(-0.00693625,-0.0050828)
(0.0414665,-0.0219863)
(-0.00710719,-0.0483771)
(0.0169914,0.0912626)
(0.0132748,0.09327)
(0.0219029,-0.0426679)
(-0.0751293,0.0161426)
(0.0825014,-0.0261759)
(0.0452963,-0.0373206)
(0.0118209,0.00459508)
(-0.0450944,-0.0544028)
(0.0138163,0.0198132)
(-0.0868932,0.0360048)
(-0.000912971,0.0212179)
(-0.0242589,0.000532007)
(-0.0578372,-0.0035873)
(-0.0355267,-0.103943)
(0.0351364,0.0565115)
(0.00875297,-0.00811628)
(0.0283949,-0.0491366)
(-0.0223229,-0.0990159)
(0.0300092,-0.0822387)
(-0.0178615,-0.0253215)
(-0.024841,0.0158943)
(-0.0324637,-0.017763)
(0.57144,-0.050571)
(-0.0224944,-0.0331573)
(-0.0419999,-0.105092)
(-0.0251439,-0.00194152)
(0.0128542,0.0140273)
(-0.00580539,0.00604247)
(-0.021984,0.0140714)
(0.00872755,0.0123991)
(-0.0214135,-0.011693)
(-0.0104428,0.047517)
(0.000805213,-0.0230817)
(0.499196,-0.0960486)
(0.0105729,0.0311007)
(-0.00362872,-0.00270115)
(0.0421588,0.0438738)
(-0.0247821,0.0333162)
(-0.0208409,0.0272172)
(-0.00992992,0.0348908)
(-0.0251677,-0.0400839)
(-0.0283681,-0.0648808)
(0.0580836,0.0349168)
(0.0178797,0.0500883)
(0.0123939,0.0363261)
(0.0400942,0.00117875)
(0.0495843,0.0172477)
(0.0277821,0.00520036)
(-0.00252579,0.0132186)
(0.00563435,-0.00788635)
(-0.057855,-0.0104378)
(-0.0417836,0.0500055)
(-0.0230377,-0.00783323)
(-0.0394701,0.0268247)
(0.0493905,-0.054551)
(-0.0136583,0.0242116)
(-0.0421514,-0.006852)
(-0.0381563,0.00762381)
(-0.00212634,0.0514932)
(-0.0531104,0.020061)
(-0.0283235,-0.000212722)
(-0.0195361,0.00942795)
(-0.00171545,0.0179045)
(0.0198365,0.0535772)
(0.0392927,0.0349045)
(0.373511,-0.0747832)
(-0.00223456,0.0188628)
(-0.0355129,0.04164)
(-0.0208524,-0.0404379)
(-0.0524288,-0.0230109)
(-0.0712987,-0.025893)
(-0.0327818,-0.033152)
(-0.0594,-0.0327846)
(-0.0895628,-0.0585913)
(-0.0072607,-0.0511957)
(-0.0595115,-0.0260027)
(-0.0708,-0.0340161)
(0.414395,-0.139516)
(-0.00285648,-0.0170012)
(-0.027319,0.0147921)
(-0.00791114,0.0271752)
(0.0206931,-0.0341905)
(0.0023663,-0.00943833)
(-0.00501865,0.0224635)
(0.0677569,-0.0416433)
(0.0087902,0.0104066)
(0.0234563,0.0270271)
(-0.0345156,-0.00240338)
(-0.00424352,-0.0247977)
(-0.0355792,-0.00599656)
(-0.0687906,0.012387)
(0.0710911,-0.021191)
(0.00551793,-0.057368)
(0.407517,0.0252836)
(0.0131123,-0.0680371)
(0.0375562,0.0355187)
(-0.0344747,-0.0440739)
(0.0720846,-0.0513802)
(-0.0117678,0.0155967)
(-0.046142,-0.091087)
(0.0205932,0.0276992)
(-0.0235,0.0207339)
(-0.0197376,0.00494965)
(-0.00426992,0.0426761)
(0.0146694,0.0483721)
(0.00498302,0.0427353)
(-0.00410607,0.0498169)
(0.104635,0.067597)
(0.354083,-0.135126)
(0.404337,-0.141678)
(0.0356439,-0.0697717)
(0.0105481,0.00472993)
(0.458823,0.0311554)
(-0.0444121,0.030258)
(0.0406847,-0.0816502)
(-0.0273336,0.0296033)
(-0.00122595,-0.0447235)
(-0.00577398,-0.0329325)
(0.225449,-0.0409055)
(0.157306,-0.0688307)
(0.0607479,0.024339)
(-0.0120554,0.027582)
(0.00169037,-0.0275778)
(-0.0110933,0.0829879)
(0.40069,-0.135358)
(0.0083949,0.0101955)
(0.00663459,-0.0554699)
(0.00722493,-0.0403199)
(0.0595733,0.0415117)
(-0.0487378,-0.0413945)
(-0.0899803,-0.0328875)
(0.0266758,0.0795612)
(0.368324,-0.0335769)
(0.388656,-0.0680684)
(0.0140121,-0.0406836)
(-0.00344582,-0.0721858)
(-0.0109822,0.0222216)
(0.0512316,0.0241053)
(-0.0516436,0.0201924)
(0.145988,0.0527312)
(0.389574,0.0607752)
(-0.0473491,-0.0465098)
(0.00286637,-0.00547469)
(-0.0137706,0.00977661)
(-0.0139009,0.00191025)
(0.0137916,0.089663)
(-0.00319573,0.00691547)
(-0.0129678,-0.0167268)
(-0.0396831,-0.0197987)
(0.0277266,0.0160267)
(-0.0517998,0.0188158)
(-0.0577122,0.0127929)
(0.0165714,0.0775829)
(0.0363205,0.0522918)
(-0.0725925,-0.0401983)
(-0.0119646,-0.0074135)
(0.0194839,0.0576398)
(0.0609544,0.0368762)
(0.0615501,0.0255748)
(-0.0417409,0.0533799)
(0.00942537,0.0385965)
(0.56693,-0.233572)
(0.0431075,-0.00376073)
(-0.0398281,0.00211025)
(-0.089897,-0.0234018)
(-0.0767737,-0.0472196)
(0.013184,-0.0293653)
(0.0436457,-0.0313099)
(-0.0245692,-0.0435496)
(0.0425812,-0.0489616)
(0.0160391,0.0781238)
(0.0157114,-0.0301623)
(0.46869,-0.0981138)
(-0.0213057,0.0535452)
(-0.0274374,0.0468591)
(-0.0230192,0.0393368)
(0.0499522,-0.0223598)
(0.0298974,0.0233112)
(-0.048301,-0.0541136)
(0.0198588,-0.0226266)
(0.069302,0.00570065)
(-0.00405786,-0.0492897)
(0.000799021,0.0772349)
(-0.0531677,0.0196691)
(0.474154,-0.26907)
(-0.0775896,-0.00981193)
(0.0076783,0.0478548)
(0.0452206,0.0488408)
(-0.0792837,-0.0204675)
(-0.0579674,0.019735)
(-0.0119685,-0.00317034)
(0.0670339,-0.0206393)
(0.037095,0.0652566)
(0.0393923,0.0239162)
(0.0113827,-0.0591529)
(-0.0281187,-0.00956647)
(-0.0564556,-0.068552)
(-0.0567239,-0.00560661)
(0.0119744,-0.0114277)
(0.00484928,0.0322857)
(0.0136661,-0.00972546)
(0.036908,-0.0265996)
(-0.0504739,-0.0329128)
(-0.0341199,-0.015166)
(-0.041724,-0.0531391)
(0.115629,-0.0458067)
(-0.00727991,-0.0406092)
(0.282244,-0.14086)
(0.0223197,-0.0185241)
(0.0149031,0.0427139)
(-0.0146777,0.00831964)
(-0.0112944,0.0316356)
(-0.0471819,-0.0213128)
(0.0336816,0.0116621)
(0.00506686,0.0672384)
(-0.0371153,0.0325818)
(-0.0107839,0.0333881)
(0.0184948,-0.0306494)
(0.0183349,0.00659909)
(-0.0748652,-0.00106104)
(-0.00776278,0.0111591)
(-0.0292105,0.0295992)
(-0.0384229,0.0542869)
(-0.0108146,-0.011038)
(-0.0672128,-0.0169964)
(0.00972308,0.0319011)
(0.446268,-0.160264)
(-0.080723,-0.00810909)
(0.600397,-0.0798287)
(0.0155151,0.0433078)
(-0.0493827,0.0736152)
(-0.0534127,0.0784172)
(0.0613677,-0.0002012)
(0.0599832,0.0809005)
(0.0368838,-0.0198197)
(0.0353285,0.0266995)
(0.00920016,-0.0129257)
(0.00431734,0.00766043)
(-0.0186621,-0.00425463)
(0.434612,-0.154578)
(0.00797997,-0.0360298)
(0.0464001,-0.0533055)
(0.0220683,-0.0507764)
(0.00377004,-0.0966233)
(0.0424056,-0.0169654)
(0.452267,-0.123185)
(0.0399652,0.00727679)
(0.0461071,-0.0137634)
(0.608921,-0.16334)
(0.0645039,-0.0333988)
(0.00238011,0.0395323)
(0.0347877,0.0548903)
(0.0328883,-0.0462595)
(0.369105,-0.230971)
(0.508796,-0.249368)
(0.534184,-0.414526)
(0.441484,-0.316103)
(0.0102244,-0.00350378)
(0.0139894,0.00634756)
(0.00271774,-0.0174408)
(-0.0360713,-0.105465)
(0.023268,-0.000724849)
(-0.0743674,0.014496)
(-0.0850592,0.0117638)
(0.0500523,0.045561)
(0.00796544,0.00317535)
(-0.00734257,0.0498982)
(-0.0207104,0.0121153)
(0.0223635,0.0209122)
(0.0515501,0.0287153)
(0.0366175,0.0257643)
(0.0649838,0.068584)
(0.0354832,0.00868505)
(0.0607905,-0.0172916)
(-0.0113544,0.0376535)
(0.00159117,0.0560611)
(-0.00591042,0.10234)
(-0.00280973,0.0150339)
(-0.0368986,-0.0015789)
(-0.0424887,0.00877212)
(-0.0155524,-0.00835768)
(-0.0192903,0.0176986)
(0.0566574,0.0188782)
(-0.0440973,-0.016642)
(0.0162019,0.000911135)
(-0.0698224,-0.0144756)
(0.0177733,0.0298866)
(0.0309415,-0.0268176)
(0.0143085,0.0161338)
(0.02782,-0.0730625)
(0.370335,-0.0302863)
(0.0316644,-0.0428009)
(0.54063,-0.119071)
(-0.0269872,0.057163)
(0.0291504,0.0125076)
(-0.0141677,0.0105143)
(-0.0763609,0.122215)
(0.00452294,0.00244842)
(-0.0746557,0.0179014)
(0.00870697,0.00552632)
(0.00929943,0.0332261)
(-0.00973337,0.00222003)
(-0.0348291,0.0469949)
(0.00979553,-0.0460963)
(-0.00275364,0.109001)
(0.00573958,-0.0538313)
(-0.0274259,0.0149206)
(-0.0533033,-0.0204435)
(-0.0741975,-0.0381673)
(0.0822035,-0.0536234)
(0.033777,-0.0888751)
(0.00544224,0.0733394)
(-0.0145684,0.0944827)
(-0.0154551,0.00865079)
(0.191366,-0.115029)
(0.0726471,-0.00798978)
(-0.0368242,-0.0404778)
(-0.0135953,-0.0398724)
(0.0589382,-0.0471404)
(0.376263,-0.110278)
(0.000396774,0.0741481)
(-0.00565188,0.0331242)
(0.029848,-0.0224175)
(-0.0564359,0.0341265)
(0.000803739,0.0104392)
(0.111262,-0.0265489)
(0.276251,-0.15235)
(0.356896,-0.15037)
(-0.0408943,-0.0306002)
(0.00962104,0.0585466)
(-0.0785349,-0.0259268)
(0.202743,-0.12941)
(0.489591,-0.143521)
(-0.0466343,0.0198033)
(-0.00594721,0.0147617)
(-0.00520273,0.0206235)
(0.00542916,-0.00452581)
(-0.0201181,0.0143274)
(-0.0193955,0.00691418)
(-0.0238364,0.00026066)
(-0.00935199,-0.0134206)
(0.0115324,0.0304096)
(0.044114,0.0214971)
(0.497404,-0.094356)
(-0.0402813,0.00210584)
(-0.00733486,-0.0399532)
(0.0512858,0.0256539)
(-0.0135035,0.0276603)
(0.00210696,0.0464734)
(0.0354404,0.0237857)
(0.0145082,0.00198429)
(0.289341,-0.0992082)
(0.0617631,0.0412308)
(-0.0215674,0.00482409)
(0.0759077,0.0634109)
(0.0346043,-0.00528648)
(-0.036331,-0.00219712)
(-0.0391757,-0.0265675)
(-0.024546,0.000115417)
(0.280675,-0.11417)
(0.510606,-0.0437248)
(-0.0217578,0.085845)
(-0.0574565,0.0458479)
(0.016133,-0.00907021)
(-0.0620613,0.0963037)
(-0.0942957,0.0204486)
(-0.0971452,-0.0108508)
(0.0294592,0.0552503)
(-0.0153036,-0.00916086)
(0.0475685,0.00131683)
(0.0509972,-0.00959972)
(0.153254,-0.0700072)
(0.0485379,-0.0154402)
(-0.122266,0.000893423)
(-0.0954702,0.064579)
(-0.00576474,0.0205146)
(-0.007947,0.0116049)
(-0.0149094,0.00761454)
(0.052434,-0.0040942)
(0.0814842,-0.0303607)
(0.0557162,0.049857)
(0.0173385,0.0195881)
(-0.0290053,-0.0618011)
(-0.0498764,-0.0673028)
(-0.00958367,-0.0225972)
(-0.0128052,0.053143)
(0.00171197,0.0251968)
(0.0153154,0.0164174)
(-0.00742588,0.0444829)
(0.0580477,0.00786876)
(-0.0137196,-0.0200316)
(0.00730166,-0.00441272)
(0.0521249,0.00300373)
(0.0193313,0.0346078)
(0.0353943,0.0420972)
(0.0437591,0.0246569)
(0.0532719,-0.017281)
(0.572614,-0.12593)
(0.00877786,-0.0174104)
(0.00968597,0.0324926)
(-0.023763,0.0163014)
(-0.00158741,0.0170185)
(0.0289255,0.0190113)
(0.0414289,0.000377612)
(0.032062,-0.000454742)
(0.0626312,-0.043709)
(0.0385708,-0.0361302)
(0.0437153,0.0196853)
(0.0208423,-0.0153775)
(0.0594835,-0.00111779)
(0.0492283,0.0406569)
(0.0187487,0.00813905)
(0.0670087,0.0268915)
(0.0866244,0.0343582)
(0.0264427,0.00571183)
(0.00380207,-0.0848225)
(-0.0207067,-0.0722446)
(-0.0640165,-0.0486586)
(0.00124151,-0.0346472)
(0.0149386,0.00831616)
(-0.00303931,-0.0136055)
(-0.0434409,0.0516536)
(0.0264967,0.0316795)
(0.0185179,-0.0480541)
(0.0129027,-0.0521288)
(-0.00631658,-0.0341123)
(0.0330621,0.018892)
(-0.0102924,0.0336938)
(0.0271956,-0.0109621)
(-0.0553156,-0.0379589)
(-0.0182672,-0.0274614)
(0.0647103,-0.00466496)
(0.0874003,-0.041769)
(0.0372179,-0.0447966)
(0.0258913,-0.0554948)
(-0.140014,-0.0143474)
(0.0455354,-0.0182801)
(0.0597799,0.00704001)
(-0.11465,0.11921)
(-0.140576,0.0691806)
(0.0109507,0.0515743)
(-0.0419891,0.0223074)
(-0.0306103,-0.0420848)
(-0.010961,0.0622001)
(-0.0301375,0.0876826)
(0.00401085,-0.0315586)
(-0.049487,0.0142946)
(0.0102801,-0.00543766)
(0.0038923,-0.024673)
(-0.0192726,-0.0319996)
(-0.0347337,-0.0181768)
(0.404114,-0.050266)
(0.0353748,-0.0468736)
(0.103045,-0.0145256)
(0.0646116,0.0133297)
(0.00682956,0.0185295)
(-0.0175095,0.0284295)
(0.0118002,0.0293897)
(0.0164186,0.0287645)
(0.00333466,0.0261503)
(0.102653,-0.0199849)
(-0.0409609,0.0592647)
(0.00173653,0.0735255)
(0.0496033,0.0177256)
(0.0197651,0.00620168)
(-0.0502122,0.028043)
(0.0159268,0.0362162)
(0.0164146,0.0404855)
(0.0701402,-0.00987138)
(-0.0213044,0.0219264)
(0.0631673,0.0248402)
(0.00185831,0.00247754)
(-0.00690981,-0.0551212)
(0.0299485,-0.0203268)
(0.0125207,-0.0493766)
(0.0897177,-0.0220056)
(0.410673,-0.0845815)
(0.438817,-0.0689444)
(0.0615123,0.04143)
(0.393606,-0.0815829)
(0.0419815,-0.0218492)
(0.385612,-0.0845452)
(0.217534,-0.0505235)
(-0.0140916,0.0635781)
(0.442965,-0.125171)
(0.567423,0.0292329)
(0.617378,0.0772399)
(0.0176418,0.0637195)
(-0.0515345,0.0120483)
(-0.0378408,-0.0233887)
(-0.0472336,-0.00681578)
(0.0382432,0.0780498)
(-0.0124498,-0.00255305)
(-0.0208533,-0.0089919)
(-0.0313084,0.00749865)
(-0.0443353,-0.0227796)
(0.0437744,-0.0512875)
(0.0203945,-0.00531672)
(0.0593818,-0.0314021)
(-0.0618403,0.017714)
(-0.0369187,0.060401)
(0.0254008,0.0111657)
(-0.0350527,-0.0213335)
(-0.0125553,0.0478026)
(-0.0313822,-0.0145197)
(0.0214113,-0.00770669)
(0.0367746,-0.022176)
(-0.00104845,-0.0534361)
(0.0032264,-0.0115581)
(0.00324117,-0.0413999)
(0.0443807,-0.0165389)
(-0.0140747,-0.0565339)
(0.0503506,-0.00278343)
(0.0741258,0.102163)
(0.0276681,0.00910691)
(-0.00034899,0.000897002)
(-0.0303476,-0.0388125)
(-0.000865746,-0.0336796)
(-0.0553567,-0.0272067)
(-0.0303287,-0.0406492)
(-0.0218003,-0.00712231)
(-0.0219529,0.0261262)
(0.0278042,-0.051643)
(-0.0226773,-0.00960176)
(0.494455,-0.210796)
(0.000786684,0.0198244)
(-0.0275087,0.0333884)
(0.0151692,0.0109023)
(-0.045935,0.0213168)
(-0.0208586,-0.03233)
(-0.0223874,0.0010864)
(0.467947,-0.108649)
(0.61947,-0.150719)
(0.500378,-0.0914109)
(-0.0190756,0.00233666)
(0.439157,-0.0706469)
(-0.0126028,0.0051496)
(0.0390844,-0.00492853)
(-0.0143308,0.0248222)
(0.0286348,-0.0186121)
(0.198354,-0.0524886)
(0.0158626,-0.00487055)
(-0.0156962,0.02829)
(-0.0165939,0.0175261)
(0.108026,-0.0247437)
(-0.0463954,-0.0065872)
(-0.104134,-0.0377928)
(0.425068,-0.111465)
(-0.0626839,0.0139125)
(-0.0418645,-0.00435348)
(-0.0207061,0.0431118)
(-0.00146263,0.0290431)
(-0.00895806,-0.00240588)
(0.0231574,0.0313151)
(0.11148,-0.0778904)
(0.027821,-0.00540939)
(0.0856717,0.0305387)
(0.197661,-0.0784764)
(0.041116,0.0243354)
(0.0151847,-0.0108393)
(0.0126315,0.0849991)
(-0.0432802,0.0421656)
(0.0461035,0.0504007)
(0.0417215,-0.0240782)
(-0.0253881,-0.0554237)
(-0.0170568,0.0426547)
(0.0482733,-0.00139205)
(0.063232,-0.0419111)
(-0.0122313,-0.00304869)
(-0.011154,0.0361988)
(0.0289404,0.0380881)
(-0.0025767,0.0419076)
(-0.00578566,-0.0141416)
(0.0120303,0.000206429)
(0.0342488,0.0177703)
(-0.00955347,-0.0495296)
(0.0551125,-0.00040759)
(0.0193088,-0.0255332)
(0.0346951,0.050854)
(0.0465481,0.0210947)
(0.0190558,-0.0615076)
(0.108038,0.0195666)
(0.0109467,-0.00088168)
(0.039894,-0.0348502)
(0.0177881,0.0184735)
(-0.0341043,-0.0348595)
(-0.0167877,-0.0329428)
(0.00979962,-0.0042477)
(-0.0464463,-0.0651506)
(-0.0458552,-0.0153674)
(0.0323555,0.0634905)
(-0.00722692,-0.0206436)
(-0.0748489,0.0557319)
(-0.0131857,0.0245002)
(-0.0249031,0.029464)
(-0.0115433,-0.0322167)
(-0.0290949,0.0199513)
(-0.0350106,0.020425)
(0.183197,-0.0785441)
(0.0623879,0.00347963)
(-0.0225345,-0.0262729)
(0.0459247,0.00607043)
(-0.0317949,-0.0321227)
(0.0284241,0.0423737)
(-0.00193096,0.0119028)
(0.0596289,0.056263)
(0.00614743,0.0581459)
(-0.0524447,-0.0696497)
(0.0445533,0.0350631)
(-0.0138939,0.050448)
(0.0116347,0.103343)
(-0.0221549,-0.030528)
(-0.0638449,-0.00922168)
(0.0306619,-0.0332941)
(0.0442732,-0.037343)
(0.017393,0.0200664)
(0.0347116,0.0520554)
(-0.0445984,0.0806823)
(-0.0225963,0.0250246)
(-0.0562589,-0.0189268)
(0.033427,0.046748)
(0.0057552,-0.0439914)
(0.487062,-0.30876)
(0.0148332,0.0116657)
(-0.0309858,0.00926874)
(0.0252018,0.00359892)
(-0.0290535,0.0159203)
(0.00312735,-0.0689772)
(0.0172103,-0.0516942)
(-0.0258915,0.0269932)
(0.0237317,0.000828118)
(0.681346,-0.286055)
(-0.0153488,0.000752797)
(0.0362714,-0.00366419)
(-0.038969,-0.0504894)
(0.616991,-0.327409)
(-0.042444,-0.00941828)
(-0.00808365,-0.0289346)
(0.0370751,-0.00370057)
(-0.0298424,0.0229696)
(0.0183893,-0.020965)
(-0.00526563,0.0706045)
(-0.0450713,0.0282233)
(0.281756,-0.135124)
(0.14315,-0.10827)
(-0.0275551,0.0108543)
(-0.0433917,0.027428)
(-0.0498912,-0.00619037)
(0.0140316,0.0545516)
(-0.0473287,-0.0417149)
(0.392319,-0.0735177)
(-0.063805,-0.0199803)
(-0.0357387,0.0261445)
(-0.0500953,-0.002858)
(-0.0305944,0.0192434)
(0.0322781,-0.0222616)
(0.0209217,-0.000589416)
(0.569568,-0.0579236)
(0.00175369,-0.0160073)
(0.401651,-0.0489371)
(0.00068819,0.0924043)
(-0.0076579,0.0563377)
(-0.0457645,0.0591898)
(-0.0025063,0.0324879)
(0.347523,-0.0527783)
(0.0404974,0.0273478)
(0.163741,-0.00481631)
(0.0199058,0.0851821)
(0.0375029,0.013021)
(-0.071668,0.0387084)
(0.266443,-0.00636711)
(0.281315,-0.100644)
(-0.030573,0.0160561)
(-0.0635402,-0.00581099)
(0.307972,-0.186365)
(-0.0201269,-0.000982211)
(-0.0443287,-0.0417566)
(0.313639,-0.153775)
(-0.0510391,-0.0137884)
(-0.0607311,-0.0333733)
(0.361844,-0.0864276)
(-0.0112825,0.0128971)
(0.179983,-0.0501031)
(0.263909,-0.125914)
(0.0104929,0.116616)
(0.273803,-0.0540166)
(-0.00798427,-0.0431904)
(0.0100231,0.00341301)
(0.0509296,0.00185971)
(0.0282188,-0.0152537)
(-0.00976384,-0.00606264)
(0.0260065,-0.0181789)
(-0.0233367,-0.0141728)
(-0.0154462,0.0262886)
(0.0246681,0.0170996)
(-0.00818999,0.028682)
(-0.00870142,-0.00355172)
(0.0230902,-0.00580438)
(-0.0387481,0.00163975)
(-0.0253848,-0.00288123)
(0.00783817,-0.0248191)
(0.0261142,-0.00644012)
(-0.0358153,0.0176834)
(0.380707,-0.149464)
(-0.022329,0.126146)
(0.0467717,0.0669961)
(0.103575,-0.0297228)
(-0.00799722,0.00525134)
(-0.100335,0.0566926)
(0.614954,-0.313261)
(-0.00520356,0.000648404)
(0.641859,-0.31004)
(-0.00575443,0.0012131)
(0.00457208,0.0144849)
(0.139252,-0.0225365)
(-0.00695365,-0.00719889)
(0.0113693,-0.00631429)
(0.548389,-0.0614988)
(-0.00296347,-0.00253216)
(0.0643873,0.00610326)
(-0.00504371,-0.0158464)
(-0.0259645,-0.0389011)
(-0.0332836,-0.00420006)
(0.0115636,-0.0377601)
(-0.0359674,0.0221912)
(0.0759261,0.0260984)
(-0.027351,-0.0385058)
(0.267168,-0.141538)
(0.0346534,0.0438354)
(0.360494,-0.179511)
(-0.0416084,-0.0552876)
(-0.0164276,-0.0369974)
(0.556095,-0.077436)
(-0.0668781,-0.0181299)
(0.0420121,0.0508373)
(-0.0105334,-0.0223255)
(0.350252,-0.100182)
(-0.0028738,0.0229177)
(-0.055061,0.00604433)
(0.03197,0.0801544)
(-0.046249,0.0113056)
(0.0163668,-0.00456817)
(-0.0287278,0.0033666)
(-0.102849,-0.0449556)
(-0.0119734,0.0419091)
(-0.0521576,-0.0128256)
(0.0278907,-0.0385332)
(-0.0688003,-0.0601475)
(0.00823925,0.0281681)
(0.0321904,0.0428501)
(0.0421305,0.0365756)
(0.0115592,-0.0228004)
(-0.00185242,0.0218165)
(0.0188345,-0.0423073)
(-0.00978154,0.0543773)
(-0.0126296,-0.00784155)
(-0.0153474,0.0101549)
(0.0397462,0.0260749)
(0.0215507,0.0205346)
(0.00797152,0.0716182)
(0.0262669,0.017083)
(0.000788416,0.0483294)
(-0.00599902,-0.0150255)
(-0.0104185,-0.0615218)
(0.0506349,-0.097786)
(-0.0594698,-0.0611824)
(-0.0100861,-0.0672359)
(-0.0128182,0.000773754)
(0.0236189,0.0271656)
(0.559199,-0.0566093)
(-0.0431159,0.0190416)
(0.0274828,-0.00907522)
(-0.0593038,-0.00672503)
(0.373168,-0.0828389)
(-0.00180911,0.0219879)
(0.020254,-0.0324518)
(-0.046606,-0.00802214)
(0.0206932,-0.054846)
(0.0190687,-0.00712244)
(-0.0231017,-0.00857179)
(0.0175834,0.0496795)
(0.376576,-0.0968124)
(-0.0306242,-0.0154893)
(-0.00424218,0.00933969)
(0.725281,-0.100785)
(0.00374985,0.000238862)
(-0.0262951,-0.0147136)
(0.0562155,0.0104188)
(0.45074,-0.0584735)
(0.0373282,0.0402879)
(0.0494764,-0.0128446)
(0.072365,-0.00426649)
(-0.0318022,0.00553245)
(-0.00309943,-0.00984196)
(-0.00572695,-0.0341503)
(0.00745769,-0.0252087)
(-0.0355664,0.015695)
(-0.0119731,-0.0599055)
(-0.0733621,-0.0804024)
(0.00631632,-0.024251)
(0.442208,-0.121313)
(0.0175787,0.0687149)
(0.0327894,-0.0169892)
(0.0448272,-0.0224573)
(-0.0913384,0.00543676)
(-0.0053711,-0.0425113)
(0.00941174,0.0401294)
(0.00815541,-0.0371658)
(-0.0568786,-0.0448957)
(-0.0142086,-0.0544188)
(0.0155817,0.0172632)
(0.0435342,0.0941219)
(0.42082,-0.0683584)
(-0.0111848,-0.0216879)
(0.00140388,-0.02371)
(-0.0667861,0.0900352)
(0.0548205,-0.0391744)
(-0.0574896,0.065892)
(-0.00360399,-0.0539329)
(0.0649948,-0.0707231)
(0.152107,-0.0388154)
(0.0600063,-0.023147)
(0.0093327,-0.0279307)
(-0.00924225,-0.0153852)
(0.684054,-0.129457)
(0.342156,-0.072242)
(-0.0211166,0.0355349)
(0.404887,-0.140961)
(0.497892,-0.174515)
(0.243655,-0.105557)
(0.0144509,0.0887007)
(-0.0036634,0.0754939)
(0.0472085,0.0379731)
(0.116163,-0.00787756)
(0.0255485,0.0232317)
(-0.0261161,0.0120149)
(-0.017118,-0.0916429)
(0.0465508,0.066836)
(-0.0764703,0.0178012)
(-0.0566079,-0.0113018)
(0.000798569,0.0224945)
(0.535737,-0.176167)
(0.0128988,0.0387924)
(-0.0329254,0.0389206)
(-0.0148313,0.0418179)
(0.566589,-0.142628)
(-0.00124563,0.00658842)
(-0.0478306,0.027226)
(0.564642,-0.135214)
(0.517751,-0.107064)
(-0.0500746,0.0558816)
(0.400855,-0.14805)
(-0.00202081,0.0615087)
(-0.024789,0.0916987)
(0.495062,-0.0691813)
(0.281906,-0.0902401)
(0.417701,-0.0718334)
(0.507934,-0.113246)
(0.0144976,-0.0502785)
(0.763816,-0.111106)
(-0.0440529,0.0535875)
(-0.00501582,0.0403196)
(0.194169,-0.019816)
(0.127709,-0.0272742)
(0.00968974,0.0781369)
(0.0365121,0.00422899)
(0.0262279,-0.0369373)
(0.00300819,0.00378975)
(0.0353526,-0.0222863)
(-0.0168723,0.0700196)
(0.0304647,0.01562)
(-0.00240782,0.0121853)
(0.0488211,0.0207659)
(0.134715,-0.0983934)
(-0.00379193,-0.0137979)
(-0.0511123,-0.112091)
(0.00275608,0.0676013)
(-0.0110596,0.0458937)
(-0.0300714,-0.0454745)
(0.424444,-0.113008)
(-0.0329888,0.0264609)
(0.0376509,-0.0137817)
(-0.00288061,-0.0194706)
(0.0206352,-0.0216932)
(0.0363419,0.00327655)
(-0.034527,-0.0286361)
(0.0287202,0.0121236)
(-0.0679138,-0.038786)
(0.504947,-0.150898)
(-0.0172999,-0.0121922)
(0.337669,-0.123512)
(0.0343374,0.00149766)
(0.0783795,0.0439285)
(-0.0371629,-0.0039493)
(0.0535916,-0.0313391)
(-0.0475273,-0.032624)
(0.0244631,-0.0532589)
(0.0194814,-0.040328)
(0.0360184,0.00347323)
(-0.00729315,0.0108266)
(0.0132285,-0.0450773)
(0.0422745,-0.0197284)
(0.0242268,0.0100861)
(0.435018,-0.0223379)
(0.297281,0.0191794)
(-0.0474557,-0.0331603)
(0.0426427,-0.00145619)
(0.0421566,-0.027343)
(0.0958433,-0.0325732)
(0.470519,-0.091061)
(0.0045133,0.00383346)
(0.0782456,-0.00744473)
(0.0929033,0.0177688)
(0.0823425,-0.0068368)
(0.360011,-0.0469705)
(0.00179862,0.024055)
(-0.0115048,-0.00352907)
(-0.0108171,0.0079139)
(0.00143365,0.0164662)
(0.424669,0.0394451)
(-0.0141303,0.042313)
(-0.0048594,0.0351606)
(-0.00329697,0.030918)
(0.016294,0.00551414)
(-0.0131186,-0.00368897)
(0.416654,0.0493476)
(0.493639,-0.184928)
(0.712555,0.0795241)
(0.052019,-0.0181168)
(-0.0319284,0.0345777)
(0.507723,-0.135001)
(0.0419023,-0.0154761)
(0.100952,-0.0407183)
(0.303424,-0.119295)
(-0.0396076,-0.0191759)
(-0.0156689,0.0573065)
(0.0202709,0.0229148)
(-0.0267615,0.0147264)
(0.058147,0.0455686)
(0.231776,-0.109429)
(0.298225,-0.167732)
(0.287247,-0.159488)
(0.321098,-0.0732696)
(0.733813,-0.180623)
(-0.0808921,-0.0196152)
(-0.0413708,0.00958459)
(-0.0782968,0.0288717)
(0.13586,0.0775349)
(0.482171,-0.188129)
(0.492818,-0.161697)
(-0.0403009,0.0238143)
(-0.0343298,-0.0744748)
(-0.0498743,-0.0123229)
(0.648633,-0.146209)
(-0.0210902,0.00934978)
(0.0635082,0.0112419)
(-0.0239995,-0.0347173)
(0.594014,-0.411674)
(0.0479224,0.0242105)
(-0.0314023,0.00563322)
(0.68803,-0.066959)
(0.55973,-0.104138)
(-0.0227988,-0.0175069)
(-0.0131815,-0.0346755)
(-0.00689304,-0.00331834)
(0.0160508,-0.00284921)
(-0.00765815,0.0552878)
(0.0158571,0.0156772)
(0.0360382,0.0526129)
(0.406749,-0.161857)
(0.667119,-0.0953528)
(0.516673,-0.109209)
(0.469277,-0.0611068)
(0.473362,-0.09266)
(0.186481,-0.110888)
(0.305471,-0.0809895)
(0.22449,-0.111181)
(0.207493,-0.0702011)
(-0.010298,0.00209801)
(-0.00202232,-0.0205795)
(0.342205,-0.103528)
(0.551722,-0.109866)
(0.579731,-0.0466036)
(0.503517,-0.075025)
(0.594032,-0.182322)
(0.0138278,0.0405424)
(0.51738,-0.108199)
(-0.0639859,0.122424)
(0.0240032,-0.0419471)
(-0.00513832,-0.0242534)
(0.02694,0.0636729)
(-0.055535,0.00255581)
(-0.00379715,-0.0670069)
(0.0361886,0.0210541)
(-0.00129998,-0.0197967)
(0.00507258,0.11772)
(0.413891,-0.0461946)
(-0.0116921,-0.00946134)
(0.438995,-0.195445)
(0.435107,-0.0613494)
(0.416312,-0.165483)
(-0.00885412,0.0157745)
(0.0168873,0.0595259)
(0.00096215,0.0270014)
(0.537682,-0.102855)
(0.00218783,-0.0233111)
(0.0777347,-0.0296572)
(0.386883,-0.142795)
(0.309506,-0.109107)
(0.544151,-0.135839)
(0.403628,-0.277088)
(0.643114,-0.27611)
(0.412724,-0.00515417)
(0.00667601,-0.0500959)
(-0.0318198,-0.0911223)
(0.00074676,-0.0167131)
(0.0359904,0.0446875)
(0.00588127,0.0627553)
(-0.0213807,-0.0436768)
(0.00735323,0.052723)
(0.308782,-0.0567879)
(0.236393,-0.0256456)
(-0.0224097,-0.0179398)
(0.192006,0.0204364)
(0.000776096,-0.0413827)
(0.493221,-0.0880078)
(0.565062,-0.0314986)
(-0.0894506,0.0107869)
(-0.0264776,0.0741298)
(-0.0193739,0.0666235)
(0.0472417,-0.00269536)
(0.489126,-0.0952546)
(0.0156334,-0.0168248)
(0.137417,0.00578085)
(-0.0923332,0.0502586)
(0.201592,-0.0732424)
(-0.0328533,0.0492176)
(0.336387,-0.0918061)
(-0.0243982,0.0369563)
(0.0808152,-0.0081574)
(0.0159013,0.0216824)
(0.0372544,-0.01491)
(0.498384,0.0315006)
(-0.000640335,-0.0142658)
(0.451681,-0.0730185)
(0.461634,-0.0433829)
(0.0283021,-0.0427161)
(0.592456,-0.110085)
(0.507261,-0.172601)
(0.498642,-0.018432)
(0.0463295,0.00556767)
(0.421673,-0.167698)
(-0.000578391,0.0368359)
(0.00234559,0.045635)
(0.0163651,0.0390144)
(0.00546217,-0.0104826)
(0.0107339,0.0035255)
(0.00707701,0.00529861)
(-0.0513278,0.0241584)
(0.57928,-0.208268)
(-0.00517166,0.0451075)
(0.0405119,0.0844994)
(0.369548,-0.148171)
(0.404554,-0.142787)
(0.000316378,-0.0424961)
(0.0993572,-0.0253946)
(-0.0111524,-0.0535988)
(0.453114,-0.0552452)
(-0.0546998,0.00390766)
(0.539541,-0.110454)
(0.29936,-0.106636)
(-0.0649985,-0.025752)
(0.0206494,-0.0315275)
(0.507588,-0.156088)
(-0.054418,-0.0437421)
(0.0306539,-0.0522063)
(-0.0253379,0.0385466)
(0.467926,-0.200828)
(0.422879,-0.158631)
(0.245311,-0.0462616)
(0.445012,-0.161097)
(0.443352,-0.271138)
(0.0469631,-0.0282241)
(0.453575,-0.15875)
(0.471075,-0.0478195)
(-0.00145852,-0.0784058)
(0.496379,-0.150203)
(-0.000245811,0.0150842)
(0.519169,-0.168456)
(0.00283425,0.0174392)
(0.00301282,0.0971819)
(-0.0075101,0.017915)
(0.0175867,0.0146906)
(0.0728761,0.0865157)
(0.110793,0.0882017)
(0.0390069,-0.00687012)
(0.0257386,-0.060499)
(0.228314,-0.0972354)
(-0.00118871,-0.0220965)
(0.0206748,-0.0681145)
(0.0202239,-0.0445796)
(0.0691743,-0.0411663)
(0.0550763,-0.046168)
(0.0683977,-0.0167388)
(-0.0182976,0.0718918)
(0.211048,0.0231392)
(-0.00798636,0.066282)
(0.0405634,0.0173934)
(0.619709,-0.396556)
(0.430791,-0.322024)
(-0.00841028,0.0249795)
(0.0477538,0.050795)
(-0.00124712,0.0619396)
(0.0683371,0.0136056)
(-0.0359493,-0.0204245)
(0.11257,0.0206665)
(0.223565,-0.0354038)
(0.589785,-0.18149)
(0.594843,-0.139349)
(0.0265621,0.0552919)
(0.0281009,0.0512034)
(0.605574,-0.158927)
(-0.0396271,0.0549192)
(0.0168003,0.0304874)
(-0.0252621,-0.0122773)
(0.593048,0.0146986)
(0.00432592,-0.0232565)
(0.268311,-0.170992)
(-0.0443146,0.0237576)
(0.0844453,-0.0377263)
(0.0817714,-0.0405386)
(0.290825,0.0177562)
(0.337745,0.014048)
(0.0116033,0.02561)
(-0.0797405,0.0602612)
(0.404944,-0.0848667)
(-0.0732893,0.054797)
(-0.0239266,-0.0671533)
(-0.02663,-0.0933798)
(0.491994,-0.0868405)
(-0.0609786,-0.0824518)
(0.462404,-0.0492348)
(-0.00926786,-0.0143353)
(0.0395836,0.0248188)
(-0.0197182,0.00920588)
(0.00110537,0.0474331)
(0.00891175,0.0483322)
(0.0197002,0.0226215)
(0.033933,0.00854176)
(-0.0180901,0.0379619)
(-0.00160135,-0.0247964)
(0.618251,-0.221211)
(-0.0216528,-0.0346001)
(0.012261,-0.0105923)
(0.595806,-0.172396)
(0.0378341,-0.000452015)
(-0.0178271,0.0694581)
(-0.0552807,0.0178344)
(-0.0306672,0.0534547)
(-0.0221599,0.00544329)
(0.149949,-0.102923)
(0.0270136,0.0637085)
(-0.0261741,-0.00622162)
(-0.0283505,-0.0572347)
(0.0143211,0.0218247)
(-0.0357523,-0.0181804)
(0.574909,-0.096313)
(-0.112856,0.101657)
(0.606987,-0.18068)
(0.439058,-0.255258)
(0.619682,-0.0459281)
(-0.159006,-0.0447145)
(0.408567,-0.0357103)
(0.47595,-0.148884)
(0.479145,-0.0937528)
(-0.16282,0.0417968)
(0.0641405,-0.0362759)
(-0.0604194,0.0527642)
(0.0898661,0.0004187)
(0.596181,-0.0736958)
(0.609399,-0.0618547)
(0.0199377,-0.0324534)
(-0.0117685,0.0380538)
(0.0417334,0.0676333)
(0.0587407,0.0102579)
(0.349074,-0.15528)
(0.088283,0.0132594)
(0.028706,0.0042818)
(0.0367539,0.0322047)
(0.0862327,-0.0148088)
(0.436094,-0.144069)
(-0.0138992,-0.0522699)
(0.491985,-0.106883)
(0.0331445,0.039457)
(0.0178353,0.0672459)
(0.0579881,0.0652831)
(0.580303,-0.1483)
(0.00562035,0.080478)
(0.376129,-0.0189224)
(0.557058,-0.10465)
(-0.0325453,0.0162786)
(0.0750894,0.0362083)
(0.0507211,-0.0743118)
(0.0110257,0.0684442)
(-0.0697305,0.0157588)
(0.0125471,-0.0609147)
(0.341029,-0.156901)
(0.228749,-0.156293)
(0.0864779,-0.0390719)
(-0.00312496,0.0179993)
(-0.0295212,0.00946926)
(-0.0444586,0.152194)
(-0.000930701,0.0158736)
(0.0051609,0.00880602)
(0.369904,-0.0714737)
(0.544269,-0.147816)
(0.611372,-0.124521)
(0.00537646,-0.0184957)
(0.457336,-0.0163447)
(-0.026604,0.030444)
(0.03658,0.0292119)
(0.0393758,0.0297103)
(0.0231053,0.0480431)
(-0.00397314,0.0121124)
(0.0322865,-0.0229473)
(0.217874,-0.0763187)
(0.551731,-0.153063)
(0.568099,-0.161816)
(0.0683129,-0.0942325)
(0.597205,-0.205184)
(-0.0175585,-0.126107)
(0.397922,-0.157766)
(0.392605,-0.066215)
(0.0154595,-0.0385421)
(0.470103,-0.25208)
(0.421959,-0.128381)
(0.507965,-0.223732)
(0.43867,-0.152472)
(0.586457,-0.0825409)
(0.116162,-0.0155599)
(0.223973,-0.0409333)
(0.236781,-0.0520074)
(0.432508,-0.0989736)
(0.035686,-0.0482413)
(0.559065,-0.0705232)
(0.384507,-0.0936311)
(0.029922,0.0138489)
(-0.0553093,0.00195598)
(-0.0600324,0.0511785)
(-0.0649197,-0.0446738)
(0.389809,-0.102646)
(-0.0733685,0.0204399)
(0.492843,-0.132818)
(-0.0367879,-0.029613)
(0.247955,-0.0363429)
(-0.0312115,-0.000426649)
(-0.0171445,-0.00211361)
(0.421251,-0.119333)
(0.0326338,0.0792341)
(0.0095351,0.00874494)
(0.514672,-0.174674)
(0.016764,-0.0479724)
(-0.0315258,-0.0753914)
(-0.0189543,0.0254791)
(-0.0376682,-0.0175688)
(-0.0196515,-0.00166065)
(-0.0614819,-0.0238584)
(0.522796,-0.236974)
(0.596189,-0.23963)
(0.431023,-0.247201)
(-0.0327699,-0.0426243)
(0.0287309,0.083298)
(0.34808,-0.0903201)
(0.00080374,0.100233)
(-0.027884,-0.0726747)
(0.0122289,-0.00296828)
(-0.00941207,-0.0122876)
(0.510708,-0.382932)
(0.483756,-0.0672345)
(0.510896,-0.0353248)
(0.446861,-0.00598316)
(0.420278,-0.345931)
(-0.0431805,-0.0137593)
(0.512609,-0.00969268)
(0.313261,-0.0553599)
(-0.018236,-0.0405028)
(0.406581,-0.229901)
(0.580291,-0.281731)
(-0.00257581,-0.0480669)
(-0.0144673,0.120885)
(0.618485,-0.085743)
(-0.00890635,0.00158014)
(-0.0116674,0.0372475)
(0.4946,-0.0724961)
(0.0384181,-0.00969062)
(-0.0640096,-0.0196056)
(0.0563089,0.0269651)
(0.0281594,-0.00633821)
(0.554688,-0.0417731)
(0.0507384,0.0333503)
(-0.00590944,0.116251)
(0.0349915,0.0221058)
(0.449967,-0.0543043)
(-0.0348971,0.0568996)
(0.0713019,-0.0111079)
(-0.0172534,0.0821603)
(0.12479,-0.0791697)
(-0.0419937,-0.0404372)
(0.0592468,-0.0142235)
(0.11522,0.0349204)
(0.126471,-0.0186863)
(0.014244,0.0400555)
(0.0645022,0.0128257)
(0.119841,0.0598732)
(0.463506,-0.0454081)
(-0.0131885,0.000127363)
(0.50151,-0.0114019)
(0.00148935,0.00089511)
(0.0239445,-0.0344391)
(0.129877,-0.107443)
(0.478642,-0.125512)
(0.251364,-0.128576)
(0.0127141,-0.0353801)
(0.0239168,-0.0107768)
(0.0464946,0.0257461)
(0.0500114,0.00375162)
(0.0246436,-6.27839e-05)
(-0.0140552,-0.0197091)
(-0.0264743,-0.046556)
(0.0182402,-0.00895965)
(-0.0633564,0.0167838)
(0.0181829,0.0808008)
(-0.0563823,0.0171869)
(0.39991,0.0421134)
(0.0444191,0.0576658)
(0.0730956,-0.012657)
(-0.0248125,0.0275769)
(0.0731403,-0.00365535)
(0.247815,-0.0821764)
(0.189415,-0.078951)
(0.0107039,0.0837398)
(0.154399,-0.109569)
(0.563616,-0.0840839)
(0.0296287,0.00451747)
(0.443801,-0.0655268)
(-0.0129864,-0.000305799)
(0.028222,0.00230219)
(0.0547413,0.0164729)
(0.0443178,-0.0243935)
(0.0447539,0.0135416)
(-0.0278361,0.0360199)
(-0.0386257,-0.0441938)
(-0.0447918,0.0148285)
(0.00610263,0.0377749)
(0.0281119,-0.0249619)
(0.397675,-0.084574)
(0.445373,-0.0948669)
(0.0714322,-0.0182275)
(0.23628,0.0308431)
(0.212057,0.0151087)
(0.554259,-0.194364)
(-0.0216915,6.98816e-06)
(0.160937,-0.0298088)
(0.504854,-0.161777)
(0.179917,0.0187337)
(0.113377,-0.0729743)
(-0.0201268,-0.0453723)
(-0.0389425,-0.0839827)
(0.0890252,-0.0217126)
(-0.00148358,-0.0277405)
(0.433971,-0.102435)
(0.433331,-0.103461)
(0.0505833,-0.0443571)
(0.074933,-0.0333474)
(0.198331,-0.125107)
(0.0870361,-0.0728449)
(0.153754,-0.091938)
(0.0437758,-0.0199254)
