1620
(-0.0354978,-0.0914035)
(0.0235093,0.00611903)
(0.0824445,0.0788302)
(-0.030212,-0.111494)
(-0.0472792,-0.0354108)
(-0.0199792,0.0235753)
(0.100645,-0.0227069)
(0.0236779,0.0140999)
(0.016683,-0.0152846)
(-0.0147341,-0.00225287)
(-0.0532235,0.079375)
(-0.011959,0.0505669)
(-0.0146663,-0.0456396)
(-0.0638733,-0.00816181)
(-0.0261659,0.0381265)
(0.00450453,0.0271355)
(-0.0306786,-0.0463187)
(0.0296619,0.0178664)
(0.0275583,0.00988566)
(0.0120905,0.0181683)
(-0.0674448,0.0138824)
(0.0113987,0.0114491)
(-0.0433803,0.0136807)
(-0.0289691,-0.0143238)
(0.0189022,0.0261896)
(0.0449674,0.000259604)
(-7.46851e-05,0.0450874)
(0.0445962,-0.0597062)
(-0.0372088,0.0286316)
(0.0527296,-0.0194824)
(0.036443,0.0242219)
(0.0443142,-0.0328572)
(0.0172538,0.0444335)
(-0.0554709,0.0461971)
(0.038047,0.0418633)
(-0.00471402,0.0544739)
(0.0481727,0.0226513)
(0.00589705,0.0559643)
(-0.0277504,0.0130792)
(0.0119348,-0.0238395)
(0.0183572,-0.0801261)
(0.0627245,-0.0112454)
(0.0717345,0.0382782)
(0.137874,-0.0119415)
(-0.0204266,0.0541931)
(0.124031,-0.0324836)
(0.106004,-0.0404474)
(-0.0349467,-0.0141206)
(0.0342755,-0.0480829)
(-0.0386896,-0.0351917)
(0.0253571,0.0171341)
(0.0522341,-0.00426905)
(0.00685996,0.016814)
(0.020429,-0.00884748)
(-0.0243971,0.000807818)
(-0.0392808,0.0151703)
(0.019848,-0.00893202)
(0.0322463,0.0512468)
(-0.0402776,-0.0166393)
(0.0645557,-0.00114569)
(-0.0375488,0.00213402)
(0.164752,-0.0501304)
(0.0214497,0.0328094)
(0.363921,-0.0851163)
(0.0126072,0.0195069)
(-0.0352728,0.0229036)
(-0.00292234,-0.0148478)
(0.0118784,0.0233399)
(0.0166152,0.0635549)
(-0.0286581,-0.0793148)
(-0.0236775,0.0764827)
(-0.00813914,0.0455801)
(-0.0371668,0.0621833)
(-0.0523652,0.0412075)
(0.0225144,-0.00214611)
(-0.0466159,0.0512139)
(0.00370274,-0.0191046)
(0.0385859,-0.047671)
(-0.0336827,0.0100475)
(0.0671753,-0.0396475)
(0.0176809,-0.0703736)
(-0.0163983,-0.0219994)
(-0.00581592,-0.0516829)
(0.037763,0.0114386)
(0.0108198,0.0302301)
(0.00634133,-0.0408307)
(-0.0186048,0.00920069)
(-0.0632767,0.00169487)
(0.0432632,0.0215825)
(0.0151511,-0.00865364)
(-0.080495,-0.00874985)
(-0.0586596,0.00807244)
(0.443062,-0.081932)
(-0.00980635,0.0813509)
(-0.0294725,0.0842893)
(0.574856,-0.0295378)
(-0.0463415,0.0273309)
(0.431453,-0.119029)
(-0.0184542,-0.0736279)
(-0.0362602,-0.0419605)
(0.0516312,-0.0161373)
(-0.0573727,-0.0441839)
(0.0431708,-0.0759654)
(0.00623061,-0.0609085)
(-0.0224058,-0.106397)
(0.436219,-0.0607732)
(-0.0190986,0.0597993)
(-0.0680776,0.0191046)
(-0.00202448,0.0247775)
(0.00548785,0.0127059)
(-0.00940721,0.0378495)
(0.593759,-0.0804909)
(0.364269,-0.00690962)
(-0.00882449,-0.0176142)
(0.486621,-0.0451294)
(0.0676179,0.0545112)
(0.0771862,0.0457492)
(0.530357,-0.0669073)
(-0.0182647,-0.0226663)
(0.447316,-0.0891113)
(0.436309,-0.0621839)
(0.00245854,0.0475189)
(0.381801,-0.0890713)
(0.273466,-0.130624)
(0.288797,-0.0939276)
(0.00554421,-0.0171622)
(0.0894362,-0.0307367)
(0.0407779,0.0318814)
(0.34092,-0.135523)
(0.0437731,0.00648401)
(0.0696838,0.0186123)
(0.069987,-0.0129832)
(-0.0246186,-0.037228)
(-0.0474678,-0.0111941)
(-0.0542875,-0.0154415)
(0.050273,-0.0261482)
(-0.0339369,0.0474545)
(0.0140575,0.0519053)
(0.351311,-0.109934)
(-0.0186663,-0.00482821)
(-0.0140645,0.0388941)
(0.0235399,0.0554477)
(0.0249189,0.00514807)
(0.0232204,-0.0582497)
(0.0945309,-0.0376916)
(0.0492266,-0.031024)
(-0.00834636,0.00432224)
(0.398539,-0.112035)
(0.409017,-0.118807)
(-0.0597698,0.0350127)
(0.50651,-0.178771)
(0.178686,-0.0997441)
(0.599859,-0.124681)
(0.506152,-0.030143)
(0.484963,-0.0960021)
(0.00888002,0.0110987)
(0.0940196,0.054378)
(0.423991,-0.0605495)
(0.41697,-0.00700509)
(-0.00734801,0.0433493)
(-0.0129206,0.0720335)
(0.0262041,0.00997666)
(0.0483976,0.0368297)
(-0.0410088,-0.0236758)
(-0.00336173,0.0264259)
(-0.038549,0.00435009)
(0.029297,-0.0222245)
(0.00156573,-0.0292362)
(0.0495343,0.0337607)
(-0.0116656,0.0785884)
(0.0518787,0.00393321)
(0.0641107,0.0275125)
(0.402036,-0.167336)
(0.394524,-0.138964)
(0.533359,-0.11723)
(0.529878,-0.101335)
(0.0482036,-0.0577535)
(0.0998612,-0.0287259)
(-0.0458276,-0.0302075)
(-0.0747853,0.0419956)
(-0.0277596,-0.039585)
(-0.00771472,0.0152545)
(-0.00522709,0.0066748)
(-0.00204483,0.0188094)
(-0.00148826,0.0176487)
(-0.000150184,-0.0258753)
(-0.000635792,-0.0327562)
(0.125608,-0.0806782)
(0.0489906,0.0132947)
(0.439606,-0.167221)
(0.460445,-0.104399)
(0.364595,-0.118017)
(0.556388,-0.175151)
(-0.0401757,-0.0236147)
(0.00539503,0.00815712)
(0.00394293,0.0638277)
(-0.00438792,0.0460114)
(-0.0521879,0.0660679)
(-0.0338914,-0.0454333)
(-0.0322049,0.00858836)
(-0.0194285,-0.12723)
(0.00631861,-0.115658)
(-0.044445,-0.0126706)
(-0.0481304,-0.0272256)
(-0.0155018,0.00178411)
(-0.0267824,0.0102855)
(0.413671,-0.0872023)
(0.440765,-0.0556097)
(-0.103149,0.0227155)
(0.340837,-0.095279)
(-0.00249354,-0.0220354)
(0.406862,-0.128221)
(0.393055,-0.0895732)
(-0.0571405,-0.0178807)
(-0.0521044,-0.0199325)
(0.0767273,0.0469992)
(0.0560008,-0.00508496)
(0.43159,-0.167466)
(0.52166,-0.190321)
(0.0253885,-0.0268421)
(-0.0231362,-0.00751605)
(-0.0318904,0.00547622)
(0.0109285,0.0296184)
(0.488566,-0.107125)
(-0.0398626,-0.053402)
(-0.0639339,-0.0559291)
(0.295509,-0.093205)
(-0.0625873,0.0296132)
(-0.0535969,0.0304749)
(-0.0441963,-0.0396809)
(-0.0297065,-0.0104158)
(0.484558,-0.132976)
(0.473265,-0.164517)
(0.572217,-0.121278)
(0.515893,-0.119515)
(-0.0445329,0.00565539)
(-0.0680252,-0.0125431)
(-0.0510034,-0.00404915)
(0.148356,-0.0598979)
(0.0147449,0.0316242)
(0.0475601,-0.0106777)
(-0.0330247,-0.0679409)
(-0.00137423,0.0871143)
(-0.0146181,0.0896759)
(0.000349166,-0.0589004)
(-0.0318056,0.0376346)
(0.0407067,-0.0252767)
(0.0261837,-0.0232085)
(0.00130369,0.0139177)
(-0.0527572,0.00747573)
(-0.0317397,-0.0239025)
(-0.0507152,0.0369736)
(-0.0265267,-0.0290464)
(-0.0167784,-0.038408)
(-0.0466151,-0.00111704)
(-0.0147081,-0.0428357)
(0.0504844,-0.013069)
(-0.0177602,0.0132716)
(-0.000898108,-0.0191187)
(0.00506251,-0.0414449)
(0.0391452,-0.0924893)
(-0.0194947,0.0363818)
(0.0107372,0.0266407)
(-0.0304572,-0.0244087)
(0.534778,-0.0634311)
(-0.021949,-0.0515247)
(-0.0577055,-0.0798834)
(-0.036204,0.00428934)
(0.042306,-0.00272939)
(0.0713063,0.0353326)
(0.010612,0.0043528)
(0.048758,0.0168976)
(-0.0623718,0.00314636)
(-0.0115,0.0530037)
(-0.0135715,-0.0114878)
(0.512282,-0.0286175)
(-0.00834088,0.037337)
(-0.0413453,0.0205094)
(0.0266975,0.0339909)
(0.00103111,0.0257756)
(-0.00180497,0.040965)
(0.0133677,0.0517979)
(-0.00269904,-0.0409128)
(-0.0227107,-0.0701871)
(0.0836334,0.0153457)
(0.0309175,0.0307182)
(0.0273497,0.0180736)
(-0.055197,0.0116954)
(0.0753824,-0.00239483)
(0.086305,0.00107941)
(0.0178289,0.0617169)
(0.0122598,-0.0242276)
(-0.0374287,0.0197916)
(-0.0324653,0.0337915)
(-0.045856,0.00221116)
(-0.0523593,0.0449497)
(0.0162126,-0.0386669)
(-9.20866e-05,0.0589461)
(-0.0800448,-0.0290923)
(-0.0473183,0.00638924)
(0.00686402,0.0267874)
(-0.0990697,0.0212109)
(-0.0481214,-0.0199185)
(-0.0140107,-0.0299097)
(-0.00567354,-0.03157)
(0.0303593,-0.0425928)
(0.0369537,0.0449533)
(0.4291,-0.116714)
(-0.0307654,0.0251086)
(-0.0362831,0.05197)
(-0.0458682,-0.0135708)
(-0.0717037,-0.0552395)
(-0.0968961,-0.0503587)
(-0.0446213,-0.0538685)
(0.00273732,-0.00532662)
(-0.0340933,-0.0210268)
(0.0102752,-0.080831)
(-0.0666181,-0.0649385)
(-0.0453319,-0.0448006)
(0.46419,-0.187578)
(-0.0380029,-0.060879)
(-0.0107972,0.00983106)
(0.0050766,-0.0215906)
(0.0249496,-0.00887612)
(0.0270276,0.0143571)
(0.0290746,0.0220664)
(0.0419336,-0.0564175)
(0.0182269,0.00249165)
(0.0134761,0.0210664)
(-0.0169381,-0.049673)
(-0.00237278,-0.021934)
(-0.0578306,-0.0301349)
(-0.0573261,-0.00923355)
(0.00989277,-0.02757)
(-0.0233577,-0.0333906)
(0.409897,-0.0411803)
(0.0221577,-0.0409004)
(0.0630132,0.0416969)
(-0.0528947,-0.0257332)
(0.0684437,-0.0299161)
(0.0420806,-0.0200447)
(-0.061771,-0.0574891)
(0.0637094,0.0297924)
(-0.015102,-0.0104736)
(-0.0203685,-0.0244377)
(0.0462343,0.0742515)
(0.0492178,0.0470608)
(-0.00378384,0.0558308)
(-0.0398365,-0.0169468)
(0.187725,-0.0622874)
(0.377789,-0.0929161)
(0.455431,-0.0739395)
(0.0879685,-0.0495882)
(0.00789136,0.00279653)
(0.432884,-0.165198)
(-0.0471763,0.059339)
(0.00147346,-0.0413562)
(-0.0394025,0.0398406)
(-0.0343597,-0.035048)
(-0.0111386,-0.0119789)
(0.257199,-0.156351)
(0.104051,-0.0669643)
(0.0636236,0.014925)
(-0.0379057,-0.010884)
(-0.0147633,-0.00138441)
(0.0592684,0.00873713)
(0.432307,-0.137339)
(-0.0132562,-0.0269709)
(-0.0390785,-0.0360793)
(-0.0254479,-0.00500089)
(0.0557511,0.0640866)
(-0.0328802,-0.0194194)
(-0.0414767,8.6489e-06)
(0.0381223,0.0523395)
(0.439726,-0.106341)
(0.461281,-0.0320462)
(0.0289635,-0.0311797)
(0.00190249,-0.0653636)
(0.0126471,0.0124752)
(0.0667007,0.0138011)
(-0.0513516,0.0418937)
(0.181524,-0.010236)
(0.398378,-0.125968)
(0.00823816,-0.0145392)
(0.0132162,-0.0510963)
(-0.0524571,-0.000672876)
(0.0678837,0.0262872)
(0.0205426,0.0774734)
(-0.00424786,0.039226)
(0.0344177,-0.0104129)
(0.00789717,-0.0332138)
(0.0133206,0.0392783)
(-0.0513258,-0.0562827)
(-0.0895682,-0.0717487)
(0.03007,0.0761901)
(0.0598643,0.0511593)
(-0.0494427,-0.0167549)
(-0.0381106,-0.0654195)
(0.00430449,0.0464965)
(0.037871,0.0323044)
(0.0527322,0.0155674)
(-0.0378676,0.0449678)
(-0.00398583,0.0213085)
(0.532502,-0.145402)
(-0.0286415,0.00612708)
(0.0225766,0.0431761)
(-0.10145,-0.0754577)
(-0.0763907,-0.0373758)
(0.0157217,0.0231624)
(0.0293355,-0.0146769)
(-0.0345239,-0.049985)
(0.0312637,-0.0296958)
(0.000173537,0.0736115)
(-0.00644192,-0.0313241)
(0.486256,-0.131525)
(-0.000425816,0.0668791)
(0.0437131,0.0212737)
(0.0307188,0.0235044)
(0.0580537,-0.0318164)
(0.0558393,-0.00377405)
(-0.0379279,-0.0417558)
(0.0138748,-0.0296875)
(0.0390719,-0.0489073)
(-0.0393763,-0.0783742)
(0.0573865,0.0202022)
(-0.011385,0.03314)
(0.395307,-0.0438146)
(-0.0432517,-0.0100535)
(0.016753,0.0166331)
(0.0441133,0.0169011)
(-0.0396643,-0.0263973)
(-0.0141206,0.0199709)
(-0.0126281,-0.0298641)
(0.0750079,0.0176378)
(0.0879009,0.0303512)
(0.0407646,-0.0131222)
(-0.022145,-0.0387857)
(0.0239154,0.0228684)
(-0.0791419,-0.0105016)
(-0.0672871,-0.0522825)
(-0.0319246,0.00248598)
(0.00428941,-0.0235185)
(0.0873553,-0.0173013)
(0.00111092,-0.0272471)
(-0.0512536,-0.0121037)
(-0.065584,-0.0653383)
(-0.0357082,-0.0414797)
(0.0963329,-0.0341061)
(0.00848238,-0.0258148)
(0.192865,-0.162639)
(0.0393238,-0.0328518)
(0.00239858,0.040979)
(-0.00208791,0.0267221)
(0.00740339,0.0136505)
(-0.0432579,0.0674774)
(-0.0296093,-0.0279576)
(0.0166881,0.021305)
(-0.0217977,-0.0229081)
(-0.00210401,0.0367589)
(0.0448304,-0.00101627)
(0.021846,0.0323164)
(-0.0579187,0.00263114)
(-0.00315455,0.0132039)
(-0.00210493,0.0351009)
(-0.0153436,0.0447424)
(-0.0143897,0.00445851)
(-0.0578747,-0.00531856)
(0.0113185,-0.0235905)
(0.409447,-0.105278)
(-0.0805585,0.0118701)
(0.626342,-0.088045)
(0.059002,0.0513572)
(-0.0186615,0.101889)
(0.0114864,0.0868438)
(0.0193526,0.00281243)
(0.0561187,0.026667)
(-0.0236382,-0.0605152)
(0.0307714,0.0209424)
(0.0199067,0.00347783)
(-0.0274909,0.046384)
(0.0300151,-0.0195026)
(0.42773,-0.0964448)
(-0.0196611,-0.0164267)
(-0.00203718,-0.0238267)
(0.0313084,0.0337266)
(0.00433585,-0.0145488)
(-0.0052207,-0.0161946)
(0.43165,-0.0588924)
(0.0213011,-0.00158659)
(0.0216059,-0.0167959)
(0.733147,-0.0701015)
(0.0744015,-0.0445426)
(-0.0359859,0.0119575)
(-0.0266532,0.0319373)
(0.0377182,-0.0248088)
(0.343472,-0.0069657)
(0.483927,-0.136745)
(0.393125,0.00476238)
(0.311618,-0.0743898)
(-0.0253058,0.0122144)
(-0.0458699,0.0181659)
(-0.00108788,-0.0042678)
(0.00386672,-0.0511374)
(-0.00814098,0.0192591)
(-0.0397802,-0.0288597)
(-0.0501361,-0.0449874)
(0.0539405,0.0382089)
(-0.00961938,7.40274e-05)
(-0.00997731,0.0458076)
(0.0309025,0.00787194)
(0.0575943,0.0257237)
(0.0810798,0.0157823)
(0.0612552,0.0333247)
(0.0937506,0.0513073)
(0.0207656,0.0111161)
(0.0505969,-0.0134438)
(-0.0107846,-0.0129885)
(-0.0185251,0.0637283)
(0.0047212,0.0471659)
(-0.0228362,0.0203268)
(-0.0495521,0.0799843)
(-0.0556749,0.0313514)
(-0.027676,0.0276278)
(0.0508178,0.0683566)
(-0.034979,-0.0175072)
(0.0463794,0.0283285)
(-0.0536188,-0.0303089)
(-0.0523586,-0.000121702)
(0.0592011,0.0413896)
(0.0201815,0.016673)
(0.0356969,0.057993)
(-0.00427483,-0.0152813)
(0.460761,0.0189405)
(0.00589811,0.00232981)
(0.610289,-0.122769)
(-0.0288304,0.102744)
(0.040589,0.0123509)
(-0.0477127,0.0306182)
(-0.0328853,0.0578796)
(0.0121602,0.0495031)
(-0.0272023,0.00709639)
(0.00765716,0.0384994)
(0.0238549,0.00159944)
(0.0101972,-0.0189742)
(0.0320695,0.0295437)
(-0.0154303,-0.03282)
(-0.0205047,0.061118)
(-0.0142321,-0.0461533)
(-0.0205191,0.0382471)
(-0.0376676,-0.010968)
(-0.0504317,0.00708039)
(0.0556061,-0.0503489)
(0.00723358,-0.0775466)
(-0.0188781,0.0479534)
(0.0271503,0.103464)
(0.0525974,-0.0047213)
(0.151846,-0.103306)
(0.0426787,0.00669671)
(-0.0180282,-0.0359416)
(0.00358627,-0.0363744)
(0.0338081,-0.021593)
(0.437385,-0.0375941)
(0.0120665,0.112889)
(0.00640808,0.0526334)
(0.000839762,-0.0364922)
(-0.0494172,0.0629996)
(0.0708764,-0.0354411)
(0.0916974,-0.0549223)
(0.220843,-0.119844)
(0.344774,-0.111377)
(-0.0197568,0.0739245)
(-0.00985994,0.0392557)
(-0.0516229,0.0505125)
(0.172721,-0.119069)
(0.525789,-0.0458134)
(0.0294375,-0.058579)
(-0.0106603,-0.0274973)
(0.0158663,0.00890074)
(-0.0163044,-0.0355588)
(-0.0237323,0.047509)
(-0.0327718,0.0140694)
(-0.00269877,0.0235674)
(-0.0461237,-0.0504224)
(0.0525068,0.00024901)
(0.0378662,-0.0086622)
(0.545429,-0.111214)
(0.0256764,0.0433195)
(-0.0222189,-0.0700862)
(0.0336323,0.0089376)
(-0.0289238,-0.00623227)
(-0.00145582,0.00838663)
(0.0338072,-0.0545512)
(0.0170151,-0.0463788)
(0.245318,-0.127857)
(0.0638756,0.0540912)
(-0.0247483,0.00399393)
(0.061987,0.0474915)
(0.00226927,-0.0222599)
(-0.0382224,0.0343216)
(-0.0895752,-0.0116265)
(-0.0105784,0.0608991)
(0.245952,-0.0894442)
(0.645044,-0.0384821)
(-0.036773,0.0230032)
(-0.046514,-0.0226173)
(0.0210604,0.0189261)
(-0.0248949,0.0286569)
(-0.0546323,-0.0164699)
(-0.0805573,-0.0136017)
(0.0234606,0.0348413)
(-0.0400987,-0.0398289)
(0.000652121,0.00960214)
(0.062671,-0.0415715)
(0.0241715,-0.0408712)
(0.0408907,-0.00693359)
(-0.0578454,0.0239601)
(-0.0292573,0.0233835)
(-0.00103612,0.0761288)
(-0.0358189,0.017799)
(-0.0149131,0.055586)
(0.0493594,-0.0105866)
(0.0761419,-0.0299081)
(0.0524724,0.033437)
(0.0787412,0.0175804)
(-0.0437365,-0.0233958)
(-0.015871,0.00223086)
(0.0138321,0.0142955)
(0.00254966,0.00756337)
(-0.0168765,-0.00361781)
(0.0203397,0.0106598)
(0.00213906,0.0438407)
(0.0709346,0.00832701)
(-0.0362074,-0.0322209)
(-0.00649678,-0.0157301)
(0.0190215,0.0082253)
(0.00547959,0.0507732)
(-0.0110432,0.0398475)
(-0.0128735,0.0381717)
(0.0445305,-0.00988678)
(0.621611,-0.103252)
(0.0264133,0.00531919)
(-0.0333499,-0.0106731)
(-0.0279915,-0.0151254)
(0.0344017,0.0854125)
(0.0118465,-0.0184967)
(0.04282,-0.00868297)
(0.00116584,0.0190773)
(0.034039,-0.0596684)
(0.0245714,-0.0674588)
(0.0460597,0.0061055)
(-0.000257652,-0.0349627)
(0.0680461,-0.0085573)
(0.0522797,0.0132737)
(0.00109247,-0.00389993)
(0.0283164,0.0214009)
(0.0247674,0.0119532)
(0.00994523,-0.0144634)
(-0.0173647,-0.074894)
(-0.0337575,-0.0405636)
(-0.0243176,0.0195196)
(0.0235426,-0.00112655)
(-0.0334297,0.0146232)
(-0.0717917,-0.00934063)
(-0.0344609,0.00288429)
(0.00359742,-0.0201542)
(-0.018242,-0.0882091)
(0.00390492,-0.0793029)
(-0.010898,-0.0360328)
(0.0387523,-0.011628)
(-0.0367259,0.0179187)
(0.048438,-0.0500163)
(-0.00654974,0.00620444)
(0.00136153,-0.0680935)
(0.0773134,-0.033274)
(0.0902697,-0.0674846)
(-0.00575756,-0.0598789)
(-0.0249633,-0.081991)
(-0.0600341,0.0341648)
(0.0134429,-0.0407863)
(0.039045,-0.0234906)
(-0.0265807,0.0795244)
(-0.0853176,0.0831239)
(-0.00934721,0.0438399)
(-0.0108485,-0.00117649)
(-0.0128116,0.033297)
(-0.0151905,0.0630949)
(-0.0183616,0.0650131)
(0.0365901,0.00156615)
(-0.0830082,-0.0419009)
(0.0262426,-0.0453395)
(0.0379528,-0.0214691)
(-0.0202906,-0.0559009)
(0.00282291,-0.0149583)
(0.463778,-0.0667)
(0.00825205,-0.0550709)
(0.0160536,-0.0241924)
(0.0029251,0.0118402)
(-0.0331658,0.0125494)
(0.0335302,0.0565963)
(0.0182483,0.0336676)
(0.0420565,0.0683794)
(0.0492475,0.0319818)
(0.0109694,-0.0207911)
(-0.0139346,0.0339391)
(0.0400552,0.0414232)
(0.0655281,-0.00321976)
(0.0411297,0.0227614)
(-0.0362873,0.0367442)
(0.00901583,0.0456291)
(0.0465319,0.054021)
(0.0736992,0.00300538)
(-0.0105614,0.0677333)
(0.0441082,0.018029)
(-0.0172091,0.0451429)
(-0.0330778,-0.0661379)
(-0.0145227,-0.0796442)
(-0.0124385,-0.0724746)
(0.0815154,-0.00838504)
(0.515146,-0.104174)
(0.505793,-0.0431133)
(0.0560839,0.0733605)
(0.475161,-0.0250481)
(0.0325247,-0.0429021)
(0.457545,-0.0327136)
(0.261655,-0.082801)
(0.00685715,0.0365038)
(0.496189,-0.11949)
(0.5586,-0.102376)
(0.53791,-0.0762519)
(0.00530867,0.0676733)
(-0.0321107,0.0370999)
(-0.0589673,-0.00457492)
(-0.060623,0.0142565)
(0.0118059,0.0564338)
(-0.024534,-0.0167716)
(-0.0206633,-0.0116558)
(-0.049963,0.0337726)
(-0.0260045,-0.00297508)
(0.0245403,-0.0391026)
(0.0261298,0.0122247)
(0.0344486,-0.00981669)
(-0.0208133,0.0677498)
(-0.0503172,0.0244058)
(0.00770585,0.0132278)
(0.00670032,-0.0531438)
(-0.0271663,0.0851485)
(0.000763683,0.0508684)
(0.0231867,-0.00139079)
(-0.0138069,-0.0467922)
(-0.0272383,-0.0824117)
(0.0170352,0.00628714)
(-0.0273749,-0.0296397)
(0.0185278,-0.0297662)
(-0.0261676,0.0158863)
(0.049826,-0.0178307)
(0.113167,0.05814)
(0.0268492,0.0167266)
(0.014698,0.0187706)
(-0.0198327,-0.00764784)
(-0.00236705,0.0364884)
(-0.00192361,-0.00438639)
(-0.00139044,-0.0200535)
(-0.0123045,-0.00338193)
(0.00433079,0.0186282)
(-0.0183661,-0.0883592)
(0.000199951,0.0197251)
(0.545435,-0.221104)
(-0.00230824,-0.0395902)
(0.0222847,0.0419233)
(0.0268059,0.0320728)
(-0.0149976,-0.00750658)
(0.0104287,0.0678691)
(0.0242994,0.0398038)
(0.411873,-0.154709)
(0.596357,-0.199013)
(0.414802,-0.131061)
(0.0187266,-0.0176441)
(0.359785,-0.107871)
(0.0248985,0.00344054)
(0.0825784,-0.0110154)
(-0.00131841,0.020292)
(0.0141191,-0.0123778)
(0.266553,-0.0757822)
(0.0120129,0.00647752)
(-0.0134182,0.0545307)
(-0.0291565,0.0474631)
(0.149669,-0.0302983)
(0.00345147,0.00489252)
(-0.0760734,-0.0072316)
(0.412092,-0.0649195)
(-0.0056124,0.0132241)
(-0.0482875,0.0398671)
(-0.0123189,0.0444207)
(0.0440437,0.0637231)
(0.0464209,-0.00225608)
(0.0222655,0.0548229)
(0.0655517,-0.0738579)
(0.0119513,0.0231885)
(0.0658056,0.0495229)
(0.177545,-0.0317058)
(0.0833177,0.0131715)
(-0.00700539,-0.0522045)
(-0.0328784,0.0399253)
(-0.0629589,0.040169)
(0.0130024,0.023053)
(0.00756683,-0.0574413)
(0.00356242,-0.0315421)
(-0.0380408,0.0458559)
(-0.0174742,0.00564114)
(0.0239543,-0.0283212)
(0.00290373,0.0204969)
(-0.018081,0.0634915)
(0.0655845,0.0409849)
(0.0297132,0.0566466)
(0.0123471,0.0203023)
(-0.012301,0.00142235)
(0.0499621,-0.00473987)
(0.0425869,-0.0715481)
(0.00445668,0.00835887)
(-0.0515124,-0.0282607)
(0.0523244,0.0593222)
(0.0383259,0.0512191)
(0.0296009,-0.0985678)
(0.0565162,0.0318278)
(0.0192291,0.0197045)
(0.0246442,-0.0599117)
(0.00482184,0.0283119)
(-0.0223173,-0.0294954)
(-0.00601376,-0.0194102)
(0.0169672,-0.00936012)
(-0.0124674,-0.0324589)
(-0.0649028,0.00729401)
(0.0569066,0.0761595)
(-0.00755617,-0.0340925)
(-0.061143,0.0496765)
(-0.00792038,0.0236873)
(0.00835429,0.0335546)
(0.018046,0.0267189)
(-0.00812294,0.0191528)
(0.00421718,0.0388944)
(0.119975,-0.0979637)
(0.0794981,-0.0274016)
(-0.0623632,-0.0607502)
(-0.0217744,0.0299327)
(-0.0888062,-0.096206)
(0.00286237,0.0627182)
(-0.0352809,0.0246404)
(0.0321397,0.0381937)
(0.0147047,0.0149595)
(-0.0156919,-0.0387542)
(0.032713,0.0282826)
(-0.0519385,0.00294764)
(-0.0229548,0.0519991)
(-0.0184456,0.000315552)
(-0.0275848,-0.00249933)
(0.0142587,-0.0505381)
(0.0787409,-0.0378199)
(0.0309701,-0.00293627)
(0.0306524,0.0462135)
(-0.0461623,0.0590849)
(-0.0594661,0.00475451)
(-0.00413509,0.00575818)
(0.0298343,0.0416264)
(0.0347514,-0.0697243)
(0.331127,-0.0563568)
(-0.00896786,-0.0135662)
(-0.0709144,-0.0407001)
(0.011361,-0.0272041)
(-0.0387224,0.0253275)
(0.0105566,-0.071409)
(0.0250668,-0.0647826)
(-0.0340941,0.0252583)
(0.020521,-0.0312442)
(0.473897,-0.13306)
(-0.0169134,-0.0415012)
(0.0113929,-0.0257625)
(0.0142502,-0.0736707)
(0.415475,-0.0635966)
(-0.0308694,-0.0323713)
(0.00436941,-0.0488085)
(0.00132822,-0.00413906)
(-0.00176988,0.0309964)
(0.0333623,-0.00190604)
(-0.00238359,-0.00239191)
(-0.0504906,-0.00461994)
(0.320554,-0.0894554)
(0.166748,-0.0835452)
(0.00426599,0.0192962)
(-0.00600752,0.0368377)
(-0.0599644,-0.0367475)
(0.0566764,0.0627689)
(-0.0335769,-0.0454545)
(0.38241,-0.0539)
(-0.0413709,-0.0147106)
(-0.00760299,-0.00495222)
(0.0001703,0.027463)
(0.011685,-0.00644141)
(0.0571009,-0.0243503)
(0.0129288,-0.0118081)
(0.521981,-0.0790693)
(0.0168411,-0.0611655)
(0.534547,-0.141162)
(-0.0375332,0.0446454)
(-0.0390169,0.0174363)
(6.61778e-05,-0.0020652)
(0.0303212,0.0652474)
(0.455072,-0.159095)
(0.10683,-0.0388143)
(0.238381,-0.0969928)
(0.0663524,0.00196667)
(0.00143348,0.00571549)
(-0.106672,0.0515897)
(0.250455,-0.0639768)
(0.267209,-0.0305427)
(-0.0126905,0.0331307)
(-0.0199475,-0.00991503)
(0.299701,-0.14785)
(-0.00998958,0.00515601)
(-0.0646287,-0.0216329)
(0.256466,-0.100203)
(-0.0399164,0.0103126)
(0.013587,0.01213)
(0.375799,-0.01691)
(-0.0420189,0.00432347)
(0.164777,-0.0329201)
(0.196287,-0.081228)
(0.0264842,0.0835057)
(0.270264,-0.0535965)
(0.027963,-0.0413297)
(0.0111366,-0.0569157)
(0.0113382,0.0246951)
(-0.0276134,0.0300795)
(-0.0114679,0.0127872)
(0.0385413,-0.0221174)
(0.015667,-0.0207903)
(0.0290141,0.0264071)
(-0.00174131,0.0279219)
(0.0410883,0.0399856)
(-0.021944,-0.0216353)
(0.0357746,0.0410267)
(-0.0608184,0.0628812)
(-0.0494912,-0.0112511)
(-0.0729267,-0.0165822)
(-0.0307589,0.00315536)
(-0.012422,0.0387222)
(0.296014,-0.0772669)
(0.0206496,0.0512715)
(0.0863532,0.035409)
(0.130108,-0.0611668)
(-0.0725335,0.0202879)
(-0.0760779,0.105932)
(0.476817,-0.0277606)
(-0.0276727,0.0465903)
(0.469677,-0.0746604)
(0.0354542,-0.0485963)
(-0.016684,0.0102169)
(0.143478,-0.0199334)
(0.0190596,-0.0378685)
(0.00486801,0.00354423)
(0.466557,-0.0342516)
(0.00763992,-0.020872)
(0.051781,0.037513)
(0.00493944,0.00236831)
(-0.0151749,-0.0134989)
(0.0503059,-0.0323766)
(0.0490669,-0.0441217)
(0.0366457,-0.0402443)
(0.0982664,-0.0192529)
(-0.0580653,-0.020813)
(0.193221,-0.1094)
(0.0118665,0.0506616)
(0.253455,-0.10745)
(-0.0293816,-0.0447867)
(-0.019612,0.00934866)
(0.464609,-0.0617288)
(-0.042059,0.0686534)
(0.00897244,0.0532445)
(-0.0191863,0.00800421)
(0.405833,-0.0358745)
(0.00699831,0.00153469)
(-0.0269011,-0.0142891)
(0.0616205,0.0377649)
(-0.00797385,0.0208941)
(0.0500103,-0.00691697)
(0.0212096,-0.0175978)
(-0.0842183,0.0285031)
(-0.0137505,0.000686577)
(-0.0287425,0.0421351)
(0.0321188,-0.0379746)
(-0.0698243,0.0209859)
(0.0254034,0.0378367)
(0.0897203,0.00149813)
(0.0636686,0.0115274)
(0.00663565,-0.0377859)
(-0.02829,-0.00927377)
(0.0067575,-0.0489006)
(-0.0361257,-0.00270471)
(-0.000712396,-0.00916481)
(-0.00933487,0.0247342)
(0.059128,0.0120994)
(0.0504211,-0.0167813)
(0.0464705,0.0514275)
(0.041175,0.00858703)
(-0.0147877,0.0227888)
(-0.0171955,-0.0444119)
(-0.0314801,-0.0645131)
(-0.0121728,-0.0954017)
(-0.0823281,-0.0143799)
(0.0148669,0.000526316)
(0.00942231,-0.0168807)
(-0.00262886,0.0016482)
(0.494873,-0.0647383)
(-0.0542742,0.0144193)
(0.0228449,-0.00427445)
(-0.0107211,0.00901903)
(0.446636,-0.0100836)
(0.044076,0.025622)
(0.0268267,-0.0287085)
(-0.0377782,-0.0502049)
(-0.02174,0.0196832)
(0.0328787,-0.0293985)
(-0.00965294,-0.0619135)
(0.000239707,0.0424506)
(0.409191,-0.0856987)
(0.026046,0.0189119)
(-0.0456087,0.00905213)
(0.710688,-0.110464)
(0.00852371,-0.0512129)
(-0.022757,0.00926849)
(0.0374468,-0.0272491)
(0.51459,-0.0227593)
(0.0586842,0.012504)
(-0.0191268,-0.0376973)
(0.0284071,-0.0420993)
(-0.122874,0.00247064)
(-0.00526103,-0.00978004)
(-0.0381534,-0.0315388)
(0.00256028,-0.0447655)
(0.00632088,0.0264285)
(0.00406228,-0.0197765)
(-0.018714,-0.0308217)
(-0.00770565,-0.0279587)
(0.447029,-0.0874045)
(0.0492368,0.0141594)
(-0.00238199,0.000970912)
(0.0121517,-0.0363166)
(-0.0209216,0.00103555)
(-0.015389,-0.0638983)
(-0.0186467,0.0768932)
(0.00328699,-0.0204366)
(0.00812026,-0.0114668)
(-0.0156512,-0.0566782)
(-0.00834471,0.0370941)
(0.020963,0.0989354)
(0.49353,-0.0103544)
(-0.0172539,0.00567238)
(-0.00348979,-0.00733208)
(-0.0357822,0.0702511)
(0.0520376,-0.0207208)
(-0.0533268,0.0927972)
(0.016529,-0.0287116)
(0.162825,-0.170285)
(0.213013,-0.108868)
(0.167408,-0.122053)
(0.0207368,0.0111194)
(0.00285958,0.0513267)
(0.652781,-0.136144)
(0.397239,-0.103252)
(-0.0565142,0.0123078)
(0.418314,-0.0946045)
(0.471601,-0.0796866)
(0.187739,-0.122941)
(0.0567007,0.00342646)
(0.0316315,0.00533351)
(0.0766075,0.0328961)
(0.164922,-0.0279947)
(0.0244978,0.0510341)
(0.0328445,0.0223448)
(-0.0371804,-0.0559756)
(0.0844495,-0.000845372)
(-0.0473514,0.0124105)
(-0.0338652,0.000741081)
(0.0797376,-0.00443594)
(0.53915,-0.146946)
(-0.0301527,0.0276295)
(-0.00332486,0.0429858)
(-0.040461,0.0142655)
(0.596783,-0.166744)
(-0.00555515,0.0517169)
(-0.017803,0.0048369)
(0.6036,-0.172277)
(0.56673,-0.0970434)
(-0.0428493,0.024311)
(0.331987,-0.12291)
(-0.0203482,0.0345354)
(-0.0182382,0.048368)
(0.475427,-0.0655422)
(0.247531,-0.0882381)
(0.446636,-0.114295)
(0.466387,-0.100774)
(-0.00369218,-0.0213165)
(0.730417,-0.106474)
(-0.0351949,0.0165461)
(0.0149971,0.0597535)
(0.087148,-0.0314102)
(0.148058,-0.0859946)
(-0.0228461,0.0352712)
(0.040632,-0.0610987)
(-0.0212673,-0.00775097)
(-0.0113348,-0.0037934)
(0.0112074,-0.0136424)
(-0.0162786,0.0115613)
(0.0685115,-0.00632625)
(0.00194238,0.022634)
(0.0867858,0.000899404)
(0.135997,-0.0614082)
(-0.0343937,-0.011123)
(0.0157492,-0.0332081)
(-0.0065935,0.0456743)
(-0.00774673,0.0367852)
(-0.0272609,0.0436206)
(0.44262,-0.0484921)
(-0.02873,0.0470664)
(0.0072364,-0.0102646)
(-0.0169962,-0.0141503)
(-0.0363968,0.0417485)
(0.0283524,-0.009582)
(0.00161493,0.00868083)
(-0.0331333,-0.049205)
(-0.053944,0.0226345)
(0.517636,-0.0809304)
(-5.94201e-05,0.00372457)
(0.351546,-0.0604125)
(0.0447622,0.0265178)
(0.0995833,0.0403665)
(-0.019,0.00453952)
(0.0518372,-0.0109109)
(-0.032392,-0.00384925)
(0.0147851,-0.0546442)
(0.00562864,-0.0194492)
(0.0178222,-0.0293762)
(-0.0129163,0.00660947)
(0.0253717,-0.0276395)
(0.0689341,-0.0101641)
(0.0527466,0.0203957)
(0.413406,-0.133991)
(0.335633,-0.0709913)
(-0.028911,-0.00707916)
(0.0270293,-0.0518308)
(0.035749,-0.0037342)
(0.0656625,-0.057601)
(0.454867,-0.0608306)
(-0.0185098,0.0152818)
(0.0276124,-0.0126082)
(0.0468611,-0.000804034)
(0.0413354,-0.0260446)
(0.340679,-0.128385)
(-0.0177689,0.0231224)
(-0.0428074,0.0237329)
(-0.0386418,0.0268572)
(-0.025587,0.0331906)
(0.449601,-0.0906692)
(0.0220084,-0.00716224)
(-0.0394162,-0.0101364)
(-0.0121016,0.0415404)
(-0.00728343,-0.00621851)
(-0.0254025,0.000783193)
(0.483068,-0.093962)
(0.370827,-0.165981)
(0.716254,-0.0545651)
(0.0182312,-0.0779355)
(-0.00255631,0.00950755)
(0.459772,-0.0774164)
(0.0273347,-0.0210552)
(0.0846075,-0.0556246)
(0.30609,-0.113913)
(-0.0039695,0.00497792)
(-0.0502059,0.0424677)
(-0.0244953,-0.0019716)
(0.0219592,0.0283529)
(0.00500876,0.0184526)
(0.160227,-0.0728315)
(0.176223,-0.139121)
(0.263701,-0.160115)
(0.282326,-0.0651599)
(0.735408,-0.157226)
(-0.0353529,-0.018129)
(-0.0539795,-0.01866)
(-0.0110578,0.0337721)
(0.210445,-0.0289098)
(0.520745,-0.0301688)
(0.544363,-0.0556001)
(0.0316059,0.00571506)
(-0.0239207,-0.0364748)
(-0.0228008,-0.00764246)
(0.635855,-0.232097)
(0.0212021,0.0247066)
(0.0612134,0.0124833)
(-0.0416902,0.00588064)
(0.493968,-0.0118787)
(0.0332391,0.0337428)
(-0.0304056,0.0403551)
(0.609938,-0.193192)
(0.511266,-0.171784)
(-0.0190377,-0.0218357)
(-0.0195285,-0.0411645)
(-0.0393976,-0.0451236)
(-0.0436133,-0.0236145)
(0.0458648,0.0121578)
(0.00465836,-0.0262676)
(0.0479252,0.0442813)
(0.466168,-0.120293)
(0.640258,-0.0151831)
(0.625127,-0.101511)
(0.534999,-0.0260635)
(0.52087,-0.114983)
(0.172643,-0.105222)
(0.257144,-0.0381201)
(0.190188,-0.0800299)
(0.155211,-0.0321085)
(-0.0631167,-0.0478195)
(0.0134833,-0.0653752)
(0.287235,-0.0720037)
(0.552534,-0.17297)
(0.528652,-0.132288)
(0.427583,-0.102746)
(0.481241,-0.188536)
(-0.0103482,0.0170836)
(0.498026,-0.0401059)
(-0.0306637,0.0572027)
(0.00249319,-0.0362556)
(-0.0267535,-0.0250328)
(0.00536791,0.017414)
(-0.0753727,0.0153931)
(-0.0292227,-0.0679462)
(0.00896747,-0.0216463)
(-0.0152908,-0.0267328)
(0.0322118,0.051973)
(0.43971,-0.0991485)
(-0.0421494,-0.0339796)
(0.487405,-0.158647)
(0.431098,-0.0161889)
(0.467951,-0.0921429)
(-0.0431566,-0.0216194)
(0.0337045,0.0222527)
(0.0152768,0.00297464)
(0.598334,-0.085534)
(-0.0070035,-0.0230779)
(0.0382359,-0.0152337)
(0.29311,-0.0775102)
(0.241883,-0.162836)
(0.493944,-0.0773838)
(0.331192,0.0231784)
(0.571244,-0.230993)
(0.503089,0.0119852)
(-0.00193622,-0.0515469)
(-0.0154161,-0.0495501)
(0.00403941,0.00443395)
(0.0367436,0.0403511)
(0.00884821,0.0413474)
(-0.025719,-0.00931844)
(-0.00473111,-0.0326736)
(0.280076,-0.122986)
(0.271729,-0.0695523)
(-0.0213821,-0.00235818)
(0.224169,-0.056874)
(-0.00560076,-0.0187358)
(0.41347,-0.153254)
(0.621943,-0.111269)
(-0.0540231,0.0481566)
(0.00991159,0.0710521)
(0.038363,0.00671082)
(0.0777051,-0.0128571)
(0.407586,-0.201385)
(0.0181496,-0.0455361)
(0.133146,-0.0786987)
(-0.0545768,0.0884219)
(0.197067,-0.147736)
(0.00673107,0.0779061)
(0.327595,-0.137944)
(-0.00929673,0.0631051)
(0.043239,0.00329659)
(0.0488385,0.0303761)
(0.0353602,-0.0223155)
(0.562412,-0.0511249)
(0.0136921,0.00133054)
(0.536794,-0.107388)
(0.505413,-0.0877551)
(-0.0252809,-0.0198229)
(0.551878,-0.0742841)
(0.577525,0.0129122)
(0.523751,-0.0332138)
(0.052805,-0.00242326)
(0.455264,-0.097808)
(-0.0410598,0.0640843)
(-0.0477302,0.0489975)
(-0.0528196,0.0686424)
(-0.0412525,-0.0285222)
(-0.00761109,0.0610134)
(-0.00954629,-0.0235137)
(-0.0522864,0.0584406)
(0.701343,0.00744413)
(-0.0366031,0.0308542)
(0.111456,-0.0325663)
(0.407231,-0.075771)
(0.445448,-0.0675109)
(-0.015082,0.0257128)
(0.105979,-0.0363641)
(-0.0248862,0.0174412)
(0.400275,-0.18225)
(-0.0520504,0.0180571)
(0.431356,-0.21741)
(0.333193,-0.121328)
(-0.0637845,-0.00501821)
(-0.00998611,-0.00785949)
(0.548293,-0.0473674)
(-0.0669773,-0.0104324)
(-0.011813,-0.00437125)
(-0.0404857,0.0713664)
(0.417549,-0.0717239)
(0.438778,-0.0879708)
(0.23225,-0.108375)
(0.458429,-0.122566)
(0.427704,-0.0202916)
(0.0888789,-0.0749922)
(0.475886,-0.0446699)
(0.565311,-0.0122786)
(0.0119227,-0.123755)
(0.508985,-0.0113301)
(0.0576264,-0.0022208)
(0.488044,-0.0495149)
(0.0390174,-0.0267384)
(-0.00425663,0.0710338)
(-0.0392569,-0.0038529)
(0.0510183,0.00340626)
(0.0263665,0.0672905)
(0.061295,0.0486631)
(-0.00802316,0.0893061)
(0.0384308,0.0464143)
(0.120427,-0.0591271)
(-0.0171687,-0.0286059)
(-0.00181971,-0.0615836)
(0.0368799,0.0375425)
(0.0115704,-0.00400514)
(-0.00609541,0.0230101)
(0.0578302,-0.0063799)
(0.00381386,0.0747787)
(0.257694,-0.104101)
(-0.00609007,0.0640949)
(0.0384838,0.0150797)
(0.500623,-0.0235603)
(0.309606,-0.102669)
(-0.0405859,0.0253369)
(0.0661033,0.105626)
(0.00870427,0.102534)
(0.097123,0.0225604)
(-0.0271538,-0.00656795)
(0.0293761,-0.0259289)
(0.135956,-0.0700522)
(0.57168,-0.0968961)
(0.575028,-0.13606)
(0.0223837,0.0533635)
(0.0895358,0.00604114)
(0.544841,-0.186003)
(0.00241694,0.0372696)
(0.0528489,0.00636077)
(0.0524805,-0.0404674)
(0.511569,-0.0872502)
(0.0712,-0.0742464)
(0.236058,-0.173648)
(0.00895387,0.0104221)
(0.140676,-0.12782)
(0.16939,-0.124535)
(0.285733,-0.0822393)
(0.378787,-0.153437)
(0.0747791,0.0149548)
(-0.0323006,0.0791868)
(0.363119,-0.0664683)
(-0.0346867,0.0816977)
(0.0316137,-0.00624168)
(0.0269831,-0.0106739)
(0.561594,-0.189979)
(0.0171028,-0.0133348)
(0.527371,-0.159804)
(0.0417621,-0.00885429)
(0.0280355,0.028635)
(-0.0293674,-0.0180882)
(-0.015399,0.0225194)
(-0.0198804,0.0455648)
(0.0161236,0.0082079)
(0.0458708,0.00530132)
(-0.0220822,0.0111687)
(-0.0336775,0.0491164)
(0.477134,-0.15049)
(-0.0296585,-0.0047435)
(0.0221032,0.0241325)
(0.475408,-0.111402)
(0.0583189,0.0027552)
(0.0153209,0.0769004)
(-0.00483775,0.0542768)
(0.0151414,0.0678706)
(-0.0501666,0.0451198)
(0.118461,-0.0965594)
(-0.0113677,0.0779417)
(-0.0449762,-0.0571958)
(-0.0394625,-0.0752247)
(0.0364797,-0.0022838)
(-0.0535585,-0.0286158)
(0.470595,-0.0592435)
(-0.0083649,0.0636221)
(0.626954,-0.187902)
(0.35576,-0.0864982)
(0.504605,-0.0444549)
(-0.0298845,0.0219677)
(0.336477,-0.0658877)
(0.401242,-0.175128)
(0.397629,-0.0978992)
(-0.0309935,0.0513513)
(-0.0187975,0.0269212)
(-0.0490474,0.0789805)
(-0.00281464,-0.0494915)
(0.572119,-0.171279)
(0.61606,-0.139327)
(-0.0299913,-0.039363)
(-0.0461943,0.0306241)
(0.0429857,-0.0115718)
(0.0247306,-0.0143107)
(0.336987,-0.0966675)
(0.119403,-0.032903)
(0.0663394,-0.0140417)
(0.0823574,0.002348)
(0.106683,-0.0390151)
(0.366771,-0.0978547)
(-0.0357372,-0.0580775)
(0.464747,-0.0627243)
(0.0273352,0.0312948)
(0.0699576,0.0477692)
(0.0989969,0.0321574)
(0.639336,-0.17365)
(0.0132229,0.0581217)
(0.373095,-0.124359)
(0.490976,-0.131588)
(-0.0235195,0.0111701)
(0.0411442,-0.0162537)
(0.0524973,-0.0458298)
(-0.018212,0.0245602)
(-0.0661019,0.0300729)
(0.0231104,-0.0570331)
(0.361286,-0.161942)
(0.256528,-0.196122)
(0.042007,-0.0372141)
(0.0154499,-0.0171843)
(-0.0172714,-0.01352)
(-0.0312195,0.0622287)
(-0.00678892,-0.0196534)
(0.0162866,-0.027115)
(0.407622,-0.098882)
(0.526931,-0.105871)
(0.621153,-0.114177)
(-0.0296165,-0.0437993)
(0.364742,-0.107846)
(-0.026035,0.0274832)
(0.0410269,0.037098)
(0.0328092,0.0189386)
(0.013812,0.0836296)
(0.0176822,0.0269497)
(0.0305592,-0.0408028)
(0.257931,-0.107178)
(0.516033,-0.0759313)
(0.536009,-0.17759)
(0.0622504,-0.0463157)
(0.479753,-0.195437)
(0.0119416,-0.0747484)
(0.396003,-0.152321)
(0.447383,-0.0884496)
(0.00145406,-0.0575666)
(0.407,-0.115734)
(0.437051,-0.131721)
(0.445492,-0.157141)
(0.396888,-0.151165)
(0.505047,-0.153516)
(0.0978078,-0.0143433)
(0.20217,-0.0978367)
(0.200557,-0.0151463)
(0.419122,-0.0884331)
(0.0394758,-0.036518)
(0.517756,-0.113539)
(0.413199,-0.0576553)
(3.39861e-05,0.0254499)
(-0.070998,0.00900688)
(-0.0660953,0.0579468)
(-0.0317335,-0.0357613)
(0.442112,-0.158924)
(-0.00688017,0.00729067)
(0.418148,-0.14813)
(0.0136989,-0.0089003)
(0.281067,-0.0614798)
(-0.00745076,-0.0589699)
(-0.0171574,-0.0659381)
(0.450362,-0.0828582)
(0.0303996,0.0366491)
(0.0832794,-0.0795438)
(0.474266,-0.180572)
(0.0157413,-0.0447998)
(0.00603169,-0.0812761)
(-0.0306046,-0.000691633)
(-0.0506068,-0.0372573)
(-0.0120189,-0.000585197)
(-0.0188961,0.0402278)
(0.441963,-0.161847)
(0.543028,-0.19904)
(0.317007,-0.106985)
(-0.0504867,-0.0778413)
(0.0945034,0.0560287)
(0.371069,-0.224478)
(0.0566838,0.0806528)
(0.00290407,-0.0443812)
(0.0318246,-0.0274306)
(-0.0169651,-0.0256345)
(0.381324,-0.0897109)
(0.439914,-0.0983827)
(0.491982,-0.0953863)
(0.421209,-0.0538672)
(0.316454,-0.0037462)
(-0.0375576,0.00202371)
(0.428975,-0.0837526)
(0.307025,-0.152499)
(-0.0255196,-0.0329056)
(0.280823,-0.0825942)
(0.439002,-0.121286)
(0.0106007,-0.0608881)
(-0.0156055,0.0496792)
(0.516381,-0.182774)
(-0.0182572,0.0047072)
(-0.0089516,-0.0271436)
(0.388391,-0.151853)
(0.0782608,-0.0412863)
(-0.0233893,-0.0477089)
(0.0569998,0.00887126)
(0.0707612,-0.0357724)
(0.522697,-0.117774)
(-0.00580612,0.0161145)
(-0.0289192,0.0597008)
(-0.00598235,0.0122752)
(0.415733,-0.0594252)
(-0.0268125,0.0189725)
(0.0221786,0.0179173)
(-0.0367542,0.055319)
(0.0750611,-0.0398446)
(-0.0527016,-0.0782186)
(0.0140677,0.0315779)
(0.0860141,-0.0150386)
(0.101762,-0.0295371)
(0.00419166,0.0217164)
(0.0645032,0.0270169)
(0.0821853,0.0115782)
(0.402687,-0.123516)
(-0.00753328,0.0340186)
(0.440271,-0.0734738)
(0.0175321,-0.00177454)
(-0.0113027,-0.0355252)
(0.163432,-0.108974)
(0.520957,-0.116034)
(0.312534,-0.131023)
(-0.0431923,0.0301217)
(0.0228683,-0.00870149)
(0.0404213,0.00466367)
(0.0400749,-0.00508385)
(0.0211466,-0.0153977)
(0.0136311,0.00429461)
(-0.0229366,-0.00269487)
(0.0157475,-0.00120308)
(-0.0636594,0.0302204)
(0.0463987,0.0438828)
(-0.0234365,-0.0127355)
(0.505365,-0.0780368)
(0.016509,0.0551641)
(0.0640322,-0.00677028)
(0.0203101,0.0153173)
(0.033938,0.0139196)
(0.181207,-0.0497621)
(0.123851,-0.0863345)
(-0.0198596,0.0400194)
(0.107903,-0.132894)
(0.582068,-0.142279)
(-0.0261866,-0.0525001)
(0.444579,-0.0883962)
(-0.014962,-0.0729489)
(0.0172925,0.0401088)
(0.114886,-0.0277081)
(0.066952,-0.0371819)
(0.106741,-0.0217896)
(-0.0160221,0.0246716)
(-0.00247934,0.0255364)
(-0.0442437,-0.0110948)
(0.032929,0.0526374)
(0.0216901,-0.00133118)
(0.382896,-0.110671)
(0.409808,-0.128004)
(0.0430942,0.00203212)
(0.250549,-0.0302945)
(0.231602,-0.0562965)
(0.53369,-0.103187)
(-0.0147408,-0.0228249)
(0.112474,-0.0395205)
(0.475044,-0.140411)
(0.151811,-0.0210876)
(0.110429,-0.0818194)
(-0.038548,-0.0663449)
(-0.0171069,-0.0989438)
(0.0872048,-0.0465239)
(-0.0271633,-0.0499812)
(0.445429,-0.0794132)
(0.399448,-0.164975)
(0.0211927,-0.0235423)
(0.0417064,-0.0103102)
(0.153246,-0.0958942)
(0.051212,-0.058076)
(0.117699,-0.0531434)
(0.0166573,0.00609163)
