866	3
0	0	0
0.2	0.2	0
-0.2	0.2	0
0.2	-0.2	0
-0.2	-0.2	0
0.185185	0.2	0
0.17037	0.2	0
0.155556	0.2	0
0.140741	0.2	0
0.125926	0.2	0
0.111111	0.2	0
0.0962963	0.2	0
0.0814815	0.2	0
0.0666667	0.2	0
0.0518519	0.2	0
0.037037	0.2	0
0.0222222	0.2	0
0.00740741	0.2	0
-0.00740741	0.2	0
-0.0222222	0.2	0
-0.037037	0.2	0
-0.0518519	0.2	0
-0.0666667	0.2	0
-0.0814815	0.2	0
-0.0962963	0.2	0
-0.111111	0.2	0
-0.125926	0.2	0
-0.140741	0.2	0
-0.155556	0.2	0
-0.17037	0.2	0
-0.185185	0.2	0
0.185185	-0.2	0
0.17037	-0.2	0
0.155556	-0.2	0
0.140741	-0.2	0
0.125926	-0.2	0
0.111111	-0.2	0
0.0962963	-0.2	0
0.0814815	-0.2	0
0.0666667	-0.2	0
0.0518519	-0.2	0
0.037037	-0.2	0
0.0222222	-0.2	0
0.00740741	-0.2	0
-0.00740741	-0.2	0
-0.0222222	-0.2	0
-0.037037	-0.2	0
-0.0518519	-0.2	0
-0.0666667	-0.2	0
-0.0814815	-0.2	0
-0.0962963	-0.2	0
-0.111111	-0.2	0
-0.125926	-0.2	0
-0.140741	-0.2	0
-0.155556	-0.2	0
-0.17037	-0.2	0
-0.185185	-0.2	0
0.2	0.185185	0
0.2	0.17037	0
0.2	0.155556	0
0.2	0.140741	0
0.2	0.125926	0
0.2	0.111111	0
0.2	0.0962963	0
0.2	0.0814815	0
0.2	0.0666667	0
0.2	0.0518519	0
0.2	0.037037	0
0.2	0.0222222	0
0.2	0.00740741	0
0.2	-0.00740741	0
0.2	-0.0222222	0
0.2	-0.037037	0
0.2	-0.0518519	0
0.2	-0.0666667	0
0.2	-0.0814815	0
0.2	-0.0962963	0
0.2	-0.111111	0
0.2	-0.125926	0
0.2	-0.140741	0
0.2	-0.155556	0
0.2	-0.17037	0
0.2	-0.185185	0
-0.2	0.185185	0
-0.2	0.17037	0
-0.2	0.155556	0
-0.2	0.140741	0
-0.2	0.125926	0
-0.2	0.111111	0
-0.2	0.0962963	0
-0.2	0.0814815	0
-0.2	0.0666667	0
-0.2	0.0518519	0
-0.2	0.037037	0
-0.2	0.0222222	0
-0.2	0.00740741	0
-0.2	-0.00740741	0
-0.2	-0.0222222	0
-0.2	-0.037037	0
-0.2	-0.0518519	0
-0.2	-0.0666667	0
-0.2	-0.0814815	0
-0.2	-0.0962963	0
-0.2	-0.111111	0
-0.2	-0.125926	0
-0.2	-0.140741	0
-0.2	-0.155556	0
-0.2	-0.17037	0
-0.2	-0.185185	0
0.0269972	-0.186917	0
0.0426252	-0.182027	0
-0.0617605	-0.0818518	0
-0.0605017	-0.0958472	0
-0.0707271	-0.0922913	0
0.175746	-0.0424676	0
0.169157	-0.0314869	0
0.185702	-0.0306471	0
0.129119	0.0729165	0
0.142158	0.0794577	0
0.140654	0.0626376	0
-0.0657369	-0.133508	0
-0.064632	-0.145694	0
-0.0762223	-0.142925	0
-0.0474728	-0.0944273	0
-0.183056	-0.0890204	0
-0.185187	-0.074178	0
-0.167915	-0.0777346	0
-0.0500704	-0.140435	0
0.00290018	0.183824	0
0.00362893	0.164181	0
-0.00626685	0.172974	0
-0.0693052	-0.104382	0
-0.0685558	-0.117811	0
-0.0818818	-0.114111	0
-0.0567449	-0.107714	0
0.154144	0.071022	0
-0.0938767	-0.124924	0
-0.0973816	-0.108992	0
-0.181955	-0.132776	0
-0.168715	-0.120122	0
-0.162876	-0.133941	0
0.168211	-0.114999	0
0.175942	-0.101415	0
0.185025	-0.116303	0
-0.158165	0.0604747	0
-0.15336	0.0440447	0
-0.167642	0.0516509	0
-0.170506	-0.14417	0
-0.186257	-0.150011	0
-0.109119	-0.0701291	0
-0.0913441	-0.0715128	0
-0.104231	-0.0827859	0
-0.0998874	-0.0962111	0
-0.0832574	-0.0976206	0
-0.0624744	0.178346	0
-0.0735985	0.189084	0
-0.0596635	0.190725	0
0.107748	0.0352438	0
0.0925664	0.040743	0
0.105761	0.0535668	0
0.18719	-0.0467399	0
0.170503	-0.15764	0
0.176242	-0.142024	0
0.186786	-0.148682	0
0.0149059	0.128986	0
0.0218441	0.140936	0
0.0319878	0.130638	0
0.0931831	0.154263	0
0.0919192	0.172869	0
0.10668	0.160546	0
0.0910145	0.0550155	0
0.108594	0.174092	0
0.0174329	0.105544	0
0.0226797	0.119028	0
0.0343182	0.110791	0
-0.128635	0.186258	0
-0.0538435	-0.124036	0
-0.131634	-0.185985	0
-0.179857	0.173556	0
-0.190612	0.186199	0
-0.178629	0.188083	0
0.150849	-0.185315	0
0.146916	-0.171548	0
0.163116	-0.175206	0
0.137331	-0.179893	0
0.0592337	0.170099	0
0.06078	0.153541	0
0.0442801	0.158855	0
0.184276	0.165139	0
0.00775845	0.115979	0
-0.124014	-0.156967	0
-0.121396	-0.172474	0
-0.138648	-0.17051	0
-0.10563	-0.165328	0
-0.0788391	-0.128628	0
-0.0226863	0.0534758	0
-0.0176287	0.0686518	0
-0.0101881	0.0612844	0
-0.0455778	-0.163261	0
-0.053563	-0.173174	0
-0.0568627	-0.156935	0
0.176127	-0.187005	0
0.187562	-0.175901	0
0.189259	-0.188777	0
0.163864	-0.189823	0
-0.00580969	0.074194	0
0.040653	0.0967197	0
0.0525165	0.104893	0
0.0514085	0.0855176	0
-0.0917015	-0.0851937	0
-0.111501	-0.0928109	0
-0.183459	0.0143434	0
-0.188781	0.000172139	0
-0.0961698	0.127583	0
-0.104229	0.14064	0
-0.0884601	0.140915	0
0.187655	0.0432818	0
0.187914	0.0577326	0
-0.10043	0.154686	0
-0.115998	0.146134	0
-0.116683	0.160964	0
0.12713	-0.0927221	0
0.122215	-0.106358	0
0.111543	-0.090047	0
0.185546	-0.0869445	0
0.190275	-0.0731651	0
0.123539	-0.0770819	0
0.138705	-0.0816607	0
-0.182733	-0.118132	0
-0.188085	0.160217	0
-0.185015	0.14749	0
-0.0113066	0.136403	0
-0.0283614	0.132368	0
-0.0201766	0.147164	0
-0.0104015	0.187789	0
0.122537	0.184662	0
0.102826	0.186339	0
-0.0465921	0.184752	0
-0.0279713	0.186254	0
-0.116706	0.175516	0
-0.114717	0.188735	0
-0.103262	0.180107	0
-0.0589501	-0.0663771	0
-0.0464104	-0.0745332	0
-0.0529786	0.139076	0
-0.0521112	0.153221	0
-0.0382659	0.144758	0
0.116209	0.0667848	0
0.104076	0.0718204	0
-0.0441766	0.0745973	0
-0.037427	0.0592705	0
-0.0548767	0.0664411	0
0.177918	-0.0190315	0
0.16275	-0.0176462	0
0.171604	-0.00800306	0
-0.054203	0.0507692	0
0.188626	0.103876	0
0.183149	0.0890708	0
0.173078	0.103883	0
-0.156919	-0.0354253	0
-0.169782	-0.0202241	0
-0.152903	-0.0192835	0
-0.0945205	-0.175998	0
-0.105681	-0.184616	0
-0.173744	-0.0346403	0
-0.183643	0.0779155	0
-0.118754	-0.0331906	0
-0.113283	-0.0461637	0
-0.126327	-0.0458773	0
0.0744936	-0.187393	0
0.124253	0.0577117	0
0.0704851	0.185855	0
-0.117665	-0.0573416	0
-0.0402061	-0.151225	0
-0.0265559	-0.149122	0
-0.0331724	-0.163373	0
0.119276	-0.136045	0
0.103902	-0.13295	0
0.111863	-0.120728	0
0.0967679	-0.121764	0
-0.0185084	-0.163016	0
0.186456	0.0724967	0
0.0619442	-0.0932885	0
0.0711466	-0.104637	0
0.0577777	-0.108731	0
-0.17726	0.0410914	0
-0.163774	0.037825	0
-0.140499	0.13006	0
-0.129209	0.137513	0
-0.128388	0.12562	0
-0.187021	0.0294367	0
0.0937766	-0.0188401	0
0.108754	-0.0253353	0
0.0990854	-0.0378139	0
0.0298062	0.0577768	0
0.0417201	0.0685105	0
0.0410819	0.0510273	0
0.0541925	0.0551447	0
0.0572449	0.0689374	0
0.136956	0.00947621	0
0.132518	0.0194875	0
0.143279	0.0205762	0
0.0254022	0.0695639	0
0.13553	0.0327119	0
-0.00396095	-0.13341	0
-0.0115523	-0.148209	0
-0.0224576	-0.134179	0
0.116344	-0.0356604	0
0.0265854	0.0952666	0
0.0136587	0.0930333	0
-0.00461122	-0.163379	0
0.0417852	-0.163967	0
0.0547465	-0.168014	0
0.0532029	-0.153601	0
0.144287	0.126769	0
0.157085	0.131632	0
0.152664	0.119097	0
0.0177874	-0.0373119	0
0.00370163	-0.031361	0
0.0141426	-0.0211059	0
0.00279013	-0.150047	0
0.178325	0.0637458	0
0.16935	0.0762826	0
0.0107698	0.0134435	0
0.0163871	0.0236955	0
0.028616	0.0151537	0
-0.0147337	0.0404291	0
-0.00717422	0.0496754	0
-0.00243647	0.0371949	0
0.0269287	0.0302852	0
-0.165336	0.170102	0
-0.172626	0.157357	0
-0.0630801	-0.186244	0
-0.04599	-0.187203	0
0.00158388	0.0249094	0
0.0117784	0.0349456	0
-0.0187413	0.1226	0
-0.00156242	0.126199	0
-0.186918	-0.0279673	0
-0.185857	-0.0131133	0
0.175632	0.00467957	0
0.166834	0.0173378	0
0.183932	0.0190733	0
-0.133991	-0.0580175	0
-0.123111	-0.0685713	0
-0.134891	-0.0737855	0
0.0048432	0.138798	0
0.00928999	0.1503	0
0.159832	0.145697	0
0.1649	0.163242	0
0.175642	0.149475	0
0.0429807	-0.0266611	0
0.0535119	-0.0135316	0
0.0540671	-0.0269226	0
-0.0725773	0.012315	0
-0.069324	-0.00168866	0
-0.0831361	0.0018483	0
-0.059397	0.00835001	0
0.171024	0.135091	0
0.149591	0.155013	0
0.0021786	0.0990426	0
-0.103855	0.0375151	0
-0.119077	0.0385278	0
-0.11507	0.0504458	0
-0.114642	0.0267097	0
0.185947	-0.0066223	0
0.190692	-0.0173579	0
-0.0351948	-0.139693	0
-0.0385947	-0.127867	0
0.0189864	0.159003	0
-0.00808673	-0.0261058	0
-0.00769294	-0.0414274	0
-0.0106596	-0.176331	0
-0.0168958	-0.189236	0
-0.0251432	-0.176367	0
-0.0194601	-0.0489356	0
-0.0353534	-0.0448215	0
-0.022358	-0.0310962	0
-0.0286666	-0.117933	0
-0.0315259	-0.102032	0
-0.0166332	-0.109879	0
0.0443691	0.0107016	0
0.035122	-0.000468536	0
-0.0788108	-0.0817546	0
0.037255	0.0380412	0
0.0503085	0.0392831	0
0.0439009	0.0245613	0
-0.0427831	-0.112276	0
-0.0151586	-0.122207	0
0.0802946	0.0506598	0
0.0798381	0.0373445	0
0.067423	0.0424245	0
0.0728603	0.0280315	0
0.0953169	0.0137351	0
0.0981737	0.0271741	0
0.108835	0.0208653	0
0.086405	0.026644	0
-0.159774	-0.0094427	0
-0.165781	0.0147905	0
-0.171017	0.0265039	0
-0.15732	0.0271851	0
0.0685226	0.060241	0
-0.11198	-0.0221487	0
-0.12567	-0.0213982	0
-0.119651	-0.0129146	0
-0.131713	-0.00928746	0
-0.121987	8.16473e-05	0
-0.134978	0.00564017	0
-0.139996	-0.018478	0
0.0648806	-0.0354334	0
0.065913	-0.0218976	0
0.0498362	-0.039259	0
0.0665661	-0.00769856	0
0.079834	-0.0194715	0
0.0813872	-0.00350578	0
-0.0346788	0.119252	0
-0.02581	0.111942	0
-0.0226065	0.099118	0
-0.0385958	0.104684	0
-0.0332211	0.0883357	0
0.135523	-0.190119	0
-0.0560327	-0.0268434	0
-0.0733441	-0.0250135	0
-0.0634026	-0.01354	0
-0.0632213	-0.0373799	0
-0.057509	-0.00375535	0
-0.0823218	0.0621749	0
-0.0992087	0.0551446	0
-0.0969805	0.0699655	0
-0.0832539	0.0488934	0
0.0666937	0.00590443	0
0.065986	0.0185983	0
0.0795418	0.0130238	0
0.051528	-0.000465369	0
-0.0177512	-0.0638391	0
-0.0287701	-0.0571566	0
-0.00483481	-0.0552728	0
-0.172819	-0.00180951	0
-0.158229	0.00319253	0
0.132925	-0.147951	0
0.149353	-0.142736	0
0.145391	-0.157645	0
-0.132893	0.169723	0
-0.12835	0.152073	0
0.149792	-0.115326	0
0.137549	-0.129387	0
0.135407	-0.11373	0
-0.098195	0.00359927	0
-0.0920055	-0.00857828	0
-0.086169	0.0162539	0
-0.0864391	-0.018843	0
-0.0981776	-0.0207414	0
-0.0880436	-0.0307721	0
0.0444654	-0.0546884	0
0.0598527	-0.0507456	0
0.0555744	-0.0659128	0
-0.149002	0.0136131	0
-0.146329	-0.00430307	0
0.128625	-0.048739	0
0.12899	-0.0330341	0
-0.170351	-0.167515	0
-0.174782	-0.157699	0
-0.16277	-0.159335	0
-0.00610217	-0.0891641	0
-0.0197231	-0.083717	0
-0.0119203	-0.0758086	0
-0.018298	-0.095843	0
-0.0635066	0.160789	0
-0.0686015	0.143157	0
-0.0798841	0.156326	0
0.157925	0.180833	0
0.146913	0.169223	0
-0.00294987	-0.0683515	0
-0.158301	0.161442	0
0.0955614	-0.168648	0
0.106601	-0.160966	0
0.111107	-0.172612	0
0.119976	0.166315	0
0.119674	0.151793	0
0.0283888	-0.0590461	0
0.0326815	-0.0412116	0
0.0388286	-0.0689138	0
0.13338	0.172783	0
0.135184	0.157143	0
0.140425	0.186786	0
0.0863273	-0.046349	0
0.0832723	-0.0591292	0
0.0736723	-0.0478336	0
0.0969463	-0.0545246	0
-0.171181	0.141904	0
-0.15784	0.149279	0
-0.0406698	-0.0298876	0
-0.0493878	-0.0413131	0
-0.172365	0.108169	0
-0.161785	0.118415	0
-0.161113	0.101728	0
0.125372	-0.121432	0
-0.154751	-0.0900813	0
-0.150112	-0.0767152	0
-0.138074	-0.089257	0
0.122769	-0.185386	0
0.10779	-0.187979	0
0.096835	-0.182943	0
-0.187585	-0.180925	0
-0.184602	-0.1658	0
-0.173239	-0.178526	0
-0.146163	-0.0633306	0
0.0580697	-0.184933	0
0.166545	0.188289	0
-0.0302785	-0.0162941	0
-0.106735	0.114647	0
-0.121282	0.115276	0
-0.114923	0.129537	0
-0.0835171	-0.175752	0
-0.0895905	-0.187221	0
0.163981	-0.141943	0
0.157584	-0.152665	0
0.0864991	0.186413	0
-0.155958	-0.147874	0
-0.14866	-0.162537	0
-0.102541	0.190837	0
-0.186028	0.117659	0
-0.188252	0.103668	0
0.168645	0.119453	0
0.185432	0.115161	0
0.182241	0.126716	0
-0.16285	-0.188669	0
-0.17769	-0.192029	0
-0.16473	0.1846	0
-0.156534	0.135863	0
0.179151	0.190964	0
-0.15636	-0.176216	0
-0.147504	-0.186871	0
0.0683542	0.105833	0
0.0850097	0.107025	0
0.0776303	0.0938487	0
0.165517	0.0607248	0
0.0853615	-0.0813291	0
0.0793771	-0.0703904	0
0.0943962	-0.0692776	0
-0.173841	-0.0618277	0
-0.187554	-0.0571083	0
-0.177247	-0.0495791	0
0.105385	0.12809	0
0.113204	0.111752	0
0.0987741	0.113464	0
0.187717	0.149736	0
0.0899463	0.137243	0
0.10573	0.14534	0
0.0879343	0.12294	0
0.130597	-0.167097	0
0.117596	-0.155267	0
0.0821811	0.161952	0
0.0769531	0.173683	0
0.0161646	0.188068	0
0.0171761	0.173754	0
-0.132378	0.0870491	0
-0.141142	0.0756159	0
-0.147195	0.0910087	0
0.157004	-0.128367	0
-0.0125714	0.159449	0
-0.0207106	0.173974	0
-0.145338	0.158272	0
-0.143476	0.143558	0
0.0714105	0.161574	0
-0.147736	0.108499	0
0.0209191	-0.126746	0
0.0301334	-0.114794	0
0.0338927	-0.126952	0
-0.189936	-0.19238	0
-0.164837	0.0857433	0
0.187387	0.179139	0
0.190408	0.191949	0
-0.153678	0.0734807	0
0.149701	-0.0169692	0
0.159236	-0.00355921	0
-0.0571486	-0.0501162	0
-0.0439011	-0.0588298	0
0.110268	-0.0744649	0
-0.151167	0.173555	0
-0.0760464	-0.186958	0
0.186104	0.137948	0
0.0552243	0.0147926	0
0.173482	-0.0587856	0
0.188213	-0.0596505	0
0.178819	-0.0732729	0
0.088732	0.0796509	0
0.0911795	0.0931535	0
0.103115	0.0864475	0
0.00701856	-0.124824	0
0.011574	-0.139258	0
0.143815	0.141933	0
0.170324	-0.0868492	0
0.100301	-0.0818883	0
0.187289	-0.132816	0
-0.0817649	0.0937059	0
-0.0721824	0.102032	0
-0.0687421	0.0878393	0
-0.0562852	0.0822245	0
-0.0688912	0.0732695	0
-0.101376	0.101536	0
-0.0955728	0.0871107	0
-0.108423	0.0906798	0
-0.105145	0.167917	0
-0.0906747	0.101153	0
0.0938617	-0.154999	0
-0.110256	0.0789627	0
-0.183682	0.132238	0
0.0320282	-0.0832338	0
0.0496695	-0.080317	0
0.0447279	-0.0953266	0
-0.119849	-0.188354	0
0.12872	0.143718	0
0.131202	0.129931	0
0.118008	0.138142	0
-0.190168	0.090069	0
-0.0145918	-0.0165793	0
-0.128887	0.0469026	0
-0.140003	0.0421992	0
-0.141678	0.0594944	0
0.0677218	-0.172176	0
0.0667505	-0.155989	0
-0.140831	0.183572	0
-0.147166	-0.136751	0
-0.152957	-0.121955	0
-0.136539	-0.12566	0
0.0805295	-0.164287	0
-0.070533	-0.16965	0
0.0341632	0.0826503	0
0.0189757	0.0820499	0
-0.169052	0.0685473	0
0.139468	-0.0256857	0
0.143675	-0.0412042	0
-0.184352	0.0578724	0
0.127164	-0.00376546	0
0.144115	-0.00345902	0
0.136996	-0.014577	0
0.0746826	0.132968	0
0.0773627	0.148645	0
0.189684	-0.102377	0
-0.0122663	0.0264487	0
0.101369	0.100867	0
-0.187577	-0.0430306	0
-0.0253007	0.0352132	0
0.176646	0.050245	0
0.16164	0.0455263	0
-0.00656475	0.0126285	0
-0.00676494	-0.00351968	0
-0.0214121	0.0055195	0
0.0561813	0.185957	0
0.120411	0.0420549	0
0.0172722	-0.0867977	0
0.0223525	-0.0740278	0
0.026005	-0.0991035	0
0.0100227	-0.0619811	0
0.0185736	-0.0500024	0
-0.113355	0.0642356	0
0.00312045	0.0836085	0
-0.00921073	0.0914236	0
-0.0202308	0.0830712	0
-0.126346	0.0596775	0
0.157641	-0.163094	0
-0.0502653	0.168531	0
0.11525	0.0946128	0
0.116293	0.0794708	0
0.08654	-0.190787	0
0.0940668	-0.0934328	0
0.00536638	0.0030982	0
-0.0856228	0.0317447	0
-0.0700233	0.0426277	0
-0.0719892	0.0261149	0
-0.061913	0.0201414	0
-0.131348	-0.140471	0
-0.122176	-0.128098	0
0.0236345	0.0453138	0
-0.0309522	-0.187817	0
-0.149324	0.121763	0
0.10507	-0.14693	0
-0.111996	0.00921102	0
-0.125357	0.0155976	0
-0.136461	0.116585	0
-0.13054	0.101494	0
-0.100102	0.0210605	0
-0.039456	-0.175985	0
-0.0341887	-0.00258027	0
-0.0480582	0.00400789	0
-0.0358259	0.0118555	0
0.0837153	-0.177634	0
0.186681	-0.163318	0
0.17591	-0.172014	0
-0.0682769	0.0585154	0
0.029657	0.185264	0
0.0311638	0.16808	0
0.152023	0.0109273	0
-0.0814784	0.0775226	0
-0.0556301	0.0336067	0
0.161953	0.00713356	0
0.10348	-0.105386	0
0.17321	0.177456	0
0.145527	-0.0691754	0
0.152368	-0.0772488	0
0.0859309	-0.108864	0
0.0779539	-0.0934217	0
0.010906	0.0704695	0
-0.120659	0.0884321	0
-0.114173	0.10211	0
0.0151792	0.057787	0
0.00186395	0.0601041	0
0.00682026	0.047668	0
-0.12065	-0.0822041	0
0.173248	0.0325728	0
0.154217	0.0296403	0
0.146448	0.0461632	0
-0.126545	0.0733525	0
0.124042	-0.0213147	0
0.110579	-0.0111449	0
-0.145038	-0.0307157	0
-0.132768	-0.0323545	0
0.0647251	0.141179	0
-0.0354666	0.172637	0
-0.0808384	0.108601	0
-0.092676	0.113518	0
-0.0802624	0.127589	0
0.153278	0.0581536	0
-0.141029	-0.042297	0
0.133366	0.0483094	0
-0.105603	-0.136603	0
-0.118484	-0.14292	0
0.0301302	-0.17354	0
-0.150471	-0.0517931	0
-0.00411179	0.149963	0
-0.189754	0.0432596	0
-0.177089	0.0950287	0
-0.0693506	-0.0526886	0
-0.074449	-0.0675059	0
-0.083931	-0.0552311	0
0.15699	0.10379	0
0.082142	0.0649536	0
-0.110051	-0.117854	0
-0.0908828	-0.138302	0
0.12771	0.102591	0
0.125618	0.116419	0
-0.174348	0.121349	0
-0.124884	-0.0982293	0
-0.0926121	0.169906	0
-0.0898512	0.186728	0
0.0634993	0.0942932	0
0.0699433	0.0791532	0
-0.0205796	-0.00540357	0
0.157969	-0.0995762	0
0.0192304	0.0011758	0
-0.137085	0.0190811	0
0.139628	-0.100084	0
0.0176102	-0.175391	0
-0.169208	-0.0896554	0
-0.159855	-0.100223	0
-0.172501	-0.103864	0
-0.111736	-0.104315	0
0.0419685	-0.148697	0
0.0265687	-0.159978	0
0.0409426	-0.107286	0
0.0457937	-0.118453	0
0.0588225	-0.125607	0
-0.143342	-0.106902	0
-0.159474	-0.110613	0
0.0721265	-0.118881	0
0.0841361	-0.125047	0
0.133794	-0.0658436	0
0.0439058	0.190373	0
0.0441992	0.176224	0
0.165073	-0.0742424	0
0.158597	-0.0856443	0
0.154193	-0.0309901	0
0.0604454	0.117736	0
0.061698	0.129224	0
0.0730089	0.118961	0
-0.150718	0.188324	0
-0.165469	-0.0490236	0
0.0489986	0.141958	0
-0.159254	-0.0626644	0
0.154785	0.0864475	0
0.167662	0.092397	0
0.0328565	0.150068	0
-0.140966	-0.152518	0
0.128828	0.0861999	0
-0.0871815	-0.163442	0
-0.0734568	-0.155107	0
-0.0973419	-0.151341	0
-0.0852706	-0.150917	0
-0.109278	-0.152457	0
-0.187605	-0.101993	0
0.0285784	-0.0260844	0
0.142477	0.0943407	0
0.00254704	-0.177113	0
0.145398	-0.0556377	0
0.15736	-0.0633005	0
0.00878276	-0.0949781	0
-0.00318758	-0.103556	0
-0.032583	-0.0867369	0
0.0823344	-0.14886	0
0.0579285	-0.14026	0
-0.0674703	0.113604	0
0.159983	-0.045766	0
0.18812	0.0302513	0
-0.0618814	0.128807	0
-0.0518271	0.114661	0
-0.0292284	0.0712337	0
-0.0578297	0.0999356	0
0.0483274	0.12254	0
-0.0396822	0.159606	0
-0.0499714	0.0183122	0
-0.0382596	0.0272799	0
0.0912951	-0.137606	0
0.0739054	-0.134403	0
-0.0278122	0.159598	0
-0.144939	0.0294837	0
-0.13115	0.0310708	0
-0.0454657	0.090478	0
-0.10016	-0.0552905	0
-0.00298815	-0.11773	0
0.173057	-0.12918	0
0.140136	0.113277	0
0.000516834	-0.0170567	0
0.0139928	-0.112499	0
-0.0771008	0.173674	0
0.0096926	-0.00833134	0
0.0707896	-0.144723	0
0.109599	0.00542157	0
0.122636	0.0130907	0
0.0660735	-0.0795641	0
0.0695408	-0.0628948	0
-0.0393098	0.0435093	0
-0.0940696	0.0431529	0
0.00946735	-0.164426	0
0.0158239	-0.1516	0
-0.108229	-0.00775686	0
0.120974	-0.0627673	0
0.0443902	-0.133477	0
0.0279356	-0.140896	0
0.120743	0.0270587	0
0.0804985	-0.0325199	0
-0.0472904	-0.013115	0
0.0122762	-0.18796	0
-0.0245486	0.0201365	0
0.00471629	-0.0787478	0
0.110953	-0.0491074	0
0.107523	-0.0623092	0
0.0256643	-0.0125798	0
0.0392089	-0.0129576	0
-0.124788	-0.11351	0
0.118322	0.12622	0
-0.029712	-0.0710323	0
0.0965053	-0.00164212	0
-0.101398	-0.0368908	0
0.0943452	0.0650014	0
-0.00162152	-0.188298	0
-0.0899356	-0.0447132	0
-0.044737	0.129259	0
0.059207	0.028474	0
-0.0783467	-0.0396756	0
-0.0772352	-0.0108209	0
0.0881586	0.00465904	0
-0.169202	0.130596	0
-0.0106679	0.109477	0
0.00607027	-0.047453	0
0.148946	-0.0894695	0
