1620
(0.102686,-0.159562)
(0.0573733,-0.092904)
(-0.0732703,-0.0309611)
(-0.0878965,-0.0645655)
(0.0255805,0.0556029)
(-0.0967786,0.130227)
(0.0841119,-0.179739)
(0.144761,0.0380072)
(0.0110151,0.199614)
(-0.0344614,-0.0128125)
(0.111513,0.154907)
(0.107023,-0.00468062)
(0.110261,0.0212527)
(0.11658,0.100884)
(0.12502,0.0316396)
(0.136211,0.0580122)
(0.0119691,-0.106745)
(-0.0656086,0.21326)
(0.12986,-0.0777466)
(-0.0668572,0.0779776)
(-0.144379,0.109431)
(0.000881778,0.0598448)
(0.056506,0.0113766)
(0.0189567,0.270694)
(-0.0239644,0.179209)
(0.0287283,0.130068)
(0.0336323,0.24744)
(-0.0674979,-0.00286404)
(-0.117931,0.351152)
(-0.00398357,0.0969894)
(0.0757033,-0.184008)
(-0.370497,-0.100597)
(0.00439716,0.0959793)
(0.0148235,0.158447)
(0.0176602,0.0377042)
(-0.000845001,0.0375674)
(0.0647685,-0.222492)
(0.0590849,0.000805622)
(-0.0257512,-0.0342325)
(0.409783,0.00186695)
(-0.055425,-0.102873)
(0.178015,-0.0560626)
(0.0119882,-0.0990406)
(0.00769095,0.061253)
(0.0129852,0.0621145)
(0.377291,-0.0647129)
(0.0779991,0.102986)
(-0.0632524,-0.100392)
(0.229214,0.226313)
(0.0743443,-0.113282)
(0.0537196,0.0169161)
(-0.313339,0.0793817)
(-0.0289318,-0.0517634)
(-0.0708185,-0.0197253)
(-0.129968,0.0452763)
(-0.123805,0.02868)
(-0.0308647,-0.0546453)
(-0.275608,-0.296132)
(-0.144331,-0.0222642)
(0.195567,0.221499)
(-0.0245166,0.149165)
(0.0334394,-0.289287)
(-0.231644,0.0910315)
(0.528195,-0.470703)
(-0.351681,0.0506679)
(0.0778885,0.0152851)
(-0.0248824,-0.0614239)
(0.0311768,-0.0392131)
(0.0699041,0.0109687)
(-0.0159705,-0.0304058)
(-0.00487886,0.0918198)
(0.137446,0.0448048)
(0.0596914,0.0576668)
(-0.0697871,0.102546)
(-0.0398458,0.122248)
(0.258568,0.129905)
(-0.135028,0.132185)
(0.236765,0.115003)
(-0.174368,-0.123967)
(0.407269,-0.169212)
(-0.0164682,-0.0892598)
(-0.0829659,0.0785395)
(0.0570228,0.173617)
(0.00418832,0.169984)
(-0.287546,0.0945701)
(-0.0787064,0.00967416)
(0.164397,-0.16552)
(-0.0343768,-0.000770113)
(-0.201062,0.0523132)
(0.052589,0.086795)
(-0.126115,0.0165784)
(-0.0690382,0.0593629)
(0.319346,-0.335752)
(-0.132199,0.138457)
(-0.0349225,0.157994)
(0.354715,-0.16306)
(-0.0192963,0.115778)
(0.497096,-0.0538176)
(0.213879,-0.14155)
(0.0873285,-0.156099)
(-0.110259,-0.0641692)
(-0.201139,0.299722)
(0.0379249,-0.0219135)
(-0.111541,-0.147489)
(0.0845277,-0.0318163)
(0.370096,-0.340782)
(-0.328186,0.0550379)
(-0.108297,-0.0963726)
(0.162426,0.0244309)
(-0.196335,-0.186523)
(0.102287,0.123424)
(0.777931,0.282486)
(0.710948,-0.26537)
(-0.0543003,0.0652444)
(0.268031,-0.170792)
(-0.120578,0.00453531)
(-0.0628342,0.189868)
(0.530716,0.229836)
(0.0647492,0.143763)
(0.676865,-0.365155)
(0.328696,-0.335766)
(-0.0158276,-0.224752)
(0.258698,-0.0100346)
(0.362181,-0.376291)
(0.342015,-0.257119)
(0.0978843,-0.0423063)
(0.106053,-0.191528)
(0.142572,-0.103849)
(0.471304,-0.199528)
(-0.0160062,-0.00212603)
(0.0599177,-0.0732898)
(0.175716,-0.184699)
(0.0536957,-0.0496445)
(-0.0578778,0.0955301)
(-0.110625,0.145954)
(0.0438846,-0.160422)
(-0.131691,-0.0896121)
(0.275449,-0.238966)
(-0.090678,-0.0663226)
(-0.0854536,-0.0521575)
(-0.0869941,0.00140485)
(-0.0956528,-0.147423)
(0.225664,-0.236768)
(0.138227,0.00529807)
(0.201163,0.0215149)
(0.173125,0.0194476)
(0.00658154,-0.0771579)
(0.822005,-0.165941)
(0.575391,-0.0253684)
(-0.081574,-0.189796)
(0.483093,0.284407)
(0.0629955,-0.0140873)
(0.366191,-0.0259539)
(-0.0232429,0.315301)
(0.25492,-0.577192)
(0.00903225,-0.0744588)
(0.151271,0.0846601)
(-0.00558247,-0.289731)
(0.19089,-0.0025905)
(0.0168497,-0.0485221)
(0.0420134,-0.152475)
(0.15931,0.0775993)
(0.253817,-0.0535667)
(-0.0874546,0.00322187)
(0.0599435,-0.112437)
(-0.0694513,-0.113348)
(0.0554076,-0.0263013)
(0.0944821,-0.0522216)
(-0.0695102,0.00953104)
(-0.134013,-0.0935105)
(0.0308359,0.0462215)
(0.0835745,0.143108)
(0.443931,-0.226433)
(0.476941,-0.397198)
(0.845159,0.0323449)
(0.787757,0.0107897)
(-0.0541094,-0.0483483)
(-0.00807647,-0.13758)
(-0.0259511,0.00184976)
(-0.0532957,-0.0228063)
(-0.181096,-0.126014)
(0.121945,-0.238985)
(0.25323,-0.249404)
(-0.20956,0.00929963)
(-0.185823,0.00300601)
(-0.132278,-0.0349855)
(-0.112618,0.0101373)
(-0.0768836,0.191967)
(-0.194221,-0.01995)
(0.998076,0.0265809)
(0.577838,-0.27252)
(0.50515,-0.187046)
(0.599959,-0.206446)
(-0.0801312,0.0342502)
(0.0967064,-0.0796077)
(-0.0395325,0.196798)
(-0.103939,0.0398473)
(-0.330856,0.0639918)
(-0.0930008,-0.117813)
(-0.0847291,0.0655156)
(0.170558,-0.0433071)
(0.0777591,-0.138745)
(-0.00897581,-0.17551)
(0.0375826,0.0635272)
(-0.0530516,0.0771888)
(-0.0106719,0.119906)
(0.63953,-0.493443)
(0.508001,-0.535765)
(-0.0153472,-0.148663)
(0.248844,0.00842826)
(-1.33022e-05,-0.0497035)
(1.18426,-0.224607)
(1.19273,-0.269082)
(-0.0373967,0.108007)
(-0.186705,-0.0433466)
(0.0697909,0.216605)
(0.228513,-0.118893)
(0.335692,0.412581)
(0.230097,0.371122)
(0.0541992,-0.213634)
(0.0424784,-0.00366765)
(0.12257,-0.0100549)
(0.0423221,0.0376449)
(0.0624855,-0.0542612)
(-0.254318,-0.00826314)
(-0.120407,-0.130376)
(0.414498,0.36409)
(0.0984428,-0.185151)
(0.0348085,-0.155708)
(-0.0555399,-0.066644)
(0.0977576,-0.210713)
(0.425405,0.0609394)
(0.477507,-0.100274)
(0.881168,-0.429729)
(0.836915,-0.710123)
(-0.124925,-0.023261)
(-0.0746376,0.168539)
(-0.0331101,0.0508735)
(0.114607,-0.271364)
(0.0878189,0.13687)
(0.0437013,0.0712035)
(-0.123754,-0.0155284)
(-0.0272029,0.132354)
(-0.00592298,0.28337)
(0.0105453,-0.126343)
(-0.0756415,-0.135278)
(0.225042,0.0448279)
(0.0459221,-0.231332)
(0.0575618,-0.178423)
(0.136538,-0.10333)
(0.133845,-0.199814)
(0.00892594,-0.120098)
(0.0346619,-0.192894)
(0.00584263,-0.0889224)
(0.146524,-0.0670954)
(-0.131828,-0.210364)
(0.147738,-0.223958)
(0.308288,-0.0582293)
(0.101546,-0.0948765)
(-0.100558,-0.00283966)
(0.0178806,-0.0167206)
(-0.136593,0.0360889)
(0.0296477,0.057662)
(-0.0937381,-0.0103174)
(0.108735,-0.164452)
(-0.065671,-0.0112129)
(-0.0192334,-0.0473524)
(0.100946,0.0355013)
(-0.0146743,0.0167973)
(0.0505554,0.044538)
(0.167933,-0.00095907)
(0.0249669,-0.0154103)
(0.000856248,-0.0703228)
(0.142424,-0.355699)
(-0.196918,-0.248119)
(0.794478,-0.256715)
(-0.135014,-0.118905)
(0.0994938,-0.116911)
(-0.240596,0.206514)
(0.0787962,-0.128798)
(-0.11997,-0.0349952)
(-0.278371,0.00843363)
(0.0420301,-0.00671481)
(-0.0349615,0.0265359)
(-0.122419,-0.0721022)
(-0.00815636,0.150656)
(0.100472,0.108643)
(-0.0101604,-0.140318)
(-0.0265318,0.181294)
(-0.0374335,0.00948808)
(0.141844,0.0106062)
(0.0442718,-0.0690713)
(0.114416,-0.0981137)
(0.107214,0.107162)
(-0.165996,0.00684233)
(-0.0427907,0.0909389)
(0.0172076,-0.124118)
(-0.045807,0.174406)
(-0.0553294,0.137093)
(-0.153403,0.128666)
(-0.0573316,0.213238)
(-0.0660076,-0.0403666)
(0.0996119,0.0220783)
(0.109337,-0.0383944)
(-7.10297e-05,-0.113382)
(0.04939,0.0526535)
(0.0147945,-0.142125)
(0.131847,-0.0707433)
(-0.153689,-0.00874415)
(-0.16475,-0.038895)
(-0.0129644,-0.112486)
(0.0553509,0.0187284)
(-0.160859,-0.0889635)
(0.0610755,0.115459)
(-0.0171192,0.0534991)
(0.0342376,0.0976749)
(0.0227313,-0.155216)
(-0.101964,-0.19226)
(0.0916527,0.0716069)
(0.194328,-0.195994)
(0.202905,-0.0309737)
(-0.0357527,-0.0163832)
(0.132015,-0.263574)
(-0.0480563,-0.00168159)
(0.0679876,-0.0162149)
(0.0418411,-0.0119)
(-0.0501946,0.032756)
(-0.0835624,0.113828)
(0.033437,0.0704909)
(-0.00303286,-0.0413928)
(0.0534465,-0.177051)
(-0.121974,-0.153996)
(-0.172508,-0.197735)
(0.0119045,0.0647836)
(0.0374234,0.115653)
(0.45755,0.0161926)
(0.0135951,-0.0798306)
(0.137784,-0.03912)
(0.173235,-0.041227)
(0.0585402,0.0541804)
(-0.19107,0.132046)
(-0.0504091,-0.192571)
(0.101048,-0.00694947)
(0.0409452,-0.0481729)
(-0.01585,-0.00166695)
(-0.117224,-0.147031)
(-0.00555865,0.113188)
(-0.0846131,0.0814345)
(-0.0615469,0.162316)
(0.219482,-0.074792)
(0.308051,-0.555639)
(0.407812,-0.341333)
(-0.0336932,0.138071)
(0.135588,0.139731)
(0.315452,-0.653085)
(0.00939844,-0.0536315)
(-0.124016,-0.214324)
(0.126106,0.0180624)
(0.038619,0.0897533)
(0.10469,0.00532873)
(0.279902,-0.212895)
(0.393922,0.0747334)
(0.12117,-0.224249)
(-0.149742,0.0980703)
(0.0129868,0.00753752)
(0.0845464,-0.101827)
(0.0934878,-0.218782)
(0.00520387,-0.219958)
(0.0439406,0.0645774)
(-0.0860771,0.0181256)
(0.038602,-0.00934425)
(0.0224685,0.124907)
(-0.0411069,0.0527381)
(0.156661,-0.150748)
(0.141489,-0.125148)
(0.322892,-0.0718142)
(-0.0102564,0.0112615)
(-0.0737767,-0.184599)
(-0.22328,0.108839)
(0.116276,-0.128552)
(-0.183313,-0.0648233)
(0.366996,-0.149893)
(0.383728,-0.625378)
(-0.0855374,0.064247)
(-0.371583,-0.0975406)
(0.0510413,-0.0496805)
(0.0329251,0.139375)
(0.151651,0.134051)
(0.0229755,0.107515)
(0.203392,0.137505)
(-0.054338,-0.0915118)
(0.0389881,0.164988)
(0.0079896,-0.0153046)
(-0.0815143,-0.0707837)
(0.128911,0.107818)
(0.171558,0.00430569)
(0.0717933,0.0112398)
(-0.281144,0.196562)
(0.127665,0.0705318)
(-0.0461415,0.0617389)
(-0.11427,-0.0399772)
(0.0104909,-0.0617648)
(-0.0326887,0.0501951)
(0.0484753,-0.409619)
(-0.0909949,-0.109999)
(0.169107,0.121418)
(-0.0167878,-0.181183)
(0.0651665,-0.191341)
(0.111214,-0.157757)
(-0.155283,-0.0653729)
(-0.00701777,-0.151409)
(0.00892017,0.108516)
(-0.0513088,0.176662)
(-0.224221,0.00314224)
(0.0924034,0.0935379)
(0.218368,0.148032)
(-0.0350931,0.0473183)
(0.0568308,-0.0883372)
(0.217004,0.0832775)
(0.0418765,0.130853)
(0.00314179,-0.136561)
(0.1656,0.225464)
(0.0428054,-0.193385)
(0.0811255,0.0124392)
(-0.0786747,-0.0743756)
(-0.134184,0.0640594)
(0.527727,0.145877)
(-0.108547,-0.0523466)
(-0.158032,-0.167383)
(-0.0543066,-0.143514)
(-0.173009,-0.116222)
(0.110825,-0.0605963)
(0.0297128,-0.204045)
(-0.120606,0.173191)
(0.00509094,-0.017888)
(-0.222983,-0.0557209)
(0.333709,0.0378556)
(-0.0120685,-0.102306)
(0.245658,0.00122357)
(-0.167259,0.189791)
(-0.130446,0.0479692)
(0.104625,0.0984787)
(-0.0132345,0.0159749)
(0.153277,-0.288999)
(-0.0360357,-0.0303442)
(-0.171018,0.142986)
(-0.125955,-0.136545)
(-0.0706796,-0.00307133)
(-0.0392775,-0.0315896)
(0.274452,-0.0195335)
(-0.0301585,0.119101)
(-0.0678873,0.0814797)
(-0.120546,-0.0494781)
(-0.0122044,-0.00935954)
(-0.0739631,-0.0261795)
(-0.0364184,0.00664016)
(0.19198,-0.0891542)
(0.0332876,0.0719879)
(0.163432,-0.182263)
(0.0232216,0.0220632)
(0.0944592,0.00208395)
(-0.0557725,-0.0806434)
(-0.0740633,-0.196487)
(0.107489,-0.15317)
(0.118787,-0.031801)
(0.103551,0.0111034)
(0.0250629,-0.0841183)
(0.0675047,0.183033)
(0.527527,-0.453697)
(0.0665766,0.00135426)
(0.406312,-0.110806)
(0.112066,-0.167634)
(0.0280628,-0.0407476)
(-0.0748247,-0.0593925)
(0.0934187,-0.0874761)
(0.172218,-0.193945)
(0.0918413,0.256824)
(0.104263,0.0569876)
(-0.240436,0.0946926)
(0.0106207,-0.209423)
(-0.0832049,0.136776)
(0.404191,-0.455473)
(-0.0453056,0.126639)
(-0.0394782,0.157961)
(-0.108065,0.175889)
(-0.0905873,0.133316)
(-0.0406813,-0.0922404)
(0.576475,-0.177261)
(-0.166976,-0.156892)
(-0.138296,-0.118359)
(0.788509,-0.436545)
(0.129143,-0.240214)
(-0.0960726,0.020343)
(0.0345251,0.188008)
(0.147444,-0.204275)
(0.465353,-0.126749)
(0.418663,-0.597469)
(0.135289,-0.169185)
(-0.134034,-0.776655)
(-0.199829,-0.0655963)
(-0.0961286,-0.0185766)
(-0.189256,-0.126926)
(-0.023745,-0.157474)
(-0.0661143,-0.0195359)
(0.0795636,-0.178927)
(0.0887816,-0.0928029)
(0.199787,0.0214669)
(-0.065729,0.0369356)
(0.0184372,-0.00211625)
(0.037612,-0.0197434)
(-0.020006,0.00204946)
(-0.0764718,0.10353)
(-0.100909,0.0266911)
(0.0239629,0.0747241)
(-0.0480423,0.0329215)
(-0.174292,0.078836)
(0.0414637,0.0308215)
(-0.0340014,0.0932507)
(0.171283,0.00937671)
(-0.000534285,-0.0270646)
(0.181927,0.0214883)
(-0.0343115,-0.0606807)
(0.172187,-0.0849155)
(0.0174889,-0.180786)
(0.0176428,-0.0616491)
(-0.10359,-0.118387)
(0.109609,-0.138169)
(-0.0530542,-0.0551656)
(0.101513,-0.0804757)
(-0.227808,-0.0312971)
(0.0830308,-0.079037)
(-0.291219,-0.232425)
(0.37905,-0.0285899)
(-0.29281,-0.181646)
(0.553059,-0.638437)
(-0.170188,0.26652)
(0.0183035,0.00746243)
(-0.0167279,-0.00599328)
(-0.209385,0.117039)
(-0.164699,-0.0711294)
(-0.143343,0.0224462)
(-0.22885,-0.0171622)
(-0.0852814,0.0189499)
(-0.192245,0.119137)
(0.144842,0.16301)
(-0.0246471,0.0483703)
(0.0146568,0.125853)
(-0.160067,-0.0683395)
(-0.198719,0.0156613)
(-0.0328803,-0.14765)
(-0.152782,-0.0242934)
(-0.11035,-0.02211)
(-0.0920064,0.00352402)
(0.0766748,0.043369)
(0.186563,0.480607)
(-0.0822218,0.125658)
(0.148936,-0.195487)
(0.0567582,-0.0387422)
(-0.0577509,0.0243677)
(-0.0729358,0.0147589)
(0.0548281,0.0401514)
(0.467181,-0.103652)
(0.0279673,0.312815)
(-0.186483,0.0104389)
(-0.154473,0.109829)
(-0.177663,-0.168171)
(0.0829321,0.128668)
(0.072715,-0.311369)
(0.353344,-0.0175947)
(0.346712,-0.102371)
(0.0770435,0.216555)
(-0.0450204,0.09559)
(0.190219,0.131146)
(0.236191,-0.0746462)
(0.320157,-0.369662)
(0.0399513,-0.101587)
(-0.0280085,-0.122939)
(-0.201478,0.0433135)
(-0.142375,0.126838)
(-0.0565289,-0.0462558)
(0.013171,-0.0654793)
(0.0816935,0.0338613)
(-0.118773,0.362057)
(-0.201253,0.229525)
(0.233575,-0.0425051)
(0.39016,-0.281152)
(0.171822,-0.209486)
(-0.273056,0.125823)
(0.180843,0.039838)
(0.262026,0.0206824)
(0.0900666,-0.120626)
(0.0181305,0.0749653)
(-0.0997327,0.0165922)
(0.122332,0.0758416)
(0.289951,-0.124139)
(-0.105938,-0.0104771)
(0.191523,-0.148999)
(-0.0404047,-0.0343225)
(-0.187699,0.0495907)
(-0.12109,-0.161374)
(-0.149987,0.119945)
(0.288457,0.115298)
(0.549718,-0.235086)
(-0.0310619,-0.241561)
(0.0727044,-0.0958863)
(0.049048,-0.125536)
(0.166222,-0.027)
(0.0587524,0.0318562)
(0.0388907,0.0142645)
(-0.354621,0.115169)
(-0.134742,0.00256313)
(0.234478,0.0918604)
(-0.271761,0.246814)
(0.0174216,0.117171)
(0.0949623,0.0678234)
(-0.00593166,-0.221322)
(-0.151739,-0.175196)
(-0.203273,-0.0653913)
(-0.102725,-0.0897891)
(-0.114671,-0.0168953)
(-0.0170877,0.00154898)
(0.156966,-0.0482333)
(0.0763818,-0.124262)
(0.0865069,0.0314098)
(-0.0524032,-0.0680273)
(0.0482745,-0.0872438)
(-0.163594,0.013478)
(0.134398,-0.0536448)
(0.0873432,-0.113183)
(-0.139795,0.0447369)
(-0.0925957,-0.0293184)
(0.0614407,0.145713)
(-0.277286,-0.043684)
(-0.212908,-0.160928)
(0.0266187,-0.0696286)
(0.0544637,-0.221514)
(0.104361,-0.123271)
(0.189608,-0.0919214)
(0.0045069,0.0550613)
(0.391518,-0.344991)
(0.328844,-0.0749023)
(-0.196376,0.0526048)
(-0.244997,-0.147476)
(-0.0628518,0.304954)
(0.0731518,-0.0734224)
(-0.0182477,0.00532394)
(0.0474013,0.13437)
(0.20128,0.0404001)
(0.159612,0.0567785)
(0.0421269,0.0142498)
(-0.117494,-0.0589926)
(-0.0157022,0.0994882)
(-0.0383812,0.0885401)
(-0.0412481,-0.191419)
(0.142053,0.318755)
(0.0772233,0.437521)
(-0.0523288,-0.148265)
(0.138603,-0.0906019)
(0.0665183,-0.0620396)
(-0.0567211,0.160837)
(-0.0608369,0.0595021)
(-0.0960299,-0.087992)
(-0.0443925,-0.19403)
(-0.0352548,-0.155636)
(-0.0916951,-0.159299)
(0.183308,0.194138)
(-0.0219745,-0.215467)
(-0.00231605,-0.203713)
(0.160988,-0.0690408)
(-0.208768,-0.0329396)
(0.125453,0.14399)
(-0.142323,-0.147433)
(0.293316,-0.110232)
(-0.00864119,0.196101)
(0.00115121,0.0771508)
(-0.0218687,0.133941)
(0.196266,-0.0837518)
(-0.0877716,0.0427696)
(-0.168746,0.172175)
(-0.142859,0.211508)
(-0.0485435,0.121998)
(-0.106009,0.151952)
(-0.0237777,0.0779694)
(0.282012,-0.19873)
(-0.152801,0.0536855)
(-0.00310805,0.0757847)
(0.0927368,0.103916)
(-0.0716991,-0.0185029)
(-0.121717,-0.019097)
(-0.112052,-0.00164731)
(0.0120336,0.0745809)
(-0.12456,0.0770063)
(0.0901781,0.00985451)
(0.36293,-0.187011)
(-0.143459,0.0311757)
(-0.169368,0.0816744)
(-0.168068,-0.0254247)
(-0.0718429,-0.0427825)
(-0.0415134,-0.0337369)
(-0.122297,0.150038)
(-0.176104,-0.0329795)
(0.0078202,-0.0187886)
(0.0270168,0.176386)
(-0.0613614,-0.0434381)
(-0.0627249,-0.101968)
(-0.104686,-0.0522669)
(0.00582311,0.0837843)
(0.176892,0.0541459)
(-0.0502048,0.0685437)
(0.105429,-0.0127795)
(0.215891,0.0445702)
(0.0231227,-0.109348)
(-0.00185698,0.0467654)
(-0.0783062,-0.0633975)
(-0.049236,0.304912)
(-0.0150389,0.201271)
(0.211466,-0.0810312)
(0.130181,0.0587063)
(0.632874,-0.148185)
(0.823605,-0.460985)
(-0.0809517,-0.0927262)
(0.805546,-0.188501)
(0.0425387,0.0830081)
(0.44608,-0.0599737)
(0.468143,-0.0190752)
(0.190305,-0.0264033)
(0.509184,-0.0225503)
(0.256016,0.35668)
(0.132104,0.132648)
(0.0956782,-0.0116676)
(0.0567423,0.0771804)
(-0.0141547,-0.163307)
(-0.0662837,-0.191799)
(-0.0200382,0.0586652)
(0.134464,-0.00980718)
(0.0446895,0.0523085)
(-0.013742,0.00878151)
(0.0374692,-0.036073)
(0.241059,0.0144216)
(0.115495,0.0101121)
(0.201803,0.154985)
(0.0534424,0.0769307)
(-0.0198931,-0.00162365)
(-0.210136,-0.00360626)
(-0.0326783,0.0172679)
(0.0722915,0.14607)
(-0.00744916,-0.0110486)
(-0.0634278,-0.0183941)
(-0.228378,0.0455092)
(0.0674511,0.0444389)
(-0.120665,-0.0359208)
(0.144961,-0.00376355)
(-0.166775,-0.00729981)
(-0.174574,-0.084261)
(-0.160814,-0.0565504)
(0.121807,0.656353)
(0.0581974,0.0526511)
(0.0983045,0.029226)
(0.0541337,-0.135485)
(-0.159559,0.0495804)
(0.205678,0.14539)
(0.0681203,0.0798542)
(-0.0295884,0.0237167)
(-0.213295,0.0480972)
(-0.153871,0.0942319)
(0.112051,-0.0957503)
(0.49813,-0.293384)
(0.177993,-0.107663)
(0.337214,0.0528299)
(0.00727739,0.0859508)
(-0.062932,0.150476)
(0.0691306,0.144391)
(0.0969964,-0.0816278)
(0.492347,-0.0308947)
(0.517342,-0.173532)
(0.610308,0.11726)
(-0.00904065,0.0581742)
(0.65342,0.126399)
(0.0882202,0.0539556)
(0.140218,-0.202244)
(0.0234079,0.0712847)
(-0.083529,0.179975)
(0.488119,-0.161095)
(-0.121314,0.122177)
(0.0414713,0.00308371)
(0.0675236,-0.0345266)
(0.378892,-0.10998)
(0.00484927,-0.0469431)
(0.1122,0.0130923)
(0.538119,0.0917861)
(-0.0643409,-0.0139015)
(0.0795512,-0.0272503)
(-0.0450112,0.0532153)
(-0.123911,-0.161415)
(-0.221047,0.0711398)
(-0.0657741,-0.146101)
(0.107423,-0.0855612)
(-0.119035,-0.0406634)
(0.0662884,-0.250218)
(0.310474,-0.326381)
(-0.192465,0.0591237)
(-0.0765541,0.0865929)
(-0.150903,-0.0161264)
(0.0567993,0.214487)
(-0.0630175,0.00350977)
(-0.236187,0.0275574)
(0.183481,-0.123413)
(-0.0819776,0.0503146)
(0.0962773,-0.027268)
(0.102795,-0.159145)
(-0.0511774,0.117944)
(-0.193393,-0.133142)
(-0.0860059,0.0438299)
(-0.0757614,-0.0978666)
(-0.141177,0.198156)
(-0.115058,0.118519)
(-0.218057,-0.108918)
(0.00756471,0.0617688)
(-0.0790255,-0.0156877)
(0.0485736,-0.161912)
(-0.00527246,0.00982868)
(0.173198,-0.0188787)
(0.00438746,0.0933876)
(0.12524,0.129166)
(-0.176567,0.0246437)
(-0.0259422,-0.0295406)
(0.0710129,0.109726)
(0.206131,-0.0314507)
(-0.116523,0.0860557)
(0.0905528,0.150729)
(-0.0121894,-0.0337857)
(-0.0483267,-0.183928)
(0.0449472,-0.00648318)
(0.254065,-0.0167978)
(0.0439051,0.0643544)
(0.126618,-0.00236869)
(0.165745,-0.00172921)
(-0.113693,0.0102269)
(0.140123,-0.0994785)
(0.0917162,-0.0714985)
(0.637996,-0.163751)
(0.108154,-0.11334)
(0.192064,0.00814242)
(-0.170174,0.172158)
(0.159729,-0.0697924)
(-0.23642,0.113586)
(0.0502027,0.00227795)
(-0.0168029,0.0779952)
(-0.0192865,0.0340006)
(0.113463,-0.00407698)
(0.139988,0.0495002)
(-0.0766814,-0.0818173)
(-0.0861096,-0.143798)
(-0.0278035,-0.00994117)
(-0.158339,-0.118375)
(-0.284767,0.0965012)
(0.0186391,0.111635)
(0.21214,0.206459)
(0.103494,0.058032)
(0.124998,0.0605627)
(-0.00432808,-0.0374212)
(-0.120203,-0.104015)
(0.090856,-0.137384)
(0.131533,0.139117)
(0.380154,-0.871191)
(0.0615258,-0.0141532)
(0.0176594,-0.0931627)
(0.148595,0.00916658)
(-0.113908,0.131301)
(-0.110795,-0.120492)
(-0.206619,-0.0555583)
(0.0757071,-0.0409943)
(0.190178,0.125984)
(1.24904,-0.158779)
(-0.202148,0.0824277)
(-0.0178372,0.205558)
(0.091826,-0.273027)
(1.1,-0.290316)
(-0.0467025,0.153056)
(-0.114759,0.19758)
(-0.0920897,0.133296)
(-0.109754,0.0191306)
(-0.184113,0.0892199)
(0.0960673,-0.0429176)
(-0.0716128,-0.0485945)
(0.23121,-0.0561714)
(0.0779479,-0.0895755)
(-0.024864,0.027781)
(-0.0577532,-0.0775804)
(-0.00861402,-0.0550657)
(-0.119589,0.0679422)
(0.0387512,0.0181247)
(0.330288,0.0114616)
(-0.0558209,-0.165285)
(0.159827,0.0804321)
(-0.113197,-0.159437)
(0.105832,0.190638)
(-0.0624197,-0.012498)
(-0.118529,-0.0718061)
(0.752859,-0.284953)
(-0.0782181,0.240072)
(0.0924896,0.185434)
(-0.129473,0.0516327)
(-0.205535,0.048007)
(-0.041645,-0.169511)
(0.105694,-0.161295)
(0.00248327,-0.30042)
(0.143408,-0.28712)
(0.17417,-0.592153)
(-0.136166,-0.232813)
(0.1219,0.150957)
(0.0159686,0.222428)
(0.248098,-0.0219023)
(0.427262,-0.613426)
(0.00971742,0.150876)
(-0.0768412,0.140694)
(0.591574,-0.189447)
(-0.0182722,0.235858)
(-0.161665,0.101637)
(0.513592,-0.185754)
(0.0300721,0.235642)
(-0.109953,0.0363217)
(0.43044,-0.629548)
(0.0336543,0.217834)
(0.540957,0.0309564)
(0.401368,-0.222421)
(0.116647,-0.141818)
(0.649415,-0.0708593)
(-0.323023,0.131606)
(-0.119358,0.0709109)
(0.270686,0.135532)
(0.258992,0.193296)
(-0.0155431,0.0659186)
(0.00791895,0.253572)
(-0.242039,-0.0552553)
(-0.180639,-0.108787)
(0.249447,0.00160149)
(-0.286313,-0.0889947)
(0.191031,-0.0990448)
(0.222893,0.0455094)
(0.0180106,-0.133297)
(0.0921632,-0.0218504)
(-0.16996,0.0626896)
(0.0546723,-0.0941851)
(-0.0601671,-0.0363034)
(0.185807,-0.0596081)
(-0.202601,0.0484167)
(0.0269836,0.292571)
(0.0795772,0.0127337)
(0.284817,0.0294641)
(0.0996239,0.23411)
(0.615411,0.261724)
(-0.0900149,0.0020398)
(1.0922,0.448725)
(-0.127518,0.178028)
(0.010956,-0.00399665)
(0.204451,-0.555152)
(0.00403209,0.106651)
(-0.0743786,0.041522)
(0.473855,0.46577)
(0.122558,-0.0886247)
(0.0226876,0.0967428)
(0.0372936,0.0308581)
(-0.104749,-0.0916692)
(-0.140159,-0.108343)
(-0.00403333,0.0969111)
(-0.0419092,-0.0511084)
(-0.00693935,-0.109988)
(0.120603,0.221558)
(0.426099,-0.414287)
(0.195834,0.00906705)
(0.621902,-0.288394)
(0.248131,-0.225481)
(0.00625683,-0.0983078)
(1.07397,-0.0545439)
(0.0394695,-0.473925)
(0.10121,-0.0183201)
(0.0930023,-0.172934)
(0.372868,-0.120026)
(-0.0921692,-0.0389306)
(-0.0115643,-0.0394092)
(0.0396452,-0.10604)
(0.220538,0.162355)
(0.130006,0.151943)
(-0.173835,-0.139274)
(0.141089,0.049194)
(0.034819,0.117131)
(0.0273991,-0.171302)
(0.137587,-0.105782)
(0.0167783,-0.0608194)
(-0.118541,0.122099)
(0.0251304,0.0915769)
(-0.0409652,0.125141)
(-0.031213,-0.12352)
(-0.173706,0.0607984)
(-0.0166728,0.0316763)
(0.0667312,-0.000898858)
(-0.296478,-0.0454557)
(-0.236728,0.032504)
(-0.163856,0.193461)
(0.0317741,0.247709)
(-0.141567,0.210752)
(-0.044066,0.312251)
(0.0876418,-0.120298)
(-0.158367,0.139858)
(-0.0627243,0.174462)
(0.309349,-0.160038)
(0.220339,0.162311)
(0.0714628,-0.0936475)
(-0.123968,0.0582047)
(0.0883195,-0.177073)
(0.123931,0.247952)
(0.0299971,-0.0483612)
(0.137372,-0.253501)
(-0.117087,-0.143826)
(0.829125,0.159155)
(-0.132197,0.10697)
(0.00887451,0.0795809)
(0.0763061,0.0592613)
(0.0645188,0.118896)
(0.0185328,0.140368)
(0.0306829,0.0780058)
(-0.0842382,-0.0970906)
(0.0753545,-0.184754)
(0.0530926,-0.103911)
(-0.00998787,0.197495)
(0.311989,-0.261784)
(0.0923674,0.20192)
(0.0611844,-0.00279681)
(-0.29241,0.0110511)
(0.921612,-0.155266)
(-0.0703633,0.0805252)
(-0.270378,-0.143774)
(0.0211556,-0.249101)
(-0.0146009,0.0946165)
(-0.162715,-0.000475447)
(0.00809267,0.165993)
(0.210516,0.108588)
(0.0815461,-0.0362057)
(-0.0521513,-0.163758)
(-0.0964662,-0.140271)
(-0.0342593,0.182482)
(0.0998784,-0.169979)
(-0.0170582,-0.115498)
(0.0415376,-0.0836101)
(0.0409222,-0.110442)
(0.314728,0.0131268)
(0.0655706,0.0328268)
(-0.0178465,0.0135447)
(0.0223026,-0.0443694)
(0.114156,-0.0715209)
(0.023805,0.0708151)
(-0.156132,-0.00607613)
(0.00380183,-0.0305363)
(1.0326,0.145357)
(0.0397336,-0.0421044)
(-0.0461655,0.0483997)
(-0.148198,-0.0430585)
(0.18203,0.162097)
(-0.144798,-0.0525991)
(0.16433,0.11384)
(0.397207,0.265955)
(0.532922,-0.11401)
(0.7931,0.12605)
(-0.00851438,-0.153754)
(-0.0411068,-0.0572095)
(0.0589243,-0.00169016)
(0.465443,-0.206141)
(0.0575734,-0.11963)
(0.0646825,0.0334172)
(0.146548,-0.122815)
(0.290432,-0.125716)
(-0.116295,-0.245837)
(-0.0848246,-0.178815)
(0.238117,-0.0614809)
(0.356303,-0.0324639)
(0.177621,-0.0404602)
(-0.0392969,-0.303751)
(0.152605,-0.0137547)
(-0.0246527,-0.156938)
(-0.0355625,-0.138522)
(-0.0029601,-0.101735)
(0.0900169,-0.00377796)
(0.960451,-0.372305)
(-0.153529,0.110178)
(0.0610853,0.206591)
(-0.134832,0.014111)
(0.616551,-0.258862)
(-0.106237,-0.0983984)
(0.146428,-0.0966838)
(0.97842,-0.479793)
(0.258647,-0.725641)
(0.213847,-0.0291758)
(0.570187,-0.372199)
(0.0772073,0.0081387)
(0.112727,0.033102)
(0.331464,-0.234971)
(0.244922,0.0353938)
(0.296955,0.110937)
(0.599229,-0.2201)
(-0.0359189,-0.0850985)
(0.380289,-0.0106079)
(-0.00108071,-0.0869286)
(-0.156322,0.250616)
(0.140367,0.148815)
(0.2247,-0.287095)
(-0.05672,0.0385793)
(-0.0477683,-0.208334)
(0.00641455,0.167262)
(-0.0507026,0.100362)
(0.0282016,0.155694)
(-0.175232,0.0844122)
(-0.052864,0.0127817)
(-0.0614794,-0.0515574)
(-0.0941972,0.103964)
(0.267684,-0.0811598)
(0.114479,-0.193525)
(-0.0797504,-0.155728)
(-0.040724,0.0499896)
(-0.0673188,0.116447)
(0.104991,-0.250712)
(0.560468,-0.161821)
(-0.0364475,-0.178322)
(-0.0142953,0.00692926)
(-0.00889653,-0.0996778)
(0.00953232,0.0854162)
(-0.0109254,0.0271455)
(-0.0575712,0.259061)
(-0.0741692,0.353353)
(0.1359,-0.137205)
(0.753609,-0.191179)
(-0.0840097,-0.0154475)
(0.367823,-0.233684)
(0.00594614,0.0130804)
(-0.038433,0.00106712)
(0.0324083,-0.0292797)
(-0.0379336,0.0644277)
(-0.00189664,-0.146716)
(-0.0600232,0.0793452)
(0.0489242,-0.0970201)
(-0.181866,0.125707)
(0.116434,0.0114568)
(-0.0300432,0.12449)
(-0.0613725,0.134004)
(-0.123273,0.100838)
(0.548691,-0.341847)
(0.641014,-0.286334)
(-0.0823464,-0.102998)
(0.083709,0.195258)
(0.0172541,0.103918)
(0.00309075,0.145402)
(0.250525,0.622607)
(0.0880925,0.0763266)
(-0.0958777,0.00477791)
(-0.0625577,-0.0618906)
(-0.140144,-0.0272274)
(0.600596,-0.302546)
(0.0276193,-0.0153297)
(0.00394069,0.00742318)
(0.0313235,0.019297)
(0.129995,-0.0420757)
(0.542653,-0.193746)
(0.0437787,0.0800702)
(0.0482457,0.197906)
(-0.169744,0.043594)
(0.0314254,-0.0676156)
(-0.0765006,-0.0654575)
(0.587499,-0.229076)
(0.317726,-0.188943)
(0.0504805,0.33045)
(0.20942,0.237202)
(0.169737,-0.140477)
(0.459055,-0.279392)
(-0.131306,-0.0468553)
(-0.280962,0.11789)
(0.0441537,0.22592)
(0.121253,-0.0099096)
(0.144068,0.137341)
(0.252511,0.293813)
(0.00690878,0.133879)
(0.0665337,0.388446)
(0.180882,-0.14509)
(0.255051,-0.218944)
(0.386705,-0.244344)
(0.304046,-0.198041)
(0.560594,-0.625154)
(-0.105059,0.0857162)
(-0.0209158,0.0766976)
(0.0999085,-0.120245)
(-0.0149071,-0.0104982)
(0.598727,0.13531)
(0.750567,0.163392)
(0.0123941,-0.0374791)
(-0.107669,0.0127236)
(-0.0159219,-0.11377)
(0.351709,0.467356)
(0.0424696,0.159241)
(0.178634,0.1828)
(-0.124126,0.0720874)
(0.401677,0.929774)
(0.0657773,0.0672744)
(-0.113167,0.155907)
(0.639926,0.149899)
(0.825281,-0.283363)
(0.323566,-0.101748)
(0.225924,-0.190967)
(-0.153828,0.0881687)
(0.33012,0.109494)
(-0.0900549,-0.102235)
(-0.0309527,0.154033)
(-0.192392,-0.0858428)
(0.711187,-0.180516)
(0.603345,-0.120089)
(1.0472,-0.317816)
(0.907584,-0.245834)
(0.391724,-0.548425)
(0.204011,0.132969)
(0.0605306,-0.327335)
(0.260754,0.179304)
(-0.128001,-0.189883)
(0.00960574,0.360127)
(-0.320453,-0.10122)
(0.419958,0.0701147)
(0.429835,0.567735)
(0.322412,0.537427)
(0.189983,0.252275)
(0.729061,0.610547)
(-0.0591345,0.0999225)
(0.453748,-0.0695096)
(-0.262539,-0.0199468)
(-0.0236228,0.210825)
(0.229811,0.0205689)
(-0.0463968,-0.227539)
(-0.0193615,-0.0983291)
(0.112005,0.132331)
(0.165526,-0.19068)
(0.0209778,0.037831)
(-0.168486,0.401)
(0.315626,0.157504)
(-0.0131929,0.00296583)
(0.651557,-0.249968)
(0.450167,0.0673676)
(0.589626,-0.151664)
(-0.185613,-0.015943)
(-0.286711,0.0574811)
(0.110688,0.0641169)
(0.453532,-0.782729)
(-0.0153785,0.19617)
(0.328842,-0.177735)
(-0.0389697,0.191184)
(0.617222,-0.278251)
(0.160435,0.331122)
(0.697716,0.232388)
(0.22776,-0.662188)
(0.306471,0.0123842)
(0.0802888,-0.0439327)
(-0.102926,-0.20472)
(0.0417756,-0.255638)
(0.0226677,0.260809)
(-0.00753868,-0.0904467)
(-0.0458134,-0.220969)
(0.0461542,0.213065)
(0.0930403,-0.281866)
(0.347989,0.0226538)
(0.131099,0.0831411)
(0.0809039,-0.143192)
(0.0456302,-0.00628152)
(0.353099,-0.15045)
(0.309433,0.249526)
(0.042882,0.102061)
(-0.102583,0.399335)
(-0.142889,0.398926)
(0.104721,0.161329)
(0.439653,-0.0773337)
(0.0639439,0.0261048)
(0.148207,0.0956269)
(-0.0427519,-0.0722731)
(0.00335853,-0.277534)
(0.0537436,0.12948)
(-0.0718593,-0.254322)
(0.0568366,0.204088)
(0.0405311,-0.0928386)
(0.172537,0.0915276)
(-0.184065,-0.0943639)
(0.452079,0.446318)
(-0.0628238,-0.145957)
(0.724993,-0.100935)
(0.581195,0.498864)
(0.00582226,0.244517)
(0.764349,-0.138011)
(0.397703,-0.0819308)
(0.46183,0.100958)
(-0.138076,-0.107782)
(0.527258,-0.0545578)
(-0.036328,-0.0515511)
(0.0611863,-0.100523)
(0.0383167,-0.0169095)
(-0.149098,-0.10722)
(-0.0861257,0.134152)
(0.101181,-0.185717)
(0.0703252,0.127251)
(0.541572,0.0909072)
(-0.141595,-0.0763653)
(0.14645,0.0718342)
(0.494928,-0.105711)
(0.516896,-0.22933)
(-0.135729,-0.00254762)
(0.304701,0.161983)
(-0.182081,0.147555)
(0.717832,-0.16653)
(-0.0272589,0.121529)
(0.6716,-0.197968)
(0.318849,-0.231992)
(-0.0399287,0.0811058)
(-0.00512125,0.0827159)
(1.05044,-0.434421)
(-0.00546156,0.035407)
(-0.211278,0.0653224)
(0.102476,-0.207865)
(0.611976,0.006999)
(0.38438,-0.245946)
(0.153141,-0.351741)
(0.342848,-0.579139)
(0.4794,0.183237)
(0.104974,0.132066)
(0.312303,-0.0256581)
(0.22268,-0.0135507)
(0.196091,0.0219876)
(0.596377,0.0751153)
(0.0189759,0.010008)
(0.548067,0.273654)
(-0.00741771,-0.0373436)
(0.150022,-0.154154)
(0.137878,-0.0597526)
(0.145329,0.111888)
(-0.074576,0.332058)
(-0.253274,0.188392)
(-0.00692813,0.0571507)
(-0.067254,0.0705467)
(0.417524,-0.0103139)
(-0.0349773,0.233276)
(-0.167368,-0.0311258)
(-0.0628322,0.149547)
(-0.11281,-0.21184)
(-0.0429073,-0.210068)
(-0.0605051,-0.310795)
(0.0408825,-0.0812566)
(0.077952,0.120676)
(-0.0966349,-0.0299617)
(-0.149296,-0.133999)
(0.343046,0.00901681)
(0.670854,0.221551)
(-0.0642461,-0.0957692)
(0.181395,-0.112305)
(0.185179,-0.0497685)
(-0.0326698,-0.19647)
(0.0542621,-0.165955)
(-0.126299,-0.0952162)
(0.0620528,-0.185179)
(0.417076,0.00848442)
(0.921768,-0.21319)
(0.00754579,0.280787)
(0.534854,0.185777)
(1.28534,0.342727)
(0.0979999,-0.0531383)
(-0.0291808,-0.304987)
(0.218737,-0.363839)
(-0.058504,-0.157944)
(-0.00562421,0.113312)
(0.140537,-0.22793)
(-0.111354,-0.000916101)
(0.150418,0.220116)
(0.119725,0.00599917)
(0.122508,-0.199768)
(0.487466,-0.167393)
(0.0497285,0.0463604)
(-0.0591037,-0.150124)
(0.321833,-0.0514283)
(-0.0380373,-0.012826)
(0.0287743,0.130384)
(-0.0684044,-0.0047721)
(0.477941,-0.199455)
(-0.00937984,0.0622689)
(0.224781,0.0753713)
(-0.156835,-0.119992)
(0.202327,0.189629)
(-0.0351807,-0.0390129)
(-0.109585,-0.0325397)
(0.0353142,0.107335)
(0.0746758,0.205964)
(0.0970835,0.121289)
(-0.0647307,0.0835756)
(0.00770529,-0.258468)
(0.590771,0.59602)
(-0.0987119,-0.133728)
(-0.173415,-0.298203)
(-0.177613,0.0726579)
(-0.168899,-0.311445)
(0.115984,-0.142476)
(0.0911183,0.143653)
(0.271914,0.0196034)
(-0.110383,-0.11766)
(-0.141366,0.0317805)
(-0.344356,-0.0483669)
(-0.24475,-0.0747492)
(0.0995182,-0.00432677)
(-0.0804478,0.182475)
(-0.13676,-0.0955641)
(0.0156876,-0.363622)
(0.0328221,-0.00539383)
(0.236062,-0.438572)
(0.774558,0.0592175)
(0.115163,-0.419799)
(0.0051516,0.0695412)
(0.637736,0.109243)
(0.377127,-0.265427)
(0.73788,-0.0500507)
(0.134609,-0.00392169)
(0.225794,-0.266516)
(-0.127733,0.076006)
(0.269458,0.00866282)
(0.853887,0.246955)
(0.929268,0.36083)
(-0.038587,0.283697)
(-0.16261,-0.0881905)
(0.191515,0.00853239)
(-0.274645,0.0644771)
(0.312115,0.114236)
(-0.0616941,-0.0665332)
(-0.0185987,-0.0803071)
(-0.0533975,-0.122873)
(-0.0352058,-0.101723)
(0.574433,0.140088)
(-0.143758,0.15295)
(0.520627,0.0845835)
(0.134224,-0.0107768)
(0.0274485,0.105462)
(0.0800667,-0.0657221)
(0.484824,-0.270453)
(0.0861789,-0.00358819)
(0.709166,0.116363)
(0.561875,-0.210324)
(-0.0335302,0.104185)
(0.213885,-0.0683799)
(-0.0434871,0.0864547)
(0.0488791,-0.086921)
(-0.100595,0.0545564)
(-0.0505027,0.0572766)
(0.414129,-0.332516)
(0.27949,-0.132256)
(0.177712,-0.221688)
(-0.0720488,-0.1032)
(0.0623548,0.178192)
(0.0162812,0.19329)
(0.0196657,-0.0829727)
(0.0219258,0.0442717)
(0.362032,-0.137727)
(0.819173,-0.701776)
(0.736945,-0.575042)
(-0.0557228,-0.0165969)
(0.574409,-0.154143)
(-0.0993353,0.10636)
(0.0631117,0.182112)
(0.0258405,0.128635)
(0.188327,0.0688005)
(0.0735187,0.0336198)
(0.034148,-0.217361)
(0.420099,-0.540095)
(0.449537,0.0134238)
(0.503998,0.34353)
(0.0653405,0.0918459)
(1.00906,0.414411)
(0.133238,0.0668754)
(0.0589993,-0.229373)
(0.0758015,0.000313356)
(-0.065131,-0.0488943)
(0.240324,1.08157)
(-0.0364999,-0.0891507)
(0.0470019,0.41857)
(0.536375,0.791821)
(0.782579,-0.353377)
(0.29679,-0.0872733)
(0.234487,-0.286488)
(0.459205,-0.0503517)
(0.720747,-0.134344)
(0.0807799,-0.155606)
(0.604027,-0.338086)
(0.590105,0.24879)
(0.138647,0.00315975)
(-0.13173,-0.140194)
(-0.0457349,0.020383)
(0.087902,-0.0366793)
(0.227787,-0.199728)
(0.294916,-0.0914867)
(0.147523,-0.233323)
(0.179043,0.100301)
(0.385868,-0.344311)
(-0.141193,-0.0524137)
(-0.213176,-0.0363468)
(0.285466,-0.256666)
(-0.29898,-0.039494)
(-0.0406845,0.448745)
(0.718071,-0.462662)
(0.0295053,0.0869396)
(0.063372,0.0893667)
(0.106772,0.0350841)
(0.0765697,0.0485409)
(0.108579,0.120648)
(-0.0669858,0.239168)
(0.176039,-0.484858)
(0.894723,-0.304941)
(0.0330554,-0.857747)
(0.0219667,0.0307986)
(0.0738102,-0.218049)
(0.776945,0.102262)
(-0.0383172,-0.21757)
(0.146343,0.0942726)
(0.0296592,-0.0579496)
(0.0363749,-0.0930303)
(-0.0257693,-0.777705)
(0.0888246,-0.0290701)
(0.580433,0.375743)
(0.0462495,0.315381)
(0.606069,0.259085)
(0.0444405,0.0259996)
(0.418794,-0.548199)
(0.503055,-0.218814)
(-0.0145551,0.0789601)
(0.29668,-0.954065)
(0.717196,-0.803767)
(0.0253052,0.0611732)
(-0.16004,0.0330631)
(0.492455,-0.163437)
(-0.100581,-0.0683059)
(-0.0848828,-0.094826)
(0.430738,-0.193214)
(-0.129997,0.0705253)
(0.0525674,0.0235962)
(0.00123324,0.167638)
(-0.077639,-0.267829)
(0.273796,-0.103978)
(0.333885,0.0505844)
(0.137595,0.189786)
(0.243522,-0.0644456)
(0.140002,0.0141473)
(-0.0278481,-0.224038)
(0.00108246,0.0497288)
(-0.161988,-0.218455)
(-0.0314417,-0.0366159)
(0.0947418,-0.0196413)
(-0.13492,0.00459698)
(-0.0502064,-0.189036)
(-0.19754,0.05155)
(-0.122544,0.181158)
(0.162548,-0.142866)
(-0.231185,-0.019443)
(0.425067,-0.191167)
(-0.102154,0.0560017)
(0.633999,0.023113)
(0.0712799,-0.0345295)
(-0.0860496,-0.0868901)
(0.188248,-0.383245)
(0.430924,0.348067)
(0.41952,-0.610455)
(0.131176,-0.061849)
(-0.110124,-0.0903191)
(0.096911,-0.0264701)
(-0.0349052,-0.0821663)
(0.119946,-0.0266926)
(-0.103804,-0.0981249)
(-0.0479772,-0.0549155)
(-0.0887902,0.0475874)
(-0.0750372,0.105534)
(0.223218,-0.0689447)
(0.285647,-0.129333)
(0.0610525,0.0963349)
(-0.0601712,0.222286)
(-0.113085,0.112717)
(0.12482,-0.112328)
(-0.0416377,0.0880032)
(0.237846,0.049424)
(0.0930957,0.0982777)
(0.10421,-0.185324)
(0.352274,0.0420559)
(0.491532,0.100116)
(-0.0669148,0.2348)
(0.35574,-0.00322352)
(-0.0704958,0.177793)
(-0.100494,0.0608363)
(0.122754,0.0575129)
(0.125463,0.0264291)
(0.136537,0.0347599)
(0.125767,0.0770022)
(-0.123898,-0.0993294)
(-0.0407665,0.144698)
(0.276221,-0.0331047)
(-0.234578,0.13188)
(0.519552,-0.0458129)
(0.577802,0.083952)
(-0.0452611,0.158096)
(0.673669,0.271635)
(0.568484,-0.067964)
(0.829192,-0.129539)
(0.0447183,0.109087)
(0.197434,0.146595)
(0.314025,-0.260855)
(0.206576,0.112676)
(0.152391,-0.295328)
(0.097737,-0.0771243)
(0.183298,-0.0848904)
(0.178774,-0.306011)
(0.0463991,-0.0932677)
(0.334774,-0.196695)
(0.485341,-0.252507)
(-0.0388242,-0.00498923)
(0.0216769,0.0283906)
(0.186095,0.0705095)
(0.0347475,0.00931116)
(0.196776,-0.0540572)
(-0.0627658,-0.0950578)
