1620
(0.047909,0.0162495)
(0.0941742,-0.137519)
(0.0226164,-0.0298628)
(-0.000493591,-0.00638176)
(0.0132853,0.0285981)
(0.0590768,-0.0271721)
(0.0744708,-0.229129)
(0.0303805,0.0278298)
(0.0775501,-0.108019)
(-0.062491,0.0173909)
(0.0842317,-0.0207955)
(0.0765944,-0.105384)
(0.0136888,0.02196)
(0.00896793,0.072516)
(-0.00611824,-0.0192627)
(-0.0378477,0.0235552)
(-0.0410734,-0.0222235)
(-0.0474366,-0.0161589)
(-0.0243177,0.0280878)
(-0.0161842,-0.0252896)
(0.0356037,0.0760349)
(0.13056,-0.0161405)
(0.139559,0.0505551)
(0.0772137,0.077791)
(-0.0610757,-0.0308314)
(0.0170623,-0.00465966)
(0.0306406,-0.00249298)
(0.0277088,0.0287344)
(-0.029018,0.0919871)
(0.0212873,0.0350474)
(-0.0165304,0.0242983)
(-0.15578,0.132984)
(0.0712363,-0.0739223)
(0.0119404,-0.0731441)
(0.0222477,-0.0737266)
(0.0757908,-0.0680937)
(0.0169379,-0.150698)
(-0.0188126,0.0425339)
(-0.0213057,0.0189093)
(0.000594576,0.0208221)
(-0.00359192,-0.0739563)
(0.0123815,-0.0130486)
(0.0678436,0.0133026)
(0.0806798,-0.00495312)
(0.0560178,-0.00893685)
(0.0182801,-0.146677)
(0.0803345,-0.131946)
(-0.0117801,0.00268029)
(0.0140068,0.0500123)
(-0.0058315,-0.0071606)
(0.0197818,-0.0717382)
(-0.0411364,-0.00464205)
(0.0107833,0.0257748)
(-0.000439228,0.0161354)
(0.0426234,0.0100026)
(0.0498566,0.0237219)
(-0.163057,-0.0420853)
(-0.0309983,0.0147104)
(0.0121504,-0.00665005)
(0.0298887,-0.177769)
(0.0213224,0.00490023)
(0.053658,-0.199937)
(-0.0606555,0.0172008)
(0.0840164,-0.225127)
(-0.0704654,0.00578994)
(0.0184793,-0.00934042)
(-0.127743,-0.0242101)
(-0.211984,0.023211)
(-0.0231865,0.0765082)
(0.0386647,-0.0268055)
(-0.0133548,0.0342765)
(-0.00145689,-0.0214036)
(0.207999,-0.0775126)
(0.123064,0.103267)
(0.0844915,-0.177402)
(-0.118083,0.0302804)
(-0.0698889,0.0645534)
(0.0307677,-0.167571)
(0.0820137,0.027986)
(0.0594242,-0.193714)
(0.0581667,-0.00914011)
(-0.00961837,0.0263506)
(-0.0103391,0.0311815)
(0.0474473,0.0400993)
(0.0595402,0.0615353)
(-0.0179795,-0.0302332)
(0.0646401,0.0808675)
(0.0334283,0.0276012)
(-0.0502765,0.0262978)
(-0.0471284,0.0598021)
(0.00702993,0.0103782)
(0.0155901,0.0185408)
(0.147126,-0.145078)
(0.153414,-0.0650517)
(0.109954,-0.113205)
(0.177942,-0.146637)
(-0.00642191,0.019449)
(0.15395,-0.220716)
(-0.0377989,-0.0552989)
(-0.0412886,-0.0257909)
(0.0592969,-0.138255)
(0.0357719,0.0308176)
(0.063157,-0.0413769)
(0.0952405,-0.0260099)
(0.072748,-0.00992936)
(0.105897,-0.245389)
(0.115041,0.0166993)
(0.0360209,0.0593593)
(0.0276737,0.0377752)
(0.0918724,0.0278035)
(0.0358564,0.0553739)
(0.128528,-0.194859)
(0.117626,-0.178862)
(-0.0324186,0.0475784)
(0.154899,-0.145389)
(0.188276,-0.0612137)
(0.160185,-0.10923)
(0.125416,-0.111381)
(0.0127795,0.0184536)
(0.0156905,-0.194385)
(0.17717,-0.164973)
(-0.0200075,0.00741204)
(0.119513,-0.165687)
(0.0360701,-0.169051)
(0.0831008,-0.194537)
(-0.114092,-0.0148081)
(-0.0261649,-0.17519)
(-0.0659655,-0.11931)
(0.108141,-0.196721)
(0.0239419,0.00218858)
(-0.00235504,0.0358742)
(0.0606075,-0.0139312)
(-0.0327692,0.00934639)
(0.00189515,-0.018545)
(0.000532681,-0.00604636)
(0.032269,-0.0505746)
(0.0428874,0.040028)
(-0.0318475,0.0509462)
(0.0635452,-0.18863)
(0.128584,-0.0304414)
(0.103499,-0.0953552)
(-0.0200231,0.0610322)
(0.00722065,0.0557261)
(-0.0230238,-0.0127911)
(0.0165277,0.00779984)
(0.00594396,0.0156325)
(0.00919201,0.057145)
(0.108144,-0.151147)
(0.10102,-0.114183)
(-0.0104821,0.0698561)
(0.00765385,-0.181819)
(0.0180073,-0.140646)
(0.0950225,-0.237019)
(0.119428,-0.155433)
(0.106685,-0.236975)
(0.146201,-0.101415)
(0.0557414,-0.163321)
(0.109485,-0.169)
(0.0834503,-0.128362)
(0.0823961,0.0772785)
(0.105472,0.0167692)
(0.170933,-0.034553)
(0.149907,-0.0528771)
(0.0132656,0.0329754)
(-0.0232571,0.0119003)
(0.0314968,0.0726661)
(0.0313758,0.00072543)
(0.0402516,0.0119702)
(0.0313704,-0.0135524)
(0.024324,-0.0205378)
(0.0310692,-0.0125473)
(0.030904,-0.0203807)
(0.0680695,-0.162316)
(0.04489,-0.18919)
(0.13072,-0.19697)
(0.12533,-0.274896)
(-0.0249396,0.00379067)
(-0.00975587,0.0220468)
(-0.0473437,0.0229927)
(-0.0342523,0.0471329)
(0.0145844,0.0391434)
(0.125206,-0.127504)
(0.126677,-0.104101)
(0.0600509,-0.101323)
(0.0637401,-0.122142)
(-0.0469082,0.0404929)
(-0.0120924,0.0700284)
(0.0222236,-0.203499)
(0.0504527,-0.145842)
(0.121212,-0.257795)
(0.1395,-0.213915)
(0.0617747,-0.156706)
(0.0484012,-0.218999)
(0.0127025,0.0359523)
(-0.00707317,0.0506915)
(0.133029,0.0848521)
(0.133138,0.0212144)
(0.109906,0.0490365)
(0.0179425,0.0442535)
(0.0979751,0.0161748)
(0.0426896,0.0213365)
(0.0701696,0.0373659)
(-0.0556229,0.0249399)
(0.0285677,0.00263837)
(-0.00138383,0.0305434)
(0.0419887,0.00719036)
(0.0551759,-0.187413)
(0.0320791,-0.197957)
(0.0384827,-0.00700464)
(0.123067,-0.150568)
(-0.0469944,-0.00633959)
(-0.00167582,-0.179142)
(0.0264686,-0.175756)
(-0.135529,-0.0241565)
(-0.10035,-0.0453184)
(-0.0281824,0.0639184)
(-0.00550759,0.0633749)
(-0.000155052,-0.171038)
(0.0152038,-0.206236)
(0.031991,0.0379782)
(-0.0763437,0.0521761)
(-0.0422414,0.0368657)
(0.0706655,0.00292474)
(0.0049394,-0.168832)
(-0.0544301,0.151457)
(-0.0305563,0.150101)
(0.0107089,-0.128343)
(0.0402401,0.0777109)
(-0.0634781,0.0442458)
(-0.0539843,0.0760236)
(-0.000624144,0.0816291)
(0.032416,-0.176392)
(0.0529432,-0.189716)
(0.0306154,-0.200383)
(0.0364188,-0.219239)
(0.0498515,-0.128123)
(-0.0421431,0.171739)
(-0.0423424,0.123294)
(0.053451,-0.266795)
(-0.00650655,0.0432159)
(0.103621,-0.0801626)
(-0.120915,0.0081101)
(0.111486,-0.0601576)
(0.132372,-0.111782)
(-0.118972,-0.0500679)
(0.00862445,-0.00160592)
(-0.00353752,0.031666)
(-0.0725478,-0.130542)
(0.0348348,-0.0747262)
(-0.0825168,0.0506943)
(0.00680837,-0.0601834)
(0.00740227,-0.0124823)
(-0.0349921,-0.0429619)
(-0.0402519,-0.023317)
(0.02192,-0.0121873)
(0.0258755,0.02631)
(0.071774,-0.188722)
(-0.085178,-0.0207634)
(-0.0425107,0.0360014)
(-0.0792775,-0.0621997)
(-0.0598427,-0.0852109)
(-0.00749819,-0.0437169)
(0.0218647,0.0416394)
(0.00122991,0.0148675)
(0.10853,-0.235635)
(0.0198284,0.0342912)
(-0.135083,-0.0269497)
(-0.0389921,0.0267568)
(0.010764,0.0162572)
(0.00626712,-0.0190184)
(-0.0485184,0.0582391)
(0.00997321,0.0256022)
(0.0497129,0.132527)
(-0.00558628,0.0917372)
(0.0790462,0.109387)
(0.0939827,-0.17129)
(0.0525286,0.0944636)
(0.0796842,0.164842)
(0.109956,0.0722473)
(0.0467001,-0.0155296)
(0.00412084,0.00791148)
(-0.00284062,0.0216402)
(0.0140805,0.0231431)
(0.0302762,0.0395204)
(0.0175241,-0.0588579)
(-0.0412872,-0.0948407)
(-0.0928923,-0.0597281)
(-8.26067e-05,-0.00603702)
(0.0199438,0.00288107)
(0.0465634,-0.0254888)
(0.00570877,-0.0437826)
(0.035302,0.00270454)
(0.00308532,-0.0519391)
(0.081238,0.156378)
(0.039913,-0.0469437)
(0.0236451,0.0719102)
(-0.0212393,0.0203241)
(0.012096,0.0433028)
(-0.000739036,-0.00725509)
(0.0516014,0.141043)
(0.0627093,0.176753)
(0.004103,0.0885293)
(-0.00453015,0.0242168)
(-0.0492933,0.0193844)
(-0.0635768,-0.0181979)
(-0.0257408,-0.0168348)
(-0.0100465,-0.00730545)
(0.0776293,-0.169518)
(0.017064,-0.0103259)
(0.0230675,0.00812969)
(0.0215255,0.0275852)
(-0.0149439,0.0491218)
(-0.0621889,0.0685661)
(-0.0622136,-0.0491827)
(-0.0492665,-0.0393458)
(-0.0515772,0.0270461)
(-0.0912676,-0.0302862)
(-0.104412,0.030083)
(-0.0252826,0.0557796)
(0.0840352,-0.188734)
(0.0229129,-0.00995683)
(-0.0085346,0.00708063)
(0.0142176,0.0650036)
(-0.00202585,0.0431781)
(-0.00211991,0.037157)
(0.00158263,0.0156798)
(0.0215516,0.00894725)
(-0.0285551,0.00328191)
(-0.0775,0.0159451)
(-0.0041612,0.0209164)
(-0.122517,-0.0301959)
(0.133555,0.0834074)
(0.203581,0.00564064)
(0.0214631,0.0160522)
(-0.0637092,-0.175816)
(0.0793375,-0.126167)
(-0.157943,-0.061289)
(0.0565784,-0.0149392)
(-0.0794983,-0.155967)
(-0.0672662,-0.137103)
(0.0614295,0.0595861)
(-0.169553,0.00588807)
(0.0483156,0.00884211)
(0.0582254,-0.0243374)
(0.0540239,-0.0236622)
(0.0486231,0.0133033)
(-0.0510835,0.00827007)
(-0.0967192,0.0206501)
(0.115871,-0.00159697)
(0.0525194,-0.257266)
(0.0901497,-0.229693)
(0.133347,-0.196509)
(0.022362,0.0158303)
(-0.102258,-0.00816181)
(0.0753541,-0.29037)
(-0.139464,-0.0399669)
(-0.0401704,0.0325264)
(-0.0717264,0.0299548)
(-0.0633752,-0.022934)
(-0.059653,0.0449564)
(0.0539151,-0.235975)
(-0.0407627,-0.134992)
(0.0122912,-0.0347899)
(-0.0348589,-0.13856)
(-0.064536,0.0073586)
(0.0597933,-0.173823)
(0.140295,-0.203753)
(0.0551416,0.0442077)
(-0.0408202,-0.0418727)
(-0.0419219,-0.00804955)
(-0.00440501,0.00464017)
(-0.0458197,0.0252655)
(-0.0995451,-0.000344115)
(0.225161,-0.0475074)
(0.129288,-0.179788)
(0.0992136,-0.183112)
(0.00627454,-0.0126262)
(0.00710226,-0.0190948)
(0.0197677,0.0260549)
(-0.0726605,0.00275769)
(0.039375,0.0279406)
(0.035848,-0.21284)
(0.0660534,-0.306135)
(-0.0713547,0.0624013)
(-0.0498466,0.0372251)
(0.0286047,0.0197435)
(0.0097565,0.017009)
(0.014249,0.00981026)
(0.130761,0.0259041)
(0.0105032,0.0523672)
(0.0212313,0.0670905)
(0.118256,-0.00477751)
(-0.00809157,0.0141508)
(0.0377189,0.0360943)
(0.0104754,0.00183409)
(-0.0132821,-0.0106131)
(-0.000105067,0.0547909)
(-0.00888716,-8.42869e-06)
(0.00187238,0.00230524)
(0.0794766,-0.0966635)
(0.0948536,-0.148412)
(-0.0532117,0.0978375)
(0.133097,-0.004839)
(0.000215472,-0.245932)
(-0.0239028,-0.0138283)
(-0.00791031,0.0499879)
(0.00239916,0.0537263)
(5.83347e-05,0.0779438)
(-0.108742,-0.0907653)
(-0.0221635,0.00147951)
(0.0689828,0.063335)
(0.0482969,-0.0534262)
(0.148344,-0.0643285)
(0.0852094,0.0758758)
(0.0524109,-0.148386)
(-0.0223691,0.0031549)
(0.0293712,0.00120903)
(0.156066,-0.0301721)
(-0.0478041,0.131929)
(-0.031716,0.143639)
(0.0125621,-0.0212114)
(-0.00195532,0.0312879)
(0.0311243,-0.0657668)
(0.0389799,-0.0743265)
(0.184698,-0.100832)
(-0.00786264,0.0256492)
(0.00060019,-0.184175)
(-0.0144578,0.0194093)
(0.193779,-0.130066)
(0.167002,-0.132862)
(0.000492276,0.0388008)
(0.125075,0.00672435)
(0.0180801,0.0517936)
(0.101596,-0.103591)
(0.0330343,-0.0541057)
(-0.0229769,-0.066187)
(-0.0415971,0.0412936)
(0.00604634,0.0526003)
(-0.0438723,0.0373699)
(-0.0875601,0.114051)
(0.0336574,-0.0841957)
(-0.0164632,0.0797281)
(0.0612374,-0.0303145)
(0.0409839,0.0538377)
(0.0299589,0.110892)
(-0.106058,0.101546)
(0.0228681,-0.0028002)
(0.010014,-0.206786)
(-0.026066,-0.014492)
(0.0605194,-0.169076)
(-0.011987,-0.0369756)
(-0.00323574,0.0128491)
(-0.0459314,0.0216984)
(0.0978697,-0.0426912)
(4.63191e-05,0.0080474)
(-0.0112507,0.00494994)
(0.0708562,-0.00237617)
(-0.0164944,0.0595777)
(0.0851634,0.00580054)
(-0.0133854,-0.0535514)
(0.0550503,-0.0261958)
(0.148695,0.0994059)
(-0.00938594,-0.00242352)
(-0.023234,-0.00191293)
(0.172029,0.0844865)
(-0.0462791,0.0214801)
(-0.0720437,0.0229116)
(0.102702,-0.0393167)
(0.0842911,-0.161015)
(0.152846,0.109882)
(0.110233,-0.188489)
(0.0148404,-0.04395)
(0.0431198,0.0668559)
(0.0978815,0.0544616)
(0.12797,-0.0107778)
(0.0806078,-0.00504671)
(-0.00868577,0.0228118)
(0.13773,0.0290214)
(-0.0644847,-0.0434491)
(-0.0218098,0.0147547)
(-0.0610355,-0.0120276)
(0.0967195,-0.163702)
(0.0609254,-0.0646889)
(0.0720542,-0.0196174)
(-0.0260819,0.0583404)
(-0.0339795,0.0233576)
(0.0935012,0.00624191)
(0.0984507,-0.111137)
(0.0163394,-0.0348139)
(0.044918,-0.0696026)
(0.0785086,-0.148372)
(-0.0304181,-0.204201)
(0.0215817,0.0278976)
(0.0307195,0.0433079)
(-0.00738401,0.0813595)
(0.00131979,-0.126836)
(0.0148542,-0.196683)
(0.0201241,-0.167435)
(0.0193456,-0.147602)
(-0.0249427,-0.0578915)
(-0.0193665,-0.0395937)
(-0.0400221,-0.0197123)
(0.0713042,0.0717003)
(-0.04832,0.00133665)
(0.0139277,0.0238606)
(-0.00300371,0.0287525)
(-0.0150509,0.000109403)
(0.00117365,0.00956595)
(0.0101278,0.0430406)
(0.0202803,-0.0232691)
(0.0144059,0.0174181)
(0.0234403,0.0122823)
(0.0189574,0.0178314)
(-0.00897829,-0.0241516)
(0.12745,-0.0572313)
(0.0456527,-0.134979)
(0.0776696,-0.0161496)
(-0.00127501,0.0380174)
(0.0823092,0.0160473)
(0.184547,0.00893311)
(0.159804,-0.0620578)
(0.268258,0.0228328)
(0.0909951,-0.044718)
(0.0192736,-0.0548847)
(0.0116085,-0.00226676)
(-0.00036332,-0.0495229)
(-0.00657364,-0.00664063)
(-0.0882989,0.0282472)
(0.0533805,0.0143865)
(-0.0347657,0.02749)
(0.059446,-0.0205983)
(-0.0518847,0.0310624)
(0.0740606,-0.159835)
(-0.0544535,0.00490891)
(0.0690758,-0.138561)
(0.122557,0.0174939)
(-0.0140615,-0.00181207)
(-0.0378741,-0.0177673)
(0.0594634,0.00627367)
(-0.0615275,0.0439565)
(0.0450823,0.0476429)
(-0.0345511,0.0246018)
(0.0271109,-0.0249466)
(0.00258421,-0.0382597)
(0.0610791,-0.0347434)
(0.0687325,0.0506562)
(0.0621851,-0.0499743)
(0.0776193,0.083398)
(-0.0506953,0.051415)
(0.00457102,0.0203104)
(-0.0431396,0.0286607)
(-0.00749827,-0.147149)
(-0.0816725,-0.0903228)
(0.0664553,-0.0936249)
(0.0923132,-0.101889)
(0.0436235,-0.0367998)
(-0.0140971,-0.132801)
(0.0731774,-0.109621)
(0.0593343,0.0613906)
(0.0302954,0.0475688)
(0.0664147,-0.164242)
(0.127796,-0.177341)
(0.0833819,-0.0573845)
(-0.00511528,0.0138731)
(-0.0964385,-0.0932036)
(0.00400343,-0.00790053)
(-0.00620833,0.0594096)
(-0.056552,-0.116963)
(0.0351643,-0.160854)
(0.0835691,-0.245611)
(-0.0122512,0.0771641)
(0.110167,-0.00714729)
(0.0128785,0.0573597)
(0.0127093,-0.165713)
(0.106556,-0.124401)
(0.0296723,0.0558045)
(0.0390893,0.0508148)
(0.0193775,0.0493859)
(0.0465434,0.0553041)
(0.0200841,0.0195165)
(0.0175902,0.00711765)
(0.0286739,0.00277918)
(0.000681688,0.0587448)
(-0.0905149,-0.041994)
(0.0450072,0.0274063)
(0.0968828,-0.121275)
(0.0359151,-0.0606615)
(-0.0438055,0.0528982)
(0.0207313,0.033755)
(0.0573695,-0.0198698)
(0.0341449,-0.0816576)
(0.0437031,0.0296032)
(-0.00608555,0.0162965)
(0.0862452,-0.276399)
(0.166654,-0.0335137)
(0.0329377,-0.0379687)
(0.172255,-0.0760731)
(0.00302529,-0.0597894)
(0.0194517,-0.0255505)
(0.057416,0.00227536)
(-0.00381677,-0.00299339)
(0.104778,-0.190356)
(0.116019,-0.247223)
(0.0579035,0.0629832)
(0.0138072,0.0517716)
(0.0147775,0.0277757)
(-0.0536129,0.0654604)
(-0.113226,0.0351383)
(-0.0930121,0.0284203)
(0.0335779,-0.0262889)
(0.0697821,-0.0517848)
(0.0241701,0.0292129)
(0.00409574,-0.102316)
(0.0939592,-0.155828)
(-0.0186002,0.00502056)
(-0.0119282,0.0704808)
(0.0313903,0.0430328)
(0.00874075,0.0392451)
(-0.00339845,0.0141118)
(-0.00628008,0.0381948)
(0.000560863,0.00486656)
(-0.0144589,0.0400068)
(0.0339025,-0.0463754)
(0.0597163,0.0107107)
(0.0593663,-0.0628549)
(0.0612691,-0.0394263)
(0.056778,-0.0352894)
(-0.0370505,0.0406155)
(-0.00719144,0.0338869)
(0.104594,-0.119174)
(0.116038,-0.191807)
(0.00409091,0.000235855)
(0.0186216,-0.019768)
(0.00848478,-0.0195284)
(0.0903268,-0.0186269)
(0.0541711,0.0281232)
(0.094639,0.0214651)
(0.0388484,0.0472466)
(0.063111,-0.0540635)
(0.137197,-0.154157)
(-0.0488075,-0.112836)
(-0.0422851,0.0182596)
(-0.0894043,0.0453769)
(-0.0190673,0.0151925)
(0.016098,-0.0131623)
(-0.00292192,0.00482138)
(-0.0388702,-0.0431967)
(0.0180025,0.0348454)
(0.0347341,0.0502733)
(-0.0147208,0.0117271)
(0.0127396,0.00606433)
(0.0567335,-0.0803852)
(0.0658701,-0.0523222)
(0.0153395,-0.0200537)
(0.104813,-0.218414)
(0.121504,-0.231904)
(0.0246206,-0.0370346)
(0.0113323,0.143218)
(-0.0168226,0.0984678)
(-0.0215062,0.0106554)
(-0.022751,0.0131051)
(0.0340992,-0.0186079)
(0.0710969,-0.0110905)
(0.116529,-0.00412863)
(-0.05035,-0.0514861)
(-0.0162109,0.0205811)
(0.00395031,-0.009752)
(-0.0196507,0.00961529)
(-0.0112724,0.00989722)
(-0.0786177,0.0596283)
(0.0355175,-0.0413254)
(0.0386347,0.0337046)
(-0.0256084,-0.0581407)
(0.0901184,-0.0255065)
(0.116527,-0.0385313)
(0.0865084,0.01001)
(0.060595,-0.0478908)
(0.103562,0.00838146)
(0.106479,0.035437)
(0.123875,0.0110549)
(0.0711698,-0.144519)
(0.107926,-0.0792536)
(-0.00905949,0.00515118)
(0.0604296,-0.0469533)
(-0.0309033,0.0771635)
(0.000597107,0.0145397)
(0.000470073,0.0297732)
(-0.0595234,0.014374)
(-0.116206,-0.163331)
(-0.0247709,0.00815317)
(-0.0713417,0.0101752)
(-0.130132,-0.0426867)
(-0.0419872,-0.0053625)
(0.131157,-0.219933)
(-0.0648596,-0.0813319)
(0.0343806,-0.0184226)
(0.0257815,-0.0041597)
(-0.000190068,0.0187326)
(-0.000178365,0.033935)
(0.0774154,0.0542715)
(0.0137816,0.0363335)
(0.007991,0.0205321)
(0.0288493,0.00812653)
(0.00633486,-0.00770027)
(0.0230968,0.0081789)
(0.0178057,0.0114493)
(0.103244,0.00749337)
(-0.114692,0.00812883)
(0.0720446,0.000100727)
(0.162944,0.0312303)
(0.0530627,-0.0353012)
(0.0312424,-0.0214497)
(0.0960412,-0.0271866)
(0.028164,-0.00522134)
(-0.0504432,-0.0136543)
(-0.0266286,-0.0155164)
(0.0443969,-0.115979)
(0.0830392,-0.0521582)
(0.089468,-0.246386)
(0.0744577,-0.149156)
(0.0270965,-0.0350063)
(0.0672933,-0.114807)
(0.0941159,-0.0712421)
(0.0880465,-0.178109)
(0.0981791,-0.286915)
(0.0147388,0.0104455)
(0.0854698,-0.236756)
(0.14785,-0.187157)
(0.117319,-0.202129)
(-0.0891523,-0.0245748)
(0.169497,0.127106)
(0.0257037,0.000451368)
(0.00596194,-0.00715714)
(0.0856524,-0.0220095)
(0.0422278,0.000977851)
(0.0737545,0.0129005)
(0.0939083,0.101406)
(0.0427439,0.00191288)
(0.0509068,-0.115799)
(0.107096,-0.0261857)
(0.0647679,-0.113065)
(0.123702,-0.0615307)
(0.10604,-0.00824807)
(0.141789,0.0104338)
(-0.0399998,-0.0306994)
(-0.151404,-0.0232021)
(0.141718,-0.0407094)
(0.00618315,0.0214016)
(-0.00996876,0.0504712)
(-0.0674187,-0.0631673)
(0.00512836,0.0189076)
(-0.0811998,-0.0243784)
(-0.00252822,0.02404)
(-0.0505683,0.0520424)
(0.00812698,0.0197493)
(0.130744,-0.227418)
(-0.0334408,0.0261792)
(-0.0452272,0.0247993)
(-0.00550565,-0.0102138)
(-0.0330388,0.0544746)
(0.146324,0.0174355)
(0.156356,0.00811422)
(-0.0708017,0.0341769)
(-0.0948231,0.0532559)
(0.0412889,0.0261036)
(-0.0276478,0.0401582)
(0.104423,-0.234035)
(-0.0230271,-0.0405061)
(0.144124,0.000151542)
(-0.0386305,-0.0203746)
(-0.027099,0.0146788)
(0.0212436,0.0752995)
(0.0965535,0.0243021)
(0.118923,-0.227072)
(0.146114,-0.294245)
(0.191432,-0.232968)
(-0.0713972,0.00877653)
(0.144973,-0.187661)
(-0.0710972,0.0390305)
(-0.0607897,-0.00801311)
(0.0354463,0.0340775)
(-0.00968877,-0.0282681)
(0.112298,-0.277164)
(-0.00976356,-0.0164616)
(0.121098,0.09176)
(0.121045,0.143982)
(0.0863622,-0.238257)
(-0.0411248,0.0519331)
(0.0217879,0.065957)
(0.140389,-0.186266)
(-0.0743704,0.0512526)
(0.179105,0.203285)
(-0.00627614,-0.0258776)
(-0.0309726,-0.0385973)
(-0.0860903,-0.0635641)
(-0.00231362,-0.00512512)
(0.052987,-0.145642)
(-0.00477123,-0.0163038)
(0.0506914,-0.132874)
(0.052945,-0.2017)
(-0.134636,0.134847)
(-0.042048,0.0523384)
(0.0254513,0.0480828)
(0.0216838,-0.0368585)
(0.0614347,0.00310888)
(-0.0282844,0.0472721)
(0.0342965,-0.0278596)
(0.0912381,-0.0893745)
(0.0237933,0.0365342)
(0.0282939,-0.107972)
(0.0335896,-0.0366449)
(0.0998008,-0.0120907)
(-0.126248,0.0689334)
(-0.150898,0.0124463)
(0.041078,-0.0332359)
(0.00977192,-0.0149566)
(0.0905791,-0.0369133)
(-0.0210892,-0.0712023)
(0.0302574,-0.0486188)
(0.123596,-0.0128128)
(0.00451964,0.00110401)
(-0.020827,-0.0334515)
(0.0117788,-0.0957785)
(0.00341922,0.0203907)
(0.0526122,-0.0268565)
(0.0218751,0.0301272)
(-0.0328572,-0.00429296)
(0.0423214,0.00722831)
(0.0528021,0.0264919)
(-0.0181322,-0.00213446)
(0.0685102,0.0368796)
(-0.046103,0.0688499)
(0.0765303,0.0812921)
(0.0301049,0.00372962)
(-0.0314669,0.0379964)
(0.0147916,0.0549443)
(-0.0152588,0.086075)
(0.0337171,-0.0115492)
(-0.0100233,-0.00864491)
(-0.0161147,0.090033)
(-0.00241912,-0.161771)
(-0.0704505,-0.016318)
(-0.0137053,0.0385347)
(0.0869824,-0.0568782)
(-0.0118779,0.0318564)
(0.10448,-0.0327948)
(-0.0829613,0.039932)
(0.0845768,-0.0587362)
(0.0246759,-0.00657254)
(0.00608702,0.0155505)
(-0.0388896,-0.0120557)
(0.0307636,0.0358614)
(0.0563297,0.0470019)
(-0.0177414,0.00458733)
(0.114286,0.120484)
(-0.0365669,-0.114217)
(0.0573683,-0.00144974)
(-0.0295786,0.0223142)
(-0.0195934,-0.00940754)
(0.0538772,0.0186953)
(-0.0392847,0.06837)
(0.0670202,0.121819)
(0.0800782,-0.134733)
(-0.00201531,-0.0648637)
(0.0011459,-0.132047)
(0.0311967,0.00539529)
(-0.00311454,0.0283995)
(0.0253316,0.0131859)
(-0.0145706,0.0330481)
(0.0361154,0.0655653)
(0.0925037,0.0603956)
(0.0177852,0.0164709)
(-0.0129886,-0.00067121)
(0.00797088,-0.191963)
(-0.00711468,0.0262678)
(-0.0288724,-0.0367948)
(-0.0220408,0.0322505)
(-0.0044235,-0.162486)
(0.0148907,0.0262508)
(0.033028,0.0355997)
(-0.00280747,-0.0422234)
(0.0356549,0.023511)
(0.0471078,0.0266942)
(-0.0477959,0.031297)
(0.0198814,0.0156626)
(0.103738,-0.160225)
(0.0835497,-0.129246)
(0.00764507,-0.0256172)
(0.0115703,0.090179)
(-0.0116108,0.0133951)
(0.0557175,0.0886758)
(-0.0395209,-0.00356493)
(0.139453,-0.172828)
(0.0114254,0.0314764)
(-0.000873746,0.0400958)
(-0.00156287,-0.0409334)
(-0.00594678,0.0234421)
(0.0150085,-0.0196577)
(0.0194497,-0.0276012)
(0.0664997,-0.20795)
(0.0160115,0.0328212)
(0.0469652,-0.250761)
(-0.0324178,0.0705482)
(-0.0739867,0.0588818)
(0.187104,-0.0100689)
(0.0138407,-0.0321653)
(0.0645112,-0.25832)
(0.0498804,-0.209345)
(0.0575594,-0.266482)
(0.183957,-0.167366)
(-0.0348739,-0.0164045)
(0.0749205,0.0883845)
(0.027454,-0.181552)
(0.128597,-0.190524)
(0.0393408,0.0385113)
(-0.00439494,0.00580434)
(0.110932,-0.179363)
(0.0127908,0.0087436)
(0.0381224,-0.0272366)
(0.131442,-0.212696)
(0.0218592,0.00310055)
(0.00690555,-0.0257478)
(0.131119,-0.169414)
(-0.0197185,-0.0101896)
(0.0268216,-0.175062)
(0.0180184,-0.18746)
(-0.0405019,0.0144049)
(0.0491128,-0.226621)
(-0.0414117,-0.02917)
(-0.0258501,-0.021879)
(-0.0613653,-0.00779576)
(-0.0564351,0.000362794)
(0.0426726,-0.0507028)
(-0.051646,0.0319232)
(-0.0218625,-0.0317839)
(-0.0436814,0.0679397)
(-0.00669285,-0.00709085)
(-0.0419265,0.0619554)
(0.0229834,-0.0101669)
(0.0347066,-0.137342)
(-0.00605652,0.0189294)
(0.0162764,-0.0218125)
(0.0174546,0.00120813)
(0.0191135,0.0376124)
(-0.0145985,-0.0298775)
(0.0315483,-0.164942)
(0.175096,-0.0652779)
(0.121318,-0.161548)
(0.02252,-0.142606)
(-0.0122853,-0.0359891)
(0.13126,-0.00186295)
(0.0145863,-0.228846)
(0.0576243,0.0481871)
(-0.0010064,-0.2099)
(0.0228745,0.0111758)
(0.0226623,-0.00580591)
(0.0837561,-0.188241)
(0.0170257,-0.0219023)
(0.00343207,-0.0109091)
(0.100001,-0.165118)
(0.040699,-0.0404436)
(-0.00896288,0.0282617)
(-0.0132444,0.0279799)
(-0.138821,-0.064752)
(-0.125333,-0.0162084)
(-0.00383321,-0.0743197)
(-0.0506695,-0.00944698)
(0.124826,-0.190188)
(-0.14729,0.0104427)
(0.0526088,-0.267543)
(0.0388232,-0.00453384)
(0.0486049,-0.245618)
(-0.0469586,-0.0402961)
(-0.025971,0.0109159)
(0.0680299,-0.197609)
(-0.0145419,-0.0320666)
(0.0231115,0.0175593)
(-0.0322525,0.00151427)
(0.110134,-0.167744)
(0.16995,0.0168867)
(0.121241,0.0423587)
(0.198185,-0.113588)
(0.00557406,0.00895303)
(-0.00944224,-0.00219438)
(-0.12856,0.0110086)
(-0.0338051,0.062681)
(-0.0268504,0.0288435)
(0.0165319,-0.0507993)
(-0.123371,-0.0737697)
(-0.0710636,0.0586347)
(0.00557662,0.0297721)
(0.0362523,-0.0126389)
(0.0285161,0.00961454)
(-0.150016,-0.0240088)
(-0.110874,0.0426858)
(-0.10848,-0.036989)
(-0.00608156,0.023023)
(0.00339234,-0.0164678)
(0.00383376,-0.0168429)
(0.115766,0.000924852)
(0.0438419,-0.0312096)
(0.0960099,0.014521)
(0.00746707,-0.0950977)
(-0.0423863,-0.00705752)
(0.0109072,-0.0551964)
(-0.137562,-0.0481356)
(-0.0320111,-0.211079)
(-0.0588887,0.0235102)
(-0.0430455,0.0563305)
(-0.0367764,0.0124469)
(-0.000528192,0.00796535)
(0.0981998,-0.153304)
(0.164043,0.064449)
(0.00522408,0.033881)
(-0.0781221,-0.029597)
(0.0890342,-0.122242)
(-0.0450173,-0.0296699)
(-0.000480864,-0.00149239)
(-0.0291079,0.0130061)
(-0.0421378,0.0367757)
(0.00331999,0.00089765)
(-0.0111225,0.00869636)
(-0.00349909,0.0316112)
(0.0403849,-0.147856)
(0.0012007,-0.0440083)
(-0.126298,0.0741818)
(0.126733,-0.226228)
(-0.00237999,0.0321874)
(-0.0394994,0.0531342)
(0.0344675,-0.10029)
(0.101668,-0.148067)
(0.116282,-0.0414236)
(-0.015696,-0.0868247)
(0.0364413,-0.108844)
(-0.00248285,-0.00948215)
(0.173652,0.0513545)
(-0.123501,0.019469)
(0.0234639,0.00542298)
(0.0827013,-0.106948)
(0.126588,0.0233342)
(0.0977987,0.0519568)
(0.0287054,0.00246406)
(0.0468047,-0.171495)
(0.120975,-0.0866168)
(-0.000304657,-0.0112573)
(0.0420993,-0.0298512)
(-0.00780959,-0.000112776)
(0.00644551,0.00442057)
(0.1212,-0.0923119)
(0.0041473,-0.00974617)
(0.00999847,-0.00812596)
(-0.0184532,-0.00139359)
(0.150337,-0.00145468)
(0.0905237,-0.0768502)
(0.111308,-0.156573)
(-0.00414713,-0.0302928)
(-0.00212871,-0.0323104)
(0.103686,-0.138718)
(-0.0604502,-0.155308)
(0.102659,0.00682755)
(-0.14897,-0.144826)
(0.0434037,-0.232687)
(0.0747572,-0.185592)
(0.0682551,-0.246396)
(0.0744303,0.0266248)
(0.112743,0.0142689)
(0.126619,-0.188996)
(0.153868,-0.268292)
(0.000971929,0.0237069)
(0.0253326,-0.162985)
(0.0350615,-0.194151)
(0.0906701,-0.206858)
(0.158224,-0.134528)
(0.148387,-0.0600625)
(0.124091,-0.181126)
(0.0911433,-0.230028)
(0.104266,-0.158918)
(0.134404,0.0129421)
(-0.168527,-0.186344)
(0.116847,-0.152538)
(0.00718113,-0.026211)
(0.0169302,-0.0147571)
(0.0420075,-0.0267217)
(0.0641601,-0.204787)
(0.0633114,-0.00989022)
(0.0737479,0.0585728)
(0.0444138,0.0166383)
(0.0571178,-0.221531)
(0.0411081,0.00206329)
(-0.00438919,0.0108978)
(0.0954991,-0.198385)
(0.0640417,-0.200761)
(0.0225441,0.0400394)
(0.0507447,-0.190549)
(0.00269004,0.0197662)
(-0.00483151,0.0398135)
(0.107754,-0.210441)
(0.109494,-0.180508)
(0.068815,-0.131519)
(0.101007,-0.14747)
(-0.0126528,0.0515862)
(0.165456,-0.185886)
(0.029376,0.0103514)
(0.0503879,0.0308037)
(0.0945676,-0.150337)
(0.161786,-0.207447)
(0.0549717,-0.00561082)
(0.184336,-0.169412)
(-0.0204201,0.0079097)
(-0.00341683,-0.00840565)
(-0.016738,0.000705333)
(0.139639,-0.0974631)
(0.0267098,0.00364428)
(0.021633,0.0173568)
(0.0103087,0.0231833)
(0.0288246,-0.179392)
(-0.0170122,-0.0117584)
(0.0177373,0.0707321)
(-0.0318024,0.0267808)
(0.00258514,0.0337732)
(-0.0115405,0.0819713)
(0.144356,-0.110575)
(-0.0790989,0.0093984)
(0.0340389,0.0215101)
(0.010801,-0.00760621)
(-0.00793777,0.032411)
(0.0265754,0.00692733)
(0.00440354,0.00123638)
(0.0472342,-0.0578354)
(-0.0159407,0.0621057)
(0.149557,-0.205085)
(0.00374736,0.029542)
(0.0777178,-0.179742)
(0.0372377,-0.153663)
(0.0238607,-0.112592)
(-0.0607478,0.0453121)
(-0.0242867,-0.134559)
(-0.0104467,0.0449277)
(-0.10601,-0.0757518)
(-0.0169891,0.0413334)
(0.10037,-0.0792791)
(-0.00169499,0.0209153)
(-0.00325247,0.00309755)
(0.0458625,0.0123592)
(0.0419765,0.0423588)
(0.0730257,-0.201868)
(0.146591,-0.23389)
(0.00574379,0.0482644)
(0.0811589,-0.0778929)
(-0.049984,-0.0637891)
(0.08627,-0.123501)
(0.0922073,-0.151506)
(-0.00553685,0.0209127)
(0.00728062,-0.117983)
(0.0543968,-0.119819)
(0.0143073,-0.124025)
(0.0775028,-0.278233)
(-0.0206452,0.0201306)
(0.0769472,0.0714988)
(0.0710715,0.0842846)
(0.0448571,0.0480351)
(0.0818351,-0.176291)
(-0.0123696,-0.00585224)
(0.106371,-0.0740143)
(-0.0470518,0.0565573)
(-0.0193743,0.0352977)
(-0.00709823,0.0454523)
(0.136058,-0.23038)
(0.0967613,-0.162893)
(0.0642168,-0.261405)
(0.0874451,-0.122344)
(0.0106397,0.0157325)
(0.115401,-0.131754)
(0.0366252,-0.159052)
(0.0323948,-0.215135)
(0.0727709,-0.295775)
(-0.0148618,0.0486028)
(0.0764761,0.0361347)
(0.00185761,0.0585515)
(-0.0199853,0.0537316)
(-0.0412204,0.0440419)
(0.0968981,-0.170771)
(0.119114,-0.240164)
(0.0986024,-0.170887)
(0.11423,-0.151371)
(0.112099,-0.253282)
(-0.169615,0.082659)
(0.0915296,-0.0979052)
(-0.150429,0.0901873)
(0.0969969,-0.319179)
(0.0955954,-0.152903)
(0.113306,-0.193194)
(0.0389721,-0.00772908)
(0.164769,0.0460302)
(0.025563,0.00936513)
(0.0303023,-0.192592)
(0.18254,-0.0610627)
(0.0187156,-0.070846)
(0.135678,0.0664158)
(-0.00195344,-0.198855)
(0.0422318,-0.0462891)
(0.146456,0.0270971)
(0.0426229,-0.19603)
(0.0269122,-0.191447)
(-0.0222355,-0.12384)
(-0.0699221,-0.0744347)
(0.0883338,-0.0418824)
(0.0452105,-0.0573606)
(0.0315742,0.0336044)
(-0.0776451,0.0112842)
(0.0313047,0.0463753)
(0.123006,-0.161312)
(0.200858,-0.12147)
(0.119756,-0.20716)
(0.145292,-0.184342)
(0.0627341,-0.155112)
(0.0498818,-0.156318)
(0.0772541,-0.184705)
(0.0850192,-0.152975)
(0.0390681,-0.150918)
(0.013726,0.00736069)
(-0.0704925,0.0416373)
(0.113588,-0.166401)
(0.0646973,-0.181155)
(0.0670267,-0.187887)
(0.0408464,-0.176072)
(0.0111612,-0.203536)
(-0.0638513,0.0589146)
(0.171516,-0.0806853)
(0.0713819,0.0157584)
(-0.0034779,-0.0566423)
(0.0245653,-0.0402065)
(0.0630766,0.0605675)
(-0.00484358,-0.00985492)
(0.0179373,-0.0754034)
(0.0331265,0.0703978)
(-0.0146386,-0.00839266)
(0.143113,-0.132964)
(0.0916549,-0.117582)
(-0.0188594,0.0128271)
(0.128229,-0.20164)
(0.147789,-0.135239)
(0.151147,-0.186378)
(0.0768802,0.0280266)
(0.0916811,0.00354106)
(-0.0921553,0.000495804)
(0.0704036,-0.209641)
(-0.143601,-0.11029)
(0.000715957,-0.101877)
(0.0426232,-0.192087)
(0.0628318,-0.223679)
(0.105953,-0.125262)
(-0.000241023,-0.132706)
(0.0145875,-0.27649)
(0.0674442,-0.168727)
(0.0231095,-0.0087727)
(0.122203,0.060967)
(0.0366059,0.0539375)
(0.0108571,-0.0315273)
(0.0581202,0.0181419)
(0.0903482,0.0881723)
(0.115486,0.00307913)
(0.135903,-0.251257)
(0.134069,-0.289943)
(-0.0373155,0.0212621)
(0.15215,-0.284943)
(-0.0206649,0.0131383)
(0.153682,-0.23058)
(0.0772662,-0.210685)
(-0.145019,-0.022044)
(0.103738,-0.0494349)
(0.0824384,-0.0659531)
(0.0233435,-0.00968477)
(0.112646,-0.268435)
(0.0314666,0.00775873)
(0.0699544,-0.217298)
(0.0336313,-0.0256687)
(0.118456,-0.364987)
(0.0322017,-0.019211)
(0.105435,-0.378735)
(0.0272134,0.00706459)
(0.0688929,-0.0533144)
(0.0937842,0.0247531)
(-0.0184981,0.0313695)
(0.0112134,-0.177151)
(-0.0235798,0.0187233)
(0.0513471,-0.190478)
(0.00162199,-0.161053)
(0.0381425,0.0105263)
(0.104263,-0.196875)
(0.100291,-0.102657)
(0.10684,-0.150054)
(0.00812654,0.0267255)
(0.155454,-0.12653)
(0.0327924,0.0141078)
(0.0469931,0.0289088)
(0.0382294,0.0366962)
(0.0203176,-0.0047109)
(0.0398931,0.0137159)
(0.0174089,-0.00720105)
(-0.132552,0.00544023)
(0.0988256,-0.125882)
(0.0181708,0.0455664)
(0.0628691,-0.259143)
(0.146358,-0.128283)
(0.151534,-0.139082)
(-0.0359816,0.0561401)
(0.020429,-0.177676)
(-0.0564894,0.070748)
(0.0907264,-0.244905)
(0.0247076,0.0248826)
(0.106683,-0.235115)
(0.100853,-0.116038)
(0.0248476,0.0217252)
(0.0200724,0.0239381)
(0.144141,-0.200561)
(0.0340259,0.0124376)
(-0.0670106,0.069548)
(0.0775715,0.0411296)
(0.0825934,-0.176788)
(0.0113301,-0.16711)
(0.124556,-0.27056)
(0.0374765,-0.17344)
(-0.00186992,-0.156602)
(-1.51805e-05,0.0398892)
(0.17974,-0.190652)
(0.160865,-0.107029)
(0.00796463,0.023399)
(0.11214,-0.0996316)
(0.124262,-0.174352)
(0.10521,-0.122595)
(0.0991824,-0.214864)
(-0.0341243,0.0423316)
(-0.017209,0.0342042)
(-0.0163402,0.00463076)
(-0.00990255,0.027188)
(-0.040094,-0.0380965)
(0.00843229,0.0412238)
(0.0145431,0.0371044)
(0.00950187,-0.228646)
(0.0240297,0.0631969)
(-0.0566928,0.0343145)
(0.0420732,0.0265691)
(-0.0239366,0.0327151)
(-0.0198057,0.051344)
(-0.00545844,-0.0150346)
(-0.0161766,0.0235178)
(0.0337055,-0.28505)
(-0.00332439,0.023245)
(-0.00635788,0.0306652)
(0.0122108,-0.20272)
(0.035295,-0.163692)
(-0.0336116,0.071613)
(-0.0218295,0.0743166)
(-0.0442779,0.0484369)
(0.00138233,0.0396291)
(0.00118344,0.00154116)
(0.0481491,-0.229496)
(0.0397081,-0.289803)
(0.202484,-0.12066)
(0.0107284,-0.235963)
(0.0360574,0.0535857)
(0.0498347,-0.170427)
(-0.0264702,-0.231278)
(-0.0440968,0.00758092)
(0.0723905,0.00676622)
(0.0332367,0.029069)
(0.0974193,-0.270155)
(0.0408763,-0.175929)
(0.0100855,-0.216859)
(0.0570366,-0.113714)
(0.0340641,-0.198357)
(0.0603772,-0.275816)
(0.0600232,-0.260472)
(0.0771827,-0.323753)
(0.0778523,-0.195086)
(0.129248,-0.0546443)
(0.0764947,-0.290031)
(0.142161,-0.0588613)
(0.0721838,0.034428)
(0.0215336,0.0429651)
(0.0832461,-0.174247)
(0.063666,0.0379448)
(0.0689349,-0.173076)
(-0.022093,-0.0211327)
(0.0304424,-0.020322)
(0.107117,-0.0243957)
(0.0980254,-0.0644644)
(0.0888777,0.00112521)
(-0.114832,-0.00421721)
(-0.0767314,0.0530721)
(-0.124876,-0.0546471)
(-0.0388248,0.0416669)
(0.0141911,-0.233193)
(0.0467654,0.0570011)
(-0.0283919,0.0326407)
(0.0708131,-0.246423)
(-0.0640535,0.0401777)
(0.0967021,-0.0106579)
(0.0571245,0.0734478)
(0.111616,0.024104)
(-0.0171482,0.0314405)
(-0.0149939,-0.170158)
(0.0476889,-0.0245652)
(0.0245183,0.0406566)
(0.0122661,0.00872082)
(-0.0379413,0.0623242)
(0.022079,0.0523517)
(0.114494,-0.221797)
(0.0841217,-0.118564)
(0.0504112,-0.270719)
(0.034183,-0.178564)
(0.104417,-0.228845)
(0.116707,0.0255169)
(0.0996027,-0.147381)
(0.0552395,-0.221124)
(0.0814848,-0.18766)
(0.143906,-0.0370325)
(0.00288643,0.0523501)
(0.178441,0.0540019)
(0.0025579,-0.00165857)
(0.0618892,-0.173566)
(0.0149882,-0.187716)
(0.0381722,0.035189)
(-0.0326,0.0728459)
(-0.00779499,-0.0222866)
(0.0332662,-0.17061)
(0.0940341,-0.18076)
(0.0272307,-0.163417)
(0.0567982,-0.136535)
(0.0561267,-0.140172)
(0.0373501,-0.157573)
(0.118122,-0.193984)
(-0.117058,-0.0607859)
(0.145896,-0.187288)
(0.0252258,-0.00325965)
(0.163652,0.0326724)
(0.142903,-0.0184581)
(0.0716915,-0.218194)
(0.0166024,-0.0102783)
(0.079014,-0.252576)
(0.140604,-0.197819)
(0.0231205,0.0860033)
(0.00648072,-0.0238012)
(-0.0102259,-0.0312775)
(0.133443,-0.0552397)
(0.163292,-0.0501373)
(-0.0409412,-0.00690956)
(0.0891533,-0.213096)
(0.0395218,-0.231411)
(0.0366977,-0.202482)
(0.00765116,0.0288671)
(0.0534148,0.0481573)
(0.0404952,-0.0645582)
(0.0212284,0.0205273)
(0.0282868,0.0184493)
(0.123621,-0.155382)
(0.080696,-0.191181)
(0.0643384,-0.209604)
(0.0318431,0.018698)
(0.0756674,-0.17272)
(0.0131969,0.0842821)
(0.00548004,0.0102339)
(-0.01179,0.0199827)
(-0.0546112,0.0967948)
(0.0772402,0.0442036)
(0.12674,-0.0877802)
(0.178411,-0.198692)
(0.178055,-0.158518)
(0.044918,-0.192098)
(0.0239368,-0.0584601)
(0.0140963,-0.184578)
(-0.034516,-0.0396023)
(0.0770384,-0.155344)
(0.0995916,-0.134909)
(-0.0341076,0.0107909)
(-0.0127375,-0.169397)
(0.087419,-0.133349)
(0.00845451,-0.193409)
(-0.0239864,-0.160611)
(0.0292301,-0.208548)
(0.112012,-0.216159)
(0.108616,-0.272228)
(0.12109,-0.18858)
(0.0375318,-0.171421)
(-0.0629571,-0.00778952)
(0.0551238,-0.215434)
(0.0946333,-0.236596)
(-0.0328806,-0.0168217)
(-0.0806221,0.0483636)
(-0.028462,0.0393307)
(-0.0293926,0.00752855)
(0.0667282,-0.153213)
(0.165712,-0.0138631)
(0.102164,-0.185672)
(0.131336,0.0312213)
(0.158376,-0.181589)
(-0.0321635,0.00954599)
(-0.00881947,0.025042)
(0.202529,-0.233573)
(0.0768703,0.0240648)
(0.0366751,-0.141499)
(0.0123569,-0.199149)
(0.00851861,-0.0421048)
(-0.0847607,-0.0401007)
(0.111708,-0.00508835)
(0.0640996,0.000471769)
(0.102834,0.0160552)
(-0.00596858,0.0814332)
(0.0198916,-0.211019)
(0.00168812,-0.224632)
(0.0187959,-0.167487)
(-0.0295582,0.0162415)
(0.128799,-0.138099)
(0.0961006,-0.296991)
(0.102598,-0.104577)
(-0.0442495,-0.0276575)
(0.0276501,0.00494207)
(0.0212222,0.0084245)
(0.00563047,-0.138865)
(0.101067,-0.285338)
(0.0729737,-0.150702)
(0.0571296,-0.165928)
(0.0088187,-0.127737)
(-0.0361752,0.0296896)
(0.107645,-0.220943)
(0.0798211,-0.219173)
(-0.0509887,0.0108557)
(0.00747925,-0.142189)
(0.00444792,-0.20832)
(-0.0135394,-0.033993)
(0.0988867,-0.00676647)
(0.0418913,-0.211061)
(-0.0955681,0.0264813)
(0.108831,0.00925718)
(0.071047,-0.173318)
(-0.0219686,0.0162206)
(-0.0302363,0.0208703)
(0.00940191,0.0325997)
(-0.0921972,0.0187844)
(0.0964018,-0.261415)
(0.00967167,-0.15508)
(0.0282878,-0.088644)
(0.0309339,-0.143219)
(0.0681995,-0.131451)
(0.0568566,0.0247203)
(0.0179974,0.0385682)
(0.0661344,0.0266368)
(-0.00749673,-0.130201)
(0.0862837,0.00191827)
(0.0161658,-0.0827033)
(-0.0535507,-0.114309)
(0.0042091,-0.0846562)
(-0.0726758,0.0480191)
(-0.083896,0.0163275)
(-0.0318794,-0.0699805)
(0.103525,-0.172235)
(-0.0173364,0.0229378)
(0.109053,-0.158732)
(0.0204416,0.0277052)
(-0.0366983,0.0243936)
(0.12838,-0.145974)
(0.0626626,-0.19615)
(0.177954,-0.192003)
(-0.0549329,0.0310796)
(0.0400455,-0.0557922)
(0.0113813,-0.0212801)
(0.0352349,-0.0569547)
(0.0193678,0.0265722)
(0.0228202,0.0344634)
(0.179798,-0.0729866)
(-0.00192343,-6.71903e-05)
(0.131389,-0.114416)
(0.0105895,-0.0235663)
(0.0357756,-0.0203723)
(0.0699451,-0.314087)
(0.0389291,0.00791751)
(0.0382582,-0.0539703)
(0.0684829,-0.142152)
(0.0316504,0.0429188)
(0.0979551,-0.153944)
(0.0785635,-0.145962)
(0.00338893,0.0482731)
(0.0468177,-0.17552)
(0.0862571,-0.215318)
(-0.0398134,-0.0202207)
(0.116781,-0.196968)
(-0.0254896,-0.0246343)
(-0.00035476,0.0431415)
(0.0419132,-0.0261176)
(0.0209094,-0.0140083)
(0.0372433,-0.0212865)
(0.0654313,0.115358)
(-0.00879738,0.0952797)
(-0.00426236,0.114456)
(0.142051,0.0635067)
(-0.0801997,-0.0603742)
(0.178241,-0.241653)
(0.199889,-0.28529)
(-0.0515984,-0.062733)
(0.10359,-0.327308)
(0.129337,-0.260883)
(0.0749213,-0.196429)
(0.0242932,0.00839068)
(-0.0324114,-0.108677)
(0.0670946,-0.178016)
(-0.00780057,-0.102913)
(-0.0409593,-0.183144)
(-0.0926166,0.0351617)
(-0.0830751,0.0101824)
(-0.0669025,-0.16607)
(-0.0265996,-0.0256726)
(0.128486,-0.216036)
(0.0879305,-0.260695)
(0.0432478,-0.0989436)
(0.0601572,-0.116125)
(0.0809165,-0.196449)
(0.0479343,-0.122707)
(0.0595396,-0.177104)
(0.0372329,-0.0865692)
