1620
(-0.0467395,-0.127628)
(0.0833018,0.0502926)
(0.139015,-0.23828)
(0.0108079,-0.101491)
(-0.185502,-0.0458905)
(-0.155101,-0.0792664)
(0.222302,-0.0937053)
(-0.0488262,0.100958)
(-0.149812,0.0540785)
(-0.109016,-0.0744105)
(0.0110343,0.157335)
(0.0298627,0.136908)
(-0.0811397,-0.101074)
(0.148053,0.112367)
(0.0621745,0.196618)
(-0.136349,0.142744)
(0.0385016,0.0118089)
(0.0627692,0.000253211)
(0.13517,-0.122215)
(0.0242009,-0.119986)
(-0.0146989,-0.088038)
(-0.100922,-0.105887)
(-0.0352315,-0.0458634)
(-0.192192,0.118288)
(-0.0215655,-0.0457697)
(-0.0225436,0.148088)
(-0.0165629,0.0516807)
(0.208144,0.0276496)
(-0.279349,-0.0630991)
(0.11474,-0.0795221)
(0.291987,0.104535)
(-0.212834,-0.0601004)
(0.048709,0.149708)
(-0.106894,0.0145563)
(0.0365192,-0.0816947)
(0.15807,-0.0578013)
(-0.115676,-0.166373)
(0.016965,0.054641)
(0.0767202,-0.102743)
(0.0675684,0.0198189)
(0.206279,-0.295824)
(0.319968,0.0878917)
(-0.0278298,-0.118393)
(-0.0247726,-0.0514649)
(0.0509782,-0.0192195)
(0.222437,0.140385)
(0.0470939,0.0193002)
(-0.0650009,-0.115106)
(-0.12077,0.162192)
(-0.162067,0.0352079)
(0.000730895,-0.00972246)
(-0.123654,-0.157695)
(0.0478202,-0.252615)
(0.0770041,-0.0932296)
(0.00810159,-0.00127363)
(0.0210089,0.171767)
(-0.0850108,0.0574256)
(0.0085807,-0.158988)
(-0.114627,-0.0887926)
(0.0428796,-0.0207062)
(-0.189858,0.0277884)
(0.0175785,-0.208797)
(-0.0460659,-0.106236)
(0.402464,-0.00455745)
(-0.0535052,-0.173288)
(-0.0454331,0.192605)
(-0.13056,0.0480118)
(0.0521584,0.126687)
(0.0544112,0.159296)
(-0.044962,-0.0294441)
(-0.0342139,0.273377)
(-0.0890437,0.0770387)
(-0.208916,0.295003)
(0.0934965,0.0239233)
(-0.109078,-0.274452)
(-0.158866,0.0931741)
(0.258523,0.0433627)
(-0.127755,-0.231769)
(-0.105563,-0.0130863)
(-0.130272,-0.137239)
(0.188206,0.189485)
(0.0542071,-0.124866)
(-0.0378373,0.123116)
(-0.051336,0.108873)
(-0.166184,0.0387508)
(-0.10138,-0.00777017)
(-0.0655297,0.0884376)
(-0.140988,0.0493416)
(-0.0193021,0.0644413)
(0.273989,0.113792)
(0.043815,0.0139518)
(-0.167134,0.083034)
(0.660985,-0.0712365)
(-0.0190577,-0.121528)
(-0.16135,-0.169391)
(0.74896,-0.0260588)
(-0.0804585,-0.0179824)
(0.318829,-0.0652906)
(0.052263,-0.0221517)
(0.0512596,-0.0968326)
(0.0896783,-0.00029441)
(-0.276117,0.111058)
(0.0622108,0.00908774)
(0.0466226,0.0254148)
(-0.0547726,0.0720514)
(0.456633,-0.366931)
(0.189536,-0.166598)
(0.0789646,-0.0112062)
(0.00511434,0.00384406)
(0.32305,-0.0577143)
(0.0688237,0.0145517)
(0.490529,-0.0900102)
(0.562891,-0.0738175)
(-0.0714506,-0.233346)
(0.444264,-0.183916)
(-0.250447,0.196719)
(0.013604,0.0776852)
(0.497083,-0.189117)
(0.0562477,-0.0349826)
(0.598987,0.0450278)
(0.276653,-0.279327)
(0.119937,-0.0771296)
(0.162909,-0.509166)
(0.346919,-0.0221005)
(0.464996,-0.485842)
(0.139569,-0.0924374)
(-0.200529,-0.077516)
(-0.097118,0.0276956)
(0.760202,-0.0599344)
(-0.177214,-0.0440168)
(-0.0254258,0.0810279)
(-0.205682,-0.0694907)
(0.0525082,-0.312131)
(0.00111208,-0.140769)
(-0.092147,-0.0423071)
(-0.163029,-0.0286564)
(0.0158466,-0.1168)
(0.0296445,-0.0560774)
(0.325751,-0.518183)
(-0.057355,0.0890243)
(0.00690315,0.159019)
(-0.0591941,0.0335171)
(0.0230278,-0.0402239)
(0.310014,-0.103505)
(-0.164031,0.0276078)
(-0.0485746,0.0127478)
(0.102967,0.0533522)
(0.549278,-0.0683878)
(0.56732,-0.166824)
(0.0161461,0.0642535)
(0.112597,0.0760529)
(0.0944503,-0.090923)
(0.293848,-0.444176)
(0.494289,-0.249109)
(0.0772808,-0.499689)
(0.0148361,0.0263542)
(0.337449,0.108901)
(0.360533,-0.217228)
(0.597171,-0.191472)
(0.086663,0.0424068)
(0.18174,-0.109378)
(0.0907106,0.181774)
(0.171928,0.106965)
(0.107331,-0.0475024)
(-0.150575,-0.112306)
(-0.0134289,-0.00133363)
(0.0483151,-0.138809)
(0.0592535,-0.141129)
(0.0372382,-0.0035081)
(0.0297374,0.180054)
(0.0494384,-0.0641071)
(0.0275084,-0.000404453)
(0.0963012,-0.169364)
(0.298663,-0.258674)
(0.6931,-0.419354)
(0.764333,-0.479492)
(-0.105907,0.0408191)
(0.00205701,0.0726495)
(-0.0217466,0.124174)
(0.23707,0.149787)
(-0.0355456,-0.0636147)
(-0.304013,-0.192669)
(-0.292372,-0.137878)
(-0.108869,-0.0872831)
(-7.06111e-05,0.0332306)
(0.150726,-0.115693)
(0.0891424,-0.0869566)
(-0.456435,0.113073)
(-0.323281,-0.220007)
(1.11996,0.723626)
(1.34936,0.183246)
(0.543211,0.198665)
(0.786103,0.261335)
(0.121656,0.0786648)
(-0.0808282,-0.0313406)
(0.0261259,-0.094136)
(-0.158558,0.0277818)
(0.103032,-0.0914981)
(0.0920587,0.0381728)
(0.121975,0.238486)
(-0.104083,0.137403)
(-0.148659,-0.00161156)
(0.206759,-0.311819)
(0.0445533,0.201037)
(0.0379014,0.121638)
(0.11716,0.138366)
(0.614371,-0.537385)
(0.739676,-0.45973)
(-0.137758,0.110687)
(0.517006,-0.0498424)
(-0.0437345,0.0242301)
(0.356279,-0.0405455)
(0.365001,-0.0265426)
(-0.10181,0.0502726)
(-0.0387606,0.0782783)
(0.192951,-0.137215)
(0.108966,-0.140841)
(0.48988,-0.0265459)
(0.80544,0.0286731)
(-0.156102,0.0504741)
(0.205162,-0.106934)
(-0.0597337,0.0241108)
(0.121903,-0.0857956)
(-0.13218,0.520385)
(-0.305357,-0.0428838)
(-0.43308,-0.0363469)
(-0.302147,0.454232)
(0.0110395,0.0169126)
(-0.0892849,0.290781)
(-0.194067,0.0566621)
(-0.0472993,0.0274454)
(0.414327,-0.185797)
(0.435574,-0.625452)
(0.854004,0.409025)
(0.796951,-0.107011)
(0.111177,-0.132137)
(0.135026,-0.0698935)
(0.223128,-0.143529)
(0.39625,0.339234)
(-0.0947593,0.00738579)
(0.147553,-0.0447728)
(-0.0884683,-0.00709941)
(-0.0261437,-0.0856996)
(-0.0680745,-0.2255)
(-0.043532,-0.0724678)
(0.000863319,8.78704e-06)
(0.0748454,0.0246995)
(-0.278491,-0.0872551)
(0.0102759,-0.0797375)
(0.0221939,-0.039505)
(0.0159531,0.0141173)
(0.07404,-0.0821232)
(-0.0428207,0.0641155)
(-0.0184086,0.0594615)
(0.153379,-0.0908826)
(-0.0597037,0.0217201)
(-0.113066,0.130479)
(0.0974008,-0.0151227)
(0.0857167,0.0141395)
(-0.0630536,-0.16714)
(0.0968322,-0.271731)
(0.0596495,-0.0234457)
(-0.11979,0.0596162)
(0.0517184,-0.134962)
(0.872679,-0.430223)
(0.044205,-0.0944794)
(0.0729617,-0.159132)
(0.0735355,-0.014854)
(-0.0608773,-0.0744386)
(-0.112749,-0.0267199)
(-0.01133,-0.154083)
(-0.00242761,-0.0565788)
(-0.1867,0.0402442)
(-0.048378,0.119015)
(0.0761655,-0.121188)
(0.757003,-0.118467)
(-0.0568314,0.0169921)
(-0.168198,0.0437999)
(-0.0383189,0.0261371)
(0.101446,0.148451)
(-0.011019,0.0854124)
(-0.0588051,0.0192473)
(-0.0326509,-0.0868886)
(-0.173635,-0.190902)
(-0.0443282,-0.0230926)
(-0.0832127,-0.0589837)
(-0.0417884,-0.00157551)
(-0.0501211,0.0438777)
(-0.0794751,0.0885935)
(-0.000192658,0.0536148)
(-0.0616111,-0.0867107)
(0.119595,0.140664)
(0.0627169,-0.186026)
(0.0233204,0.052312)
(0.00864903,0.00790737)
(0.0928483,-0.0749269)
(-0.0596218,0.169917)
(0.052789,-0.00636579)
(-0.0193324,-0.0898013)
(-0.0527702,-0.043852)
(0.0614622,-0.110598)
(-0.0112851,0.0314524)
(-0.0454181,-0.167444)
(-0.130187,-0.154324)
(-0.150214,-0.0200308)
(-0.0435249,-0.158112)
(0.114777,0.0845368)
(0.252206,0.0889098)
(-0.063426,0.0499971)
(-0.160648,0.16289)
(-0.0810146,-0.251052)
(0.143957,0.217618)
(-0.195443,0.139726)
(0.0750021,-0.160006)
(-0.0165134,-0.044287)
(-0.0204136,0.0563665)
(-0.00428098,-0.174855)
(-0.134528,0.130017)
(0.0567373,0.159194)
(0.265658,-0.269643)
(-0.0521384,0.100657)
(0.176393,-0.235036)
(-0.00576878,0.0158145)
(-0.147732,0.0939222)
(-0.0145251,-0.0996809)
(0.206512,-0.22096)
(-0.0383561,0.0281846)
(-0.0215411,0.00368885)
(-0.0674471,-0.0777789)
(-0.130945,-0.168348)
(0.0852046,-0.210934)
(-0.24269,0.0184371)
(-0.21264,0.0638757)
(-0.0378653,-0.00596605)
(-0.217963,-0.169364)
(0.450749,-0.0836495)
(-0.0147764,-0.0925623)
(0.206593,-0.0396732)
(-0.150924,-0.261562)
(0.0896584,-0.0724483)
(0.181288,-0.0412716)
(-0.0870793,-0.164968)
(0.19001,-0.0203012)
(-0.116269,0.0661506)
(-0.0560897,0.00618576)
(0.133861,-0.203072)
(0.186628,-0.0789912)
(-0.123957,-0.0754606)
(-0.120929,0.249526)
(0.0231618,-0.0860691)
(0.366044,-0.114296)
(0.473845,-0.123151)
(-0.10561,0.143971)
(-0.0405291,0.135865)
(0.461095,-0.691413)
(-0.187326,-0.211931)
(0.0259853,0.124122)
(0.151659,-0.0945142)
(-0.0442259,-0.00146657)
(0.110227,-0.0205437)
(0.0795328,-0.171765)
(0.137709,0.168087)
(-0.0656624,0.0921)
(-0.0819054,-0.124747)
(-0.0271679,0.0199037)
(-0.126335,-0.0161658)
(0.298322,-0.104528)
(-0.0379934,0.152828)
(-0.131681,-0.00752724)
(-0.135811,0.0400802)
(-0.0864612,0.402658)
(0.0754368,0.0156004)
(0.139294,-0.0253967)
(-0.0213731,0.119155)
(0.198448,-0.0980996)
(0.326457,0.151331)
(-0.0705259,0.103688)
(-0.163987,-0.0548085)
(-0.0290502,-0.039097)
(-0.211443,0.0826138)
(-0.254373,0.0860982)
(0.575304,-0.0487031)
(0.858407,-0.695042)
(-0.16169,-0.0246551)
(-0.113347,0.202078)
(-0.226187,-0.0213835)
(-0.0179016,-0.0708975)
(-0.0673059,0.0712397)
(0.205064,-0.00520371)
(-0.212441,0.188943)
(-0.285831,0.175068)
(0.133952,-0.0611144)
(0.0229673,-0.0815628)
(0.0764019,0.138412)
(-0.0711529,0.0658956)
(-0.0636168,0.0657801)
(-0.0760094,0.0357843)
(-0.00831055,0.0982464)
(-0.0145307,0.0628784)
(-0.06065,0.0692526)
(-0.0241728,0.0808144)
(-0.117086,0.0311455)
(0.0539951,0.0905554)
(0.596503,-0.276297)
(-0.0760972,0.0956933)
(-0.135431,0.126956)
(-0.0845402,0.00159394)
(-0.149241,0.137224)
(-0.205311,0.00257722)
(-0.0671182,0.129016)
(-0.0622413,0.280687)
(-0.143047,-0.110037)
(0.00374627,-0.10699)
(-0.0136048,-0.0804497)
(-0.105692,-0.336039)
(-0.11446,-0.00625453)
(0.0854537,-0.00175831)
(-0.15724,-0.094157)
(0.110401,0.119095)
(0.100217,0.0125705)
(-0.0681497,0.0511021)
(-0.0511519,0.012689)
(-0.0448528,-0.0329464)
(-0.0767672,-0.00660841)
(0.0185403,-0.0484188)
(0.133509,0.0300907)
(0.220744,-0.155325)
(6.66219e-05,-0.0939047)
(-0.112708,0.11666)
(-0.0119561,0.0707898)
(-0.125004,-0.0101641)
(-0.199476,-0.0258662)
(-0.0674359,-0.170527)
(-0.0183095,-0.094071)
(0.108866,-0.113324)
(-0.143541,-0.00873413)
(0.0240034,0.353133)
(0.207033,-0.0237526)
(0.0306353,0.215744)
(-0.122234,-0.023159)
(0.100677,-0.0370471)
(-0.3115,0.0910866)
(0.0539901,0.173648)
(0.24818,0.254709)
(0.0940055,-0.125183)
(-0.0230277,-0.0232463)
(-0.180772,-0.188978)
(0.159024,-0.0638182)
(-0.000880269,0.0729199)
(0.636343,-0.0655679)
(0.0515091,0.191667)
(-0.00926818,0.183849)
(-0.0514487,0.0368285)
(-0.212943,0.059631)
(-0.112651,0.11063)
(-0.0428987,-0.075324)
(-0.140744,0.0721497)
(-0.312219,-0.0786911)
(-0.333176,0.0622842)
(0.14219,-0.00955268)
(0.151873,0.0815796)
(-0.0394787,-0.0467637)
(0.0850741,-0.13959)
(0.0253213,-0.204093)
(-0.0158701,0.0583669)
(-0.0892062,0.094288)
(0.0636846,-0.190855)
(-0.0516045,0.157301)
(0.590973,-0.0960748)
(0.0303784,0.12239)
(0.305106,-0.53042)
(-0.0604175,0.0115119)
(-0.0443544,0.0994522)
(0.0590553,-0.18342)
(0.173766,-0.224545)
(-0.0937664,0.0118643)
(0.0413874,-0.0430216)
(0.356889,-0.237147)
(-0.107121,-0.0420769)
(0.117577,-0.0877455)
(0.0727098,0.0137166)
(0.816657,0.0189521)
(-0.0669517,0.0852711)
(-0.0847057,-0.0152643)
(0.152865,0.0296349)
(0.113306,-0.0286379)
(-0.0514249,0.114048)
(0.470067,-0.263644)
(0.0943567,0.0420507)
(0.0336167,0.0744449)
(0.65794,-0.0450776)
(-0.262861,-0.143093)
(-0.0335816,0.140706)
(-0.191002,0.141532)
(0.300986,-0.028615)
(0.776001,-0.150214)
(0.985084,-0.25546)
(-0.12325,-0.153525)
(-0.138061,-0.171833)
(-0.167367,-0.090215)
(-0.110286,0.00860569)
(-0.0279712,0.0126029)
(0.0591039,-0.113839)
(0.0346096,0.0737711)
(-0.0668647,-0.118662)
(-0.215802,-0.141801)
(0.0756978,0.151972)
(0.113617,-0.255487)
(0.264646,-0.0532905)
(-0.0540792,-0.0255392)
(0.0687273,-0.00486201)
(-0.0294404,0.0451939)
(0.0460816,0.0734626)
(0.189191,-0.121483)
(-0.122148,-0.164915)
(-0.0363925,-0.181108)
(-0.0675196,0.0505736)
(0.309304,-0.0259656)
(-0.118959,0.109174)
(-0.168017,-0.170494)
(0.263041,0.0457798)
(-0.326582,-0.074859)
(0.174597,0.00753109)
(-0.00944053,-0.0610212)
(-0.0921738,0.142468)
(-0.0961245,-0.00182258)
(-0.29909,0.147896)
(0.00613445,-0.26373)
(0.349488,0.0755751)
(-0.0108689,0.0801854)
(0.318021,0.286347)
(-0.0227595,0.129535)
(0.502188,0.313733)
(-0.152366,0.15871)
(0.468011,-0.458084)
(0.02005,0.136829)
(-0.0977099,0.0863636)
(0.0495774,0.0811705)
(-0.178019,0.0684158)
(-0.0708465,0.0424157)
(-0.0771521,0.00311596)
(-0.0765526,0.0505433)
(0.201187,-0.0225008)
(-0.0454152,-0.0133094)
(0.190117,0.142004)
(-0.117725,0.0431228)
(-0.0428757,0.220826)
(0.00241257,-0.0924307)
(-0.0412852,0.112573)
(-0.0310823,0.068835)
(0.0632112,0.107184)
(0.171029,-0.0817769)
(0.183805,-0.10845)
(0.0879023,0.266295)
(-0.0361152,0.204713)
(0.0802415,0.0935638)
(0.170158,-0.127668)
(0.0575333,0.00373453)
(0.0543765,0.0464012)
(0.0451466,0.0878402)
(0.0433617,-0.085564)
(0.303889,-0.0703457)
(0.0810597,0.214582)
(0.211276,0.146323)
(-0.030294,0.0781477)
(0.15402,0.236727)
(0.040902,-0.20517)
(0.137497,-0.25294)
(0.269393,0.0537227)
(0.732766,-0.170533)
(0.0600784,-0.118168)
(0.0599308,0.0957129)
(-0.127621,-0.109689)
(0.122622,-0.0102164)
(0.834627,-0.0196868)
(-0.0548718,-0.213492)
(-0.0513415,0.167973)
(-0.0460578,0.0750869)
(-0.0320327,0.207614)
(0.206044,0.070239)
(0.16328,-0.0114109)
(0.163562,0.111389)
(0.165296,-0.0366234)
(-0.0792784,-0.168461)
(-0.103854,0.070614)
(0.302825,-0.4778)
(0.136134,-0.0668053)
(0.109389,-0.0583726)
(0.0497605,0.0513833)
(0.0639742,-0.042406)
(-0.0749833,-0.0218235)
(-0.074743,0.117175)
(0.0116628,-0.0205958)
(0.0462557,-0.301435)
(0.106059,0.113505)
(-0.0923011,0.137969)
(0.0453575,0.106026)
(-0.0750235,0.127752)
(0.00813344,0.0959072)
(-0.133357,-0.0398322)
(0.0715489,0.0621491)
(0.200634,-0.0455697)
(0.585271,0.332491)
(-0.363303,0.128322)
(-0.389804,-0.0154554)
(-0.00421676,-0.260254)
(0.0527384,0.0749902)
(0.0955723,0.0753829)
(-0.0128703,-0.0346216)
(-0.0582385,0.0176674)
(-0.049971,-0.0412859)
(-0.0316203,-0.014006)
(-0.138116,0.0223488)
(-0.193746,-0.0463254)
(0.211758,-0.0183714)
(0.0733574,-0.153581)
(-0.0303791,-0.166381)
(0.106679,0.093296)
(0.0393725,-0.118792)
(-0.00218927,-0.0523608)
(0.109628,0.00912909)
(-0.172499,0.121631)
(0.0940082,-0.0597114)
(0.110641,0.0262583)
(-0.0522152,-0.0443085)
(-0.0231283,-0.100761)
(-0.141198,0.05789)
(0.0457533,0.0184011)
(0.103127,-0.0290468)
(-0.0276652,-0.0345884)
(0.0761602,0.0309743)
(0.0327118,-0.0504169)
(-0.0332288,-0.054637)
(0.0612887,-0.0697319)
(-0.0266503,0.0053546)
(-0.154824,0.147413)
(0.0522952,-0.0204792)
(-0.160684,0.102473)
(-0.0799507,-0.071771)
(0.841859,-0.306469)
(0.291059,-0.00562913)
(0.0800932,-0.0583593)
(-0.022629,0.0496339)
(0.222831,0.0332061)
(-0.0730928,-0.0398031)
(-0.0172788,-0.0626657)
(0.115489,0.100291)
(0.0749809,0.0640905)
(0.0719831,-0.00429694)
(-0.0253802,-0.122374)
(-0.086691,-0.0355035)
(-0.0566329,-0.105538)
(0.112697,-0.0844051)
(-0.231012,0.030394)
(-0.268819,-0.230238)
(-0.194411,-0.353391)
(-0.183323,-0.0303231)
(-0.0153181,-0.013092)
(0.0915132,-0.0815639)
(-0.0519417,0.0411003)
(0.0241117,0.0674542)
(-0.0443091,-0.0337575)
(-0.0549971,-0.0849325)
(-0.0622154,0.00250047)
(-0.147488,0.0202225)
(0.00758758,-0.0784656)
(-0.0997023,-0.165854)
(0.173194,-0.105986)
(-0.0679603,-0.171255)
(-0.071341,0.0758832)
(-0.00973768,0.119266)
(0.00923335,0.0152437)
(0.0340558,0.0448553)
(-0.102459,0.0843356)
(-0.111882,0.125748)
(-0.0998686,0.0514494)
(0.0248216,-0.0131673)
(0.143583,0.0652046)
(-0.0652056,0.0187395)
(0.0153589,0.0355287)
(-0.184429,-0.182342)
(0.0497962,-0.128681)
(-0.031946,0.00403794)
(0.0467935,-0.04721)
(-0.200815,-0.163795)
(-0.079487,0.0324856)
(-0.0734562,0.0460932)
(-0.137063,-0.00425982)
(-0.0573441,-0.0843025)
(0.0900308,-0.0916918)
(-0.0548543,0.0250635)
(0.144901,0.0969078)
(0.0551666,-0.0928537)
(0.328063,0.124084)
(0.154707,-0.00288703)
(0.116932,-0.0641087)
(0.153774,0.0137378)
(0.112801,0.0687462)
(0.10374,0.0582501)
(0.0160527,-0.0125433)
(0.0922599,0.131169)
(0.154725,-0.047416)
(0.0243743,-0.0843105)
(-0.00747949,-0.0590676)
(-0.0806857,0.111652)
(-0.0361732,0.132603)
(0.126242,-0.00468989)
(-0.116479,0.106499)
(-0.0115918,-0.127167)
(0.297823,0.129118)
(0.145994,0.153592)
(0.196943,-0.047655)
(-0.0688856,-0.166952)
(0.176228,-0.0375452)
(-0.0995421,-0.0169192)
(-0.0231153,-0.0748363)
(0.0799763,-0.127451)
(0.021458,0.012752)
(0.404225,0.097107)
(0.52148,-0.176785)
(0.093613,0.125148)
(0.520811,0.00938873)
(0.108119,-0.0375979)
(0.508797,0.103113)
(-0.0188858,-0.115652)
(0.0420454,0.0329471)
(0.455887,-0.00111676)
(-0.35224,-0.459549)
(-0.313027,-0.133552)
(0.063498,-0.0589507)
(0.0693841,0.150947)
(-0.0552538,0.0363252)
(0.0895909,0.150792)
(0.0965973,0.131709)
(0.214534,0.0368877)
(0.312161,-0.0425369)
(0.0307223,0.0710304)
(0.129494,-0.0634831)
(0.141119,-0.0738604)
(0.222119,0.0162441)
(0.112353,-0.0722508)
(-0.140233,0.166256)
(0.0955114,0.0398179)
(0.159,-0.0311432)
(0.0372509,0.0306692)
(0.0789199,-0.0552703)
(-0.186381,0.018365)
(-0.0444955,-0.140464)
(-0.0116428,0.0255734)
(0.118751,-0.161635)
(-0.0974356,-0.0758066)
(0.0270852,-0.0160243)
(-0.00268426,0.018509)
(0.0899279,-0.02151)
(-0.0704492,0.106841)
(0.290089,0.237002)
(-0.126311,0.237311)
(0.110416,-0.0367869)
(-0.00235347,0.044809)
(0.0941355,-0.00672514)
(0.0156852,0.286438)
(0.0263929,0.165389)
(-0.0575697,-0.112797)
(-0.00680912,-0.273578)
(-0.08319,0.0478284)
(0.0805075,-0.0371947)
(0.398391,-0.69744)
(0.0705933,-0.0209577)
(0.190579,0.26474)
(-0.0514986,0.124)
(-0.0491415,0.181449)
(0.0357666,-0.0784441)
(-0.206147,-0.08092)
(0.668704,-0.0901911)
(0.655653,-0.197741)
(0.483019,0.0723058)
(0.0196486,-0.00459046)
(0.653569,-0.0131738)
(0.0536506,-0.0790916)
(-0.0438003,0.0388689)
(0.123972,-0.105813)
(-0.105837,0.0652215)
(0.356518,-0.0773946)
(-0.125098,0.040675)
(0.151861,0.109143)
(0.0455717,0.0991978)
(0.0954149,-0.140414)
(0.187566,0.0402018)
(-0.191404,0.0557661)
(0.401668,0.0825258)
(0.205905,-0.0080697)
(0.0556125,0.168271)
(-0.0653179,0.0686796)
(0.0497588,-0.0938267)
(-0.0105081,-0.201791)
(0.0331414,0.0232367)
(0.0722631,-0.220849)
(0.175973,-0.0373596)
(-0.0985424,-0.125487)
(0.0942943,-0.0895527)
(0.0457558,0.0662441)
(-0.0161386,0.118392)
(-0.0616144,-0.144524)
(0.058189,0.0702898)
(-0.119632,-0.191022)
(-0.0939193,0.0917885)
(0.132129,0.0835115)
(-0.132759,0.0837363)
(-0.0886193,0.0572794)
(0.0529279,-0.13029)
(0.0483765,-0.0522742)
(-0.0967266,-0.0829661)
(0.0862304,0.139801)
(0.0893769,0.0926247)
(0.0181702,0.00774801)
(-0.0136504,0.0679332)
(0.0152767,-0.0621898)
(0.0565464,-0.00892503)
(-0.0311878,-0.0205889)
(0.0867108,-0.140704)
(0.0564649,0.0826788)
(-0.0480525,0.315785)
(-0.0718318,-0.00135882)
(-0.0150741,-0.0989624)
(-0.0300553,0.0423088)
(0.0549933,0.0668091)
(0.090902,0.0591521)
(0.173915,0.0169779)
(0.0897428,0.194057)
(0.020198,0.0313518)
(0.174289,0.130029)
(0.0443779,0.0740953)
(0.0592402,-0.217983)
(0.0876812,-0.0258616)
(-0.110827,0.00595267)
(0.0202559,-0.167733)
(0.0456446,-0.162744)
(-0.0306544,-0.101739)
(-0.0948532,-0.134623)
(0.0639815,-0.0584097)
(0.175605,0.0614628)
(0.15195,0.0797683)
(-0.0444293,0.142991)
(-0.227366,-0.112611)
(-0.00465747,0.10475)
(-0.143515,-0.137389)
(-0.0109787,0.00168744)
(0.337873,-0.0276892)
(0.261284,-0.0544697)
(-0.119328,-0.275331)
(-0.0992615,-0.014878)
(-0.0871834,-0.050034)
(-0.0394074,-0.0478867)
(-0.0898534,-0.00997617)
(-0.00933511,0.0621293)
(-0.00973699,-0.146155)
(0.0885271,-0.0284926)
(0.0354559,0.0646055)
(-0.0654267,0.0229556)
(0.118384,0.0279912)
(-0.0288925,0.0620119)
(-0.0590772,0.0111322)
(0.103914,0.135299)
(0.0650364,0.169329)
(0.0234377,-0.130931)
(0.131355,-0.00756978)
(-0.0345114,-0.00729219)
(0.177482,-0.17627)
(0.0497376,-0.0440206)
(-0.0510673,0.260051)
(0.159203,0.142988)
(0.172535,0.0803181)
(-0.0484228,-0.0853455)
(0.866515,0.0490578)
(0.153126,-0.222558)
(-0.0864267,0.0140806)
(0.165531,-0.0405145)
(0.539541,-0.184462)
(-0.162461,-0.0501555)
(-0.0776591,-0.0788931)
(-0.0477283,0.0482801)
(-0.0552426,0.242139)
(-0.040429,-0.0161571)
(0.0536088,-0.0111684)
(-0.0799485,-0.193279)
(0.313922,-0.0648258)
(0.155195,0.0464919)
(0.0692593,-0.11648)
(0.0207211,0.0890195)
(-0.00869725,-0.111368)
(0.0744529,0.033572)
(0.0858537,-0.100588)
(0.180356,0.000482863)
(-0.0451522,0.118602)
(0.0310676,0.0539521)
(0.0560136,-0.199455)
(0.0161722,-0.0348641)
(-0.0871596,0.0279103)
(-0.0210442,0.0265814)
(0.360197,-0.0485616)
(-0.00357224,-0.0585694)
(0.583252,-0.224092)
(-0.0304398,0.0444513)
(-0.0442245,0.0657739)
(-0.122459,0.189821)
(0.0144631,-0.0476508)
(0.552031,-0.332009)
(0.244806,-0.0715668)
(0.399937,-0.223983)
(0.135665,-0.0645511)
(-0.0439085,-0.137082)
(0.00821001,0.10051)
(0.265517,-0.179658)
(0.274771,0.120773)
(-0.0233926,0.106401)
(-0.171808,0.0435083)
(0.436435,0.0323481)
(-0.0981523,0.111516)
(-0.0898639,-0.0126399)
(0.319057,0.258599)
(-0.0811823,0.0306759)
(-0.150452,-0.0537526)
(0.323271,-0.0499573)
(0.0970732,-0.366482)
(0.149303,0.136215)
(0.373463,0.134604)
(0.178939,-0.132955)
(0.176294,0.175403)
(-0.114275,-0.180086)
(-0.022681,-0.159001)
(-0.193438,-0.150894)
(-0.190194,-0.246761)
(0.0120588,-0.0761501)
(-0.170098,0.0896004)
(-0.00332869,-0.220146)
(0.172478,-0.232647)
(0.0720783,0.353881)
(0.0183649,-0.219948)
(0.0210402,-0.112182)
(0.145064,0.144006)
(0.0114106,0.0674241)
(0.0620322,-0.154616)
(-0.201029,0.00491586)
(-0.00791459,0.0831415)
(0.135656,-0.0361758)
(0.325915,-0.407719)
(-0.105013,0.225753)
(0.199186,0.0537054)
(-0.00241599,-0.0600743)
(-0.106379,0.317705)
(-0.113032,0.214512)
(0.825207,-0.485523)
(-0.0911561,-0.270262)
(0.897308,-0.353316)
(-0.0193201,-0.0149216)
(0.0496721,0.153041)
(0.2004,0.0099268)
(-0.0080772,-0.0286537)
(-0.0106548,0.0934676)
(0.374409,-0.211928)
(0.0463434,0.0057197)
(-0.16118,0.0805611)
(-0.0631751,0.0774938)
(-0.0360215,0.120328)
(0.083794,0.159484)
(-0.119868,-0.07573)
(0.229918,-0.0238769)
(0.200948,-0.13531)
(-0.190207,-0.0534113)
(0.766842,0.0278712)
(-0.147938,-0.0056102)
(0.596004,-0.119221)
(-0.00129901,-0.0795018)
(-0.00315843,-0.191292)
(0.301346,-0.089686)
(-0.0177919,0.012428)
(-0.118949,0.0870675)
(-0.0813407,-0.169265)
(0.390261,-0.0240654)
(0.12649,0.0515567)
(-0.117928,0.156007)
(0.2899,-0.00127109)
(0.0124987,-0.0345658)
(0.00732211,0.166423)
(-0.0273011,0.127336)
(-0.124608,-0.0691308)
(0.0260952,0.210408)
(0.00814849,-0.0968195)
(0.222436,-0.192586)
(0.0362037,-0.0930249)
(0.0880321,-0.106148)
(0.0157997,-0.00718165)
(0.0569322,-0.0448074)
(0.103646,-0.190795)
(-0.0426975,0.0114878)
(0.0380688,-0.168723)
(-0.160976,0.155058)
(0.0572988,-0.0213585)
(0.171816,-0.0837367)
(-0.131847,-0.080402)
(-0.00324906,0.132983)
(-0.0451015,-0.0616294)
(0.0684904,-0.299957)
(-0.0337807,-0.0166892)
(-0.0147236,-0.084026)
(-0.077841,-0.18132)
(0.0274751,-0.12593)
(-0.0561272,0.118743)
(0.0760187,0.186308)
(0.0745374,0.168208)
(-0.126214,0.114333)
(0.526775,-0.259719)
(-0.0639601,-0.12806)
(0.075183,0.042385)
(0.0357214,-0.00285732)
(0.557784,-0.0225091)
(0.0614783,-0.0728735)
(-0.0627679,0.100724)
(-0.155569,-0.135724)
(0.00713332,0.219153)
(-0.120546,0.0101191)
(-0.179794,-0.156154)
(0.0419481,0.084572)
(0.120361,-0.241216)
(0.176568,-0.00374324)
(-0.0992778,0.0950678)
(0.0249598,-0.0184098)
(0.0105162,-0.0606328)
(0.065972,0.0890018)
(-0.0709745,-0.0479144)
(0.536048,-0.206293)
(-0.106731,-0.0270162)
(-0.0510038,0.00967069)
(-0.0139261,-0.00439703)
(0.028415,0.0180948)
(0.197962,-0.0237683)
(-0.128568,-0.0663526)
(0.0476545,0.00679589)
(0.000367188,0.126451)
(-0.0435295,-0.0656554)
(0.0923063,0.158644)
(0.0497628,0.112598)
(0.641463,0.0475047)
(0.128687,0.0624883)
(0.102643,0.0415575)
(0.149526,0.112115)
(0.106208,-0.311685)
(0.0725983,0.0234608)
(3.14673e-05,-0.179171)
(0.178757,0.199526)
(0.167198,-0.253219)
(0.143972,-0.0092036)
(0.161663,-0.111233)
(-0.0799786,-0.044137)
(0.728996,-0.133445)
(0.0126095,0.130187)
(-0.0487187,0.124026)
(0.0331282,0.339188)
(0.0309323,-0.0303442)
(-0.201015,0.285814)
(-0.0515132,-0.0110352)
(-0.074757,0.184117)
(0.465882,-0.120945)
(0.212659,0.11907)
(-0.139884,-0.218348)
(-0.216509,-0.204558)
(0.169024,-0.0772018)
(0.406873,0.0164953)
(0.0886446,0.0168438)
(0.182763,-0.0807222)
(0.563464,0.025291)
(0.103619,-0.212844)
(0.0882685,0.0191225)
(0.0508344,0.117468)
(0.281795,-0.134868)
(0.277274,-0.072288)
(0.0821419,-0.195721)
(-0.331439,0.0626691)
(-0.0899997,-0.0354004)
(0.0652196,0.0169277)
(0.0274307,-0.0208842)
(0.0709509,-0.0405756)
(-0.0704884,-0.0685139)
(0.972333,-0.45776)
(-0.179809,-0.11779)
(0.230569,0.0674695)
(-0.131742,-0.1265)
(0.767447,-0.331003)
(-0.125652,0.139806)
(0.101239,-0.159695)
(1.28492,-0.310908)
(0.599268,-0.367069)
(0.186797,-0.0249872)
(0.589478,0.0580137)
(0.00133133,0.0468199)
(-0.0163696,0.0490951)
(0.47083,0.228478)
(0.122317,-0.0876042)
(0.0342689,-0.086838)
(0.741054,-0.0819168)
(-0.0121982,0.0249817)
(0.928252,-0.0486818)
(-0.0216174,-0.257373)
(-0.0833224,0.19417)
(0.0267374,0.243177)
(0.382633,-0.168356)
(-0.0682887,-0.143458)
(0.541001,0.0769651)
(0.0233493,0.0455229)
(0.0365082,-0.0754485)
(0.120782,0.00306844)
(0.29493,0.14469)
(-0.00260662,-0.115738)
(-0.1234,0.0737489)
(0.0229345,-0.0651595)
(0.150312,0.0490612)
(0.0338531,-0.00264042)
(0.0715636,0.296693)
(0.0455104,0.090745)
(-0.00424419,0.0137111)
(0.00870884,-0.190778)
(0.533675,-0.140784)
(-0.0385734,-0.0856743)
(-0.0682842,-0.111271)
(0.106369,0.114901)
(-0.129502,0.191531)
(0.0358573,-0.0260248)
(-0.00198591,0.0180703)
(-0.066283,-0.185467)
(0.0126557,-0.0313974)
(0.646981,0.0517346)
(0.0114824,0.114845)
(0.23835,-0.0228332)
(-0.074428,-0.0494605)
(0.0232806,-0.209496)
(0.0482103,0.0598689)
(0.0967785,-0.114878)
(-0.0170179,0.00440123)
(0.054223,-0.19846)
(-0.0537336,0.063551)
(0.0167264,-0.205971)
(0.0510588,-0.05383)
(0.140539,0.0386575)
(0.133826,0.0149666)
(0.0873708,0.0899424)
(0.682347,-0.32537)
(0.121211,-0.500472)
(-0.0415587,0.0174338)
(0.149747,0.103081)
(-0.0323755,0.0873063)
(0.246164,-0.0570561)
(0.442867,-0.171583)
(0.0173126,-0.0721576)
(0.00894249,0.0234523)
(0.0597814,0.0374327)
(0.108493,0.0105683)
(0.602243,-0.390655)
(-0.0265454,-0.0379279)
(-0.0416285,-0.0896459)
(0.059193,-0.122446)
(-0.0862457,-0.0277435)
(0.566517,-0.249288)
(0.0340664,-0.146726)
(-0.0280473,0.263971)
(-0.00148539,0.0561018)
(0.115686,-0.0573649)
(0.165273,-0.0170261)
(0.297336,-0.383657)
(0.691146,-0.203686)
(0.152017,-0.201617)
(0.23519,0.229584)
(0.0248871,-0.0792918)
(0.493383,-0.157737)
(0.165705,0.0639891)
(0.0620331,-0.0196153)
(0.518031,-0.139442)
(0.110141,-0.0973048)
(0.0201421,0.0776685)
(-0.06637,0.0248179)
(0.245295,-0.110638)
(-0.177244,0.0921714)
(0.125217,-0.015835)
(0.0983333,-0.0807355)
(0.3923,-0.0853731)
(0.385958,0.0562531)
(0.0366169,-0.02104)
(-0.0428727,0.0398992)
(0.0141556,0.207995)
(0.0415885,0.141618)
(0.101216,-0.346789)
(0.283818,-0.189738)
(0.658261,-0.157984)
(0.0734409,-0.047901)
(-0.00929033,-0.00190394)
(0.15508,-0.0538121)
(-0.282274,-0.153311)
(0.0438252,0.230474)
(-0.00375278,-0.101422)
(-0.0551104,-0.0217159)
(0.656071,-0.635335)
(-0.0289899,-0.11577)
(-0.067608,0.196144)
(-0.192292,-0.103059)
(0.497564,0.228802)
(0.251785,-0.0435379)
(0.136425,-0.248412)
(-0.0806384,0.097127)
(0.0426647,-0.0313474)
(-0.0121351,0.0644419)
(-0.190018,0.0325904)
(0.0283856,0.142039)
(0.514862,-0.355437)
(0.538781,-0.168802)
(0.876491,-0.455663)
(0.776383,0.028432)
(0.35967,-0.411621)
(0.1318,0.0651862)
(-0.0103797,-0.011415)
(0.213904,0.136033)
(-0.0665304,-0.0897934)
(0.0899955,0.0489121)
(-0.0818944,0.129668)
(0.391758,0.198074)
(0.376092,0.479365)
(0.15842,0.511645)
(0.415224,0.238227)
(0.842449,0.133387)
(-0.197038,0.15232)
(0.47401,-0.25819)
(-0.17745,0.013217)
(-0.0966042,0.0939689)
(0.111416,-0.173925)
(-0.0771615,0.205637)
(0.0728092,0.0312094)
(-0.030424,-0.00380588)
(-0.0696974,0.289977)
(-0.0876555,-0.0455986)
(0.18801,0.279023)
(-0.155843,-0.304563)
(0.0233419,0.0713575)
(0.389122,-0.535965)
(0.315538,0.0549776)
(0.306864,-0.289705)
(-0.14639,0.0687763)
(0.156647,-0.0558013)
(-0.0952027,-0.022328)
(0.521129,-0.411194)
(-0.266846,-0.0257396)
(0.0314869,0.0772935)
(0.147692,-0.202021)
(0.22851,-0.142576)
(0.341613,-0.394607)
(0.219513,0.0432532)
(0.745114,-0.326612)
(0.491861,0.440311)
(0.0413129,0.082544)
(0.0470794,-0.149799)
(0.0413968,-0.0475432)
(0.134742,-0.1877)
(0.0293231,-0.171409)
(0.104117,-0.207272)
(-0.123779,0.26802)
(0.05271,-0.14446)
(0.163988,0.020181)
(-0.11541,0.0302478)
(-0.021272,-0.0165085)
(0.031173,0.0793191)
(0.375323,-0.100406)
(0.510482,0.406226)
(0.062494,-0.0561272)
(-0.0602378,-0.0176839)
(-0.0929006,-0.0242579)
(0.0773111,-0.0491049)
(0.129406,0.264159)
(0.0749827,-0.081467)
(-0.284887,-0.134572)
(-0.0884477,0.198601)
(0.404876,-0.307962)
(-0.0606541,0.0942035)
(0.260216,-0.508775)
(0.00933471,0.00359775)
(-0.0154588,-0.109426)
(0.136419,-0.133278)
(-0.152954,0.0129953)
(0.282564,-0.158146)
(-0.124948,-0.0871513)
(0.634011,-0.650573)
(0.301169,0.318651)
(-0.00800996,-0.00781406)
(-0.179067,-0.0126348)
(0.386638,-0.0531541)
(0.0387285,0.0707575)
(-0.112106,0.0543547)
(0.412552,-0.220955)
(-0.102354,0.110304)
(-0.0871447,-0.0236586)
(-0.156225,0.0799)
(-0.181312,-0.0670328)
(0.0485643,0.176297)
(-0.0951974,-0.153643)
(0.13666,-0.123874)
(0.333881,0.0482387)
(-0.0167887,-0.0706893)
(-0.277389,-0.207471)
(0.343043,-0.244114)
(0.478756,-0.206125)
(-0.109982,-0.204067)
(-0.117412,-0.200274)
(-0.10916,-0.209615)
(0.62959,0.101765)
(0.0818353,-0.0140575)
(0.642805,0.3644)
(0.527815,-0.15449)
(0.0551918,0.0361751)
(-0.130111,0.000461905)
(0.649683,-0.0686578)
(-0.0905336,0.0373315)
(0.0928432,-0.160037)
(-0.310122,0.0670617)
(0.284945,-0.382436)
(1.00862,-0.0942093)
(0.287481,-0.295354)
(0.746338,-0.136747)
(1.07513,-0.252026)
(-0.125851,-0.111098)
(0.115112,-0.211887)
(0.550557,-0.179378)
(-0.208106,0.0846396)
(0.257329,-0.375994)
(0.0650135,0.0888512)
(0.209978,-0.526406)
(0.216965,0.131592)
(0.178575,-0.0871825)
(0.0216541,0.0505928)
(0.0693529,0.118229)
(-0.210307,0.125927)
(-0.17699,-0.0363534)
(-0.143517,0.222046)
(0.0145335,0.182535)
(0.390103,0.0724753)
(0.14449,-0.0998541)
(0.198913,-0.205423)
(0.0982407,0.0842322)
(0.0668803,-0.0663372)
(0.0106617,-0.201749)
(0.0164766,0.120198)
(0.0845279,0.000334966)
(-0.232751,0.0345151)
(0.146482,-0.195411)
(0.0606688,-0.0681905)
(0.570944,-0.230262)
(-0.051162,-0.217189)
(-0.0842842,0.168791)
(0.167286,0.218711)
(0.0266901,0.139056)
(0.141336,0.0775333)
(-0.0126171,-0.108309)
(-0.306093,0.165121)
(0.249488,0.498465)
(0.510652,-0.197688)
(0.808577,-0.0693023)
(0.110082,0.151317)
(0.169112,0.160576)
(0.438699,-0.144597)
(0.049311,0.0350592)
(-0.00895159,0.0225852)
(0.105638,0.0103236)
(1.03084,-0.407691)
(-0.319438,-0.0515781)
(0.11551,0.0467989)
(-0.216228,-0.21398)
(-0.334524,0.29677)
(-0.10791,-0.177436)
(0.826642,0.0608727)
(0.59985,-0.0331198)
(0.140557,-0.0866403)
(0.047424,-0.281033)
(0.817469,0.188244)
(0.0747592,-0.0953266)
(0.172912,-0.0533863)
(0.100811,0.179815)
(0.889679,0.00299556)
(0.154308,0.0249799)
(0.556241,0.271099)
(-0.0108856,0.146376)
(0.0268847,0.226494)
(0.0351928,0.00414791)
(-0.0302239,-0.149329)
(0.0319671,0.214045)
(-0.0861761,0.254429)
(0.0580669,0.190803)
(-0.077639,0.108688)
(-0.0669801,0.174626)
(0.808121,-0.3128)
(-0.0206103,-0.00169935)
(-0.0736777,0.17689)
(0.616904,-0.491309)
(-0.228553,0.227612)
(0.207263,-0.0742736)
(-0.00656513,0.15396)
(0.211388,0.181455)
(0.17305,0.120702)
(-0.0662424,0.016659)
(-0.142431,-0.00816781)
(-0.131155,-0.0816916)
(-0.162251,0.201215)
(-0.185886,-0.0557034)
(-0.0996853,-0.041699)
(0.901707,-0.029056)
(-0.223542,-0.124185)
(0.706453,-0.359088)
(0.232642,-0.368396)
(0.598487,0.086048)
(0.126352,-0.0279123)
(0.560943,-0.121176)
(0.448828,-0.223326)
(0.248606,-0.19281)
(-0.137441,-0.210047)
(0.100725,-0.157835)
(0.079168,0.133746)
(0.04306,0.00927971)
(0.089124,0.471027)
(0.412791,0.874167)
(0.037834,0.0985791)
(-0.0565243,0.10577)
(-0.0956089,-0.0391333)
(-0.192264,-0.00673395)
(0.301265,-0.0144346)
(-0.121503,-0.149792)
(-0.0201204,-0.087801)
(-0.101525,-0.148523)
(0.00273637,-0.175438)
(0.494639,0.226258)
(-0.0510731,-0.12106)
(0.570276,0.119496)
(0.0508015,-0.0555186)
(0.0194841,0.106683)
(0.135578,0.117536)
(0.769881,-0.102675)
(0.0033268,0.0683921)
(0.552986,0.116056)
(1.00382,-0.398355)
(-0.0440828,-0.0278143)
(-0.0617081,0.0518417)
(-0.241584,0.0958866)
(-0.00271774,-0.275769)
(-0.209422,0.325964)
(-0.172858,0.094757)
(0.749856,0.0848973)
(0.219725,0.129494)
(0.476609,0.197587)
(0.254829,-0.112296)
(0.0895454,-0.0610925)
(-0.122298,0.145875)
(0.0858135,-0.0442728)
(0.210193,-0.0896304)
(0.603501,-0.270757)
(1.15229,-0.370533)
(1.13952,0.0377579)
(-0.0494626,-0.0152115)
(0.457155,0.0083449)
(-0.0773131,-0.0470177)
(0.0338355,-0.0632065)
(0.0300071,-0.124226)
(0.0889633,0.266851)
(0.0638021,0.0212105)
(0.311823,0.14174)
(0.285915,-0.34197)
(0.591021,0.0795022)
(0.895092,0.458905)
(-0.0161279,0.100764)
(1.02434,0.330054)
(0.239318,0.0543422)
(0.571666,-0.0381438)
(0.0518874,0.106638)
(-0.103498,0.0467798)
(0.480622,-0.437832)
(0.194681,0.0414626)
(0.804024,-0.27605)
(0.319023,-0.193103)
(0.728471,0.0896326)
(0.336931,-0.130002)
(0.417996,-0.305733)
(0.4157,-0.0780941)
(0.52117,0.00551475)
(0.126283,-0.103807)
(0.709098,0.130574)
(0.683725,-0.100104)
(0.0689192,0.0345124)
(-0.141703,-0.0247198)
(-0.147927,0.00254632)
(0.17677,-0.00952897)
(0.470083,-0.11525)
(-0.10088,-0.325914)
(0.391349,-0.510413)
(0.189729,-0.232056)
(0.0452575,-0.387498)
(0.0342575,-0.215493)
(-0.0493721,-0.116738)
(0.0737011,-0.305523)
(0.0759919,0.0631059)
(-0.21764,0.0887966)
(0.956521,0.165242)
(-0.154227,-0.0961598)
(-0.0363594,-0.0618859)
(0.196151,-0.112403)
(0.134364,0.125737)
(0.23425,-0.0863612)
(-0.219849,0.0253382)
(1.0633,-0.205701)
(0.737228,0.178457)
(0.45915,-0.331367)
(0.00663881,0.135097)
(0.032701,-0.16275)
(0.284346,0.831405)
(0.0127144,-0.26644)
(0.133284,-0.057166)
(-0.0381735,-0.149727)
(-0.144361,-0.00563606)
(-0.255466,0.201379)
(0.299937,-0.468441)
(0.0936934,0.130926)
(0.026531,-0.0541428)
(-0.218426,0.378769)
(0.213474,0.0721684)
(0.372539,0.0200435)
(0.199275,0.234127)
(-0.0309744,0.121628)
(0.272691,-0.204086)
(0.604287,-0.0524609)
(-0.122652,-0.0158305)
(-0.170927,0.122061)
(0.854753,0.175007)
(-0.0671498,-0.0361394)
(-0.137164,0.0710293)
(0.765762,0.291872)
(0.28229,-0.0824454)
(0.00361814,-0.211033)
(0.178936,0.0936447)
(-0.170766,0.133453)
(0.35249,0.164302)
(0.263172,0.276383)
(0.0158394,0.250998)
(0.311275,0.278115)
(0.718863,-0.206012)
(-0.151338,-0.115367)
(-0.246569,-0.161311)
(-0.263963,-0.000315504)
(0.0450279,0.0165056)
(0.0680088,0.148086)
(-0.0359433,-0.0204474)
(0.117109,-0.268945)
(-0.0857731,-0.0436892)
(-0.203052,0.0226186)
(-0.301917,0.0784689)
(-0.0452782,-0.136408)
(0.63234,-0.186798)
(0.289479,0.136844)
(0.721732,-0.152954)
(-0.0133174,-0.0739738)
(-0.123465,-0.0173151)
(0.366243,0.0257632)
(0.594447,-0.0721035)
(0.42121,-0.250559)
(-0.225417,-0.00779624)
(-0.138185,0.00747374)
(0.0145427,0.0627804)
(-0.0152248,0.0614294)
(0.0676374,-0.21992)
(-0.0600509,-0.067124)
(0.117693,-0.0837124)
(-0.0539622,-0.00779899)
(0.123351,-0.206672)
(-0.0619614,-0.0100227)
(0.0185922,-0.18691)
(0.257832,-0.238399)
(-0.137681,0.190037)
(-0.086615,0.107297)
(0.0702658,0.0916516)
(-0.143479,-0.22738)
(0.392308,-0.0716416)
(0.414076,-0.104266)
(0.0675843,0.00492888)
(0.445617,0.118967)
(0.415377,-0.0076575)
(0.191451,-0.27665)
(0.203078,0.00770898)
(0.319426,-0.331989)
(-0.00328715,-0.252556)
(-0.0718931,0.00898195)
(-0.0150179,0.0747658)
(-0.129108,-0.0292363)
(-0.0119848,0.0773228)
(-0.154247,-0.153776)
(-0.0781205,-0.00699737)
(0.076144,0.117946)
(-0.165723,-0.0381946)
(0.370105,0.0419293)
(0.34513,0.110409)
(-0.0654486,0.017519)
(0.449614,-0.198381)
(0.248291,-0.34543)
(0.888086,-0.0719462)
(0.0334211,-0.115249)
(0.121818,0.0973332)
(0.928775,-0.110806)
(0.222259,-0.0170909)
(-0.0805443,-0.19933)
(-0.117339,0.122271)
(-0.0283212,0.0609278)
(0.0308084,-0.297362)
(-0.0300662,-0.150117)
(0.18223,-0.0826263)
(0.307878,-0.194628)
(0.172545,-0.234722)
(0.224228,-0.216202)
(0.175071,-0.174564)
(0.100556,-0.205133)
(0.145873,-0.162937)
(0.1448,-0.16881)
