1620
(-0.0308229,-0.0367323)
(-0.0711184,0.132633)
(0.0385748,0.00620786)
(-0.0852599,-0.104453)
(0.181534,0.169968)
(-0.0509922,0.0483645)
(0.080617,0.101446)
(-0.0473455,-0.012323)
(0.0535684,0.0385272)
(0.0476423,0.0784937)
(0.00653819,0.185428)
(0.0748466,0.219639)
(0.0816621,0.196886)
(0.0440429,-0.0175199)
(-0.000685377,-0.0167212)
(-0.116671,0.0695117)
(2.35674e-05,0.0632611)
(0.0382007,0.0522649)
(0.00830292,-0.0634868)
(-0.0524812,0.0179012)
(-0.0463154,-0.167281)
(0.0198899,0.0598467)
(-0.0498301,0.0497112)
(-0.231513,0.040329)
(0.0922101,0.0433176)
(0.022979,-0.00269209)
(-0.0421617,-0.0334363)
(0.0427935,0.00291537)
(-0.15407,-0.075246)
(0.00856155,0.00915029)
(-0.0726945,0.110618)
(-0.062909,0.0890966)
(0.0447663,0.0745151)
(0.125657,0.0202789)
(-0.0264876,0.0632958)
(0.0800746,0.0697937)
(-0.147703,-0.0289368)
(-0.0420423,0.0832944)
(-0.0375455,0.0445312)
(-0.0936321,-0.0345628)
(0.0586052,-0.148459)
(0.00961477,0.0255483)
(-0.0470765,0.0548886)
(0.0377273,0.0592344)
(-0.0159577,0.0703504)
(0.0412706,-0.062943)
(0.217063,-0.00454076)
(-0.0292604,-0.032232)
(0.0520577,-0.0301529)
(-0.00885565,0.0123585)
(0.000542208,-0.0707379)
(0.0374009,-0.0567988)
(0.057006,-0.152688)
(0.11891,-0.096076)
(0.00802351,0.0372526)
(0.0126723,0.129599)
(-0.0120667,-0.0290569)
(-0.026611,0.1042)
(0.0356182,0.0140168)
(0.0746323,-0.0567436)
(0.0314803,8.51861e-05)
(0.369906,-0.0581026)
(-0.0475999,0.00901174)
(0.242294,-0.180637)
(-0.0323519,0.0427402)
(0.0263635,-0.0252518)
(0.0921193,0.0119631)
(0.1377,-0.0436266)
(-0.0435755,-0.0826942)
(0.0181417,-0.0140833)
(-0.038155,0.126709)
(-0.0706536,0.0584932)
(0.127544,0.0263302)
(0.0725808,-0.0373709)
(0.290651,0.312014)
(0.154674,0.130479)
(-0.0740959,-0.18147)
(-0.00370337,-0.125828)
(0.0849855,0.0293927)
(0.260472,-0.0913209)
(0.0502878,0.0179723)
(0.0146549,-0.155349)
(-0.0482701,0.0175551)
(0.0571967,0.108838)
(-0.0853157,0.140361)
(0.0893329,-0.0755282)
(0.00233908,-0.104739)
(0.0286503,0.0650293)
(0.0909283,-0.0313363)
(-0.0660804,-0.16419)
(-0.00351226,-0.032832)
(0.0199469,-0.0160815)
(0.453732,-0.229983)
(0.0135002,0.0397955)
(-0.0658681,0.101559)
(0.515775,-0.240498)
(-0.0406469,0.0332668)
(0.672668,-0.0324897)
(0.0226554,-0.00791966)
(0.0450361,0.0279446)
(-0.0291826,0.00853436)
(-0.0445672,0.0233716)
(-0.0151444,-0.0890282)
(0.0256661,-0.045134)
(-0.0482516,-0.0699266)
(0.472186,-0.201636)
(-0.00432135,0.118264)
(-0.140667,0.0631695)
(-0.0321155,-0.00465129)
(0.0278521,0.0553149)
(-0.0101197,0.00470387)
(0.395396,-0.24412)
(0.396351,-0.136997)
(-0.0744847,0.0403917)
(0.418172,-0.243921)
(-0.0819159,0.151689)
(-0.084684,0.163423)
(0.287208,-0.273673)
(-0.0179065,0.0165232)
(0.227877,-0.194172)
(0.455468,-0.258154)
(-0.0231087,-0.00693617)
(0.3162,-0.289307)
(0.261811,-0.241241)
(0.345002,-0.209485)
(-0.0441633,0.0768936)
(-0.0521568,-0.0270082)
(-0.176909,-0.0646495)
(0.309169,-0.363813)
(-0.0513938,0.078897)
(-0.081819,-0.0412372)
(0.00388907,0.0403756)
(-0.0124406,0.050327)
(-0.00653205,-0.0807641)
(-0.0204944,-0.0955083)
(0.0253775,0.0184703)
(-0.0387585,-0.0207681)
(-0.0648732,0.0267404)
(0.557692,-0.287251)
(0.0107699,0.150815)
(0.0885918,0.192576)
(0.037052,0.0667468)
(-0.115831,0.00610527)
(0.0394301,-0.0889492)
(-0.0020146,0.0295123)
(0.00797479,0.0576937)
(0.0391164,0.115948)
(0.416617,-0.256828)
(0.3011,-0.250703)
(0.0421739,-0.0558636)
(0.349609,-0.223089)
(0.163877,-0.0189307)
(0.784361,-0.301777)
(0.569669,-0.29724)
(0.469985,-0.11956)
(-0.187827,0.107842)
(0.177993,0.101327)
(0.471727,-0.24766)
(0.451776,-0.213018)
(-0.108019,0.0175475)
(-0.100205,0.103817)
(-0.0542696,0.152736)
(-0.0314875,0.165659)
(-0.0362565,-0.0669122)
(0.0321695,-0.0353915)
(-0.115895,0.0325262)
(-0.0273413,0.0331716)
(-0.04058,0.0896663)
(0.0732697,0.000380809)
(0.122488,0.0614545)
(0.0139146,0.0253013)
(-0.00506972,0.0527453)
(0.469508,-0.178621)
(0.443971,-0.191796)
(0.698818,-0.156517)
(0.747816,-0.0717523)
(-0.116413,0.0450227)
(-0.12236,-0.055377)
(-0.0651715,0.141514)
(-0.0145423,0.0858635)
(-0.0899552,0.0810683)
(0.0505318,0.15425)
(0.00523505,0.165743)
(0.0984176,0.120828)
(0.137862,0.145397)
(-0.0976237,-0.185157)
(-0.139901,-0.0805083)
(0.259046,0.0230084)
(0.0939292,0.0912791)
(0.714475,-0.212816)
(0.686777,-0.292781)
(0.468798,-0.543111)
(0.620412,-0.786449)
(-0.107488,-0.0386355)
(-0.0249609,0.0143164)
(0.0406044,0.111236)
(-0.0312384,0.117333)
(-0.0591662,0.132121)
(-0.0408471,-0.0399646)
(0.015664,-0.0135428)
(-0.0634446,0.0291899)
(-0.08929,-0.0213188)
(-0.0723893,-0.0913156)
(-0.0141417,0.0482247)
(-0.092155,-0.0413223)
(-0.0244657,-0.0167666)
(0.3679,-0.336352)
(0.345393,-0.25104)
(-0.116459,0.10084)
(0.473696,0.00330166)
(-0.00866271,-0.0427639)
(0.209501,-0.356521)
(0.357586,-0.227965)
(0.0311481,0.102587)
(0.0229234,0.0346441)
(0.154845,-0.140486)
(-0.0441204,-0.108096)
(0.145528,-0.639314)
(0.30836,-0.773015)
(0.00372159,0.0300661)
(-0.0370315,0.0353604)
(-0.175004,-0.0652445)
(0.0648445,-0.00479345)
(0.543938,-0.295215)
(-0.02048,0.018601)
(-0.104283,-0.0208742)
(0.472183,-0.21553)
(-0.0881777,0.0602664)
(0.0212061,0.135816)
(-0.0572453,-0.0931129)
(-0.10532,-0.0131629)
(0.372756,-0.266746)
(0.506559,-0.228998)
(0.356998,-0.262551)
(0.406954,-0.215757)
(0.134406,-0.0170263)
(-0.0159667,0.0469129)
(-0.0396684,0.0469426)
(0.381663,0.0780221)
(-0.0417719,0.0031022)
(0.0412203,-0.0243003)
(0.0284856,0.0369279)
(0.0679296,0.0278541)
(0.0546389,-0.00641674)
(-0.031474,0.0887436)
(0.0143745,0.0611633)
(0.106665,-0.144588)
(-0.0673222,0.0116216)
(-0.0459284,-0.0927257)
(-0.199659,-0.102696)
(-0.0145894,-0.0188912)
(0.0180704,-0.00376332)
(-0.0428701,-0.0480795)
(-0.0306198,-0.046568)
(0.0339233,-0.00404949)
(-0.121148,-0.0523548)
(0.186096,0.1275)
(-0.0991368,-0.0696047)
(-0.0370242,-0.0988063)
(-0.0460826,0.0507925)
(-0.0814715,-0.0521132)
(-0.0198465,0.128667)
(-0.00713047,0.0687304)
(0.00968574,0.000816301)
(0.607295,0.0952147)
(0.00628664,0.0378868)
(0.0518277,-0.0585051)
(0.0228279,-0.0130692)
(0.00342952,0.0593998)
(-0.00795447,0.00197195)
(0.0156533,-0.0126185)
(0.0257951,0.0220096)
(-0.0454852,-0.0308445)
(-0.164795,0.0399911)
(0.0306033,0.0853952)
(0.548602,-0.271787)
(-0.034712,0.149735)
(-0.0727402,-0.0123392)
(0.0986752,0.186887)
(-0.0550977,0.00509603)
(-0.0542283,-0.0497843)
(0.00473058,-0.057294)
(-0.038203,-0.00611219)
(-0.0474784,0.00459679)
(0.0916697,-0.0194645)
(-0.00581567,0.0176158)
(-0.0183415,0.00848743)
(-0.00790778,-0.0807015)
(0.00867812,0.0615103)
(0.150262,-0.0102224)
(0.023475,-0.0232779)
(-0.0322289,0.0200889)
(0.0971354,-0.0730018)
(0.0653142,0.00692896)
(-0.0249629,0.0517035)
(-0.0806404,0.0483883)
(0.0445145,0.0111138)
(-0.0341757,0.0405377)
(-0.0639691,-0.0518766)
(0.0744248,0.0134735)
(0.0914781,0.120085)
(-0.129104,0.0316967)
(-0.0813297,-0.0256414)
(-0.0427535,-0.0707398)
(-0.0287661,-0.0826186)
(-0.0572572,-0.11744)
(0.0102682,-0.00351889)
(0.490779,-0.11617)
(0.0269551,0.140154)
(0.0246873,0.159672)
(-0.185688,-0.0126105)
(0.106156,0.0479644)
(-0.072817,-0.0778167)
(-0.0965807,0.0276313)
(-0.13288,0.0114306)
(-0.0759715,0.0337785)
(0.055228,-0.0781656)
(0.063947,-0.0647141)
(0.0199812,0.0178227)
(0.526686,-0.162137)
(-0.0225399,-0.0727912)
(0.0440116,-0.0571653)
(-0.0920399,-0.00832104)
(-0.0572384,0.0310904)
(0.0041521,-0.0318295)
(0.0739676,-0.0832196)
(0.018478,0.0384107)
(-0.0653858,0.168012)
(-0.00169181,-0.127027)
(-0.0436796,0.0648171)
(0.000153455,-0.141334)
(-0.11714,0.0871389)
(-0.0255607,0.0151054)
(0.0341245,0.024713)
(-0.00545593,0.00401214)
(0.407791,-0.0152869)
(0.0447353,-0.0419807)
(0.0947248,0.0370962)
(0.0524338,-0.0382231)
(0.0656829,-0.0277438)
(0.14,0.142417)
(0.0339516,-0.0815936)
(0.111486,0.0208126)
(-0.00372325,0.0322085)
(0.0189674,0.0232574)
(0.067152,0.0676628)
(0.0875031,-0.00137056)
(-0.00107536,-0.139132)
(0.0122799,-0.010502)
(0.500482,0.0522751)
(0.388916,-0.163938)
(0.368172,-0.196461)
(-0.0656275,-0.0623036)
(0.00266907,-0.0772735)
(0.541299,-0.1153)
(0.0511905,-0.0862518)
(0.00670689,-0.00843318)
(0.0350958,-0.0637349)
(0.000650173,0.0700232)
(-0.0252418,-0.0180472)
(0.398402,-0.0604771)
(0.15095,-0.118224)
(-0.0701807,0.138724)
(0.0365065,-0.107816)
(0.042572,0.0541894)
(0.19173,0.144184)
(0.457034,-0.0448999)
(-0.0568573,0.0680585)
(0.0441616,0.0611387)
(0.0724595,-0.0105084)
(-0.060956,0.12573)
(-0.0142315,-0.0206268)
(-0.00586602,0.0174653)
(0.0599304,-0.0508367)
(0.469132,-0.0303442)
(0.537488,-0.0935746)
(0.0598857,-0.0224823)
(0.0994727,-0.0458545)
(-0.00139628,-0.0129351)
(0.050164,0.0736643)
(-0.141604,0.138381)
(0.323925,0.0274657)
(0.548877,-0.133891)
(0.0895877,-0.096121)
(-0.0819891,0.025159)
(-0.078053,0.0116142)
(-0.011095,0.00784184)
(0.0425873,0.000329178)
(0.0817838,-0.0399869)
(-0.0171488,0.0584829)
(-0.0828004,0.0895891)
(0.0729397,-0.00299724)
(-0.0394765,-0.0563287)
(-0.042388,-0.0634857)
(0.00554566,0.00987594)
(0.00428892,0.0241059)
(-0.196671,-0.0164208)
(-0.11014,0.0461087)
(0.0864122,0.0112613)
(0.0391544,0.0301417)
(0.0493175,0.0105932)
(-0.15627,0.0571553)
(0.055289,-0.0713708)
(0.669315,-0.362715)
(0.070808,-0.133241)
(-0.0517387,0.0827526)
(-0.0866653,-0.0132217)
(-0.091506,0.00284202)
(0.0306153,-0.01895)
(0.0234187,-0.183611)
(-0.00879909,-0.0259598)
(0.0961391,-0.0634406)
(0.0457421,-0.0242404)
(0.100717,0.0285472)
(0.291496,-0.251736)
(0.0121513,0.0789746)
(0.022626,0.0357989)
(-0.134974,0.0111725)
(0.0118356,0.0589971)
(0.0667877,0.11391)
(-0.0623396,-0.0072531)
(0.0112292,-0.0130085)
(0.0614834,-0.100609)
(0.04558,0.0164579)
(-0.0909626,0.106423)
(0.0421025,0.0694647)
(0.594416,-0.385193)
(-0.0704044,0.0649604)
(0.0334089,-0.00337471)
(0.0157224,-0.0190829)
(-0.121819,0.10731)
(-0.126747,-0.0550576)
(-0.171106,-0.0391005)
(0.0472082,0.0513968)
(-0.0577043,-0.029289)
(0.0144672,-0.0647324)
(-0.0304684,-0.0886387)
(0.052045,0.0860628)
(-0.190863,-0.0285079)
(-0.00604595,0.00127978)
(-0.0923215,0.10429)
(0.0115993,0.0609684)
(0.151207,-0.0332979)
(0.0440957,-0.0384057)
(-0.039133,0.0218831)
(-0.00581995,0.0235677)
(0.0545593,-0.00686285)
(0.0640025,-0.00503709)
(-0.0245209,0.0670298)
(0.306434,-0.0310747)
(-0.0161461,0.116538)
(-0.0878073,0.0497722)
(-0.0434609,0.0282692)
(0.0506819,0.256939)
(-0.029572,0.0261242)
(0.0250271,0.0627923)
(0.0841043,0.11252)
(-0.0648933,0.0388385)
(-0.0550686,0.220535)
(-0.0180713,-0.0586519)
(0.049195,0.0666634)
(0.00365466,0.0105133)
(0.00378726,0.0143309)
(0.0144085,0.0707365)
(0.0765709,-0.0136472)
(-0.127857,0.0295829)
(-0.120498,-0.0573745)
(0.0373028,0.188557)
(0.346644,-0.201191)
(-0.145078,0.0733356)
(0.480226,-0.267813)
(-0.122891,0.0522361)
(-0.0856311,-0.042067)
(0.0345935,-0.00300044)
(-0.0403647,-0.118001)
(0.204046,0.0897873)
(0.0421794,0.0338807)
(0.0458962,-0.115116)
(-0.0108728,0.0306977)
(-0.0388696,-0.0487065)
(0.0277422,-0.0100446)
(0.304499,-0.247742)
(0.0542774,0.104959)
(0.0843061,-0.0300146)
(-0.00151958,-0.0326816)
(-0.0591924,-0.0928741)
(0.0837989,0.0260011)
(0.355507,-0.0182025)
(0.0562777,-0.0323389)
(0.0745604,-0.0719943)
(0.438433,-0.0118884)
(0.0523085,-0.0391865)
(-0.0262472,0.0211894)
(-0.0616312,-0.0234519)
(-0.134164,-0.140759)
(0.560111,-0.269849)
(0.670944,-0.366854)
(0.738483,-0.0743794)
(0.54661,-0.00855499)
(0.179762,-0.029128)
(0.139966,-0.0617402)
(0.101613,-0.0933507)
(-0.165911,-0.0249559)
(0.109376,-0.0861105)
(-0.0179268,-0.159222)
(-0.0883641,-0.1197)
(-0.0143856,0.0424241)
(0.0929612,-0.0941088)
(0.107659,-0.00205986)
(0.0487594,0.0813833)
(0.0477205,0.00151123)
(0.0194656,0.0634704)
(0.0292501,0.0263439)
(0.0712791,-0.0145075)
(0.0409886,-0.044796)
(-0.045244,-0.130215)
(0.0827755,0.128646)
(0.0530052,0.0311113)
(0.128773,0.250594)
(0.0682189,-0.0196949)
(0.104191,0.0979724)
(0.115952,0.0466401)
(0.0239022,-0.0122606)
(-0.104899,0.0107439)
(0.178825,0.213446)
(-0.0768786,0.0147918)
(0.109943,0.182625)
(-0.0827548,-0.0900113)
(0.105807,0.0305679)
(0.0542316,0.0157307)
(0.0452819,0.0876987)
(-0.00164571,0.0292724)
(0.508375,-0.0902221)
(0.0302675,0.0280613)
(0.487895,0.0369523)
(-0.00590337,0.185773)
(0.073564,0.00873422)
(0.188196,0.0151614)
(0.00986571,0.0382973)
(0.11654,0.0452581)
(0.0309048,0.0440623)
(0.0742751,-0.0192392)
(0.0173163,-0.0478626)
(-0.00159665,-0.0490828)
(0.0135113,0.0150154)
(0.0594235,-0.095766)
(-0.00573533,0.101131)
(0.109261,-0.0106049)
(-0.09339,-0.0286011)
(-0.0687737,-0.0430582)
(-0.0437362,0.0703359)
(0.00171204,0.0087051)
(0.00650786,0.000831358)
(0.0649157,0.141509)
(0.131902,0.232886)
(0.0440388,-0.0267309)
(0.15665,-0.0710496)
(-0.0862544,-0.0458487)
(-0.1199,0.025959)
(-0.0698373,0.0192686)
(-0.067205,-0.0461963)
(0.474882,-0.112583)
(0.0666345,0.172812)
(0.0772741,-0.0092523)
(-0.0436599,0.076376)
(0.0973925,0.065478)
(-0.0386433,-0.105343)
(0.0606519,-0.063628)
(0.304588,-0.106065)
(0.537197,-0.455872)
(-0.0520569,-0.0291427)
(0.0371474,-0.0309051)
(-0.12588,-0.0683193)
(0.235325,-0.0892488)
(0.259969,-0.0250305)
(-0.063954,-0.0797278)
(-0.10869,0.094357)
(-0.0114699,0.0577996)
(-0.0845812,0.112896)
(0.00118331,-0.0724564)
(0.00106709,-0.0954822)
(0.0258633,-0.0612549)
(-0.148434,0.194902)
(-0.0601502,0.081436)
(-0.113915,0.0570169)
(0.38271,-0.0474427)
(-0.0228855,-0.109204)
(-0.232197,0.063337)
(-0.0578547,-0.0185011)
(0.283336,0.128477)
(0.306302,-0.091709)
(-0.107549,-0.0297797)
(-0.0268048,-0.0913218)
(0.534915,-0.130516)
(0.0190997,-0.0923763)
(-0.0507293,0.00204982)
(-0.00682334,-0.0642424)
(-0.0641535,-0.0871531)
(-0.0162442,0.058878)
(-0.2424,-0.027334)
(0.0536376,0.06492)
(0.324895,-0.236075)
(0.72324,-0.0251012)
(-0.0604532,0.0687849)
(-0.0981844,-0.0142099)
(0.00296652,-0.110859)
(0.0449788,-0.0147673)
(0.0893528,-0.0248077)
(0.0629149,-0.0692164)
(0.0539625,0.14204)
(0.0162964,0.00166739)
(0.0195118,0.00314259)
(0.107672,0.0341323)
(0.170974,0.035679)
(0.0314722,-0.0801349)
(0.0559058,0.0688572)
(-0.0137248,-0.00907481)
(-0.0158727,-0.0230436)
(-0.0372113,-0.0914854)
(-0.0500496,-0.0462346)
(0.104686,-0.0513738)
(-0.00625654,-0.00525813)
(0.0670255,0.012036)
(0.174793,0.00820038)
(-0.00260782,-0.0538147)
(-0.0202238,-0.0180514)
(-0.0354337,-0.0421153)
(0.00369328,-0.0171321)
(-0.0818148,0.00559905)
(0.199689,0.158252)
(0.231525,0.0280321)
(-0.119384,0.0259136)
(0.0209166,-0.0254209)
(0.0312798,-0.0171867)
(0.137207,-0.0169147)
(0.0350806,0.0702662)
(0.075111,0.0339499)
(0.0408545,0.0512723)
(0.120312,-0.0665717)
(0.329043,-0.142568)
(0.0508336,-0.185712)
(-0.144025,-0.0026205)
(-0.106803,-0.038831)
(0.119379,-0.0496368)
(0.0673757,0.0850336)
(-0.104691,0.0368054)
(-0.0682036,-0.12238)
(0.127193,-0.0414991)
(0.0952529,0.031169)
(-0.0837235,-0.0484758)
(-0.0765401,0.116717)
(0.0893427,-0.0899213)
(0.086669,-0.076499)
(0.0426644,-0.0173888)
(-0.0177024,0.12423)
(0.137078,0.000384151)
(0.0527794,0.000115364)
(-0.101149,0.0349492)
(-0.0638982,-0.00460672)
(-0.0444897,0.0134357)
(-0.0229913,-0.0648204)
(-0.05831,0.102505)
(-0.160826,-0.0215698)
(0.0424056,0.0572776)
(-0.0273799,-0.0726118)
(-0.0848494,-0.0047174)
(0.0894028,-0.0559218)
(0.0262873,-0.0464488)
(-0.03795,-0.0422252)
(-0.0122884,-0.0794758)
(0.00386583,-0.0326372)
(-0.112749,0.00573097)
(-0.0228809,-0.0749022)
(0.0490838,-0.0345341)
(0.053133,-0.0837106)
(0.0782327,-0.11728)
(0.0332058,-0.130741)
(-0.148889,0.362165)
(0.128811,-0.00916975)
(0.141288,0.0483229)
(0.192255,0.448362)
(0.0372756,0.469214)
(-0.0669826,0.0343816)
(0.0608037,0.010501)
(0.0299917,-0.137911)
(-0.0421403,0.00447319)
(0.0214184,-0.0150192)
(-0.0800209,0.0136975)
(-0.0754965,-0.230221)
(0.00661393,-0.0962848)
(0.00323085,0.00678708)
(0.019314,0.0500097)
(-0.0128608,-0.0630401)
(0.639405,0.0100055)
(-0.0325549,0.0337341)
(0.0491175,0.0125274)
(0.0727263,-0.014082)
(0.0711049,0.0492853)
(0.0197782,0.0217205)
(0.0703689,0.125982)
(0.0151835,0.0160343)
(0.0632642,-0.0272605)
(0.0540129,0.000562793)
(-0.0242924,-0.0585482)
(0.00542866,0.0209207)
(0.0790318,0.00835899)
(0.0809899,0.0255499)
(0.195385,0.100653)
(-0.0541065,0.0156129)
(0.0490487,0.00638495)
(0.0147749,0.0386374)
(0.0209704,-0.0320978)
(-0.0374235,0.0885979)
(0.0662778,0.00703374)
(-0.122439,-0.122763)
(-0.0663937,-0.0713737)
(0.0600043,-0.0633056)
(0.0474436,0.0857615)
(0.523441,0.00160038)
(0.382838,-0.37769)
(-0.00926784,0.101054)
(0.328544,-0.253137)
(0.0844087,-0.0185902)
(0.543416,-0.108941)
(0.218653,0.135756)
(-0.0519556,-0.0638883)
(0.636023,-0.125713)
(0.438973,-0.304077)
(0.413587,-0.169554)
(-0.117471,-0.101569)
(-0.146873,0.143499)
(-0.0615067,0.0583725)
(0.00966358,0.065399)
(0.0379177,0.122633)
(0.0123789,-0.115044)
(0.0237135,-0.107139)
(0.00996479,-0.0340171)
(0.0402724,-0.0586283)
(0.0516032,-0.129488)
(0.0648412,-0.0629156)
(0.0624016,-0.0795302)
(-0.160097,0.171549)
(0.0370776,0.120449)
(0.0414904,0.0512335)
(-0.0119484,-0.0481367)
(-0.134458,-0.112873)
(-0.244257,0.0540547)
(-0.0339998,0.0497761)
(0.102246,-0.0995762)
(-0.0701496,-0.0577868)
(-0.0455943,0.0710944)
(-0.0458933,0.00266506)
(0.117125,-0.0587357)
(-0.0478175,0.00280307)
(0.0887091,0.0208473)
(0.135414,0.132316)
(-0.106938,0.0423794)
(0.0454893,0.012461)
(-0.0518949,0.00353719)
(0.00898307,0.0116815)
(-0.105281,0.113953)
(-0.0590014,0.0739809)
(-0.0750981,-0.0588879)
(-0.0347842,-0.052931)
(-0.0270913,0.0254656)
(0.0144563,0.0325363)
(0.687307,-0.208482)
(-0.027646,-0.0728309)
(-0.0790537,0.145203)
(-0.0372892,0.024544)
(0.0724909,-0.0353295)
(-0.0823398,-0.00551362)
(-0.15159,0.0249168)
(0.743659,-0.128857)
(0.907941,-0.106478)
(0.62647,-0.180474)
(0.0358881,-0.0327)
(0.637944,-0.128096)
(0.0653847,-0.0147201)
(-0.0247636,-0.04365)
(-0.00595039,0.0216434)
(0.0693011,0.0715496)
(0.44052,0.0112769)
(0.0819778,0.121802)
(-0.0118859,0.00543962)
(-0.0705321,0.0203495)
(0.186381,0.0914106)
(0.0151942,0.0148395)
(-0.23698,-0.0135479)
(0.354359,-0.292827)
(0.0373706,-0.0222943)
(-0.154173,0.0626797)
(0.119858,0.134188)
(0.0269566,-0.0383772)
(-0.0771943,-0.0519462)
(0.0724945,-0.0381494)
(0.217298,-0.112398)
(0.0731967,-0.0961093)
(0.161508,0.116096)
(0.164297,0.0450726)
(0.0323146,0.134118)
(0.0712714,-0.00333649)
(-0.10506,-0.0105844)
(0.0420905,0.017332)
(-0.0718493,0.0720928)
(0.0807344,-0.00819361)
(-0.106667,-0.127215)
(0.00851927,-0.0627977)
(0.0422763,0.0325194)
(0.126713,-0.02048)
(0.0291015,0.0166243)
(0.0745564,0.0170356)
(-0.00874747,0.0723572)
(-0.105864,0.00776621)
(0.0376233,0.0324703)
(0.0883898,0.0848658)
(0.0701613,0.0735176)
(0.0237912,-0.0689725)
(-0.0237006,0.100865)
(-0.10208,-0.194377)
(-0.0456369,0.0262672)
(-0.0180113,0.0849619)
(0.0824731,-0.0165404)
(0.129009,-0.196031)
(0.0423532,0.0446081)
(0.040038,0.0310474)
(0.0323635,0.026985)
(0.0334509,-0.0174009)
(0.0523734,-0.0590282)
(-0.0583574,-0.0975164)
(-0.0458789,-0.0819954)
(0.0142812,-0.0715501)
(-0.0762123,0.162892)
(0.0593092,-0.00183083)
(0.0201504,-0.0571074)
(-0.0660842,0.0559883)
(-0.00916039,0.0580354)
(0.00163097,0.0296204)
(0.0507758,0.0795682)
(0.0176813,0.0784304)
(0.272585,-0.14851)
(-0.161208,-0.149501)
(0.0175039,0.109522)
(0.00577695,0.0837914)
(0.0443823,0.0981822)
(-0.0392162,0.0880503)
(-0.143682,-0.0488932)
(0.0297172,0.132483)
(-0.00862898,-0.0401951)
(0.0355859,-0.0464835)
(0.00812067,0.0799066)
(-0.0598885,0.0227006)
(-0.0645654,0.0512929)
(0.0106901,-0.0563157)
(-0.108785,0.0289931)
(-0.0749758,-0.0542021)
(0.105416,0.0601163)
(-0.105553,0.0266965)
(-0.0228398,0.0671904)
(0.0179662,0.0896831)
(-0.106431,0.140974)
(-0.0802686,-0.0866452)
(0.147769,0.163358)
(0.0209987,0.0480217)
(0.369091,-0.169572)
(0.0923497,-0.063169)
(-0.0237839,0.0106543)
(0.0411588,-0.0177958)
(-0.0173335,-0.0644117)
(-0.00958393,0.068022)
(0.0320015,0.0582724)
(0.0487997,-0.0278657)
(0.078301,-0.0815105)
(0.35078,-0.233994)
(0.00104277,-0.0393363)
(0.107813,-0.0494759)
(-0.098109,0.0138417)
(0.40543,-0.310656)
(0.0987022,0.134859)
(-0.0297694,0.145124)
(0.0667115,0.0771881)
(0.0264632,0.0084634)
(-0.0494054,0.09451)
(-0.158431,0.065927)
(-0.0888803,-0.0486991)
(0.308533,-0.105046)
(0.128903,0.0206454)
(0.0205259,-0.0389409)
(-0.00336672,0.0818042)
(-0.0479685,-0.0600623)
(0.0144509,0.111015)
(-0.019963,-0.100256)
(0.484395,-0.231386)
(-0.0423768,0.000654278)
(-0.0114212,-0.0638363)
(0.0166071,-0.0750924)
(-0.0111457,-0.0665085)
(-0.0174993,0.0358545)
(-0.0164141,0.0451957)
(0.400226,-0.14677)
(-0.10339,0.0893972)
(0.721885,-0.340904)
(-0.0810871,-0.0602404)
(-0.0605003,-0.071606)
(-0.0988154,0.0308813)
(0.0357973,-0.0355724)
(0.505867,-0.253821)
(0.135879,0.0994153)
(0.302083,0.0111864)
(0.0231965,0.147621)
(-0.00185493,0.0537982)
(-0.104645,-0.0302507)
(0.211185,-0.188379)
(0.377221,-0.119718)
(-0.0120407,0.128175)
(0.0856983,0.0404077)
(0.38377,-0.224248)
(-0.0202664,-0.0274056)
(-0.0371725,-0.0257229)
(0.367054,-0.175239)
(-0.0779046,0.00959329)
(0.00270212,0.0176185)
(0.471491,-0.202979)
(0.0421381,-0.0932005)
(0.00990821,-0.0295264)
(0.130505,-0.127344)
(-0.059373,-0.098332)
(0.0548796,0.0114351)
(0.00707978,-0.164298)
(-0.0183022,-0.125266)
(0.0862143,0.0461476)
(0.0669593,-0.0202554)
(0.0175252,0.022707)
(0.0479796,-0.0297467)
(0.0200041,-0.141367)
(-0.0797022,0.173963)
(-0.0973277,0.0458169)
(-0.0249655,0.178718)
(0.0486864,0.0458862)
(0.0447488,-0.179183)
(-0.039961,0.014202)
(0.0447671,-0.00198083)
(0.0208837,-0.0122636)
(0.0345354,0.0298298)
(-0.0840031,-0.0271385)
(0.42657,-0.221819)
(0.0495601,0.122795)
(-0.0193143,0.161307)
(0.0308226,-0.0223325)
(-0.144396,0.0424757)
(-0.13685,0.189199)
(0.592806,-0.400109)
(-0.0971388,-0.188324)
(0.599968,-0.414131)
(-0.0988594,-0.0246707)
(0.0674597,-0.0690668)
(0.246729,0.0528124)
(-0.00772057,-0.0904107)
(0.035023,-0.0174158)
(0.509392,-0.131864)
(0.0810415,-0.0446857)
(-0.0638719,-0.0747849)
(-0.102641,-0.0328093)
(-0.0161806,0.00813072)
(-0.0059152,-0.00345152)
(-0.0233721,-0.0270555)
(0.12149,-0.0629721)
(0.0348132,0.13133)
(-0.034604,0.176055)
(0.405936,-0.327524)
(0.026859,-0.0320905)
(0.341348,-0.459062)
(0.0239632,-0.0454997)
(0.0864101,0.00943759)
(0.435216,-0.127367)
(-0.118755,0.10072)
(0.0312209,-0.00818954)
(0.0589534,-0.0259079)
(0.431083,-0.117778)
(-0.0802538,0.118588)
(-0.152028,0.0478189)
(0.0517767,0.169419)
(-0.0880919,0.0448517)
(-0.0330001,-0.0772796)
(-0.0571168,-0.0181185)
(-0.19559,-0.0514387)
(0.0889292,-0.0655398)
(-0.0256314,0.00929659)
(-0.0717817,-0.13466)
(-0.166339,-0.0452012)
(0.107361,0.0269716)
(0.042861,-0.0190717)
(0.0599463,-0.0195782)
(-0.0597862,-0.1278)
(-0.0568707,-0.0329175)
(-0.122569,0.00122815)
(0.20452,0.0175936)
(-0.0694844,-0.175271)
(-0.0757675,-0.162874)
(0.10715,-0.0112936)
(0.0376592,0.0326821)
(0.0767551,0.0391265)
(-0.116905,-0.156699)
(0.0119494,-0.0391542)
(-0.0825515,-0.10048)
(-0.17025,0.0797821)
(0.032065,-0.222787)
(-0.238831,-0.0224481)
(-0.123138,0.00744338)
(-0.0109281,-0.0652016)
(0.0956579,-0.0319599)
(0.452393,-0.114497)
(0.00696167,0.0041917)
(-0.00354347,-0.0501821)
(0.0467159,0.0641131)
(0.377311,-0.416809)
(-0.0903763,0.110406)
(0.0329063,0.0238726)
(-0.0589446,0.0263151)
(-0.114586,-0.0929543)
(-0.00183403,0.058606)
(-0.041543,0.0741765)
(-0.0048687,0.0557843)
(0.218941,-0.311855)
(-0.103753,-0.0376737)
(-0.0142588,0.086042)
(0.497137,-0.162163)
(-0.0725418,0.125947)
(-0.0351,0.0426279)
(0.0942309,0.0114405)
(0.428461,-0.426319)
(0.0820723,0.126738)
(0.0844279,-0.0256685)
(0.115914,-0.0672036)
(-0.00970125,-0.0437669)
(-0.0880837,0.105643)
(-0.0646001,0.127655)
(0.106693,-0.0318191)
(-0.0484535,0.165788)
(-0.167908,0.0184951)
(-0.181806,0.189769)
(0.136034,0.00753494)
(0.357739,-0.191345)
(0.0671637,0.100007)
(0.0239427,-0.113491)
(0.0916184,-0.0464392)
(-0.0566027,0.0817356)
(0.0680554,0.0370829)
(-0.0520465,0.111804)
(-0.00248951,0.0420648)
(0.0119286,0.00777989)
(0.0470438,-0.0588758)
(-0.0316248,0.0911778)
(0.0957809,0.148177)
(0.528349,-0.464045)
(-0.0491371,-0.0321934)
(-0.00934349,-0.0178245)
(0.0718334,0.14737)
(0.0484765,-0.0669726)
(-0.0546539,0.105622)
(-0.00885377,-0.0868512)
(0.302037,-0.124413)
(0.294311,-0.215994)
(0.357208,-0.0860893)
(-0.113097,-0.0963771)
(-0.214303,-0.0998736)
(0.429745,-0.0850048)
(0.636882,-0.0182119)
(-0.0384985,0.106441)
(0.186736,-0.269542)
(0.227198,-0.256624)
(0.44486,-0.239221)
(0.0715589,0.117631)
(0.0138937,0.0782141)
(0.125667,0.105112)
(0.301356,0.017449)
(0.020042,0.107761)
(-0.158888,0.0700765)
(-0.0543715,-0.137534)
(0.145992,0.104967)
(0.0277483,-0.000879742)
(-0.0043866,0.11439)
(0.0197745,0.0458634)
(0.499091,-0.372429)
(-0.0602304,0.0465536)
(0.00611957,0.150006)
(-0.0786472,0.00828831)
(0.562156,-0.176804)
(0.0271235,0.0476576)
(-0.00893289,-0.0417429)
(0.53661,-0.366096)
(0.536298,-0.246163)
(0.0341574,0.0172509)
(0.260172,-0.123619)
(0.0205493,0.0482854)
(0.014872,0.00867228)
(0.30434,0.0708758)
(0.422513,-0.241141)
(0.479637,-0.104651)
(0.367322,0.0249416)
(-0.0606128,-0.0456258)
(0.544834,0.129227)
(-0.08371,-0.0401391)
(-0.0531019,0.0381376)
(0.125059,-0.0212484)
(0.433631,-0.11615)
(-0.0733222,0.0309377)
(0.261796,0.0574215)
(-0.0747907,-0.111354)
(-0.0463105,-0.101311)
(-0.0587267,-0.110804)
(0.151764,0.100132)
(0.00968611,-0.060191)
(-0.023823,0.012836)
(0.0145068,-0.115584)
(0.0369246,-0.119763)
(-0.0640158,-0.0256269)
(-0.200171,0.112518)
(0.00124069,-0.0234381)
(0.00893455,0.0319155)
(0.0259429,-0.0647113)
(0.145475,-0.245962)
(-0.0282632,0.00272441)
(-0.0334699,-0.00299706)
(-0.011241,0.0236489)
(-0.0311909,-0.076292)
(0.0060521,-0.0137693)
(0.00464169,0.00290136)
(0.0202233,-0.0283127)
(-0.146183,0.00884771)
(0.27,-0.338185)
(-0.0181069,-0.0494083)
(0.229969,-0.113237)
(-0.0339022,-0.106143)
(0.0126243,-0.0748495)
(-0.0353312,-0.0263922)
(-0.115366,-0.167619)
(0.0079581,0.0253861)
(-0.182424,-0.0309811)
(-0.0226383,-0.0113448)
(0.0758537,0.0466242)
(-0.0164277,0.00862215)
(0.0554335,-0.0618205)
(0.0982507,0.00494487)
(0.0527936,0.00852536)
(0.473855,-0.137997)
(0.65285,-0.204228)
(-0.0131811,0.00584824)
(0.108669,0.101284)
(0.0111066,-0.0194643)
(0.23003,0.0758897)
(0.554024,-0.259134)
(-0.0265733,0.00500566)
(-0.116984,0.0188704)
(-0.0989057,0.00292717)
(-0.0766158,0.0273928)
(0.369326,-0.10833)
(-0.0139918,0.0336655)
(-0.0263894,-0.0458215)
(0.00283935,-0.0199833)
(-0.0403874,-0.00981317)
(0.525072,-0.113658)
(-0.00913026,-0.100873)
(0.0298658,-0.0249671)
(-0.104025,-0.105481)
(-0.111415,-0.0731846)
(-0.164876,-0.0745158)
(0.680382,-0.152007)
(0.434994,0.0325244)
(0.707221,-0.221781)
(0.093983,0.00699186)
(0.00347458,0.00897753)
(0.345611,0.020883)
(0.215337,0.0621746)
(0.356411,0.0251362)
(0.687143,-0.266437)
(0.0504517,0.0915759)
(-0.0506705,0.170745)
(-0.0968811,0.0789604)
(0.039713,0.0210016)
(-0.085901,0.023523)
(0.360054,-0.0715738)
(0.430311,-0.112003)
(0.357045,-0.200719)
(0.423474,-0.134644)
(0.543639,-0.284515)
(0.00826463,-0.0656421)
(0.101571,0.0316065)
(-0.105002,-0.13145)
(0.392359,0.137697)
(0.318316,-0.391298)
(0.496826,-0.582795)
(-0.0235622,0.0479404)
(-0.0458115,0.00768985)
(-0.102399,0.0382305)
(0.514098,-0.216193)
(-0.0719423,0.237963)
(-0.0148483,-0.0568693)
(-0.0503618,-0.0300251)
(0.425891,-0.43759)
(0.00607371,-0.0979155)
(-0.0878695,0.0751618)
(0.74748,-0.266288)
(0.681083,-0.439383)
(0.148358,-0.157984)
(0.0821612,-0.126757)
(0.0118816,0.0492379)
(0.204723,0.11546)
(-0.0707753,0.0154715)
(0.0499398,0.0430002)
(-0.073324,0.0695655)
(0.565434,-0.204332)
(0.414257,-0.068418)
(0.737034,-0.216663)
(0.599334,-0.126826)
(0.548428,-0.0976473)
(0.218893,-0.0457249)
(0.37452,-0.117555)
(0.305518,-0.0481809)
(0.412664,-0.274666)
(-0.0343359,0.19197)
(-0.149235,0.058802)
(0.449361,-0.107329)
(0.550328,-0.109165)
(0.450747,-0.0998558)
(0.422182,-0.131451)
(0.54098,-0.213563)
(0.160927,0.0941243)
(0.234965,-0.115904)
(-0.051591,0.0261213)
(0.0330787,0.0246217)
(-0.0984507,-0.00392555)
(0.029041,0.120407)
(0.0551402,0.151393)
(-0.0398469,-0.0172316)
(0.0517513,0.0340725)
(0.0229711,0.0246385)
(0.144826,0.112495)
(0.392428,-0.145767)
(0.0684941,0.0607722)
(0.626282,-0.195292)
(0.385426,-0.19474)
(0.495871,-0.18121)
(0.0439675,-0.044373)
(0.0687126,0.184747)
(0.0598197,-0.0434827)
(0.444537,-0.424017)
(0.0541954,0.043345)
(0.121782,-0.00560554)
(0.39207,-0.416588)
(0.508106,-0.272074)
(0.421552,-0.1338)
(0.654491,-0.242736)
(0.818808,-0.365606)
(0.544624,-0.0851526)
(-0.115328,-0.00241305)
(-0.0360537,-0.00733465)
(-0.00263451,0.00706584)
(-0.0233571,-0.0588358)
(0.0417805,-0.124647)
(0.0112767,-0.00696643)
(-0.0426806,0.0949413)
(0.324922,-0.00985733)
(0.438766,-0.0235728)
(-0.0749922,0.0725294)
(0.340317,0.0742701)
(0.0024354,0.0421589)
(0.514394,-0.128557)
(0.646985,-0.117753)
(-0.0330581,0.05026)
(0.0689639,0.216118)
(0.102468,0.225852)
(-0.0929071,0.0780973)
(1.02274,0.222695)
(-0.0688468,0.114559)
(0.671341,0.388614)
(0.0423942,0.111684)
(0.378067,0.0787927)
(-0.00254903,0.0633896)
(0.526808,0.156463)
(-0.0872798,0.0034933)
(-0.0463984,0.025795)
(0.00167318,0.0304379)
(0.000217834,0.0687267)
(0.449894,-0.242724)
(-0.0909918,0.0515055)
(0.566861,-0.23104)
(0.321771,-0.260794)
(-4.49249e-05,0.000719415)
(0.413239,-0.0656097)
(0.272893,0.0941442)
(0.366716,0.0322757)
(0.0124233,0.0766251)
(0.397159,-0.216152)
(-0.00683839,0.0171324)
(0.0127921,0.0676732)
(0.0491995,0.0120342)
(-0.00179901,0.103244)
(-0.0310436,-0.0887452)
(0.00782665,0.0844168)
(-0.00995992,-0.0683118)
(0.304872,-0.0223478)
(-0.0468881,-0.0265806)
(0.608045,0.372605)
(0.27142,-0.222674)
(0.190855,-0.252836)
(0.0583034,-0.106921)
(-0.058621,-0.102273)
(-0.0434973,-0.130527)
(0.713483,-0.337452)
(-0.108711,-0.0251176)
(0.786558,-0.217287)
(0.304016,-0.21495)
(-0.14769,-0.0107194)
(-0.126777,-0.0334359)
(0.64326,-0.320204)
(-0.184764,0.0185208)
(-0.0329151,-0.154535)
(-0.0646795,0.0859725)
(0.319942,-0.418767)
(0.351257,-0.333164)
(0.202637,0.0456104)
(0.472869,-0.300034)
(0.452222,-0.376489)
(-0.0758279,-0.13496)
(0.456225,-0.190321)
(0.369591,-0.264904)
(-0.0950981,-0.0238142)
(0.34927,0.00984491)
(0.0241439,0.32724)
(0.358207,-0.174544)
(0.101692,0.226127)
(0.00588353,-0.0658274)
(0.019582,0.0345562)
(-0.0827019,-0.0443259)
(-0.0346624,0.0577182)
(0.0529306,-0.0371711)
(-0.017478,-0.103307)
(-0.108518,-0.11088)
(0.243425,-0.365197)
(-0.0795409,0.110142)
(-0.184024,-0.145706)
(-0.0981496,-0.136293)
(0.078187,-0.00422644)
(0.148991,-0.0350146)
(-0.0129839,0.106628)
(0.202859,-0.0664082)
(0.412992,0.0346295)
(0.109883,-0.149222)
(-0.0653566,-0.130367)
(0.445027,-0.352005)
(0.401195,-0.363569)
(0.114178,-0.0158389)
(0.131753,-0.110833)
(0.217456,-0.0181623)
(-0.0453949,-0.138428)
(-0.113872,-0.0111493)
(0.270113,0.178073)
(0.46843,0.195959)
(0.454321,-0.12173)
(0.297635,-0.380169)
(-0.0143871,0.0262642)
(0.244076,0.0940785)
(0.10112,-0.541546)
(0.226308,-0.0130829)
(0.0236656,0.0923881)
(-0.0857292,0.076437)
(0.649117,0.000857909)
(0.174177,0.02139)
(0.273476,-0.331721)
(0.0395027,0.0778639)
(0.307213,-0.0211375)
(0.313539,-0.000752482)
(0.483616,-0.0895905)
(0.735413,-0.222071)
(0.142381,0.0912105)
(-0.084097,0.153858)
(0.693947,0.109303)
(-0.0587417,0.17235)
(-0.168964,-0.0581385)
(-0.171165,0.0200849)
(0.500183,-0.247404)
(-0.202201,0.0653714)
(0.515126,-0.168429)
(-0.0538925,0.010513)
(-0.0447754,-0.000329588)
(0.0199045,0.126743)
(0.0474894,0.126151)
(-0.059346,0.214798)
(0.00696611,-0.0995574)
(0.0242308,0.00190552)
(-0.0653411,-0.118556)
(0.0357023,-0.116662)
(0.670117,-0.349936)
(0.0795514,0.127935)
(0.056381,-0.147136)
(0.729368,-0.379528)
(0.0813486,-0.0540369)
(-0.0596517,0.116311)
(-0.109678,0.025031)
(-0.0940128,0.122227)
(-0.0267328,-0.0594953)
(0.153055,-0.165529)
(0.000647766,0.0568517)
(0.0489679,-0.043791)
(-0.0684921,0.0482058)
(0.041021,0.0802421)
(0.0505052,0.109305)
(0.656087,-0.309329)
(0.053059,0.332402)
(0.698129,-0.20661)
(0.442697,-0.415178)
(0.581743,-0.216427)
(-0.248354,0.326232)
(0.514168,-0.050071)
(0.63132,-0.151155)
(0.519144,-0.0617865)
(-0.164877,0.370375)
(0.151094,0.0583644)
(-0.0833981,0.192741)
(-0.00535554,0.117052)
(0.534643,-0.171386)
(0.394349,-0.260032)
(-0.0451558,0.0552144)
(0.0281359,-0.0532496)
(-0.109303,-0.0155616)
(0.213356,0.114424)
(0.36036,-0.0866626)
(0.163707,0.0930779)
(0.0625062,0.178037)
(0.07216,0.155103)
(0.151349,0.114087)
(0.518946,-0.137487)
(-0.12847,0.0425497)
(0.541429,-0.159413)
(-0.0437604,0.0737019)
(0.0137393,0.216025)
(0.0948433,0.0919047)
(0.487076,-0.334756)
(0.0397503,0.0809306)
(0.570212,-0.0923819)
(0.685775,-0.28019)
(0.028757,0.0541167)
(-0.0589956,0.113886)
(0.053702,0.163358)
(0.00471988,0.109943)
(0.0194469,0.157386)
(-0.024393,0.138998)
(0.334919,-0.408904)
(0.32476,-0.363057)
(0.252192,-0.0208891)
(0.0250685,0.0246564)
(0.0829544,0.145628)
(0.0885955,-0.0107883)
(0.0125954,-0.0382899)
(0.0938649,0.0376645)
(0.273312,-0.29882)
(0.435174,-0.350476)
(0.424937,-0.339312)
(-0.0433661,0.13907)
(0.544951,-0.42305)
(-0.0167253,0.114056)
(-0.0910407,-0.0352868)
(-0.0680062,-0.102395)
(0.0578803,-0.0476595)
(0.0687467,0.00608791)
(0.0574668,0.130563)
(0.496593,-0.198545)
(0.598108,-0.0369657)
(0.484897,-0.133846)
(0.158576,0.0931777)
(0.430127,-0.166034)
(0.192185,-0.0851469)
(0.313027,-0.0557215)
(0.291305,0.0172217)
(-0.136758,0.0545029)
(0.090444,-0.504567)
(0.26368,-0.0267561)
(0.246637,-0.521153)
(0.0175098,-0.521972)
(0.431773,-0.465399)
(0.262958,-0.141354)
(0.335673,-0.141656)
(0.336618,-0.129526)
(0.551214,-0.259188)
(-8.64974e-05,-0.17857)
(0.725543,-0.264702)
(0.696569,-0.272513)
(0.179909,-0.0730685)
(-0.0465153,-0.0603589)
(-0.0354302,-0.0486824)
(0.126429,-0.100506)
(0.400711,-0.198506)
(-0.167028,0.161485)
(0.595749,-0.270616)
(-0.173246,-0.0194497)
(0.511343,-0.16538)
(0.0255507,-0.0652202)
(0.0184207,-0.0970824)
(0.590062,-0.138234)
(0.0668635,0.204796)
(0.173392,0.104231)
(0.598061,-0.273845)
(0.0437746,-0.0200463)
(-0.146958,-0.127002)
(-0.0229018,0.0561512)
(-0.00222865,0.0772845)
(-0.0738568,-0.0209282)
(-0.0774829,-0.062874)
(0.476232,-0.298357)
(0.557497,-0.181179)
(0.452336,-0.0691498)
(0.0769838,0.0813964)
(0.0340461,0.213749)
(0.670644,-0.135243)
(0.0177336,0.157485)
(-0.0877109,-0.153621)
(-0.0424918,-0.00419013)
(-0.064458,0.0349925)
(0.515168,-0.140148)
(0.658077,0.0218374)
(0.548181,-0.0995161)
(0.512991,-0.0636296)
(0.688213,-0.132641)
(0.157271,0.0611916)
(0.515799,-0.129431)
(0.479343,-0.0960514)
(0.0368362,0.164344)
(0.357984,-0.0544985)
(0.390432,-0.123504)
(0.0124357,0.0196353)
(-0.0595998,0.07776)
(0.404414,-0.639031)
(0.0193998,-0.0531915)
(-0.0580347,0.0612544)
(0.47584,-0.458644)
(0.0364361,-0.12202)
(-0.063054,-0.0784281)
(-0.00768842,-0.0476195)
(-0.0583831,0.0349381)
(1.0293,0.0357256)
(0.101676,-0.0743676)
(0.0272316,0.0226634)
(0.126013,0.0422332)
(0.39454,-0.153442)
(-0.0281261,-0.123127)
(-0.0346352,-0.045172)
(-0.0532564,0.00552523)
(0.074405,-0.119848)
(-0.00852774,0.110204)
(0.0121031,-0.0616694)
(0.0553897,-0.0492995)
(0.0472794,0.0593883)
(0.0909484,0.246155)
(0.133632,0.043004)
(0.0601709,-0.00858511)
(0.483814,-0.104585)
(0.0437661,0.0375228)
(0.552506,-0.054653)
(-0.0995979,-0.0216802)
(-0.157773,-0.0412991)
(0.175837,-0.00997462)
(0.716092,-0.342456)
(0.433785,-0.206596)
(-9.06638e-05,-0.0658278)
(0.0152413,-0.054389)
(0.0385682,0.0401586)
(0.0587346,-0.0402184)
(-0.056212,-0.000111702)
(-0.126216,0.0118673)
(-0.182527,0.125747)
(0.0230427,0.0371579)
(0.0289479,0.304905)
(-0.129775,-0.0179766)
(0.0366927,0.00959328)
(0.883717,-0.0944075)
(-0.0520276,0.146877)
(0.0039876,0.10344)
(0.050217,0.189401)
(0.0134494,-0.0256065)
(0.342829,-0.0606242)
(0.301088,-0.0112731)
(-0.0017848,0.0171557)
(0.137979,-0.0723371)
(0.632618,-0.0427611)
(-0.106569,-0.00646695)
(0.607981,0.0115927)
(-4.79453e-05,-0.104012)
(0.126101,0.0101801)
(0.0100072,-0.0234344)
(-0.00789662,0.0108037)
(0.00874891,0.0077338)
(0.0721972,-0.00864479)
(0.031729,-0.156048)
(0.0219415,0.0224832)
(0.0997207,-0.0560504)
(0.0254896,0.0780094)
(0.633496,-0.0890323)
(0.630285,-0.159111)
(0.0778832,0.0189699)
(0.427002,-0.0929638)
(0.567999,-0.18618)
(0.457511,-0.225569)
(-0.00944939,0.00598332)
(0.14145,-0.0877432)
(0.402889,-0.14333)
(0.146858,-0.101301)
(0.131015,-0.0840992)
(-0.0144131,-0.06179)
(-0.138074,-0.0741598)
(0.0733697,-0.0845031)
(0.0328913,0.0114985)
(0.474177,-0.236752)
(0.526122,-0.321226)
(0.056157,0.00376207)
(0.0445577,0.0844034)
(0.219826,-0.150831)
(0.128871,-0.0728481)
(0.114852,0.0128127)
(0.0542276,0.0301738)
