1620
(0.0214937,0.0947933)
(0.24544,0.18816)
(-0.0281571,0.0220995)
(-0.0128567,-0.0925931)
(-0.128476,0.297419)
(-0.235569,0.143046)
(0.438355,0.226363)
(0.0174432,-0.119417)
(-0.0116632,0.306664)
(0.0154909,0.00773215)
(-0.0536332,-0.104773)
(-0.167516,-0.159764)
(-0.131093,0.166177)
(0.00101349,-0.000759601)
(-0.0346475,-0.0528151)
(-0.0647789,-0.0191841)
(-0.0735296,0.0591442)
(0.200461,-0.0405648)
(-0.0972744,-0.211668)
(0.118017,0.0554906)
(0.0984229,-0.0991258)
(0.0190033,0.0855637)
(-0.00728392,0.16416)
(-0.103061,0.172865)
(0.0726813,0.016239)
(0.23357,-0.200835)
(0.0736246,0.0951734)
(0.16326,-0.19415)
(-0.0185509,0.100806)
(0.238592,-0.023466)
(0.15276,-0.0709634)
(-0.0930121,0.0367086)
(0.132028,0.195653)
(-0.0859546,-0.00992673)
(-0.134802,-0.114735)
(-0.237639,-0.0511939)
(0.0705845,-0.185882)
(0.177559,0.334443)
(0.19457,0.153437)
(-0.0479689,-0.0101761)
(0.22615,0.199125)
(0.153134,-0.0900847)
(0.18483,-0.115588)
(-0.0106441,-0.102937)
(-0.0718181,0.269438)
(0.134488,-0.0604825)
(0.00440902,-0.217651)
(0.0645117,-0.226416)
(-0.220435,-0.227551)
(0.0036264,-0.143809)
(-0.0177024,-0.0959391)
(0.0505521,-0.104584)
(0.025564,-0.101739)
(0.152942,-0.0192782)
(0.0300262,0.0751814)
(-0.0385825,0.03116)
(-0.0779533,-0.135047)
(0.0362189,0.0012827)
(0.00473219,0.119661)
(0.135203,-0.0207859)
(0.0378954,0.0877066)
(0.429626,-0.0132484)
(-0.0619202,0.00293621)
(0.755488,-0.36099)
(-0.124211,0.0157055)
(-0.0595275,-0.0373934)
(-0.0429814,0.0690066)
(0.0501088,0.0793468)
(-0.0688414,0.0665086)
(-0.0145099,-0.0641799)
(-0.171951,-0.0539239)
(-0.058092,-0.164642)
(0.00879566,-0.0441805)
(-0.140245,0.000307502)
(0.347223,-0.124276)
(0.0030818,-0.0651871)
(0.0267258,-0.11208)
(-0.0165536,0.245434)
(0.0049711,0.0120449)
(0.274016,0.146833)
(-0.156076,-0.0641807)
(-0.0260269,-0.0603089)
(-0.161341,-0.0291109)
(0.250357,-0.0183971)
(0.146908,0.10853)
(-0.00580801,-0.0404067)
(-0.0839051,0.0792952)
(0.0492969,0.0529133)
(0.104931,-0.106049)
(0.0666001,-0.174152)
(-0.114788,-0.0174913)
(0.0956473,0.034115)
(0.376911,-0.0398807)
(0.00133713,-0.03893)
(0.0611721,-0.0385826)
(0.522907,0.0218013)
(0.036848,-0.0236044)
(0.558299,0.158801)
(-0.110584,-0.133632)
(-0.096835,-0.0307829)
(0.0692094,0.0703211)
(0.127092,-0.134231)
(-0.0516026,0.0851482)
(-0.083897,0.0878759)
(0.070971,-0.0472613)
(0.43074,-0.684192)
(0.0323028,-0.0584809)
(0.14276,0.114457)
(0.0574522,-0.0721954)
(-0.0509001,0.0348545)
(0.0579362,-0.0803715)
(0.637478,-0.236024)
(0.539295,-0.407039)
(0.0655894,-0.0683368)
(0.453668,-0.0166506)
(0.0998515,-0.149482)
(0.0396673,-0.194825)
(0.512614,-0.153257)
(0.0636256,-0.0263169)
(0.815499,-0.546618)
(0.40148,-0.117263)
(0.0262922,0.0450635)
(0.771038,0.108734)
(0.381122,-0.164004)
(0.511479,0.00340799)
(0.133477,0.119596)
(-0.0425785,0.0373427)
(-0.0127288,-0.0157803)
(0.549237,-0.198323)
(-0.0182839,0.114328)
(-0.0306172,0.0896637)
(-0.0781658,0.055117)
(-0.156409,-0.0914342)
(-0.117358,-0.152679)
(0.00123557,-0.0107762)
(-0.0472539,0.0293558)
(-0.0454503,0.0948891)
(-0.179724,-0.0745655)
(0.888888,-0.0446932)
(-0.0926083,0.10555)
(0.00415703,0.0615922)
(-0.108711,0.0374315)
(-0.146959,0.121925)
(0.0464576,-0.106221)
(-0.071536,-0.0275006)
(-0.0711301,-0.0789206)
(0.00540416,0.0169923)
(0.405929,-0.268489)
(0.404468,-0.165007)
(-0.0246301,-0.0138654)
(0.0113772,0.0196239)
(0.171025,-0.0642797)
(0.00541813,-1.01138)
(0.744715,-0.119023)
(0.0204828,-0.351286)
(0.244017,0.32219)
(-0.0760613,0.123105)
(0.365904,-0.0496353)
(0.486078,0.0274797)
(-0.0652806,-0.228684)
(-0.185239,-0.11253)
(0.15974,0.116645)
(0.103919,0.00313985)
(-0.0316705,-0.0257009)
(-0.0844604,0.0139997)
(0.140411,0.0462357)
(0.027525,0.0385517)
(-0.00979635,0.0450381)
(0.0723004,0.0741372)
(-0.0421894,0.0833752)
(0.0367132,0.027985)
(0.008722,-0.0107854)
(0.795522,-0.42794)
(0.553761,-0.475991)
(0.864775,-0.0137701)
(0.612739,0.306639)
(0.0244321,-0.0632136)
(0.00862568,0.0166187)
(0.000834406,-0.143399)
(-0.0581547,-0.105223)
(0.0442631,-0.139155)
(0.024622,0.0668616)
(0.131827,0.0504438)
(0.00954116,0.0970131)
(0.0604128,0.0727052)
(0.307815,-0.153029)
(0.107966,-0.203357)
(0.378167,-0.0857688)
(0.148152,0.0323448)
(0.346819,-0.356807)
(0.254581,-0.131709)
(0.553968,-0.373226)
(0.11351,-0.281319)
(0.0306689,-0.0391994)
(-0.150673,0.164708)
(-0.0379499,0.169268)
(-0.0580884,0.0674695)
(0.129315,-0.0250162)
(-0.0418419,-0.0351698)
(0.0468511,-0.167358)
(-0.237901,-0.14374)
(-0.174523,-0.121129)
(0.0961405,0.17149)
(-0.141587,-0.032675)
(0.0944079,-0.00677842)
(-0.0263001,0.00256085)
(0.78461,-0.468975)
(0.240961,-0.321998)
(-0.257903,-0.0733771)
(0.480159,-0.0732004)
(-0.0255052,-0.0338861)
(-0.0395879,-0.10965)
(-0.0991431,-0.442573)
(-0.127348,-0.0641975)
(-0.108295,-0.0699089)
(0.149841,-0.0185886)
(-0.0922193,0.0538645)
(0.574435,0.146549)
(0.500532,0.027266)
(-0.0804465,-0.0104457)
(0.168515,0.0996182)
(0.164742,0.0872903)
(0.108999,-0.130037)
(0.0566159,0.45991)
(-0.158678,-0.0188453)
(-0.0743222,0.0102505)
(0.098889,-0.170398)
(0.091109,-0.0309802)
(-0.107149,-0.0436263)
(0.0486747,0.0109826)
(-0.0198525,-0.00554774)
(0.194425,0.0909173)
(0.305714,-0.0289334)
(0.512922,-0.271743)
(0.432343,-0.537704)
(-0.273289,0.0330854)
(-0.00414502,-0.0288779)
(0.101889,0.0239927)
(0.53431,0.0337026)
(-0.0411817,0.0213719)
(0.0907943,0.143188)
(-0.0900961,0.154604)
(-0.00351461,0.309413)
(0.114593,0.296432)
(-0.00799356,0.126213)
(-0.0296132,-0.100391)
(0.0362459,0.171362)
(0.0618499,-0.0822374)
(0.116618,-0.056688)
(0.158166,0.186888)
(-0.171914,-0.156043)
(-0.129603,-0.287957)
(-0.078208,-0.0886318)
(-0.0444312,-0.051476)
(-0.0338119,-0.356327)
(0.0136895,0.0828517)
(0.269893,0.144418)
(-0.0359365,-0.348252)
(0.093242,0.161062)
(-0.0546712,-0.0178502)
(-0.108378,-0.0615551)
(-0.137119,-0.0633604)
(0.0440938,0.0029622)
(0.0792443,-0.00233213)
(0.447306,-0.331265)
(0.00605294,-0.072814)
(-0.0608888,0.0839689)
(-0.0719852,-0.060866)
(-0.156614,0.0367475)
(-0.0455329,0.16003)
(-0.0649994,0.0471732)
(-0.15373,0.0629161)
(-0.0188976,-0.0347046)
(0.149985,-0.147612)
(-0.089867,-0.0497286)
(0.350382,-0.0944463)
(-0.0520721,-0.0343997)
(0.108232,-0.058494)
(-0.0834216,0.107185)
(0.0971858,-0.0808624)
(0.0816541,0.047748)
(0.0739472,0.070213)
(0.072092,0.0498275)
(0.128873,0.00433483)
(0.194586,-0.0261633)
(-0.119764,-0.12149)
(0.0454525,-0.0377317)
(0.276946,-0.0141578)
(0.0975843,-0.223624)
(0.190936,0.0711423)
(-0.160881,-0.0255199)
(0.0170019,-0.042926)
(-0.14742,-0.095057)
(-0.14,-0.130466)
(-0.241721,-0.152798)
(0.155113,0.103629)
(-0.147426,-0.113289)
(-0.0149096,0.10933)
(-0.102106,0.181073)
(-0.137003,0.00601402)
(-0.051201,0.0706907)
(0.0960947,0.077693)
(-0.113679,0.286886)
(-0.164297,0.208256)
(-0.0963485,0.034728)
(0.00607399,0.234128)
(0.0721649,-0.0789327)
(0.693651,-0.127947)
(-0.0525704,0.115541)
(-0.0754838,0.110386)
(0.0915732,-0.0924217)
(0.0092417,-0.0560233)
(-0.0206844,0.0726419)
(0.0729324,-0.241826)
(0.0190502,0.249292)
(0.181799,0.0525148)
(-0.0502684,0.0132192)
(-0.122222,0.0646303)
(0.078358,-0.0669331)
(0.677192,-0.182284)
(-0.0247016,-0.127715)
(0.0438726,-0.0513793)
(-0.0889984,0.0507572)
(-0.134728,-0.0465942)
(-0.195138,-0.0291072)
(-0.0834899,-0.121731)
(0.0956863,-0.0680821)
(-0.0528909,-0.070999)
(0.0818351,-0.0614052)
(-0.234712,0.0986582)
(0.114768,0.10109)
(-0.142354,-0.0766675)
(-0.237551,-0.162918)
(0.0349773,-0.0933363)
(0.0667466,-0.0619289)
(0.424746,-0.21542)
(-0.113845,-0.123394)
(-0.056163,0.0317078)
(-0.00416018,-0.050864)
(-0.0231271,-0.172779)
(0.2847,0.0588809)
(-0.0422858,0.036031)
(0.0381614,0.104775)
(-0.052525,-0.00571732)
(-0.0560525,-0.108691)
(0.00914704,-0.00301546)
(0.157347,0.0136377)
(0.12708,0.00774441)
(-0.0416884,-0.0185017)
(0.0834412,0.132362)
(0.647251,-0.525798)
(0.326911,-0.534161)
(-0.0354387,-0.103747)
(0.141578,0.00909539)
(0.183133,-0.439104)
(0.0437187,-0.000521575)
(-0.0157254,-0.0666597)
(-0.0754677,-0.086233)
(-0.0706034,-0.213494)
(0.158134,0.059288)
(0.297417,-0.312242)
(0.270456,0.073337)
(0.11346,-0.0490364)
(-0.151017,-0.0445944)
(-0.0916188,-0.195766)
(0.105222,0.155795)
(0.494682,-0.00301842)
(-0.0418578,0.0691115)
(-0.137369,-0.161431)
(-0.156975,0.0281256)
(-0.0923853,-0.00238811)
(-0.0995613,-0.0984329)
(-0.0429567,-0.0672742)
(-0.0823381,0.0802629)
(0.38893,-0.0302135)
(0.494175,-0.0232089)
(0.106403,-0.247983)
(-0.137833,-0.0987636)
(0.135758,0.0535657)
(-0.20101,-0.00225426)
(-0.0985593,0.0209503)
(-0.0206171,0.0200648)
(0.267344,-0.171086)
(0.170339,0.017292)
(-0.131085,0.00921398)
(0.0366263,0.00294498)
(0.0796533,0.129825)
(0.00794929,-0.0194235)
(-0.107237,0.072812)
(-0.0743052,-0.045498)
(-0.0185426,-0.200833)
(-0.045234,0.156523)
(-0.0279445,0.042791)
(0.0423132,-0.185571)
(0.0254688,-0.152129)
(-0.108689,-0.155383)
(0.0374147,-0.0432606)
(-0.249516,-0.00342706)
(-0.0899649,0.10061)
(0.0143631,-0.0157124)
(-0.00684843,-0.0747914)
(0.0932176,-0.130517)
(0.0401746,-0.0866412)
(-0.0477107,-0.0347429)
(0.200226,-0.0577619)
(0.0512485,0.234005)
(-0.0926539,0.0463745)
(-0.0175108,0.145978)
(0.208786,-0.0423907)
(0.184954,-0.0578026)
(0.065535,-0.0809177)
(-0.167591,-0.0248833)
(0.0322887,0.0328403)
(-0.0855732,0.0029822)
(0.467077,-0.0554641)
(0.153471,-0.087126)
(0.0847185,0.0515943)
(-0.0566611,-0.0962846)
(0.11315,0.0381113)
(0.0145574,0.0126665)
(0.121252,0.0689455)
(-0.120125,-0.199911)
(0.115928,0.291699)
(-0.226781,-0.24589)
(0.0439929,-0.089928)
(0.135799,0.0942366)
(-0.249779,-0.0988884)
(0.188625,0.0834499)
(-0.102172,-0.0534313)
(-0.00224795,0.0717387)
(0.148838,-0.044699)
(-0.172372,-0.0403323)
(-0.0357843,0.0604462)
(0.0707541,-0.238342)
(0.15984,0.0370514)
(0.100692,-0.101645)
(-0.0917022,0.0668249)
(0.0509734,0.00702119)
(-0.0208786,0.174058)
(-0.13199,-0.048346)
(-0.368274,-0.265474)
(-0.0341009,-0.0860241)
(0.178394,0.0406833)
(-0.122366,0.0740859)
(-0.00952788,-0.0712254)
(-0.0752713,0.0777143)
(-0.248369,0.0337097)
(-0.00600348,-0.120695)
(-0.0580712,0.055239)
(0.243346,-0.0852155)
(-0.00687935,-0.0106437)
(0.0105058,0.0214509)
(-0.0323729,0.0861667)
(-0.18844,0.0340488)
(0.0723061,0.143507)
(0.024996,-0.190808)
(0.032245,-0.00183186)
(0.0270641,-0.0580035)
(-0.0411694,-0.0787576)
(-0.00710004,0.178994)
(-0.188278,-0.11424)
(-0.195802,-0.172242)
(-0.0201406,0.0622055)
(0.0439421,0.0320404)
(-0.193818,-0.103512)
(-0.0319131,-0.166536)
(0.0905045,-0.0514257)
(-0.187109,0.0266403)
(0.576031,-0.443586)
(-0.0500172,0.151866)
(0.654644,0.0763391)
(0.0318239,0.0301294)
(0.00640795,0.141233)
(0.057396,0.125624)
(0.0982912,-0.165029)
(0.0858223,0.190687)
(-0.0680151,-0.242274)
(0.248867,-0.145965)
(-0.059328,0.0611855)
(-0.0611034,0.10737)
(0.127286,-0.0451621)
(0.492539,-0.556336)
(-0.216874,-0.310646)
(-0.0560644,-0.0818617)
(0.0173396,0.0239745)
(-0.068595,-0.0458259)
(-0.0261108,-0.0651329)
(0.522191,-0.271197)
(-0.0664415,-0.0310369)
(-0.139221,-0.103958)
(-0.433022,-0.049286)
(-0.0568247,-0.0905765)
(0.03604,0.0309601)
(0.132035,0.0316546)
(-0.0973497,-0.248645)
(0.129327,-0.117629)
(0.502445,-0.0939447)
(1.11595,-0.362808)
(1.09311,0.0662042)
(-0.0330327,0.108608)
(0.0162349,-0.00325255)
(0.105413,0.101797)
(-0.29896,0.0808428)
(0.22376,0.108246)
(0.0204962,0.00223656)
(0.03986,-0.00806679)
(0.14725,-0.167815)
(0.0347066,-0.0258999)
(-0.0388653,0.039388)
(-0.0771282,0.126704)
(-0.0871592,-0.0172583)
(-0.03258,-0.100632)
(-0.0214175,-0.0213221)
(0.0268059,-0.000520998)
(0.0129918,-0.0678637)
(-0.0783415,-0.175154)
(0.0412313,-0.139999)
(-0.0752732,0.0439574)
(0.0891174,-0.171409)
(0.0457825,0.0230064)
(-0.258231,-0.112377)
(0.032656,0.0667571)
(-0.0362287,-0.081871)
(-0.0498198,-0.0153309)
(-0.0472756,0.140688)
(-0.016083,-0.0372811)
(-0.13064,0.0836446)
(0.144578,-0.00766693)
(-0.022939,0.0873445)
(0.0890173,-0.0848791)
(-0.199744,-0.0499835)
(0.0544782,-0.114689)
(0.254949,0.133228)
(0.106871,-0.127437)
(-0.345572,0.314639)
(-0.0364967,-0.0324637)
(0.068577,0.126452)
(0.00853096,0.215746)
(0.163315,0.185375)
(-0.153277,-0.0933533)
(0.0982997,0.27289)
(-0.0813204,0.0335165)
(-0.0579271,-0.0985571)
(0.019127,-0.0737855)
(0.0422684,-0.000501711)
(-0.0345816,0.00871565)
(-0.0638295,-0.128986)
(-0.0878676,0.00613556)
(0.0406245,0.120588)
(-0.0282938,-0.0532753)
(0.0299791,0.161866)
(-0.00184488,-0.0042165)
(-0.0606793,0.0245137)
(-0.0663456,-0.0832036)
(-0.0751389,-0.0891972)
(0.100026,-0.0777324)
(0.215723,0.00980842)
(0.191864,0.111395)
(0.0207048,-0.0990738)
(0.0714538,-0.111135)
(0.184216,0.0943782)
(0.282663,-0.112443)
(-0.118729,0.0308772)
(0.121649,0.173294)
(0.0339533,-0.104839)
(-0.0719594,0.154987)
(0.173523,-0.116058)
(0.067809,-0.0741388)
(0.357863,0.0701646)
(0.938189,-0.0721509)
(-0.175767,0.0069145)
(0.00432563,-0.017785)
(-0.269846,-0.0415512)
(0.251917,0.101388)
(0.130304,-0.624124)
(0.00176598,-0.108694)
(-0.0252895,0.167878)
(0.0461891,0.132222)
(0.0851034,0.152463)
(0.180779,0.218794)
(0.0817333,0.0974621)
(0.21399,0.090719)
(-0.0644949,-0.0794843)
(-0.182995,-0.0683123)
(0.121962,-0.0257412)
(-0.0262755,0.173378)
(0.0711813,-0.0438061)
(0.0157893,-0.0679944)
(0.131447,-0.0252251)
(0.246737,0.0724241)
(0.301919,-0.315276)
(0.0904885,0.0668703)
(0.0287711,0.0779478)
(0.457093,-0.129597)
(0.102439,0.17235)
(-0.0521895,0.132081)
(0.0842608,0.177798)
(0.0672621,0.190936)
(-0.0919154,0.0308065)
(-0.258695,-0.105641)
(0.0417547,0.0399186)
(0.298657,-0.056018)
(0.170693,0.190971)
(-0.0367607,0.0233519)
(0.0312886,-0.0211635)
(-0.185412,-0.107995)
(-0.0847196,0.0750684)
(-0.0543209,0.0839955)
(0.0771786,0.115539)
(-0.0712549,0.243847)
(-0.204039,-0.226096)
(-0.0320947,-0.0688333)
(0.0734795,0.230648)
(-0.156332,0.0915629)
(0.170852,-0.0376617)
(-0.0882132,0.0461372)
(0.0117248,0.0908144)
(0.112517,0.23794)
(0.0740396,-0.0659884)
(0.0373731,0.098562)
(0.208206,0.0755425)
(-0.0257184,-0.0406364)
(-0.00207673,-0.0263107)
(0.131527,0.152821)
(-0.121712,-0.0300927)
(-0.0602242,-0.0710798)
(0.0646674,0.0157513)
(-0.0915565,-0.0204347)
(-0.130633,-0.0729766)
(-0.14545,0.104556)
(0.107263,-0.0791287)
(-0.0443529,0.0167659)
(-0.0509982,0.15153)
(-0.0665472,0.0752961)
(-0.0508018,-0.11484)
(-0.0647647,0.129415)
(0.0723708,-0.128137)
(-0.0875976,0.0349669)
(-0.143779,-0.0609279)
(0.0669408,-0.229004)
(-0.00700907,0.0694061)
(0.109157,-0.149368)
(0.0885416,-0.00594398)
(0.200255,0.0102618)
(-0.0979925,0.0763044)
(-0.0815911,0.0612752)
(0.12681,-0.0551269)
(-0.14233,-0.0253298)
(-0.180404,-0.0916607)
(-0.061373,0.00435258)
(-0.0965208,0.147092)
(-0.208025,-0.0260367)
(-0.0877022,-0.128214)
(0.143668,0.0822687)
(0.249047,-0.185887)
(0.386803,0.147123)
(-0.0324248,0.109262)
(0.0650524,0.00411281)
(0.100303,0.00927864)
(0.137597,-0.0467865)
(-0.0543501,0.116519)
(-0.104738,-0.00235668)
(-0.200282,-0.161906)
(0.0727606,0.140661)
(-0.0169045,-0.0558316)
(0.00275759,-0.0122036)
(-0.206178,0.0949218)
(-0.0219457,0.0277001)
(-0.0549741,0.00335799)
(0.0184871,-0.069214)
(0.029658,-0.10072)
(0.0601173,-0.0808266)
(-0.103077,-0.117325)
(0.0537463,-0.0229139)
(-0.0394907,0.00689404)
(-0.0178536,-0.0387471)
(-0.0523536,-0.129148)
(-0.185575,-0.0101868)
(-0.0608038,0.027959)
(-0.0578398,0.106128)
(-0.267514,-0.0638589)
(-0.14244,-0.124763)
(0.0700138,-0.239328)
(-0.00855869,-0.0596118)
(0.0901317,0.105442)
(0.149725,-0.192604)
(0.0890261,0.029764)
(-0.149459,-0.0701498)
(0.0585727,0.0810355)
(-0.0129599,0.0715301)
(-0.0693458,-0.0981372)
(-0.062387,-0.029349)
(0.0752387,-0.118627)
(0.214258,0.0667541)
(0.00235308,0.0181667)
(0.105279,-0.0318575)
(0.106084,0.0272197)
(0.0133577,-0.0614212)
(0.0477754,0.168129)
(-0.0316218,0.0728862)
(0.0430159,0.142031)
(-0.0491912,-0.0216881)
(0.0620809,-0.125596)
(-0.171992,-0.0391775)
(-0.00716534,0.287021)
(0.168398,0.245935)
(0.039954,0.118242)
(-0.102377,-0.0948828)
(0.0322526,0.155909)
(-0.097025,-0.117325)
(0.163964,-0.00475839)
(-0.113555,-0.0669643)
(0.0480576,0.177269)
(-0.0495035,-0.135446)
(-0.0532591,-0.186135)
(0.00155641,-0.145935)
(-0.044062,-0.026188)
(0.117544,0.0568629)
(-0.00442416,-0.187532)
(0.420745,0.254906)
(-0.0690489,0.104448)
(0.0486131,0.0775579)
(-0.00188937,0.0913319)
(0.0507522,-0.153386)
(0.052865,-0.410855)
(-0.079509,0.0694581)
(0.12058,-0.281322)
(1.09181,0.280708)
(0.577398,0.0199507)
(-0.0720698,0.0228315)
(-0.0222495,-0.0644169)
(-0.200213,-0.0103533)
(-0.149457,0.0644859)
(-0.0357736,0.0335736)
(0.0114316,0.0347151)
(-0.0896813,0.0767289)
(-0.0727757,-0.0665874)
(-0.0840935,0.104034)
(0.0686514,0.0882523)
(-0.0622618,0.039019)
(0.0686269,0.113035)
(-0.0634196,0.0118861)
(0.0592295,0.153069)
(-0.0711581,-0.106598)
(0.00673582,-0.000719879)
(-0.111498,-0.0283756)
(-0.062515,0.204162)
(-0.110566,-0.17014)
(0.0906567,-0.0196491)
(0.141656,-0.136023)
(-0.0638066,-0.0688808)
(-0.00629336,-0.279328)
(0.130197,0.0357898)
(-0.00414435,-0.0371013)
(0.105284,0.141776)
(0.0963473,-0.189998)
(-0.0754299,-0.201363)
(0.146085,-0.0643106)
(0.0612578,0.0905254)
(-0.0112098,-0.0450034)
(0.132646,0.124804)
(0.113911,0.214272)
(0.00437562,-0.185459)
(-0.0344229,-0.114867)
(0.00680473,-0.0527265)
(0.133866,-0.0158184)
(0.734181,-0.134181)
(-0.0350931,0.0464888)
(0.153602,-0.0449913)
(0.0474747,0.0974851)
(0.0809443,0.0616028)
(-0.0935591,0.0968018)
(-0.0624938,0.0127081)
(0.601688,-0.00243831)
(0.666335,0.203625)
(0.484105,-0.185053)
(0.0687633,-0.083963)
(0.551413,-0.0487767)
(0.091674,-0.0891762)
(-0.141281,0.0347729)
(0.198952,-0.0310578)
(-0.105642,0.0349407)
(-0.012318,-0.425299)
(-0.0648938,0.0697966)
(-0.0436988,-0.14495)
(0.0618291,-0.15944)
(-0.0327133,-0.308183)
(0.0992147,0.0104255)
(-0.161838,-0.0524527)
(0.48907,-0.113963)
(0.217483,0.0493446)
(0.0996929,-0.183421)
(-0.0341313,0.196856)
(-0.0910691,0.0239636)
(-0.181138,-0.0190892)
(0.0306808,0.0651334)
(0.0339984,-0.0476761)
(0.0531002,0.0386946)
(0.166693,0.314421)
(0.354551,-0.0192133)
(-0.0378056,0.0131069)
(-0.0997439,-0.0574817)
(-0.127098,0.103037)
(-0.0479831,-0.0572605)
(-0.0463929,0.175585)
(-0.0579732,-0.0439236)
(0.138311,-0.00157525)
(-0.0198833,0.0167879)
(-0.0438618,-0.0377203)
(-0.0171467,0.00938582)
(-0.0609652,-0.125977)
(-0.00335727,-0.0180178)
(0.0582395,0.0524269)
(0.172857,0.167509)
(-0.0121321,-0.20332)
(0.0770393,0.156576)
(0.0208264,-0.00402598)
(-0.00692239,0.131099)
(-0.00884561,0.0185899)
(-0.0509359,-0.304559)
(0.0211508,0.139934)
(0.0324538,0.118222)
(-0.0591179,0.00260328)
(0.0350759,0.122384)
(0.0152265,-0.0694659)
(0.0808561,-0.145246)
(0.132374,-0.0657497)
(0.11909,-0.163715)
(0.149448,0.217851)
(0.104271,0.0265426)
(0.194206,-0.00744156)
(0.0119076,-0.0283466)
(-0.0017388,-0.0600499)
(0.0853793,-0.0561337)
(0.208742,0.0307549)
(-0.0555876,0.124165)
(-0.0625951,0.0281518)
(-0.0638574,-0.122566)
(0.0511463,0.01035)
(0.0463682,-0.0705577)
(0.310444,0.00627864)
(-0.0282127,-0.028201)
(-0.0752502,0.11156)
(-0.258542,-0.0862914)
(0.139053,0.160387)
(-0.0408355,-0.190473)
(0.0495718,-0.139208)
(0.0256449,-0.0574958)
(0.125504,0.0631316)
(0.0533443,0.119043)
(-0.149527,-0.13763)
(0.102923,-0.0943378)
(0.20674,-0.0336519)
(-0.0420582,0.127256)
(0.0817602,-0.172429)
(-0.0586618,0.00398769)
(-0.046405,0.0822348)
(0.213923,-0.0963624)
(-0.0889328,-0.229345)
(-0.0401447,0.0954884)
(-0.0912296,-0.120022)
(0.0753622,-0.201129)
(-0.091109,-0.167442)
(0.0248906,-0.147851)
(0.337694,0.0576924)
(-0.0532322,-0.00825028)
(0.173362,-0.035636)
(0.0145634,-0.0928187)
(0.0249843,0.0542831)
(-0.026816,-0.10132)
(-0.00797601,-0.209075)
(-0.0745543,-0.0407747)
(0.114951,-0.00129522)
(0.953801,-0.873858)
(0.0526637,0.0790541)
(0.123713,-0.0148712)
(0.0267283,0.0558479)
(0.346978,-0.482463)
(-0.112701,0.147509)
(-0.0504763,-0.0131482)
(0.0834282,0.0698829)
(0.00471167,0.117592)
(0.0199316,-0.139603)
(-0.0575587,-0.18229)
(-0.0573988,-0.203208)
(0.251069,-0.0466387)
(0.0856739,-0.0823379)
(-0.0945846,0.0115707)
(-0.0106428,-0.110188)
(0.164009,-0.147834)
(-0.132913,-0.140585)
(0.276792,-0.0834698)
(0.426581,-0.0548276)
(0.0672486,-0.0388698)
(-0.0637352,-0.0298559)
(-0.0566367,0.0913834)
(-0.100365,-0.0646349)
(0.0392237,0.0990637)
(-0.0224112,0.09124)
(0.143099,-0.195286)
(0.0519999,-0.0172218)
(0.673452,-0.21086)
(-0.0968782,0.00774538)
(-0.00106351,-0.0599131)
(-0.0708459,0.13177)
(0.0127388,-0.00910409)
(0.353591,0.0773749)
(0.0121085,0.104938)
(-0.106318,0.0740522)
(0.155636,0.101253)
(-0.0921405,-0.0526052)
(0.0892854,-0.104798)
(0.119078,0.043925)
(0.257447,-0.308029)
(-0.00378312,0.0312807)
(-0.0418252,0.106244)
(0.633376,-0.139302)
(0.0706545,0.146331)
(-0.00761747,0.158999)
(0.768182,-0.100589)
(0.110664,0.152693)
(-0.0768375,-0.00841937)
(0.205266,-0.229763)
(0.0981794,0.176134)
(0.29618,-0.0176939)
(0.151899,-0.0163874)
(0.0564749,0.0724282)
(0.553686,0.117241)
(0.0524138,-0.109051)
(0.0376333,0.0621048)
(-0.0846983,0.0779206)
(0.0632878,0.163286)
(-0.0514033,-0.0825351)
(-0.0226059,-0.1128)
(0.0247569,0.0555673)
(0.124227,-0.102627)
(0.10807,0.00207138)
(0.0664066,-0.0845397)
(-0.0489836,-0.0992655)
(-0.0488775,-0.124992)
(-0.0305766,0.184565)
(-0.111036,-0.256385)
(0.0196851,0.0907206)
(-0.0507254,-0.0257487)
(-0.0724291,0.147526)
(0.483613,-0.177095)
(0.155904,-0.0581731)
(0.0160301,-0.124436)
(0.0768086,0.0914803)
(-0.0037771,0.0400091)
(-0.0339716,-0.14105)
(0.11767,-0.0304668)
(-0.0352703,-0.0762209)
(0.493853,-0.335282)
(0.0902897,0.0613066)
(-0.156001,-0.113275)
(-0.12845,-0.212513)
(0.00594172,0.0973538)
(-0.206413,-0.141251)
(0.371065,-0.437328)
(-0.101305,0.0391516)
(0.0508275,0.0247483)
(0.132211,0.0204442)
(-0.190672,-0.19559)
(-0.25546,-0.0255147)
(-0.179677,0.152212)
(-0.168171,0.0727524)
(0.0542441,0.0433324)
(0.0105246,-0.0229507)
(0.570072,0.195286)
(0.111603,0.0170712)
(0.370698,0.428541)
(-0.155346,-0.12393)
(-0.0599135,-0.0193581)
(-0.0228188,-0.499982)
(-0.0499353,0.0935661)
(0.10859,0.0454859)
(-0.124525,-0.0362216)
(0.101919,-0.293861)
(-0.0542787,0.188396)
(-0.142677,0.0545099)
(0.176719,0.334921)
(0.0914165,0.0110453)
(-0.0190438,0.0972465)
(-0.0944897,0.00367856)
(-0.208538,-0.0351095)
(0.139837,0.0315414)
(-0.0796315,0.0322468)
(0.0566318,0.131905)
(-0.0452918,0.0316128)
(0.154683,0.0203586)
(0.110927,-0.00362832)
(0.142201,-0.0221685)
(0.15656,0.120412)
(0.099901,-0.00932286)
(0.0125456,0.0528806)
(0.0987635,0.224164)
(-0.179592,-0.0342795)
(-0.162727,0.00353376)
(0.112537,0.0179569)
(0.111975,-0.102212)
(0.148858,0.0293658)
(-0.116946,0.19779)
(0.017777,0.0628636)
(-0.234846,0.0516027)
(-0.0732631,-0.0232607)
(0.243608,0.018037)
(-0.116875,0.00904063)
(-0.18513,-0.231791)
(0.0955083,-0.0509114)
(0.186687,0.037593)
(0.434345,0.039614)
(0.00405875,0.198667)
(0.10719,-0.174268)
(0.0573904,0.150413)
(0.475622,-0.0568023)
(-0.123502,-0.0787584)
(0.0689078,-0.258582)
(-0.173176,0.0816038)
(0.132546,-0.14903)
(-0.0107264,-0.184855)
(-0.212611,-0.0109896)
(0.0516871,-0.0221934)
(0.782343,-0.0414666)
(0.0080228,-0.0685858)
(0.100582,-0.000436668)
(0.462658,0.0442359)
(0.045822,-0.0101578)
(0.0224061,-0.0404741)
(0.0858548,0.171176)
(0.618447,0.25096)
(0.0421934,0.125893)
(0.138128,0.155823)
(0.197496,0.138419)
(0.0285778,0.0758436)
(-0.099945,0.0524666)
(0.0615263,0.0202184)
(0.176105,0.0692376)
(-0.0172506,0.0391018)
(-0.285333,0.306164)
(-0.356163,0.158114)
(0.193149,0.218489)
(0.822899,-0.0982088)
(0.189501,0.194045)
(-0.112559,0.0840242)
(-0.195804,0.00706569)
(-0.046971,-0.134281)
(0.0770341,0.137632)
(-0.0242158,0.0496657)
(-0.0459168,0.0120809)
(-0.0747441,-0.0718397)
(0.243506,0.120328)
(-0.0881298,0.054221)
(-0.0250464,0.396107)
(0.517747,0.0501208)
(-0.113293,0.0418455)
(-0.173975,-0.00357311)
(0.0696189,-0.1835)
(0.101899,-0.165339)
(0.0566935,-0.0945129)
(0.0685729,-0.237186)
(0.477562,-0.0801016)
(0.439249,-0.0639662)
(0.379407,-0.123928)
(-0.295968,0.125133)
(-0.183506,0.132994)
(0.344494,0.314862)
(0.0543278,-0.279974)
(-0.2554,0.00633904)
(0.717768,-0.155303)
(0.986559,-0.327255)
(0.21113,-0.0863432)
(0.221349,0.171935)
(0.123373,0.195837)
(0.144517,0.0533067)
(0.182489,-0.319664)
(0.00944448,-0.0122945)
(0.0465018,0.0683902)
(0.105477,-0.25225)
(0.282084,0.0879652)
(-0.176805,0.0396858)
(-0.17294,0.0287882)
(-0.0627591,0.0897105)
(0.458452,-0.249404)
(-0.232499,-0.0534235)
(0.0648706,0.0151568)
(-0.097347,-0.142955)
(0.395701,-0.00129996)
(0.00435749,0.0839978)
(-0.101934,-0.0682266)
(0.925819,-0.25859)
(0.6313,0.239996)
(-0.0755422,0.0674749)
(0.342642,-0.0658456)
(-0.126034,0.0682526)
(-0.0373618,0.0741954)
(0.721353,0.0231886)
(0.269557,-0.0459956)
(0.532231,0.348666)
(0.452054,-0.0696837)
(-0.0091892,-0.0957248)
(0.581994,0.01743)
(-0.223851,-0.0879338)
(0.304505,-0.00192512)
(0.437279,0.309298)
(0.2067,-0.0245667)
(-0.253657,0.188035)
(0.252157,0.0329074)
(0.0932202,-0.0447046)
(-0.0738045,-0.0595273)
(0.0894272,-0.0147093)
(0.189963,0.0297039)
(0.154449,0.079741)
(0.230139,-0.0748041)
(0.257375,0.0911937)
(0.352988,0.0527736)
(-0.0749525,-0.107686)
(-0.312442,-0.0106536)
(0.239544,0.0633468)
(0.186017,0.0427999)
(-0.028156,0.176576)
(0.276085,-0.25929)
(-0.0555295,0.00861267)
(-0.0687788,-0.0255973)
(-0.0749711,0.0170653)
(0.156938,-0.0693896)
(0.0205956,-0.0270887)
(0.017547,-0.206977)
(0.0192496,0.0157971)
(-0.0185033,0.124772)
(0.689376,-0.336662)
(-0.113239,0.0403053)
(0.621187,-0.0800752)
(0.0778741,0.130351)
(-0.0158957,0.104365)
(0.068625,-0.0332874)
(-0.119871,-0.18458)
(-0.0962745,0.0204815)
(-0.0842731,-0.031592)
(-0.0529916,-0.0726278)
(0.00885348,-0.086295)
(0.00449511,-0.00614339)
(0.089341,0.179223)
(-0.0580202,0.101925)
(-0.138969,0.0100213)
(0.29567,-0.114043)
(0.223662,-0.118234)
(-0.0528393,0.0937055)
(-0.169814,0.0489107)
(0.103654,0.110969)
(-0.103542,0.103499)
(0.665052,-0.465226)
(-0.0265847,-0.00879432)
(0.16679,0.0336751)
(0.166848,0.115229)
(0.108311,0.0755856)
(0.130365,-0.00716292)
(-0.0420392,0.0357941)
(-0.0495216,-0.00349602)
(-0.0640866,-0.062542)
(0.0135262,-0.0868276)
(0.381409,-0.180205)
(-0.114934,0.132803)
(-0.0720954,-0.0147956)
(0.0921275,0.0197119)
(-0.0250749,-0.125484)
(-0.00824759,-0.124547)
(0.3902,-0.175739)
(0.486348,-0.301783)
(0.27469,-0.281133)
(-0.0977382,0.0223681)
(-0.00484283,0.0515837)
(0.541827,-0.367131)
(0.135694,-0.00509784)
(0.127879,-0.149025)
(0.467919,-0.337481)
(-0.0408058,-0.0778481)
(-0.0162102,0.204938)
(-0.0209268,0.151054)
(0.151134,-0.0218303)
(0.0413793,0.0629847)
(-0.00528629,-0.16945)
(0.10463,-0.0270716)
(0.45006,-0.0363705)
(0.177824,-0.117234)
(1.03144,-0.058648)
(-0.0518618,0.0162151)
(-0.0885965,0.0484214)
(0.223916,-0.0764432)
(0.911525,0.118847)
(1.00763,-0.103989)
(1.09833,-0.139602)
(-0.0426,0.0333459)
(-0.031044,0.297832)
(-0.116854,-0.0694328)
(-0.303494,-0.130405)
(0.0938281,0.0897827)
(0.0807141,-0.011643)
(-0.00925182,0.170582)
(1.4505,-0.363283)
(0.040883,-0.138331)
(0.0946171,0.0988574)
(-0.795121,-0.33694)
(-0.637604,0.00276207)
(-0.0202211,0.0804219)
(0.0219291,0.080009)
(-0.0833125,0.023592)
(0.0299295,0.0937331)
(0.0760164,0.0858378)
(-0.0492945,-0.0708303)
(0.122491,-0.0731718)
(0.578417,0.18333)
(0.403801,-0.368212)
(0.534911,-0.00474258)
(0.619252,-0.0972144)
(0.211737,0.405475)
(0.211475,0.0289679)
(0.569338,-0.12656)
(0.187412,-0.130587)
(0.242238,-0.51838)
(-0.179247,0.0197484)
(-0.0832206,0.0421732)
(0.269435,-0.11726)
(0.906261,0.191616)
(0.678037,0.102326)
(0.513615,0.0462039)
(1.11473,-0.276327)
(-0.0128385,-0.0602886)
(0.143455,-0.198704)
(0.0603794,0.136103)
(-0.101403,0.0847775)
(0.137786,-0.0710994)
(-0.101762,0.0930891)
(-0.232034,0.0845713)
(0.0969742,0.0939591)
(-0.116544,0.0159034)
(-0.0833144,0.049732)
(0.185375,-0.12679)
(0.52865,0.313237)
(-0.0217682,0.0133464)
(0.696941,0.00576897)
(0.391295,-0.103978)
(0.450021,-0.0378674)
(0.0030248,0.0311463)
(-0.0308582,0.100593)
(-0.0256119,-0.0847528)
(0.853029,0.191291)
(0.00759731,-0.165294)
(0.0938323,0.0732526)
(-0.260948,-0.261712)
(0.363057,-0.127142)
(0.0970186,0.169655)
(-0.228254,-0.153284)
(0.455374,-0.169498)
(0.477228,0.30408)
(0.071104,-0.0764331)
(-0.215032,0.188906)
(0.0770085,-0.174226)
(-0.0325052,0.101073)
(0.0423585,-0.0851023)
(-0.150937,-0.0337224)
(-0.0692645,0.00248315)
(0.258317,-0.107628)
(0.378302,-0.51385)
(-0.0912718,-0.0220481)
(0.434202,-0.206025)
(-6.65555e-05,-0.176265)
(0.368456,-0.191723)
(1.05035,0.198364)
(-0.138838,-0.067538)
(0.00114945,-0.110399)
(0.0817589,0.0189052)
(-0.0304483,0.0195411)
(0.267791,-0.0373715)
(-0.0409984,0.0566283)
(-0.156527,-0.108359)
(-0.13995,-0.0390402)
(0.0556213,-0.162721)
(-0.0271333,-0.0623967)
(-0.000194369,0.481121)
(0.00343464,-0.0687596)
(0.0158285,-0.0204522)
(0.0943231,0.0170613)
(-0.110764,-0.0869096)
(-0.0774159,-0.0928605)
(-0.138558,-0.168505)
(0.160296,-0.115905)
(0.0356342,0.0975778)
(0.0155785,-0.0606557)
(0.850264,-0.235264)
(0.328024,-0.710624)
(0.482459,-0.124257)
(-0.00288015,0.0680696)
(0.377823,0.234618)
(-0.00820169,0.0596569)
(0.0138354,0.0468038)
(0.0894028,-0.000858698)
(-0.101061,0.149816)
(0.0660884,0.0442729)
(-0.119159,0.0358333)
(-0.148732,-0.113203)
(0.276044,-0.610876)
(-0.0833274,0.0370473)
(-0.303889,0.000546394)
(0.231166,-0.0105585)
(0.232877,-0.286219)
(0.0136094,0.143443)
(0.154063,0.257196)
(-0.0499381,0.110691)
(0.774878,-0.290998)
(-0.00608306,-0.053683)
(0.859629,-0.0878158)
(0.377713,-0.0581123)
(-0.0286696,-0.0599345)
(-0.0424047,-0.0150617)
(0.351901,-0.330614)
(-0.121962,-0.0755514)
(-0.0490119,0.0282319)
(0.0147295,-0.140753)
(0.809427,0.365453)
(0.629662,-0.0199354)
(0.107634,0.0567187)
(0.735816,-0.0605522)
(0.703599,-0.167798)
(0.174133,-0.107987)
(0.567045,-0.235613)
(0.559866,0.0150774)
(-0.10476,-0.186657)
(0.631893,-0.264614)
(-0.159644,-0.0157467)
(0.503029,0.274214)
(-0.067073,-0.152861)
(0.0903275,0.0357429)
(0.00586295,0.0385846)
(0.0575401,0.0448987)
(0.0189426,0.0255761)
(0.0704257,-0.0928399)
(0.163819,-0.0533754)
(0.115837,0.00406749)
(-0.371806,-0.0347116)
(0.0188206,-0.0622546)
(0.230738,-0.075802)
(0.153748,0.0303363)
(0.0197545,0.0148127)
(-0.0201226,0.129928)
(0.114473,-0.0987441)
(0.0344181,0.00483281)
(0.163562,-0.0350958)
(0.128365,0.116369)
(0.0960698,0.0578957)
(-0.234912,0.245466)
(0.384934,-0.472733)
(-0.0108744,-0.0623401)
(0.0101693,0.0345983)
(0.0281274,-0.0242499)
(0.0137172,0.0446192)
(-0.00731403,-0.146862)
(-0.0741682,-0.0669463)
(0.157118,-0.16752)
(0.307589,0.146828)
(0.396004,0.0103943)
(0.186674,-0.0205339)
(0.0233042,-0.0515311)
(0.21523,0.157681)
(-0.0767359,-0.0295084)
(-0.0171059,0.11542)
(-0.0205267,0.118863)
(0.643607,-0.761112)
(0.402762,-0.0213057)
(0.390073,-0.0632426)
(0.130085,0.0706481)
(0.529008,-0.170045)
(0.466161,-0.0843428)
(0.764321,-0.170534)
(0.650498,-0.0758272)
(0.0801191,0.154016)
(-0.179766,0.0555966)
(0.207404,-0.275212)
(-0.185871,0.12441)
(0.151905,-0.0122734)
(-0.0288824,0.0160009)
(0.795982,-0.173376)
(0.0455745,-0.00239038)
(0.857648,-0.0939848)
(0.0886418,-0.07398)
(0.133122,0.0413025)
(-0.128095,0.13588)
(-0.0352281,0.165345)
(-0.00727021,0.108912)
(0.100233,-0.020606)
(0.0774374,0.012905)
(0.0956766,0.0260226)
(0.0743463,-0.111527)
(1.19294,-0.159552)
(-0.0248873,0.051228)
(-0.0364281,-0.0666654)
(1.06291,0.181085)
(-0.0796586,0.0272954)
(-0.0897276,-0.0896482)
(0.0723798,-0.181034)
(0.0505475,-0.154211)
(-0.042955,-0.108966)
(0.108906,0.159515)
(-0.154459,0.102293)
(-0.0530686,0.112138)
(-0.15463,-0.100541)
(0.00114875,-0.118156)
(-0.093697,0.0694021)
(0.248448,0.182461)
(-0.104118,0.0554833)
(0.254515,0.0232396)
(0.191491,-0.345048)
(-0.0204992,0.14041)
(-0.0607308,-0.0488705)
(0.561086,-0.215884)
(0.680332,-0.247768)
(0.816746,-0.333963)
(-0.00714441,-0.0361075)
(-0.108433,0.0474743)
(-0.156278,-0.0629102)
(-0.0042076,-0.17476)
(0.81595,-0.272586)
(0.369488,-0.113465)
(0.109602,-0.000579129)
(-0.0400863,-0.0594119)
(0.0597756,0.171801)
(-0.0365639,-0.0473991)
(0.318551,-0.0347552)
(-0.120019,0.0875287)
(-0.183485,0.0466332)
(-0.161006,0.0339239)
(-0.152781,0.154597)
(0.457068,-0.018432)
(-0.0860433,-0.0138072)
(0.479344,-0.00710114)
(0.0591752,0.120876)
(-0.0210196,-0.00779577)
(0.00121863,-0.0160214)
(0.607763,0.0655539)
(0.00763785,0.304252)
(0.337762,-0.102831)
(0.727012,-0.201886)
(-0.0565503,-0.0678131)
(0.106883,-0.0248348)
(0.0042796,-0.057052)
(-0.0269902,0.127915)
(-0.079993,0.109604)
(0.00273788,-0.111841)
(0.57797,-0.366085)
(0.551954,-0.178698)
(0.139653,0.0372389)
(-0.0629082,0.0819288)
(0.109844,0.138745)
(0.105324,-0.268639)
(-0.0452407,0.190046)
(0.103707,0.0478609)
(0.480918,-0.0742277)
(1.06907,-0.266077)
(0.822954,-0.0549141)
(-0.0436647,0.114759)
(0.50056,-0.586952)
(-0.0376378,-0.0571795)
(-0.00181863,-0.0273446)
(-0.0154303,-0.0361815)
(0.00393397,0.0241334)
(-0.00276688,0.0339946)
(0.0941293,0.0351156)
(0.198267,-0.0775605)
(0.583362,0.116726)
(1.00329,-0.180968)
(0.0133154,-0.0749004)
(1.08807,-0.584635)
(-0.0770807,-0.125735)
(0.425834,0.239446)
(0.30118,0.13549)
(0.0443109,-0.10487)
(1.01093,0.0172487)
(0.286723,0.327157)
(0.689276,0.0780497)
(0.491886,0.194815)
(0.405927,-0.085866)
(0.398706,-0.287619)
(0.366395,-0.482198)
(0.536794,-0.199091)
(0.163954,-0.562281)
(0.0917352,0.143034)
(0.348088,-0.375422)
(0.302071,-0.23646)
(-0.0194904,0.226846)
(0.178138,-0.0247828)
(0.283099,-0.100909)
(-0.0845438,-0.00922186)
(0.551145,-0.0868325)
(0.153652,-0.0428957)
(0.914637,-0.234461)
(0.172836,-0.0529576)
(0.211692,-0.128257)
(-0.106924,0.0502498)
(-0.0479687,0.109086)
(0.502719,-0.223632)
(-0.0843707,0.207052)
(0.24558,0.102883)
(-0.383719,0.33293)
(-0.157835,0.0504579)
(-0.071772,-0.0257005)
(-0.0576448,0.0504681)
(-0.179153,0.00694077)
(0.0476317,-0.0114591)
(0.105181,-0.0208138)
(0.44896,0.230452)
(-0.244921,0.318224)
(0.82881,0.199789)
(-0.0185823,0.0377244)
(-0.0781583,-0.0150397)
(0.511891,-0.456079)
(-0.0557958,-0.00874053)
(-0.0274609,-0.0159812)
(0.0617096,0.041139)
(-0.0295863,0.00941755)
(0.482131,0.39018)
(0.513373,0.556469)
(0.769254,0.0885444)
(0.496119,0.23604)
(0.0645067,-0.277552)
(-0.0940337,-0.0195986)
(-0.210504,-0.218833)
(0.147919,-0.35675)
(-0.0394949,-0.117484)
(0.470587,0.141296)
(0.349052,0.0101456)
(-0.108352,0.10015)
(-0.0101014,-0.00614049)
(0.881316,0.0540083)
(0.0723775,0.000857397)
(-0.104678,0.00988227)
(0.960376,-0.108449)
(0.0247659,0.101766)
(0.0400823,-0.0431974)
(0.134092,0.0544152)
(-0.166846,0.0706861)
(0.448542,-0.299083)
(-0.299463,-0.239294)
(-0.150816,-0.307872)
(-0.0985136,-0.0684118)
(0.481534,0.14932)
(0.0389141,-0.0800365)
(-0.0783064,0.00872077)
(-0.0484646,-0.0310502)
(-0.0222659,0.0764498)
(-0.265639,0.0133528)
(-0.111794,0.000441398)
(0.0329605,-0.168831)
(0.0235695,-0.138913)
(-0.0374935,-0.0304623)
(-0.136147,0.0781642)
(0.0368405,-0.160373)
(0.366406,-0.15962)
(0.0906753,0.0981307)
(0.550102,-0.261709)
(-0.0399274,-0.126563)
(0.125405,-0.0435564)
(0.132327,-0.0535476)
(0.570857,-0.64355)
(0.244365,-0.0856909)
(0.161029,0.0173559)
(-0.0533264,-0.00322443)
(-0.0270911,-0.0905158)
(-0.101515,-0.104474)
(-0.0518422,-0.207967)
(-0.0326332,-0.0717654)
(0.27238,0.357366)
(-0.129367,-0.106286)
(0.320024,-0.0183822)
(-0.00275906,0.150168)
(0.0392356,-0.0324077)
(0.729462,-0.184743)
(-0.0270918,0.0171859)
(-0.00981991,-0.0759193)
(-0.124411,-0.0402564)
(-0.029516,-0.0154938)
(0.378867,-0.0270288)
(0.109207,0.0459112)
(0.177639,0.0655141)
(0.182495,-0.0152573)
(0.841973,0.178182)
(-0.015918,-0.0298569)
(0.588433,0.198087)
(-0.00867042,0.158865)
(0.0517217,-0.000107477)
(0.0276808,-0.0170896)
(-0.0254604,-0.0496841)
(-0.0307158,0.0394703)
(-0.108022,-0.0880184)
(0.130257,0.0781214)
(-0.0964216,-0.108756)
(-0.0288981,0.0482235)
(-0.128824,0.0198781)
(0.325081,-0.183823)
(0.408662,-0.435741)
(-0.00172166,0.00898464)
(0.103447,-0.0600757)
(0.16014,-0.0483156)
(0.483931,-0.0297198)
(0.123139,-0.033162)
(0.119761,0.0107933)
(0.527045,0.236736)
(0.0644196,-0.00222222)
(0.0575654,0.0193402)
(0.0120776,-0.0891975)
(0.00314211,-0.0431701)
(-0.00614868,-0.0906156)
(-0.00912388,-0.0203424)
(0.603338,-0.0559444)
(0.451393,-0.0826954)
(-0.0466573,-0.0370283)
(-0.0379714,-0.0479114)
(0.172363,-0.0826052)
(0.0090838,-0.0501268)
(0.128701,-0.0586849)
(-0.0709893,0.0235508)
