1620
(0.0635169,-0.0213347)
(0.0560607,-0.0278602)
(0.0704565,-0.0196977)
(0.0874263,-0.00979047)
(0.0377902,0.0271461)
(0.0999056,-0.0661522)
(0.0757666,-0.0823567)
(0.108787,0.0505697)
(0.0958983,-0.135342)
(-0.0190126,-0.0675665)
(0.0325372,-0.0388234)
(0.077533,-0.0865104)
(0.00199673,0.032905)
(0.110921,0.158612)
(-0.0215306,0.0853704)
(0.0870379,0.0189867)
(-0.0134402,0.00715498)
(0.0387916,0.0424331)
(0.0286265,0.0432481)
(0.0488173,-0.0964052)
(0.00343224,0.0877147)
(0.0361702,0.151858)
(-0.0308766,0.141068)
(-0.138694,-0.00371677)
(0.120033,-0.0298947)
(-0.00404907,0.0216584)
(0.0766104,-0.017139)
(0.102277,0.0551051)
(-0.10766,-0.0157358)
(0.0591215,-0.000922392)
(0.0697187,0.0227174)
(0.0222897,0.0481266)
(0.0875529,-0.0827297)
(-0.0413967,0.078996)
(-0.0263544,0.0228907)
(0.0193313,0.0296629)
(-0.0892759,-0.0347042)
(-0.0244973,-0.134819)
(-0.0492511,-0.116122)
(0.073109,0.0743902)
(0.17574,-0.0683248)
(0.0167909,-0.0264489)
(-0.0358373,0.00774314)
(0.0575289,0.0736837)
(0.074206,-0.0604291)
(0.0412491,-0.0604366)
(0.104882,-0.0819569)
(0.00824892,0.0417674)
(0.0996539,-0.0724412)
(-0.0575591,0.0200265)
(0.0613999,-0.116066)
(0.0748459,-0.0297223)
(-0.0244496,0.0153985)
(-0.0282834,0.0342989)
(0.020257,-0.0295643)
(0.00820726,-0.00753675)
(0.123829,-0.0778637)
(0.0780885,0.0418722)
(0.0700848,-0.0117133)
(0.0504191,-0.0197318)
(0.0588613,-0.0123339)
(0.219248,-0.0428614)
(0.00462196,0.034104)
(0.333248,-0.0944705)
(0.0201509,0.00702409)
(-0.10022,0.0649791)
(0.111149,-0.0101146)
(0.0906258,-0.0261645)
(-0.00907308,0.112211)
(0.00967338,-0.0104172)
(0.0778492,-0.00226201)
(0.0504367,-0.0714053)
(0.143614,0.0818088)
(-0.0365463,-0.00568518)
(0.148677,-0.117844)
(0.145671,-0.0138192)
(-0.0105742,0.00483831)
(0.106076,0.0602496)
(-0.032309,0.000956943)
(0.319331,-0.0821099)
(-0.0555978,0.0328919)
(-0.007354,-0.0743706)
(0.0477759,0.0872618)
(0.047103,0.0617748)
(-0.0290482,0.0597886)
(-0.00851682,-0.043345)
(-0.19728,-0.0343982)
(0.00412377,-0.0163287)
(0.0578788,0.0433132)
(-0.03118,0.0263327)
(0.0647937,0.0126602)
(-0.0479654,-0.00983799)
(0.203555,-0.0886633)
(-0.0991049,-0.154553)
(-0.0854054,-0.190044)
(0.311336,-0.122271)
(-0.0758208,-0.000808248)
(0.321119,-0.20507)
(0.0125479,0.0815431)
(0.0204562,-0.00748114)
(0.0671124,0.00517719)
(-0.0775161,0.0977461)
(0.0373831,-0.0558773)
(0.0230946,-0.0617296)
(-0.0352055,-0.0157531)
(0.384768,-0.117964)
(0.190936,-0.0828522)
(0.0332274,-0.0496616)
(-0.0422085,0.0425092)
(0.0613311,-0.090331)
(-0.0756294,0.046551)
(0.466927,-0.213954)
(0.395092,-0.00837721)
(0.0227792,-0.00589868)
(0.253323,-0.229348)
(0.068978,0.0257134)
(0.0462732,0.0400998)
(0.296929,-0.085501)
(-0.016422,0.126757)
(0.433967,0.131276)
(0.218219,-0.225906)
(0.00393594,-0.0537573)
(0.0907401,0.0932466)
(0.108211,0.0124365)
(0.0503764,0.086591)
(0.0844068,-0.201752)
(0.0386058,-0.0622269)
(0.0579697,-0.0206293)
(0.200683,-0.0573779)
(-0.00987239,0.0947561)
(0.000839626,0.0954353)
(-0.0475613,0.0325585)
(-0.00239157,0.0371673)
(0.0065636,0.0223052)
(-0.0454468,0.0236375)
(-0.0117243,0.0299116)
(0.0295076,0.0224435)
(-0.0188172,-0.162618)
(0.213287,0.0104515)
(0.165738,-0.0281633)
(0.250643,-0.0297682)
(0.020686,-0.0843139)
(-0.0957552,-0.147022)
(-0.0340663,-0.119357)
(-0.0891231,-0.135913)
(-0.0786057,-0.0690155)
(0.0354805,-0.0526894)
(0.203191,-0.0466177)
(0.174671,-0.00598546)
(-0.0702809,-0.00202167)
(0.122366,0.181915)
(0.101337,-0.132026)
(0.458593,0.0801793)
(-0.111366,0.0288957)
(0.195763,-0.016262)
(0.035123,0.00225335)
(0.0846573,0.0274714)
(-0.0449067,-0.10486)
(0.0363618,-0.0956705)
(-0.0403199,-0.0187128)
(0.0240203,0.00769877)
(0.00408058,-0.0167752)
(0.0502379,-0.0831578)
(0.0196181,-0.0466984)
(0.0144712,0.0375009)
(0.00340264,-0.0335854)
(-0.0640605,0.0579752)
(-0.0187848,0.065923)
(-0.104491,0.022208)
(-0.0601954,-0.0207289)
(-0.107148,0.0572806)
(-0.108392,0.0938426)
(0.290618,-0.0736106)
(0.375851,0.0207721)
(0.358179,-0.0761979)
(0.428118,-0.104116)
(0.0403376,0.0179015)
(0.0588635,0.0487025)
(0.0175822,0.0171618)
(-0.0497242,0.00119505)
(0.0619048,0.0166117)
(0.108494,-0.15537)
(0.0824927,-0.157476)
(0.185231,-0.0419509)
(0.233934,-0.0435337)
(-0.0653155,-0.0729734)
(-0.0871918,0.0369209)
(0.0790492,-0.049431)
(0.10326,-0.0398497)
(0.20426,0.00389277)
(0.221638,0.0231962)
(0.178854,-0.0312298)
(0.148993,-0.0210718)
(0.0394526,-0.0312258)
(0.0104703,0.00677233)
(-0.0587673,0.0425155)
(-0.0816153,0.0712171)
(0.173143,-0.0707307)
(0.00741103,-0.0371321)
(0.100638,0.00128725)
(0.0165904,0.0260186)
(0.0482284,-0.0349185)
(-0.10697,0.174417)
(0.021157,0.0694793)
(0.0258973,0.0043962)
(0.046486,0.0627877)
(0.135049,0.0330207)
(0.351297,0.153819)
(0.082813,-0.0645624)
(0.341585,-0.0429293)
(-0.0229235,0.0624558)
(0.180669,0.0397561)
(0.265724,-0.0220908)
(0.0699509,-0.0100849)
(0.0774002,0.000545108)
(-0.143812,-0.0548111)
(-0.120257,-0.0904621)
(-0.0984993,0.290946)
(-0.071316,0.249979)
(-0.0404357,0.0119746)
(-0.0123624,-0.213021)
(-0.0111035,-0.0356769)
(-0.0201516,-0.0714321)
(0.531359,-0.0276006)
(0.0261233,0.0161496)
(0.0189561,-0.0167281)
(0.245333,-0.0232171)
(-0.147268,-0.0796015)
(0.00631635,-0.0206848)
(-0.0534251,-0.0734398)
(-0.0868184,-0.044727)
(0.242354,-0.00968626)
(0.28844,-0.0580801)
(0.255597,0.0564943)
(0.393773,0.113428)
(0.0374754,0.0449974)
(-0.211521,-0.131858)
(-0.11972,-0.164692)
(0.156012,-0.231333)
(0.109559,-0.0423969)
(0.0260463,0.0259134)
(0.0942129,-0.103318)
(0.170548,-0.0919596)
(0.0909547,-0.13229)
(0.142329,-0.106316)
(-0.0263935,-0.0547626)
(-0.0845559,0.0099323)
(0.0460803,0.000566514)
(-0.0550471,-0.0572066)
(0.00695362,-0.0573945)
(-0.0810582,0.0146792)
(0.0609287,-0.0456234)
(-0.0921414,0.0588527)
(-0.0648782,0.0361122)
(0.0470337,0.0412833)
(0.0545486,0.0239348)
(0.118353,-0.172001)
(0.0332363,-0.0673745)
(0.00407459,-0.0291537)
(0.0993994,-0.146303)
(0.0438005,-0.0815061)
(0.0895695,-0.0693342)
(-0.0205188,0.0115887)
(-0.0421549,-0.017539)
(0.492592,-0.134258)
(0.00271827,0.0380302)
(0.258327,-0.0650433)
(0.0392829,0.00497241)
(0.117256,-0.0380655)
(-0.0610847,-0.0765693)
(0.0716104,0.0392888)
(0.0879518,-0.0308149)
(-0.0371859,-0.0177859)
(-0.143846,-0.0411605)
(-0.0946649,-0.0101304)
(0.265845,-0.216496)
(-0.0983443,0.00434889)
(-0.059574,-0.0165299)
(-0.0713524,0.0752555)
(-0.0436056,-0.00924304)
(-0.047944,-0.0441718)
(-0.0335223,-0.0146634)
(-0.0230383,-0.0211372)
(-0.015087,0.0275173)
(0.0181907,-0.0355229)
(0.00549306,0.00579333)
(0.0410869,-0.122695)
(-0.139319,0.00337255)
(0.0750632,-0.0133754)
(0.031977,-0.0642672)
(-0.0598724,-0.134229)
(-0.0472672,-0.00658553)
(-0.067589,-0.149917)
(-0.215833,0.0635861)
(0.118364,-0.0307726)
(-0.0616576,-0.0534942)
(0.0521279,0.0278605)
(0.0219006,-0.0115028)
(0.10666,0.0802572)
(-0.010305,0.0133476)
(-0.0543668,0.0641564)
(-0.133176,-0.0779889)
(0.0852592,0.0608507)
(0.0773148,0.12039)
(0.00147629,0.13332)
(-0.180611,-0.0562526)
(-0.00815401,-0.0138641)
(0.116645,-0.0582256)
(0.059453,-0.0184067)
(0.0595175,-0.00649518)
(-0.000978012,-0.0605648)
(0.0603537,-0.0497311)
(-0.11271,-0.0861941)
(-0.00752194,0.056843)
(-0.020232,0.148794)
(-0.0280043,0.0714864)
(-0.0586104,-0.0748112)
(-0.11439,-0.0743633)
(0.0273354,-0.0443998)
(0.189766,-0.0331135)
(-0.138138,-0.0025385)
(-0.0656046,-0.0853317)
(-0.0779844,-0.0448038)
(0.0152832,0.0514873)
(0.00730581,0.000284237)
(-0.0225085,-0.0808876)
(0.00886302,0.0166399)
(0.00950653,-0.0151613)
(0.147928,-0.114345)
(0.126565,-0.0573095)
(0.0713998,-0.168507)
(-0.159073,0.116369)
(-0.0580078,0.168486)
(0.0207538,0.0114188)
(0.0715092,-0.00172424)
(0.281871,-0.0331798)
(0.240067,-0.0362285)
(0.0297771,-0.0159411)
(0.110719,0.0340602)
(0.11968,0.00940722)
(0.0508112,0.00990471)
(0.345301,-0.117849)
(0.0290586,-0.0123234)
(0.114685,0.00681765)
(0.0787304,0.0113074)
(0.0619173,0.00535711)
(0.188458,0.0052167)
(0.108042,-0.0727164)
(-0.00475597,0.0483278)
(0.257652,-0.206694)
(0.361755,-0.0432694)
(0.394254,-0.0652674)
(-0.0188786,0.122838)
(0.0190293,-0.210288)
(0.132406,-0.0264866)
(0.175139,0.000718534)
(0.0965583,-0.00292197)
(0.0410104,-0.0113362)
(-0.0155026,0.0522301)
(-0.0237114,-0.195993)
(0.131051,-0.0721023)
(0.0490682,-0.177163)
(-0.0769718,0.0556868)
(0.00628387,0.0278251)
(0.044061,0.0148862)
(0.156945,-0.125809)
(0.308591,-0.0314108)
(-0.0799281,-0.0544204)
(-0.051793,0.0232591)
(-0.0512131,-0.0347219)
(-0.0242376,-0.00977224)
(0.0655955,0.0621561)
(0.0791508,0.0831333)
(0.0286264,0.163904)
(0.284196,-0.0189729)
(0.194052,-0.17301)
(-0.0151366,0.0615994)
(-0.0229692,0.113115)
(-0.0347931,0.0673411)
(-0.0119436,-0.0252311)
(-0.0218594,0.0308619)
(0.0604605,0.0767748)
(0.0302399,0.0858816)
(-0.0175342,-0.0959805)
(-0.155001,0.00099127)
(-0.129074,0.0440077)
(0.00902285,-0.0215896)
(-0.10305,0.0663353)
(0.0140744,-0.00995908)
(0.0953055,-0.116799)
(0.0979599,-0.106517)
(0.0346992,-0.0215708)
(0.0572727,-0.0352729)
(0.0265817,0.00103686)
(-0.141352,0.064352)
(-0.0870008,0.0484483)
(-0.0279249,-0.0105502)
(-0.155416,0.0833259)
(0.0172013,0.0520163)
(0.00958262,0.0143009)
(0.0569946,0.0157312)
(-0.204846,-0.0287471)
(-0.0508642,-0.0365097)
(0.27882,0.0272642)
(-0.132986,0.0301426)
(0.0667835,-0.114049)
(0.00198659,-0.0194555)
(-0.128703,0.0452667)
(0.0516871,0.00178472)
(-0.102402,0.0698399)
(-0.223766,0.0780903)
(0.104825,-0.0637958)
(-0.0344716,-0.113025)
(-0.0914957,0.00643209)
(0.134229,0.114398)
(-0.0794076,-0.0120547)
(0.130661,0.0238575)
(0.135026,-0.0287973)
(-0.0620976,-0.0321175)
(-0.0245792,0.0486215)
(0.0929906,-0.0542565)
(0.105702,-0.0288754)
(0.184681,-0.0640353)
(-0.00954904,-0.056553)
(0.114628,-0.00266008)
(0.0974241,-0.0398418)
(0.0654287,0.137611)
(-0.0183517,-0.0827489)
(0.059606,0.0936965)
(0.0748952,0.076846)
(0.0460613,-0.0722035)
(0.137061,-0.0417146)
(-0.0929104,-0.0317885)
(0.0974946,-0.0762086)
(0.00103429,-0.0640699)
(0.0347374,0.0501507)
(-0.0409727,-0.0568546)
(0.0735884,-0.0172597)
(-0.0253781,-0.0696101)
(-0.190442,-0.0743837)
(0.148738,-0.0679751)
(0.0145011,-0.00342558)
(0.0247527,-0.0702389)
(-0.0481426,-0.0965956)
(-0.123463,-0.0346146)
(-0.0924516,-0.152223)
(0.0210985,0.0851931)
(0.15098,-0.012612)
(0.00136171,0.0686674)
(0.246779,-0.175543)
(0.0258081,0.136024)
(0.0191811,0.0346804)
(0.0160461,0.0531993)
(0.142444,-0.0889806)
(-0.013452,-0.0379434)
(0.0314511,0.0562931)
(0.0949617,0.00420306)
(0.021532,-0.00489642)
(0.137513,-0.0445493)
(0.0531992,-0.155433)
(0.0305981,0.00630671)
(-0.119445,0.139656)
(0.0182115,-0.0229053)
(0.00483166,-0.047926)
(-0.0985552,0.169774)
(0.0116238,0.0628576)
(-0.0555419,0.104711)
(0.104416,-0.0585298)
(0.254616,0.0201535)
(-0.0975121,0.0922211)
(0.440606,-0.0812145)
(-0.0672832,-0.0239926)
(-0.151066,-0.0575616)
(-0.102594,-0.0489039)
(-0.0500225,-0.0515113)
(0.150689,-0.0457781)
(0.0809702,0.024142)
(-0.0801028,-0.091663)
(0.00613631,-0.0226353)
(-0.0246107,-0.094033)
(0.0217352,0.0144383)
(0.286219,-0.0149995)
(0.0570934,-0.0240057)
(0.0516041,-0.0479971)
(-0.0115969,0.0461324)
(0.0233472,-0.0103799)
(-0.0387995,-0.0710654)
(0.316889,0.00559909)
(0.0229848,0.0296024)
(0.0494877,0.00925773)
(0.444806,0.0207377)
(0.0635539,-0.0958449)
(0.0582569,0.0872035)
(-0.0151096,0.152273)
(-0.00800054,0.0522592)
(0.195456,-0.0268848)
(0.324279,-0.0457487)
(0.391693,-0.121812)
(0.356183,-0.0381982)
(-0.0136458,0.0434314)
(-0.0653522,0.0510307)
(-0.0108588,0.0546345)
(-0.0274474,0.0145672)
(-0.00354284,-0.0983469)
(0.0266488,-0.046859)
(0.0259277,-0.0431377)
(-0.0442089,0.000787313)
(-0.103381,-0.0451292)
(-0.0539129,0.00608118)
(0.0211068,0.00171427)
(0.0502739,-0.0318666)
(0.097668,-0.0266321)
(0.0423719,-0.0186767)
(0.109388,-0.0343885)
(0.0388316,0.137316)
(0.0369343,0.0558479)
(0.0428401,0.0385266)
(-0.0924212,0.0197786)
(0.0201734,0.0427671)
(0.00583966,0.196742)
(0.047444,0.0308027)
(0.0440963,0.219762)
(-0.00504659,-0.0146894)
(0.0156853,-0.00293026)
(-0.0127498,0.0544247)
(0.0689019,0.0304497)
(-0.0253572,0.0238112)
(-0.0526155,0.0327144)
(0.00991815,0.0292988)
(0.0675935,0.0230356)
(0.00083237,0.0483357)
(0.129335,-0.00127598)
(0.230688,-0.227162)
(0.0991443,0.0160605)
(0.306094,0.0106068)
(0.172043,-0.0254485)
(-0.0532071,-0.110737)
(0.0986319,0.000531272)
(-0.0672397,0.0496202)
(0.0421114,-0.0288768)
(0.0311147,0.0549679)
(-0.0138043,-0.0267964)
(0.0763958,0.0483828)
(0.0841555,0.0321981)
(0.0178387,-0.00801056)
(-0.134098,-0.014553)
(-0.00239222,0.0366182)
(-0.111144,0.00874194)
(-0.0563185,0.0177923)
(-0.0475589,-0.0495148)
(-0.0233255,-0.0191413)
(0.128009,-0.019542)
(0.160526,-0.0207074)
(0.139253,0.00134275)
(0.282366,0.0197552)
(0.050299,-0.03625)
(0.0531807,-0.112169)
(0.0227377,-0.0203583)
(-0.016519,-0.0170466)
(0.0192587,-0.0110729)
(0.0342357,-0.017041)
(0.258314,-0.150588)
(0.181842,-0.000109133)
(0.0480745,-0.00656434)
(0.00140347,0.0582551)
(0.00410804,-0.0373475)
(0.167368,0.0230678)
(0.0534697,-0.119702)
(0.049551,-0.0769624)
(-0.320224,-0.0804635)
(0.0336747,-0.0058074)
(0.0881462,-0.0460657)
(0.0590422,-0.032438)
(-0.00997159,-0.0724355)
(0.355746,0.0246816)
(0.116348,-0.0225758)
(-0.0829519,-0.0624972)
(-0.0398437,-0.00353752)
(-0.0864235,0.0170832)
(-0.0570578,-0.00121329)
(-0.0503941,-0.00134968)
(-0.0554875,0.0180314)
(-0.121019,0.0600304)
(0.0613209,-0.019587)
(0.00929335,0.0495485)
(0.205754,0.0432788)
(-0.0613361,0.0800465)
(-0.147314,0.0137863)
(-0.0802816,0.0790253)
(0.197874,-0.249349)
(0.102885,-0.202553)
(-0.0100441,0.0794792)
(-0.0351938,0.052531)
(0.223859,-0.0902951)
(0.0254264,0.0386276)
(0.101085,-0.00125858)
(0.0375818,0.0747708)
(0.0826033,-0.0154104)
(0.0642375,-0.0110898)
(-0.0428111,0.00263605)
(-0.00859895,-0.0168974)
(0.120841,-0.0770047)
(0.376972,-0.271148)
(0.0218555,-0.0525258)
(0.0249568,-0.0244198)
(0.0105226,-0.00720359)
(0.0652588,0.00972785)
(0.0944978,0.0146128)
(0.102496,-0.0492212)
(5.20063e-05,-0.0478651)
(0.129077,-0.012769)
(0.0694526,0.0155826)
(-0.00701395,-0.0242622)
(0.125992,-0.197603)
(0.00265366,0.0822117)
(0.0839209,0.0356427)
(0.0733346,-0.00218898)
(-0.0189292,-0.00892621)
(0.0120742,0.0192616)
(0.0558335,-0.00497914)
(-0.0242618,0.0470245)
(-0.150406,-0.180507)
(-0.00437744,-0.0172637)
(0.0387009,-0.0358342)
(0.114658,-0.00792045)
(0.117741,-0.119675)
(-0.00422734,-0.119473)
(0.0991465,-0.0262655)
(0.0554158,-0.0104826)
(0.140683,-0.105221)
(0.151388,-0.111603)
(-0.0108868,0.0702875)
(0.0433456,0.0353142)
(0.0323046,0.0226004)
(-0.0275166,-0.0829663)
(0.0995907,-0.0476825)
(-0.108485,-0.102231)
(0.0725173,-0.0178041)
(0.0520428,-0.0641639)
(0.318834,0.0244912)
(0.089316,-0.0638242)
(-0.0511028,-0.158631)
(0.10705,-0.221607)
(-0.148783,-0.0094615)
(-0.027823,-0.0271645)
(-0.00296738,0.020171)
(-0.0644708,-0.0125216)
(-0.0221239,0.0602591)
(0.0150953,0.0978607)
(-0.0388571,-0.00652258)
(0.00321584,-0.00688399)
(0.0743312,-0.0314658)
(0.0600382,-0.0259478)
(0.00630327,-0.079868)
(-0.0546371,-0.192286)
(0.0556558,-0.131716)
(-0.0132898,-0.0920661)
(-0.162344,-0.0421487)
(-0.0996123,-0.133764)
(-0.00855811,0.0108226)
(-0.0466304,-0.0627531)
(0.0302236,-0.00466188)
(-0.0219688,-0.0193025)
(0.0640927,-0.0921581)
(-0.0235352,0.110227)
(0.0155242,-0.00395205)
(-0.0533135,0.145492)
(-0.088245,0.199023)
(-0.117179,-0.00870277)
(0.0304126,-0.134872)
(0.0294577,0.0479375)
(0.00157757,-0.000817679)
(0.0419507,0.0948401)
(0.0157292,-0.0234904)
(0.00643386,-0.0590862)
(-0.105959,0.0052633)
(-0.0474986,0.0546742)
(0.0711563,-0.0263842)
(-0.0943931,0.0305321)
(-0.0631746,0.0734871)
(0.240148,-0.0972234)
(0.149738,-0.0478004)
(-0.116966,0.00735464)
(0.0451064,0.0628323)
(0.00901221,-0.0489012)
(-0.134876,0.0153577)
(-0.0907747,0.0303635)
(-0.0414225,-0.0689289)
(-0.0141881,-0.00592684)
(-0.034725,0.0390211)
(0.0487048,0.0350581)
(0.058945,0.0594097)
(0.0359852,-0.0517674)
(0.290181,-0.163059)
(0.0553074,0.0146206)
(0.0637204,-0.0134011)
(0.0178075,0.0263182)
(0.0726568,0.0648826)
(-0.0218471,-0.0702168)
(-0.0500173,0.0610088)
(-0.00327097,-0.0230927)
(0.00483273,-0.0616194)
(0.0490501,0.000729074)
(0.0574007,-0.0490449)
(-0.0105755,-0.0342349)
(-0.0233144,0.0169931)
(0.00298272,0.0393165)
(0.078588,-0.0393597)
(0.0835036,0.0398483)
(-0.0783333,0.128322)
(0.0678504,0.00706245)
(0.0648259,-0.0241933)
(0.0972735,0.0942103)
(0.102702,0.0710219)
(0.0300572,-0.133758)
(-0.0639992,-0.0834372)
(-0.0136328,0.0852171)
(0.0654418,0.0361523)
(0.303555,-0.26162)
(0.327686,-0.127197)
(-0.00418562,-0.0886176)
(0.257112,-0.0578706)
(-0.0227034,0.0686302)
(0.306664,-0.211986)
(0.127718,-0.267165)
(-0.0136673,-0.176356)
(0.320161,-0.214034)
(0.103796,0.152291)
(0.154437,0.0522521)
(0.0220511,-0.00767488)
(-0.183014,0.12425)
(0.0384613,-0.047731)
(0.00420021,-0.0296493)
(0.141537,0.0232739)
(-0.0990812,-0.00223586)
(-0.0819958,0.0242769)
(-0.0695863,0.00151577)
(-0.0244984,0.0393455)
(0.123988,-0.0176669)
(0.0445875,0.0227792)
(0.087838,-0.0441231)
(0.0383403,-0.0257275)
(0.0522569,-0.150402)
(-0.075339,-0.106676)
(-0.0370948,-0.0353591)
(-0.00516638,0.0398243)
(0.0181488,-0.00798695)
(0.0207957,-0.101442)
(0.0261197,0.090484)
(0.110657,0.00695231)
(-0.0325151,-0.0668456)
(0.100296,0.00127468)
(-0.00812419,0.043065)
(0.0956299,-0.0181781)
(-0.00438908,0.0204446)
(0.0465669,0.0022327)
(-0.023877,0.0277352)
(0.0990002,0.0259343)
(0.137445,-0.0559372)
(0.0639992,0.00329254)
(-0.0425628,-0.0437173)
(0.00153977,-0.017983)
(-0.0353508,0.0261973)
(0.00014869,0.0214171)
(-0.0492438,0.073418)
(0.124854,-0.028017)
(0.31917,-0.0848952)
(0.0350298,0.034686)
(0.0155685,-0.0744253)
(-0.00409967,0.0240433)
(0.0372501,-0.00508996)
(-0.00828726,0.0366244)
(0.0485401,0.0203474)
(0.427584,-0.194847)
(0.57332,-0.29618)
(0.258548,-0.12895)
(0.0249606,0.0616523)
(0.301614,-0.126004)
(0.0813573,0.0459668)
(0.0148441,-0.0559172)
(-0.00317734,-0.0433036)
(-0.0472007,-0.0743614)
(0.265222,-0.177691)
(-0.105218,-0.0721709)
(-0.130257,0.0535572)
(-0.153006,0.030748)
(0.135417,-0.233271)
(0.0631706,-0.0140737)
(-0.0296643,0.00948355)
(0.241518,-0.129571)
(0.130086,0.000857963)
(-0.2095,0.0405201)
(-0.145418,-0.0582521)
(-0.132826,0.0163939)
(-0.0290804,-0.0268584)
(-0.144763,0.0444442)
(0.0315845,-0.0602178)
(-0.0881527,0.00826078)
(0.196107,-0.0377564)
(0.18745,-0.0502479)
(0.0304251,0.0558304)
(0.116224,0.161597)
(0.03876,0.0780827)
(-0.0078306,0.0613878)
(0.0435028,0.121825)
(0.0725132,0.0984128)
(-0.00353687,0.0137249)
(0.0269162,-0.0017025)
(0.0251515,0.00247319)
(0.011692,-0.0654576)
(-0.0257707,0.0127517)
(-0.00982486,0.0126248)
(0.0164254,0.0187893)
(-0.0148604,0.00419982)
(0.0189428,-0.0188415)
(0.0591536,-0.0256788)
(0.122818,-0.0385176)
(-0.00457937,-0.15882)
(0.045658,0.0107655)
(-0.052489,-0.0669892)
(0.049187,-0.073009)
(-0.0153373,0.00613017)
(0.00799766,-0.135589)
(-0.123129,-0.0203459)
(0.0550976,-0.053442)
(0.0432407,0.0534563)
(0.0379323,0.0902041)
(0.0114416,0.0841108)
(0.0881865,0.0270766)
(0.00702742,-0.01872)
(0.0588869,0.0781273)
(-0.134447,0.014904)
(0.0478638,0.0176248)
(-0.0542894,0.0694768)
(-0.0499359,-0.0298607)
(0.0429503,0.00338711)
(0.0684843,-0.00351216)
(0.140549,0.0545215)
(0.0550903,-0.0440565)
(0.0813949,-0.025714)
(0.0870807,-0.165451)
(-0.0494213,0.108948)
(0.00870599,0.00345316)
(0.124211,-0.0836561)
(-0.0201018,-0.0639623)
(0.105918,-0.0637567)
(0.0581717,-0.0163268)
(0.0569697,0.0529885)
(0.0298926,-0.0223006)
(-0.00194347,-0.0805823)
(-0.0508302,0.0218838)
(-0.0125134,-0.0515878)
(-0.00399251,-0.0605581)
(-0.0471891,-0.0811582)
(-0.0400697,-0.0201352)
(0.083657,-0.00326686)
(0.113748,0.0428066)
(-0.0161183,0.0242468)
(-0.102212,0.0498701)
(0.0494587,-0.0183813)
(0.0571834,0.00789155)
(-0.0661924,-0.044647)
(0.133188,-0.113468)
(0.00507007,0.151948)
(0.391115,0.0618213)
(0.0445039,-0.0721372)
(-0.0362775,-0.0757114)
(0.133548,-0.0526003)
(-0.0192034,-0.0141474)
(-0.106476,0.0907025)
(-0.0372302,-0.00653961)
(0.0397583,-0.101091)
(-0.0992806,-0.0349935)
(0.572452,-0.0433239)
(0.0419244,0.0210474)
(-0.0104176,-0.0563775)
(-0.00742382,0.10921)
(0.449384,0.0214047)
(0.0944211,0.0182466)
(0.137815,0.00181923)
(0.04782,-0.0189314)
(0.105806,0.0195329)
(0.158515,0.00504672)
(-0.00783668,0.128107)
(0.0526095,-0.0832841)
(0.200939,-0.173824)
(0.145638,-0.142928)
(-0.0882658,0.0316999)
(0.0341092,0.00748659)
(-0.00471906,-0.105079)
(0.0600626,0.0661271)
(-0.00467147,-0.134167)
(0.160003,-0.0308751)
(0.01157,-0.0252167)
(0.0273696,-0.132584)
(-0.129553,0.0159782)
(0.00922484,-0.0484963)
(-0.0313017,-0.045329)
(0.0160101,-0.0586205)
(0.363377,0.00121642)
(0.100103,-0.00227609)
(0.046038,0.00448901)
(-0.0117806,0.0450329)
(0.00358997,-0.0647585)
(0.109609,0.00543817)
(-0.1286,0.0643854)
(-0.0430288,-0.107736)
(0.0823506,-0.112762)
(0.097421,-0.185935)
(0.120033,-0.0125908)
(-0.0478816,-0.0242238)
(0.0416305,0.111146)
(0.0952299,-0.269877)
(0.246299,-0.150114)
(-0.0117593,-0.0014389)
(0.088618,0.00555466)
(0.107108,-0.0792088)
(-0.0327862,0.0264222)
(0.0483426,0.0498172)
(0.175019,-0.127224)
(-0.0190067,0.0426259)
(0.125226,0.0293376)
(0.172448,-0.178578)
(-0.183701,-0.0980302)
(0.00213231,-0.0133576)
(0.0546113,-0.0277562)
(0.0165249,-0.074367)
(-0.0251315,0.117604)
(0.00752693,-0.0865232)
(-0.124579,-0.0520146)
(-0.0205521,-0.0779125)
(-0.0860693,-0.102468)
(-0.00945361,0.00167359)
(0.0709724,-0.0104648)
(-0.0970233,-0.039137)
(0.0755182,0.0398575)
(0.13228,0.00286653)
(0.109301,0.0574323)
(-0.0809137,0.0658735)
(0.0501977,0.0075529)
(-0.0253459,0.0412015)
(-0.00626555,0.0499372)
(-0.0683817,-0.0131034)
(0.0181997,0.0296642)
(0.00171106,0.115317)
(0.285453,0.0415023)
(0.079622,-0.0566124)
(0.010189,0.0537979)
(-0.0272742,-0.0446547)
(0.167718,-0.0011412)
(0.0284446,-0.0073025)
(0.486012,0.101313)
(-0.0274378,0.0161495)
(0.368814,0.0266607)
(0.126724,-0.0531223)
(-0.0258238,-0.0656924)
(0.189381,-0.155)
(0.0734586,-0.0271218)
(0.00947372,-0.122359)
(0.0895501,0.126524)
(0.0412605,0.00271559)
(0.028044,-0.0186308)
(0.019509,-0.0200784)
(0.0450172,-0.0903976)
(0.0748313,-0.24878)
(0.0765209,0.0519367)
(-0.0184867,-0.25073)
(0.0473321,0.0074494)
(0.0788966,0.0219949)
(0.0335152,-0.224945)
(-0.128337,0.0889397)
(0.30572,-0.341046)
(0.0252482,0.0805847)
(0.0491915,-0.044243)
(0.275416,0.0274918)
(0.0326116,0.0516345)
(-0.12055,0.104206)
(0.0275649,0.0189742)
(0.303767,-0.126145)
(-0.0259637,-0.00961591)
(-0.00917091,0.0303948)
(0.0656508,-0.0547268)
(-0.0360588,0.0419606)
(-0.0847258,0.0494691)
(0.129569,-0.200583)
(0.0199889,-0.0224817)
(0.00252038,0.0067653)
(-0.0677679,0.0253867)
(0.0120538,-0.0678514)
(0.0519429,-0.0388144)
(0.108063,-0.0809999)
(0.102604,-0.0167047)
(0.0804052,-0.0397677)
(0.0390699,-0.141222)
(-0.00437641,-0.060413)
(-0.0315501,-0.000125377)
(0.0106271,0.00675848)
(-0.104171,-0.0322137)
(-0.0998025,-0.0358022)
(-0.0103147,-0.0381685)
(-1.36069e-05,0.0831888)
(-0.0367989,-0.00328355)
(-0.0932934,0.0369978)
(-0.00141431,0.0587081)
(-0.0717016,0.0524572)
(-0.000614106,0.00508762)
(0.196509,0.0140345)
(0.0578779,-0.111794)
(-0.00462694,0.0567259)
(0.029052,-0.00293516)
(0.0215513,-0.0151319)
(0.117873,0.0321856)
(-0.0265306,0.177719)
(0.0524818,0.0140436)
(0.0629319,0.0505681)
(-0.0539951,-0.0115412)
(0.0629533,-0.0194518)
(0.0183903,0.0497208)
(0.111295,-0.05413)
(-0.0692787,0.0971287)
(0.0770829,-0.014685)
(0.135981,-0.0616778)
(0.0655718,0.0567444)
(0.00627406,0.090354)
(0.0241383,0.0143745)
(0.0353462,0.0442661)
(0.394595,-0.0379197)
(0.0346644,0.0430732)
(0.023266,-0.0486909)
(0.177482,0.0737384)
(0.358738,-0.176387)
(0.0865584,0.167698)
(0.179565,0.0721143)
(0.188333,0.133854)
(-0.016137,0.055736)
(-0.0474864,-0.0588612)
(0.0243431,0.0332722)
(-0.0533617,0.0242941)
(0.0578841,-0.0417625)
(-5.63512e-05,-0.0345937)
(-0.00140482,-0.0467163)
(0.0479243,-0.00949932)
(0.168757,-7.47343e-05)
(0.0780459,-0.00911132)
(-0.0226554,-0.0546366)
(-0.0206108,-0.000667766)
(0.0391304,-0.00881441)
(0.0407221,-0.0261523)
(-0.0498612,-0.206712)
(-0.0597766,0.011263)
(0.0796223,-0.0798424)
(0.014628,-0.0917908)
(-0.0525896,-0.134364)
(0.224406,-0.0465703)
(0.0985618,-0.111795)
(0.0781629,-0.0496566)
(0.0381531,-0.0881435)
(0.0663326,-0.0112966)
(0.0348508,0.00818226)
(0.0522387,0.087285)
(0.0319537,-0.0219474)
(0.0646442,-0.00444577)
(0.101269,0.016003)
(0.126353,0.0553391)
(0.00470325,-0.0303299)
(-0.00837634,-0.0141531)
(0.289332,-0.0135616)
(0.30239,-0.154412)
(0.0369959,0.0830891)
(-0.00888329,0.189715)
(0.159148,0.140599)
(0.0881283,-0.0691529)
(0.128032,-0.0190186)
(0.0936367,0.00112493)
(0.10848,-0.137138)
(0.20291,-0.113197)
(0.029427,-0.216855)
(0.0597087,0.0506441)
(0.0556052,-0.0565761)
(0.128264,-0.0295015)
(-0.00103513,-0.0949306)
(0.0128232,0.0876665)
(0.0639822,-0.0012361)
(0.206352,-0.175772)
(0.09203,-0.046824)
(-0.0523042,-0.0306996)
(0.0488476,-0.0430937)
(0.420853,-0.194481)
(0.0542084,-0.0770017)
(0.101167,-0.0258884)
(0.0965268,-0.179335)
(0.126724,-0.022201)
(0.101588,0.0451596)
(0.0657061,0.0582396)
(0.00739423,0.0591264)
(-0.0251692,0.0354362)
(-0.00156102,0.177214)
(0.1017,-0.0398193)
(0.118485,0.000601069)
(0.131688,0.0994327)
(-0.0532939,0.0273165)
(0.1606,0.154047)
(0.119591,-0.0816494)
(-0.135647,-0.0266099)
(0.106721,-0.132932)
(0.251311,-0.150861)
(0.115087,-0.0689218)
(0.2421,-0.195935)
(-0.0260474,0.0628817)
(0.0360831,0.0124419)
(0.0110493,0.0700093)
(0.124473,-0.160615)
(-0.0598072,0.0316234)
(-0.01301,-0.0485939)
(0.0379702,0.0173631)
(0.223224,-0.135073)
(0.069732,0.0648446)
(-0.0370141,-0.00511862)
(-0.0159278,0.0353502)
(-0.00683473,-0.00227632)
(0.139447,-0.0509634)
(0.348762,-0.139702)
(0.103434,0.0752712)
(0.035992,-0.0423257)
(-0.0213375,-0.00637616)
(-0.0836125,0.0528314)
(0.0200269,-0.0258713)
(0.0244897,-0.00558144)
(0.167965,-0.0462217)
(0.0652144,-0.0633711)
(0.407329,-0.177666)
(-0.0363917,-0.017803)
(0.27978,-0.116121)
(0.0990342,-0.0820183)
(0.0537322,-0.102351)
(-0.00905883,-0.0338736)
(-0.0358498,0.0204171)
(0.0104691,0.0335473)
(-0.0484465,0.00624288)
(-0.0668681,-0.0329933)
(0.116154,-0.0385672)
(0.0169569,0.103254)
(0.0245091,-0.0456322)
(0.0967495,0.0339074)
(0.054766,0.0534954)
(0.235104,-0.0673334)
(0.247674,-0.119304)
(0.0182138,0.0713655)
(0.102808,-0.0820373)
(0.013871,-0.0393828)
(0.133578,-0.0993903)
(-0.0341952,0.166588)
(0.0525968,0.087008)
(-0.0177522,0.00705575)
(0.00781848,0.0132108)
(0.0265529,0.00961676)
(0.141924,-0.0616104)
(0.0925998,0.0642855)
(0.0377036,0.0230977)
(0.0120653,0.00778496)
(0.0162052,0.027322)
(0.279152,-0.0659493)
(-0.102552,-0.00799432)
(0.049619,-0.00690705)
(-0.0362305,-0.012291)
(0.0458316,-0.0520424)
(-0.0426217,0.0201084)
(0.310053,-0.083262)
(0.352735,-0.202739)
(0.272934,0.0801687)
(0.134656,-0.100205)
(0.0666511,0.0863696)
(0.340756,-0.200693)
(0.146345,-0.0613504)
(0.084523,-0.0702974)
(-0.17457,-0.0501114)
(0.00978824,-0.00831096)
(0.0149122,-0.17366)
(-0.00783979,-0.103922)
(0.115067,0.0360149)
(0.0399738,-0.129752)
(0.143897,-0.162586)
(0.127866,-0.269293)
(0.0562751,-0.115855)
(0.169907,-0.106589)
(0.535174,-0.117308)
(-0.0880707,-0.0732137)
(0.241788,-0.0468836)
(-0.145248,-0.0724767)
(0.148446,-0.144919)
(-0.00206645,-0.116726)
(-0.343103,-0.000302315)
(0.0822663,0.0733071)
(0.0487075,-0.00756737)
(-0.00960654,0.0926166)
(0.203377,0.225249)
(-0.0161971,0.061849)
(-0.0184287,-0.0456762)
(0.0535586,0.0410567)
(0.404927,0.135448)
(0.0288534,-0.113899)
(0.0129775,0.1134)
(0.421993,0.0598671)
(0.345292,-0.144156)
(0.192881,-0.0848957)
(0.0954701,-0.101327)
(0.131015,-0.0146191)
(0.203366,-0.152965)
(0.147016,-0.0394848)
(-0.0121132,0.0200698)
(0.116154,-0.00217676)
(0.312355,-0.040933)
(0.373348,-0.229746)
(0.453591,-0.0288929)
(0.492216,0.0541464)
(0.159535,-0.0234119)
(-0.0128288,-0.0302898)
(0.216934,-0.0111558)
(0.0718365,-0.041652)
(0.216223,-0.118382)
(-0.0553146,0.0442891)
(-0.137035,-0.0139863)
(0.155544,-0.0670281)
(0.254133,-0.117375)
(0.21793,-0.0944313)
(0.156281,-0.0769763)
(0.23321,-0.134823)
(-0.0314334,-0.00401984)
(0.329789,-0.188034)
(-0.0314009,0.0151509)
(0.0172694,-0.0721705)
(0.00245709,-0.0311057)
(-0.0211727,-0.0632953)
(0.0416612,0.108358)
(0.0643059,-0.0413138)
(-0.0421499,-0.0628336)
(0.104933,0.0145156)
(0.0839456,-0.0895738)
(0.0923265,0.0642547)
(0.0791394,0.0347147)
(0.291037,-0.093574)
(0.209725,-0.0918717)
(0.277667,-0.105452)
(-0.0494548,0.0396054)
(0.0538594,-0.0412502)
(0.178647,-0.0690121)
(0.172507,-0.0435121)
(0.129646,0.0041329)
(0.0258605,-0.0641064)
(0.351635,-0.114247)
(0.135384,-0.177134)
(0.423007,-0.131964)
(0.0954204,0.0307034)
(0.401362,-0.0488052)
(0.218851,-0.196471)
(-0.0268991,-0.0152538)
(0.0776712,-0.0220995)
(0.0728429,-0.0181791)
(-0.0938911,0.00643323)
(0.00136766,-0.0568478)
(0.0987084,-0.025039)
(0.0504526,0.0267355)
(0.190314,-0.0765478)
(0.265738,-0.106459)
(0.0973258,0.0366594)
(0.233266,-0.0825487)
(0.00945019,0.127832)
(0.252172,-0.0751658)
(0.175016,-0.0978821)
(0.0184255,0.0646295)
(0.243278,-0.0219526)
(0.117891,0.0124474)
(-0.0558725,0.105932)
(0.476093,-0.318866)
(-0.00823401,0.0519667)
(0.312376,-0.250563)
(-0.0239917,-0.0152482)
(0.366034,-0.27306)
(-0.0538456,0.0549313)
(0.435878,-0.244117)
(0.00847795,0.0338742)
(0.00312191,0.021531)
(-0.0636864,-0.0309774)
(0.0498612,0.00586209)
(0.15203,0.0908373)
(1.61021e-05,-0.0650403)
(0.30302,-0.0482879)
(0.133891,0.0904892)
(0.0266546,0.0457799)
(0.474818,-0.124501)
(0.427293,-0.00124075)
(0.360629,-0.0546573)
(0.0229491,-0.00234862)
(0.300362,-0.0365489)
(0.105922,0.148982)
(0.0719024,0.103569)
(0.0278888,0.0583758)
(-0.0635967,-0.0118714)
(0.101736,0.117112)
(-0.124513,0.0373783)
(0.022386,0.0395297)
(0.32997,0.0194583)
(0.0368309,0.0098957)
(0.349934,-0.243149)
(0.279735,-0.0562076)
(0.365487,-0.0758135)
(0.043346,-0.0200719)
(0.0248561,0.0894286)
(-0.0163148,-0.0125662)
(0.361677,-0.193534)
(0.0485961,-0.0260179)
(0.395945,-0.219711)
(0.095763,-0.0377821)
(0.0733576,-0.0396791)
(0.060143,-0.00815093)
(0.313801,-0.191263)
(0.0985171,-0.0458219)
(0.0166832,0.00146029)
(0.0966936,0.0178984)
(0.330796,-0.357176)
(0.346355,0.0365298)
(0.107158,-0.0415621)
(0.356534,-0.0518541)
(0.339891,0.0232439)
(0.0975807,0.0429473)
(0.279292,-0.186349)
(0.282836,-0.158504)
(0.0354871,0.0737763)
(0.491511,-0.123935)
(0.0355815,-0.0381842)
(0.554484,-0.304334)
(0.0954723,-0.079582)
(0.019046,-0.0748921)
(0.00233325,-0.0251448)
(-0.0912179,0.080845)
(0.0527624,-0.175502)
(0.114834,-0.182021)
(-0.057311,0.0986993)
(-0.0314246,0.0945052)
(0.312586,-0.145891)
(-0.0381077,0.0355913)
(-0.045093,-0.08978)
(0.0497295,0.0827067)
(0.0750085,0.0506709)
(0.116379,0.0348541)
(0.0196996,0.0813653)
(0.00058819,-0.0603099)
(0.147256,-0.12553)
(-0.126185,-0.0572431)
(-0.024428,0.0207255)
(0.55755,0.11817)
(0.101972,0.0514757)
(-0.0381198,-0.0274318)
(0.185765,0.0258873)
(0.144645,-0.0256718)
(0.0897716,0.0368874)
(-0.0276648,-0.0819319)
(0.206366,-0.180825)
(0.263115,-0.272261)
(0.405234,-0.0889891)
(0.428381,0.0958523)
(-0.163609,0.0746508)
(0.14722,0.088368)
(0.218735,0.267784)
(-0.00030797,-0.0978441)
(0.14223,0.0124363)
(0.118012,0.121296)
(0.344433,-0.0307802)
(0.0635744,-0.0247786)
(0.0724234,-0.0410665)
(0.0582068,0.00255918)
(0.0803495,-0.0345083)
(0.0882298,-0.0550637)
(0.166054,-0.161675)
(0.304482,-0.248813)
(0.0483279,0.00127119)
(0.0358769,0.0364106)
(0.406149,-0.283552)
(0.0176924,0.0407188)
(0.045143,0.0228805)
(-0.0354573,0.0327909)
(0.0855634,-0.0554241)
(0.0273709,0.0115536)
(0.0759572,-0.0231374)
(0.0458873,0.0253265)
(0.110603,-0.0110302)
(0.112658,-0.00560222)
(0.150355,-0.0273292)
(0.0615726,-0.184957)
(0.019006,-0.123867)
(0.0100156,-0.0504843)
(-0.0027217,-0.0280846)
(-0.00170401,-0.164867)
(0.196551,-0.00387277)
(0.0021992,-0.0497495)
(-0.0435094,-0.153012)
(0.166021,0.0433575)
(-0.0509214,-0.128845)
(0.0756102,-0.0342724)
(-0.0473077,-0.0454802)
(0.0232611,-0.0598931)
(-0.0488478,-0.0672936)
(0.0273717,-0.0558615)
(0.0612081,-0.128206)
(-0.0541127,0.0236926)
(0.0329737,0.121757)
(0.0736329,0.0262936)
(-0.0122969,-0.0299058)
(0.16389,0.0352655)
(0.202648,-0.0795323)
(0.545097,-0.177588)
(0.0586875,0.0362958)
(0.184739,-0.00784917)
(0.109238,-0.0180087)
(0.312366,-0.0563372)
(0.429956,-0.119521)
(0.431793,-0.11024)
(0.186087,-0.0627405)
(0.165355,0.0491463)
(0.0416721,0.0196413)
(-0.0478385,0.0253684)
(0.218246,-0.00424661)
(0.161113,0.0963457)
(-0.0471498,0.106737)
(0.0149045,-0.0702089)
(-0.170121,-0.0684914)
(0.170743,-0.0838511)
(0.206439,-0.152826)
(0.103984,-0.113007)
(0.0659117,-0.0885617)
(0.078463,-0.117268)
(0.12834,-0.109464)
(0.177834,-0.0781079)
(0.0356237,-0.0137946)
(0.278433,-0.128852)
(-0.0251203,-0.00282383)
(-0.0725411,0.249157)
(0.00424404,0.23737)
(0.272926,-0.0214993)
(-0.0828681,-0.0153075)
(0.212065,-0.0644612)
(0.298586,-0.0532467)
(-0.14441,0.0268244)
(-0.134117,0.0308093)
(-0.00166512,-0.052992)
(0.0765388,-0.057007)
(0.205661,-0.00333371)
(0.0278776,-0.0446148)
(0.217353,-0.0794247)
(0.0980403,-0.0694161)
(0.157057,-0.103997)
(0.0179668,-0.0547111)
(0.0618744,-0.0520361)
(-0.125467,0.0202228)
(-0.0192116,-0.0454367)
(0.0861564,-0.0199598)
(0.193657,-0.000726761)
(0.0957238,-0.0859268)
(0.215044,-0.0134869)
(0.0286473,-0.00747178)
(0.304442,-0.0507802)
(-0.14155,0.0305457)
(-0.00442071,0.0413194)
(-0.0134537,-0.0165085)
(0.102606,0.0841505)
(-0.0428183,0.0320384)
(0.153373,-0.155285)
(0.230089,-0.13756)
(0.461377,0.0152764)
(0.362367,-0.165203)
(-0.00712565,-0.0944626)
(0.42291,-0.202562)
(-0.0334081,-0.220643)
(0.279324,-0.043346)
(0.273356,-0.0219761)
(0.0287099,0.0312434)
(0.159269,0.358825)
(0.243307,-0.0190393)
(0.0779216,0.240248)
(0.0391902,0.366596)
(0.151323,0.0191494)
(0.238012,-0.125183)
(0.340574,-0.219943)
(0.307548,-0.0290966)
(0.248088,-0.0107979)
(0.11142,-0.135724)
(0.331666,-0.074719)
(0.0604982,-0.127725)
(0.147381,-0.0258388)
(0.113668,-0.137049)
(-0.0702098,-0.057044)
(0.00187185,-0.123793)
(0.145625,-0.0132917)
(0.0870886,-0.0984417)
(0.280329,-0.0601666)
(0.0462774,-0.0269449)
(0.187428,-0.098308)
(-0.0200956,0.0257089)
(-0.0455309,0.0415626)
(0.276316,-0.105234)
(-0.00466803,-0.0503561)
(0.0310085,0.0259329)
(0.356656,-0.135391)
(0.121819,-0.0262974)
(-0.0488508,0.0121823)
(0.00843533,-0.00600325)
(0.00341336,0.038915)
(0.0195658,0.00489219)
(-0.0642048,-0.0441848)
(0.262287,0.0156181)
(0.405487,0.00202154)
(0.31948,0.0184786)
(0.0834696,0.0211943)
(0.126585,-0.152924)
(0.197298,-0.051973)
(0.148529,-0.0865108)
(-0.0469393,0.0127853)
(-0.0465688,0.0664086)
(0.025352,0.122124)
(0.436054,-0.0156688)
(0.420413,-0.115521)
(0.210181,0.0315656)
(0.207053,0.049982)
(0.210748,-0.0850093)
(-0.00610719,-0.0674386)
(0.232211,-0.0406671)
(0.190769,-0.0655665)
(0.0231115,-0.0434744)
(0.351875,0.0581119)
(0.46656,0.122028)
(0.0846233,0.0166863)
(-0.0150661,-0.00494531)
(0.0152402,0.0984834)
(0.0293334,-0.149977)
(0.0537664,-0.0442267)
(0.151543,-0.0359666)
(-0.0851442,0.05561)
(-0.00263839,-0.0595831)
(-0.139388,0.092659)
(-0.0459839,-0.0569123)
(0.420622,-0.186188)
(0.0893105,0.0109785)
(-0.0649512,0.0744595)
(0.14955,-0.0302291)
(0.110687,-0.0612491)
(0.0452048,-0.0519317)
(0.0489973,-0.00260715)
(0.0605587,-0.0839838)
(0.0539248,-0.0772827)
(0.0240032,0.0276163)
(0.0788452,-0.138463)
(0.0933755,-0.124844)
(0.0880231,-0.155895)
(-0.0266815,-0.0303522)
(0.0160851,-0.104609)
(0.100477,-0.156445)
(0.253666,-0.0390427)
(0.0435682,0.0271362)
(0.333439,-0.0313723)
(0.0724667,0.00631969)
(-0.0209103,0.0255437)
(0.190281,-0.144696)
(0.117803,0.0991327)
(0.231757,-0.173735)
(-0.0341084,-0.103236)
(0.00440797,-0.110842)
(-0.031736,-0.0199836)
(0.00684255,-0.0522752)
(0.11101,-0.0559662)
(0.0065533,-0.0207491)
(0.0184424,0.00594308)
(-0.00308042,-0.0999089)
(0.0834311,-0.0330203)
(-0.105811,-0.126709)
(0.0539386,0.143935)
(0.234394,-0.130283)
(0.0451742,-0.157243)
(0.0736682,-0.128735)
(0.0825213,-0.0814619)
(0.055423,-0.0499011)
(0.239028,-0.0208584)
(0.170341,-0.0854958)
(-0.0143147,-0.067956)
(0.230844,-0.178478)
(0.319112,-0.166131)
(-0.100141,-0.168725)
(0.279451,-0.158267)
(-0.128976,-0.245829)
(0.0881867,-0.0919988)
(0.0360973,-0.0344785)
(-0.0565434,-0.0286835)
(0.0182938,-0.0633252)
(-0.17412,0.0473127)
(0.0218961,-0.0645779)
(-0.208441,-0.00209644)
(-0.0683647,0.0629712)
(0.00851307,-0.0468651)
(0.255094,-0.15552)
(0.269465,-0.152491)
(0.0508054,-0.0658575)
(0.129009,-0.08492)
(0.229704,-0.155924)
(0.431239,-0.216849)
(-0.0163566,0.157357)
(0.0477865,-0.176668)
(0.318531,-0.125078)
(0.0625951,-0.189973)
(0.0211508,-0.120743)
(-0.121689,0.0503658)
(-0.0844967,0.0730349)
(0.0528935,-0.134416)
(-0.00439682,-0.0390711)
(0.222104,-0.0715242)
(0.187604,-0.246456)
(-0.00821197,-0.0409077)
(0.0170617,-0.00282815)
(0.0744468,-0.0729038)
(0.0169803,-0.0466906)
(0.0837398,-0.041901)
(-0.012986,-0.069735)
