1620
(-0.0773322,0.0300244)
(0.195883,0.299286)
(0.0718394,-0.055843)
(0.148069,-0.126471)
(-0.185294,0.19514)
(-0.175539,0.0759711)
(0.498751,0.429768)
(-0.0398459,-0.0923141)
(-0.00780494,0.191402)
(0.008425,0.121764)
(-0.0960305,-0.14209)
(-0.223698,-0.0990408)
(-0.128904,0.0690083)
(0.107109,-0.0864539)
(-0.116483,-0.136328)
(-0.0389738,-0.0782955)
(-0.173268,-0.0681279)
(0.00438173,0.142969)
(-0.192946,-0.238708)
(-0.174092,0.129641)
(0.229036,-0.0562631)
(0.0397665,0.093936)
(0.0459616,0.282156)
(-0.166133,-0.0716125)
(0.0287856,-0.0809391)
(0.289671,-0.14847)
(0.124922,0.115647)
(0.0815266,-0.108089)
(-0.0169014,-0.0535371)
(0.125799,0.128736)
(0.142722,0.0567423)
(0.0211975,0.05293)
(-0.0585829,0.165425)
(0.104927,0.169465)
(-0.107366,-0.168277)
(-0.179065,-0.196445)
(0.10565,-0.0837374)
(0.202347,0.183929)
(0.176408,0.172017)
(-0.0809568,0.261438)
(0.261067,0.0767598)
(0.0522207,-0.00498391)
(0.181783,-0.154654)
(0.00669904,-0.155971)
(-0.167319,0.106782)
(-0.0182897,-0.144038)
(0.128924,-0.194875)
(0.00188198,-0.0881161)
(-0.203043,-0.296803)
(-0.0508689,-0.0971991)
(-0.0325191,-0.173952)
(0.0493069,-0.0698324)
(-0.00117581,-0.0878766)
(0.11097,0.0400046)
(0.0266265,0.0374292)
(-0.00110348,-0.0555976)
(-0.0356439,-0.237153)
(0.0577051,0.0379585)
(-0.0102631,0.300798)
(0.268018,-0.140536)
(0.075431,0.310827)
(0.365387,-0.0269122)
(-0.0570987,0.0738384)
(0.801113,-0.369178)
(-0.027504,0.0381671)
(-0.0347471,-0.121034)
(-0.143823,0.072778)
(-0.2027,0.153481)
(-0.0316336,0.0980784)
(-0.0417434,-0.0315808)
(-0.172595,-0.015637)
(-0.131608,-0.143631)
(0.0466949,-0.151533)
(-0.263158,0.0355127)
(0.299279,-0.0455943)
(0.128922,-0.120365)
(-0.0566547,-0.0552253)
(-0.041365,0.150312)
(0.0330805,0.0655452)
(0.237853,0.00359155)
(-0.0141738,-0.0456089)
(-0.104027,-0.041346)
(-0.0883768,0.0380887)
(0.15653,-0.00312604)
(0.136697,0.0881458)
(-0.00256348,-0.186559)
(-0.0862133,0.0932414)
(-0.0129184,0.0914575)
(0.121236,-0.0815238)
(0.0528877,-0.0947789)
(-0.140592,-0.00661451)
(0.0121216,0.087792)
(0.300509,-0.0244709)
(0.0023773,-0.0961878)
(0.0717425,-0.121534)
(0.518747,0.0158387)
(0.0495548,-0.0971953)
(0.413435,0.122295)
(0.00886277,-0.169865)
(-0.135276,-0.0940515)
(0.0124029,0.113679)
(0.210113,-0.252875)
(-0.0828737,0.0805302)
(-0.104356,0.0129793)
(-0.00965874,-0.183019)
(0.500068,-0.813484)
(0.047638,-0.0736827)
(0.0116069,0.0848144)
(0.106736,-0.124864)
(-0.0396013,0.0212002)
(0.121355,-0.0920062)
(0.626966,-0.150746)
(0.606795,-0.58796)
(0.0434213,-0.0176342)
(0.488715,0.00382384)
(0.124402,0.0139056)
(0.142778,-0.127651)
(0.601836,0.0731819)
(0.00996945,-0.083411)
(0.780413,-0.0695306)
(0.420387,-0.0756673)
(-0.198245,0.0960097)
(0.618927,0.24622)
(0.421561,-0.0785352)
(0.32107,0.0116359)
(0.251133,0.0676827)
(-0.116352,-0.0916882)
(-0.0561469,-0.0527415)
(0.534026,-0.08275)
(0.040001,0.137668)
(0.0159545,0.146673)
(0.0460041,-0.0451044)
(-0.270354,-0.046308)
(-0.0307152,-0.179693)
(-0.0348173,-0.0256501)
(0.0802165,-0.116005)
(-0.0639169,0.112896)
(0.0129815,0.0419515)
(0.66795,0.135199)
(-0.231878,0.134204)
(-0.0750717,0.140267)
(-0.0287916,0.110551)
(-0.0653531,-0.000789659)
(-0.0894344,-0.0573034)
(-0.0115996,-0.0800988)
(-0.00271108,-0.0965736)
(0.10348,0.0558849)
(0.52898,-0.115835)
(0.498039,0.0179485)
(-0.0711996,0.00686242)
(-0.00649218,-0.259138)
(0.274082,-0.0188608)
(0.635843,-1.05748)
(0.856447,-0.445828)
(0.214689,-0.539542)
(0.112233,0.388773)
(-0.0378198,0.0816192)
(0.57317,-0.342483)
(0.481539,-0.212952)
(0.0372303,-0.112282)
(-0.048255,-0.0601152)
(0.0200893,0.112922)
(0.0954985,0.031099)
(-0.0805356,-0.0165565)
(-0.01872,-0.00025106)
(0.0109097,0.0592167)
(0.0680839,0.0431329)
(0.0574015,0.0594779)
(-0.00318465,-6.19817e-05)
(-0.177715,-0.0510354)
(0.0434894,-0.00683345)
(0.0447114,-0.0388251)
(0.932691,-0.528043)
(0.60984,-0.535097)
(1.00202,-0.0388601)
(0.519012,0.338705)
(0.0610898,0.0016257)
(-0.0115413,0.0581244)
(0.0810327,-0.0798321)
(-0.00488898,-0.0489339)
(0.109895,-0.129374)
(0.161973,0.152099)
(0.183413,0.128054)
(0.0191775,0.176184)
(0.0238905,0.164753)
(0.157621,-0.156709)
(0.0179006,-0.177161)
(0.324029,-0.107273)
(0.178603,0.0260101)
(0.442097,-0.350949)
(0.368259,-0.0501545)
(0.793286,-0.394781)
(0.13426,-0.595483)
(-0.0505613,-0.000592257)
(-0.143261,0.135757)
(-0.101996,0.17488)
(0.00796285,0.0170347)
(0.080051,-0.0220643)
(-0.0877457,-0.0926334)
(0.0902332,-0.0893489)
(-0.28861,-0.215552)
(-0.234883,-0.212626)
(0.0406196,0.118618)
(-0.164993,-0.0370383)
(0.0129639,0.0369639)
(-0.0388304,0.0135603)
(0.801865,-0.183982)
(0.221895,-0.227097)
(-0.251844,-0.108066)
(0.380498,-0.0862789)
(0.0785623,-0.081518)
(0.177146,-0.018031)
(0.0950993,-0.406263)
(-0.0245759,0.1523)
(-0.0942147,0.157463)
(0.0514017,-0.0369273)
(-0.07301,-0.0652917)
(0.549993,0.307816)
(0.255496,0.00755274)
(-0.0291033,-0.161078)
(0.169468,0.0911555)
(0.13787,0.081055)
(0.133169,-0.112697)
(-0.296268,-0.00297375)
(-0.120336,0.00682513)
(0.00787164,-0.0159437)
(0.00190329,-0.417723)
(0.134853,-0.0153944)
(-0.070755,-0.11589)
(0.0303464,0.106573)
(0.0239971,0.0105578)
(0.138329,0.0516996)
(0.321276,0.0426426)
(0.642975,-0.240118)
(0.582749,-0.488792)
(-0.147522,-0.112423)
(-0.0579179,0.0546288)
(0.0125584,0.0525793)
(0.456605,0.021393)
(0.109233,-0.0531717)
(-0.0196542,0.022688)
(-0.0924529,0.070431)
(-0.117346,0.350259)
(0.03049,0.336629)
(0.105201,0.0436722)
(0.0881098,-0.0702233)
(0.0128253,0.162884)
(0.127848,0.00619285)
(0.097232,0.0187522)
(0.18437,0.131532)
(-0.106884,-0.0875314)
(0.0824988,-0.232096)
(0.0538635,-0.112054)
(0.132001,-0.0728608)
(0.126689,-0.240507)
(0.116387,0.0511286)
(0.214091,0.144954)
(0.0984409,-0.0119626)
(0.0925378,0.166958)
(-0.0716206,-0.000571402)
(-0.0786977,-0.0357122)
(-0.0541861,-0.152886)
(0.0426803,-0.0370062)
(0.116821,0.0464466)
(0.342669,-0.295142)
(0.0776941,-0.110126)
(-0.0835739,0.161489)
(-0.0632745,-0.0299806)
(-0.207277,-0.0164206)
(-0.0237507,0.168861)
(-0.0546427,-0.0244712)
(-0.203458,0.0252415)
(-0.0265561,-0.0956365)
(0.219264,0.0194141)
(-0.0900524,0.0671747)
(0.40194,-0.292498)
(0.0116183,0.0170056)
(0.120935,-0.162302)
(-0.0427805,-0.0425302)
(0.133415,0.062161)
(0.0527829,0.154476)
(0.00563708,0.110108)
(-0.00275187,0.0688769)
(-0.0032783,-0.0963172)
(0.0863955,0.165456)
(-0.058662,-0.134854)
(0.167776,-0.0246828)
(0.175242,-0.034015)
(0.115566,-0.259992)
(0.212049,0.1926)
(-0.18739,-0.0681838)
(0.0625747,0.0672761)
(-0.263058,-0.227643)
(-0.127587,-0.0470672)
(-0.0387513,-0.258345)
(0.049608,0.140096)
(-0.272512,-0.180089)
(-0.0665176,0.191114)
(-0.164167,0.179323)
(-0.24842,0.047481)
(-0.191458,0.126596)
(0.0456093,0.0748987)
(-0.104067,0.19815)
(-0.162697,0.0259872)
(-0.058517,-0.125542)
(-0.0454004,0.207061)
(-0.088495,-0.0239416)
(0.690015,-0.060057)
(-0.00521302,-0.00570003)
(-0.0428125,0.0114919)
(-0.00146157,-0.127999)
(-0.00704368,-0.0395259)
(-0.0514207,0.0680546)
(0.072274,-0.361114)
(-0.0321078,0.165324)
(0.0192547,0.0702897)
(-0.0122291,-0.0445049)
(-0.112019,-0.0630616)
(-0.00595274,0.005471)
(0.791005,-0.0793028)
(-0.00328929,-0.101915)
(0.0635166,-0.00769837)
(-0.0678191,-0.0448676)
(-0.0736081,-0.0805604)
(-0.129207,-0.0738111)
(-0.0639979,-0.141491)
(0.0587758,-0.106896)
(0.0061324,-0.0101123)
(0.137773,-0.110703)
(-0.268714,0.0139985)
(0.0910295,0.148055)
(-0.11301,-0.161215)
(-0.273353,-0.229531)
(0.0305331,-0.112856)
(0.1017,-0.0836093)
(0.558548,-0.342732)
(-0.0361917,-0.152731)
(-0.131756,0.103605)
(0.0678885,-0.0337039)
(0.0509497,-0.209842)
(0.156424,0.0405108)
(-0.0197853,0.13252)
(0.0412745,0.139782)
(-0.00495737,-0.0370438)
(0.0214227,-0.129278)
(0.147816,-0.056819)
(0.0975677,-0.0015829)
(0.156801,-0.0228881)
(-0.140179,-0.00375902)
(-0.0628545,0.197901)
(0.670991,-0.629676)
(0.353189,-0.720419)
(-0.10444,-0.120795)
(0.220805,0.07892)
(0.155839,-0.605777)
(0.109211,0.0339785)
(-0.0542349,-0.0503673)
(-0.0940529,-0.0600324)
(-0.0757926,-0.249005)
(0.170348,0.0508706)
(0.195225,-0.396184)
(0.157084,0.0980926)
(0.128464,-0.0130017)
(-0.115564,-0.0432584)
(-0.0814873,-0.117833)
(0.012027,0.189946)
(0.416509,-0.0493624)
(-0.067845,-0.0502252)
(-0.0459059,-0.205949)
(-0.135588,0.053993)
(-0.151958,-0.0411887)
(-0.0299246,-0.00913937)
(0.0619539,-0.034771)
(-0.0846517,0.0411428)
(0.333523,-0.118922)
(0.386738,-0.0160192)
(0.144753,-0.170797)
(-0.125574,0.0232703)
(0.0438563,-0.0248051)
(-0.17789,-0.0405216)
(-0.00374808,-0.0190125)
(-0.115944,-0.0688801)
(0.0877727,-0.294764)
(0.0664241,0.11322)
(-0.120515,0.0592073)
(0.068606,-0.102706)
(0.0407341,0.263395)
(0.0548829,-0.0654244)
(-0.191219,0.126874)
(-0.0658849,-0.0729043)
(-0.113687,-0.0566124)
(-0.090115,0.172654)
(-0.0287474,0.0108103)
(0.122785,-0.119627)
(0.051939,-0.157116)
(-0.0705914,-0.165203)
(-0.0129773,-0.00357045)
(-0.224624,-0.00149354)
(-0.0220149,0.0327002)
(0.103542,-0.061825)
(0.0175107,-0.0618262)
(0.157743,-0.116385)
(0.0913387,-0.0907907)
(0.100109,-0.281251)
(0.0331034,-0.0925776)
(0.144883,0.0893213)
(-0.037146,0.0634523)
(0.0674117,0.152781)
(0.0976251,0.115013)
(-0.0609624,-0.131476)
(0.170131,-0.109772)
(-0.0985523,-0.000870293)
(0.0262522,0.0121916)
(-0.109169,0.0427331)
(0.381042,-0.144394)
(0.189942,-0.0749999)
(0.0801745,0.0876557)
(-0.0588732,-0.0112148)
(0.0949369,0.0425095)
(-0.0468222,0.0526452)
(0.138718,0.0744005)
(-0.0346289,-0.275482)
(0.14961,0.277986)
(-0.117226,-0.231006)
(0.131142,-0.0559566)
(0.0170157,0.141881)
(0.137587,-0.519858)
(0.174816,0.171285)
(-0.136094,-0.0563559)
(-0.0546629,0.0703197)
(0.120228,0.0853991)
(-0.259566,-0.0226351)
(0.128297,-0.0426444)
(0.305639,-0.101228)
(0.173088,0.0552103)
(-0.0550864,-0.0786391)
(-0.11824,0.0549708)
(0.152121,0.0096252)
(-0.107644,0.0938482)
(-0.117764,-0.0855991)
(-0.107139,-0.338455)
(-0.0173284,-0.0872123)
(0.184455,0.011098)
(-0.118646,0.0578436)
(-0.121903,-0.0945405)
(-0.0866575,0.0581116)
(-0.215078,0.151395)
(-0.0123784,-0.069054)
(-0.0695863,-0.0642587)
(0.257841,0.00464921)
(0.198276,-0.109432)
(0.131816,0.10739)
(-0.0923457,0.0240056)
(-0.152544,-0.025289)
(0.0363195,0.0143861)
(-0.0689378,-0.204069)
(0.0712981,0.0493704)
(0.0299694,-0.0578191)
(-0.0319925,-0.165406)
(-0.17299,0.129662)
(-0.233703,-0.197005)
(-0.303285,-0.217411)
(-0.149966,0.141368)
(-0.0401135,0.144993)
(-0.222149,-0.108342)
(0.0423169,-0.170372)
(0.142609,-0.0724232)
(-0.201445,-0.0251527)
(0.71872,-0.380257)
(0.0372658,0.266204)
(0.478243,0.146118)
(0.146679,0.004269)
(0.117723,0.179504)
(-0.0403936,0.0467368)
(-0.071307,0.150038)
(0.191808,0.257636)
(-0.0989588,-0.399227)
(-0.0899425,0.267469)
(-0.00847932,-0.000520782)
(-0.244417,0.05742)
(0.164653,0.0961862)
(0.643705,-0.483595)
(-0.176855,-0.368113)
(-0.0452748,-0.0134842)
(0.0902006,0.0402809)
(0.175718,0.00771178)
(-0.0241119,-0.0710273)
(0.616378,-0.318189)
(-0.1113,-0.0101886)
(-0.0189692,-0.160649)
(-0.424217,-0.420334)
(-0.176366,-0.257024)
(0.132149,0.0681208)
(0.178313,0.123128)
(0.00229255,-0.210415)
(0.250028,-0.183166)
(0.689413,-0.12182)
(0.879936,0.0541756)
(0.923532,0.331628)
(-0.0425332,0.0648106)
(0.00812467,0.0444135)
(-0.0546843,0.00938043)
(-0.287275,-0.0711678)
(0.112,0.0997918)
(0.05034,0.00385629)
(0.0375786,0.000398062)
(0.0756239,-0.134899)
(0.0930897,0.048329)
(0.0119484,0.0201323)
(-0.0728089,0.12596)
(-0.126305,-0.0667998)
(-0.0641791,-0.152246)
(-0.0483937,-0.06774)
(0.0785647,-0.0087742)
(0.0706668,-0.0717222)
(-0.0856982,-0.282843)
(0.0578324,-0.121892)
(-0.0532229,0.0526589)
(0.0955402,-0.0766711)
(0.117202,0.124252)
(-0.0989531,-0.334723)
(0.0903839,0.0941495)
(0.00320884,-0.130682)
(0.124389,-0.0819016)
(-0.282285,-0.0460006)
(0.0684619,-0.0783152)
(-0.255828,-0.0373244)
(0.206006,0.00854188)
(-0.0213709,-0.0611398)
(0.0984614,-0.102475)
(-0.192317,-0.35872)
(0.0652602,-0.120949)
(0.0583497,0.12065)
(0.1026,-0.166523)
(-0.387778,-0.0881315)
(0.0376873,-0.0197004)
(0.0324244,0.112704)
(-0.0229112,0.196719)
(0.158,0.193752)
(-0.129723,0.030785)
(0.0644444,0.316563)
(-0.109301,0.0940682)
(-0.0128296,-0.101585)
(-0.13313,-0.0577878)
(0.0455076,0.00660213)
(-0.105615,0.0681884)
(-0.0198399,-0.144476)
(-0.132458,0.0256808)
(-0.0659189,0.0525781)
(-0.0457167,-0.0752124)
(-0.162715,0.0906825)
(-0.0585858,0.0690776)
(-0.0968987,0.093163)
(-0.0538088,-0.0682012)
(-0.0264522,-0.195727)
(-0.0101138,-0.0826687)
(0.232262,0.0956558)
(0.140948,0.115984)
(-0.0584267,0.0224152)
(-0.0108461,-0.0264402)
(0.0754855,0.0495133)
(0.253346,-0.17332)
(-0.0268155,-0.00519995)
(0.0176017,0.0915978)
(0.0991158,-0.0707602)
(-0.201963,0.00866961)
(0.264552,-0.0878356)
(0.0438629,0.0744141)
(0.301923,0.0494069)
(0.872999,0.135688)
(-0.223636,-0.120365)
(0.01531,0.0173979)
(-0.344867,-0.161124)
(0.138188,0.0542854)
(0.155964,-0.726515)
(0.0376371,-0.156042)
(-0.0585627,0.0102616)
(0.0199992,0.0629398)
(0.0155368,0.0125212)
(0.166828,0.320003)
(0.0418167,0.20149)
(0.245335,0.18012)
(-0.0196398,-0.116065)
(-0.105808,-0.17358)
(0.09445,-0.198174)
(-0.148005,0.0432771)
(0.131888,0.145015)
(0.0233132,-0.0457696)
(0.161902,-0.141427)
(0.197129,0.021556)
(0.257287,-0.23042)
(-0.0228357,-0.0338571)
(-0.0346938,0.0745589)
(0.556562,-0.095622)
(0.118642,0.164244)
(-0.0606302,0.0430556)
(0.104628,0.16183)
(0.00165678,0.20934)
(-0.0505281,-0.0999027)
(-0.148661,-0.098501)
(-0.00445331,-0.0489509)
(0.358248,-0.0382634)
(0.11313,0.25748)
(-0.0500726,-0.0141094)
(0.0356349,-0.0438927)
(-0.244275,-0.14564)
(-0.0651139,-0.0155531)
(-0.0601396,0.0429548)
(0.0262696,0.139415)
(-0.0970829,0.285055)
(0.00994747,-0.279491)
(0.013217,0.0691563)
(0.13376,0.304489)
(-0.0300098,0.04027)
(0.0156442,-0.0676569)
(-0.0135835,0.0404097)
(0.0136825,0.0475937)
(0.144615,0.234996)
(0.0624647,0.0955365)
(0.138427,0.127281)
(0.0862958,0.0915733)
(0.0129665,-0.0707714)
(-0.0993043,0.158974)
(0.222454,0.255329)
(0.0191776,-0.185938)
(0.0548273,-0.0995988)
(0.0873556,0.0753564)
(-0.0479003,-0.0807788)
(-0.0974081,-0.0726123)
(0.00118626,0.0856863)
(0.384166,0.0295712)
(0.0341214,0.0479758)
(-0.0919141,0.203266)
(-0.146004,0.133862)
(0.0203054,-0.102501)
(0.0547696,0.0673285)
(0.148663,-0.125492)
(0.0126844,-0.00120565)
(-0.0591665,-0.057746)
(-0.0692452,-0.29311)
(-0.0727106,0.0578254)
(0.0871628,-0.0938067)
(0.0761027,0.042347)
(0.0524348,-0.000893793)
(-0.114807,0.0404451)
(-0.0399768,0.0633454)
(0.0540771,0.109704)
(-0.205667,-0.0922613)
(-0.185958,-0.256846)
(-0.0621651,0.0715633)
(-0.0982765,0.0876131)
(-0.0899866,-0.0688004)
(0.00561984,-0.143668)
(0.0175717,0.172549)
(0.331674,-0.211583)
(0.404978,0.218615)
(-0.100549,0.122228)
(0.0444388,-0.0834088)
(0.0437475,-0.0452243)
(-0.00636388,-0.0502526)
(-0.0603039,0.100888)
(-0.0058029,-0.0495355)
(-0.122151,-0.0959902)
(-0.00322418,0.177886)
(-0.0394505,-0.136024)
(-0.0307561,-0.0442725)
(-0.276042,0.141006)
(-0.107993,0.0313452)
(-0.0849938,0.0615336)
(0.0556672,-0.132353)
(0.0512027,-0.0411224)
(0.0502887,0.00853213)
(0.0829414,-0.0479328)
(-0.165498,-0.05385)
(-0.283234,-0.0789265)
(-0.102547,0.0704295)
(-0.124043,0.0873368)
(-0.159067,-0.0461557)
(-0.0802816,0.0319866)
(-0.0541916,-0.00677306)
(-0.192798,-0.0859917)
(-0.0210681,-0.120316)
(0.0572563,-0.197027)
(0.0157958,-0.0620395)
(0.106927,0.1185)
(0.129661,-0.142291)
(0.0829045,-0.00259713)
(-0.117907,-0.044417)
(0.0785322,0.146783)
(-0.0570509,0.0945401)
(0.0151198,-0.0536361)
(-0.0324031,-0.0104798)
(0.094221,-0.097554)
(0.288774,0.031013)
(-0.0184259,0.067119)
(0.180964,0.0117306)
(0.218238,0.0672952)
(-0.0330977,-0.0664223)
(0.0538863,0.0256792)
(-0.0319041,-0.0648125)
(0.0515534,0.0551025)
(-0.0761934,-0.0935958)
(0.0816388,-0.0444336)
(-0.0411855,-0.113114)
(-0.0209698,0.17695)
(0.0716155,0.244888)
(-0.0252926,0.000832075)
(0.078791,-0.0408877)
(0.0162897,0.186613)
(-0.132192,-0.0563066)
(0.0896324,0.0461981)
(0.0628808,-0.137918)
(-0.0199247,0.16983)
(0.00289653,-0.17176)
(-0.000388669,-0.240425)
(0.0382328,-0.160918)
(-0.0397996,0.00132374)
(0.00737312,0.0387184)
(0.0979123,-0.11109)
(0.379672,0.210862)
(-0.118754,0.0884992)
(0.0358405,0.0159105)
(-0.0395143,-0.0119717)
(0.0112032,-0.223636)
(0.214323,-0.453482)
(0.03447,0.0811826)
(0.229562,-0.255209)
(1.10456,0.449632)
(0.792844,-0.0334621)
(-0.0898552,0.0514193)
(0.0434082,-0.00137515)
(-0.156073,-0.0564716)
(-0.17592,-0.0214354)
(-0.111792,0.109471)
(-0.00685452,0.0848373)
(-0.0515446,0.141283)
(-0.131663,-0.0780247)
(-0.0362656,0.169425)
(0.0826398,0.126854)
(-0.092331,0.103227)
(0.111011,0.0793615)
(-0.116925,0.0350054)
(0.0715697,0.214716)
(-0.104082,-0.103787)
(0.170271,0.0456473)
(-0.024238,0.0538325)
(-0.156165,0.202022)
(0.0203778,-0.154556)
(0.183634,0.107554)
(0.113418,-0.192176)
(0.0131747,-0.0718346)
(0.0304942,-0.123656)
(0.137731,0.134962)
(0.0423125,-0.10009)
(0.069075,0.198804)
(0.0750293,-0.217751)
(-0.0329884,-0.160398)
(0.0444924,-0.0427435)
(0.0362268,0.0289364)
(0.00459434,-0.11896)
(0.0233393,0.0518654)
(-0.0656862,0.189188)
(0.0702889,-0.0893026)
(0.0360587,0.0496157)
(0.0230589,-0.133129)
(0.0670904,-0.0533404)
(0.895834,0.0632634)
(0.0856119,0.0967098)
(0.163905,-0.0136794)
(-0.0537622,0.0758676)
(-0.00762517,0.0884954)
(-0.129542,0.0658078)
(-0.0867742,0.0919715)
(0.26544,0.145253)
(0.151005,0.302844)
(0.410047,-0.0661879)
(0.146203,-0.043091)
(0.411961,0.0469171)
(0.0713829,-0.067957)
(-0.103124,0.022131)
(0.126923,0.0368096)
(-0.0644206,0.0623431)
(0.227173,-0.561785)
(-0.0123424,0.0588065)
(-0.0702879,-0.142058)
(0.0784373,-0.201162)
(0.0834469,-0.453878)
(0.0993056,-0.00896215)
(-0.211203,-0.0689999)
(0.591447,-0.142716)
(0.091422,0.0160767)
(0.189995,-0.189179)
(0.029616,0.12503)
(-0.0384307,-0.153639)
(-0.163851,-0.198678)
(0.0689703,-0.0489699)
(0.0218198,-0.0577965)
(0.0888511,0.043944)
(-0.0183414,0.359475)
(0.284289,0.0496682)
(-0.0471532,0.0436623)
(0.034918,-0.00881927)
(-0.113487,0.0993859)
(0.0273894,0.130158)
(-0.0597253,0.169093)
(0.0439065,0.0730091)
(0.11146,-0.00405841)
(-0.093713,-0.0642777)
(-0.0051088,-0.105794)
(-0.0716751,-0.0436384)
(-0.0916699,-0.105002)
(0.0503448,-0.0590599)
(0.00629118,0.0734463)
(0.097293,0.120363)
(-0.0582141,-0.158155)
(0.0349748,0.0259615)
(0.0790286,-0.0255732)
(0.0492592,0.117796)
(0.0939509,-0.0639879)
(-0.181929,-0.0563825)
(-0.00276361,0.151083)
(-0.125646,0.0319616)
(0.0486489,-0.0568266)
(0.0742809,0.140421)
(0.0369295,-0.0673939)
(0.0326727,-0.162239)
(-0.0201906,-0.0199047)
(0.11687,-0.0352989)
(-0.0604657,0.231955)
(0.106767,-0.0148609)
(0.0447578,0.145635)
(-0.103396,0.00203229)
(0.108518,-0.0279668)
(0.0635075,0.00218273)
(0.153422,0.0599797)
(0.00604653,0.106668)
(-0.0308219,0.00630612)
(0.00514978,-0.139616)
(0.0475267,0.162539)
(0.05546,-0.0823379)
(0.173327,0.00419115)
(0.0636032,-0.142563)
(-0.027022,0.0953498)
(-0.063448,-0.0197318)
(0.178301,0.123966)
(0.14245,-0.0489294)
(0.225413,-0.138247)
(-0.048374,0.0843507)
(0.0996357,0.140433)
(-0.0211429,0.0855334)
(-0.135142,-0.162468)
(0.0335143,-0.0798933)
(0.0897497,-0.0343481)
(-0.0478779,0.194246)
(0.00484211,-0.0340475)
(-0.160855,-0.0405824)
(0.0259972,0.0615944)
(0.202447,-0.10943)
(-0.0777721,-0.227165)
(-0.0951083,-0.0514704)
(0.018271,-0.0341062)
(0.0767598,-0.0302323)
(-0.238433,-0.0623916)
(0.279958,-0.16826)
(0.47995,0.0879616)
(0.0618509,0.0135941)
(0.12499,-0.0414873)
(0.0533879,-0.0353274)
(0.0214711,0.0237038)
(-0.0195552,-0.123528)
(-0.0912744,-0.148304)
(0.0340388,-0.0502172)
(-0.00871104,0.0140768)
(1.14912,-0.505374)
(-0.00837199,-0.0655606)
(0.0540539,-0.128449)
(-0.147349,0.0919537)
(0.700813,-0.436363)
(-0.0963003,0.0637762)
(0.0442335,-0.0487668)
(0.098462,-0.0841672)
(-0.116241,0.0912333)
(0.067588,-0.0825897)
(-0.06737,-0.198919)
(-0.074193,-0.168266)
(0.300389,-0.12521)
(0.0665123,-0.0973437)
(-0.147576,0.00572078)
(0.0487264,-0.113464)
(0.140483,-0.114767)
(-0.0596188,-0.110968)
(0.286935,-0.0396745)
(0.495666,-0.0102169)
(0.0984277,-0.0576815)
(-0.0692103,0.0425175)
(-0.0975815,0.0417764)
(-0.184701,0.00784613)
(0.0445776,0.0271774)
(0.0355605,-0.00254752)
(0.25558,-0.266023)
(0.160014,-0.0464948)
(0.784716,-0.0624957)
(-0.0449586,0.0250813)
(0.0492561,-0.0829984)
(-0.138812,0.210081)
(0.0602924,0.00734458)
(0.655154,-0.0459993)
(0.121453,0.197531)
(0.0961245,0.0525449)
(0.195071,0.0226733)
(-0.0874492,-0.0810282)
(0.225245,-0.163546)
(0.155543,0.0848652)
(0.206422,-0.174683)
(0.0270024,0.0061953)
(-0.0635403,0.0624105)
(0.594671,0.0318401)
(0.0570587,0.202063)
(-0.0109065,0.0279278)
(0.577199,0.0904981)
(0.0438898,0.0303251)
(-0.0138267,-0.0621867)
(0.346134,-0.314922)
(0.0120755,0.149051)
(0.195954,-0.150724)
(-0.0807534,-0.0349526)
(-0.0691323,0.0482686)
(0.401346,0.0229339)
(0.0564419,-0.119742)
(0.00785968,0.0322876)
(-0.0653976,-0.00246483)
(0.0514661,0.0938599)
(-0.0471992,-0.102645)
(-0.022645,-0.0666087)
(-0.00521714,0.0156606)
(0.114824,0.0271286)
(0.199704,0.0524827)
(0.0855754,0.0100202)
(0.0187402,-0.0856213)
(-0.0859463,-0.22112)
(-0.019923,0.0112611)
(0.0390974,-0.232119)
(-0.0679146,0.0766302)
(-0.0233604,-0.137226)
(-0.0486672,0.0544589)
(0.37379,-0.166036)
(0.121338,0.0655662)
(0.0659199,-0.159302)
(0.0628102,0.0295594)
(0.155385,-0.0389309)
(-0.0267719,-0.182687)
(0.101648,-0.207737)
(0.00420741,-0.0846099)
(0.674334,-0.335226)
(0.167152,0.0755739)
(-0.0166498,-0.140745)
(-0.165571,-0.141232)
(0.0792825,0.0609272)
(-0.0806038,-0.140416)
(0.460588,-0.484468)
(-0.0159784,0.0211994)
(0.0558261,0.0323388)
(0.0864047,0.0480627)
(-0.184805,-0.0899343)
(-0.231223,-0.0820552)
(-0.120936,0.0634467)
(-0.0864626,-0.01323)
(0.0412707,-0.0623283)
(0.102085,0.0141561)
(0.517251,0.242589)
(0.132318,0.105953)
(0.388906,0.343768)
(-0.0068969,-0.117824)
(-0.0943389,-0.0156295)
(0.190435,-0.549585)
(0.0167585,0.0358829)
(0.143493,0.036828)
(-0.0659195,-0.046711)
(0.0838117,-0.436754)
(-0.0776406,0.320705)
(-0.201108,0.142708)
(0.18919,0.398176)
(0.00186036,-0.111318)
(0.0104664,0.117978)
(-0.0980709,-0.0561508)
(-0.226303,-0.17745)
(0.045403,0.097625)
(-0.0757333,-0.0249386)
(-0.00942799,0.122106)
(-0.0020924,-0.0845703)
(0.0864209,0.111766)
(0.127524,0.0186551)
(0.155045,0.0553795)
(0.141012,0.110523)
(0.14266,-0.0273263)
(-0.0128579,0.0647164)
(-0.052081,0.248536)
(-0.218774,0.0535442)
(-0.202869,0.0988525)
(-0.239614,-0.0930195)
(0.208327,-0.060601)
(0.00740179,-0.0101637)
(-0.146495,0.227513)
(0.0822825,0.077785)
(-0.254038,0.0646834)
(-0.062796,0.0825991)
(0.229528,0.110016)
(-0.116148,-0.111412)
(-0.204156,-0.22435)
(0.00737541,0.00980301)
(0.0804759,0.138886)
(0.376589,0.0118382)
(0.0516667,0.346631)
(0.144637,-0.0618653)
(0.0162222,0.000312401)
(0.403933,0.138227)
(-0.00766694,-0.101738)
(0.0851361,-0.268746)
(-0.196476,-0.078848)
(0.0962491,-0.0733573)
(0.00378753,-0.265313)
(-0.229581,-0.172153)
(-0.0233143,0.0475328)
(0.680848,-0.0107743)
(0.077977,-0.0116136)
(0.159862,-0.0416394)
(0.311516,0.219866)
(0.121484,-0.0706075)
(0.114101,-0.037357)
(-0.088171,0.0167283)
(0.525955,0.396358)
(-0.0395465,-0.00986486)
(-0.0104862,0.190605)
(0.0945344,0.161878)
(0.0105624,0.184692)
(-0.150828,0.202172)
(0.108481,0.0239884)
(0.0494595,0.0792486)
(-0.0537895,0.106577)
(-0.370341,0.264495)
(-0.382508,0.111244)
(0.0273806,0.144851)
(0.666256,0.022261)
(0.198364,0.228236)
(-0.122598,0.00508886)
(-0.0587499,-0.0227186)
(-0.141725,-0.192293)
(0.146512,0.127391)
(-0.0348505,-0.0436459)
(-0.0448645,-0.0146051)
(-0.0657043,-0.0279674)
(0.281405,0.131976)
(-0.115859,0.0765304)
(-0.216561,0.454078)
(0.48722,0.252352)
(-0.118899,-0.0331501)
(-0.124784,-0.0164363)
(0.17281,-0.0116942)
(0.215339,-0.286114)
(0.00770961,0.0851627)
(0.142335,-0.373664)
(0.714244,-0.0489542)
(0.332461,-0.0443291)
(0.363739,-0.20327)
(-0.358422,0.0690017)
(-0.233698,0.0830889)
(0.144339,0.430666)
(0.329781,-0.388682)
(-0.202605,0.0193707)
(0.601369,-0.0709439)
(0.809504,-0.036311)
(0.211427,-0.0612085)
(0.232513,0.137088)
(0.120957,0.240462)
(0.179351,0.00098287)
(0.315805,-0.363472)
(0.021381,-0.137373)
(0.0212077,0.16137)
(0.101815,-0.25147)
(0.272747,0.0781173)
(-0.166753,-0.0777467)
(-0.160346,0.0921476)
(-0.0326439,0.0585017)
(0.642002,-0.22858)
(-0.139142,-0.0235603)
(0.00785079,0.132547)
(-0.0834305,-0.0969226)
(0.282646,-0.0270053)
(0.0598178,0.00358205)
(-0.108284,-0.138267)
(1.03564,-0.121984)
(0.537782,0.108095)
(-0.0750972,-0.0983564)
(0.145647,-0.0528064)
(-0.0769526,0.0238801)
(-0.0188582,0.0109913)
(0.501792,0.0935251)
(0.309484,-0.0184446)
(0.459437,0.366678)
(0.322732,-0.0902824)
(-0.0391313,-0.0692738)
(0.410622,0.0639023)
(-0.232786,-0.137497)
(0.249181,0.141434)
(0.234925,0.2686)
(0.12848,-0.174809)
(-0.252668,0.0604677)
(0.167449,-0.0290781)
(0.02318,-0.0337472)
(-0.0418788,-0.111728)
(-0.00589235,-0.0594425)
(0.165833,0.0544533)
(0.105812,0.0557626)
(0.177163,0.0675576)
(0.188313,0.0617509)
(0.264929,0.0779623)
(-0.129002,0.121954)
(-0.299552,-0.0721407)
(0.142589,0.120753)
(0.114012,0.0679392)
(-0.00384986,0.149808)
(0.336904,-0.398657)
(-0.0825739,0.0814983)
(0.011857,0.00720677)
(-0.0613696,-0.00688983)
(0.141757,0.0164089)
(0.0663946,0.0172708)
(-0.102172,-0.146339)
(0.101102,-0.186697)
(-0.0621992,0.0534443)
(0.807039,-0.416894)
(-0.126781,0.0115397)
(0.633062,0.0289426)
(-0.0125507,0.0133783)
(-0.000651437,-0.00160426)
(0.0944296,-0.071154)
(-0.162157,-0.267633)
(-0.0673908,0.0295141)
(-0.128955,-0.0132441)
(-0.0331222,-0.0643373)
(0.0484313,-0.164622)
(-0.0304419,0.000206917)
(0.1086,0.171974)
(-0.0270627,0.0890308)
(-0.118637,0.00393526)
(0.387942,-0.139623)
(0.337246,-0.135965)
(-0.0622406,0.121181)
(-0.148565,0.0332428)
(0.0312772,0.079913)
(-0.00502954,0.0617373)
(0.746229,-0.578848)
(-0.0360891,0.0450384)
(0.167224,0.0738325)
(0.158911,0.143694)
(0.076592,0.122147)
(0.0954533,-0.045616)
(-0.0668608,0.0840174)
(-0.054665,0.044629)
(-0.00627224,-0.0303785)
(0.0469438,-0.0855207)
(0.509938,-0.251681)
(-0.188907,0.135619)
(-0.161711,-0.0221756)
(0.0524621,0.00909842)
(-0.00403202,-0.104477)
(-0.0042739,-0.0528934)
(0.506096,-0.210859)
(0.454338,-0.153918)
(0.0165921,-0.306767)
(-0.137198,0.0449975)
(-0.0714041,0.0582426)
(0.602231,-0.21656)
(0.130512,0.0548941)
(0.245714,-0.143596)
(0.609664,-0.279292)
(0.0654792,-0.0553519)
(0.0364398,0.268572)
(-0.0267957,0.125148)
(0.243184,0.0330781)
(0.04398,0.0158859)
(0.0309425,-0.211097)
(0.103581,-0.0800205)
(0.382419,0.0355425)
(0.110451,-0.183891)
(0.852299,0.238399)
(-0.156549,-0.0340289)
(-0.0467029,0.0364954)
(0.176905,0.0112038)
(0.843012,0.450782)
(0.863047,0.0487657)
(0.937022,0.175789)
(-0.0109826,0.0606461)
(-0.227458,0.293752)
(-0.0906501,0.0120836)
(-0.149963,-0.706556)
(-0.0680831,0.0679988)
(0.138791,-0.126572)
(-0.155507,0.249489)
(1.18421,0.111955)
(0.14764,-0.276042)
(-0.0796036,0.197166)
(-0.319196,-1.09703)
(-0.52163,-0.691491)
(-0.0459697,0.186625)
(-0.017422,0.252062)
(-0.05881,-0.0554556)
(0.0396305,-0.0637164)
(0.0398616,0.201644)
(-0.0797019,-0.0913198)
(0.0614455,0.0817224)
(0.622174,0.311895)
(0.528133,-0.373643)
(0.487889,0.0165165)
(0.524423,-0.249357)
(0.13653,0.186793)
(0.16099,-0.0315494)
(0.462103,-0.0343241)
(0.190203,-0.17419)
(0.193008,-0.328293)
(-0.117105,-0.0759757)
(-0.0664231,0.0909878)
(0.20665,-0.212714)
(0.786436,0.293329)
(0.704106,0.202804)
(0.457846,0.270564)
(1.00861,0.0665701)
(-0.000607421,-0.0617275)
(0.186432,-0.278283)
(0.0342652,0.0867376)
(-0.0845762,0.150454)
(0.0368247,0.00138228)
(-0.12779,0.0650671)
(-0.212472,0.138741)
(0.0677745,0.214298)
(-0.111538,-0.0125506)
(-0.0808581,0.037574)
(0.162648,-0.078257)
(0.461607,0.401174)
(-0.0568052,-0.0186032)
(0.838892,0.195594)
(0.48647,-0.124144)
(0.507238,-0.0120747)
(-0.0567753,0.0938247)
(-0.0160951,0.0866406)
(0.069303,-0.156497)
(0.771485,0.108546)
(0.141156,-0.193823)
(-0.0406801,-0.0186465)
(-0.119716,-0.16775)
(0.321143,-0.0447704)
(0.20557,0.119358)
(0.0498203,-0.398976)
(0.680291,-0.216055)
(0.218555,0.353729)
(0.0477394,-0.0812229)
(-0.282454,0.146561)
(0.127647,-0.0465093)
(-0.00165304,0.0636475)
(0.1833,-0.184592)
(-0.10526,0.0213328)
(-0.17577,-0.0474521)
(0.147624,-0.0966714)
(0.498742,-0.455364)
(-0.106363,-0.148671)
(0.383235,-0.175967)
(-0.0302208,-0.21555)
(0.337427,-0.117087)
(0.752493,0.203115)
(0.050194,-0.070766)
(0.0573719,-0.17898)
(0.149751,-0.0237339)
(0.0697452,0.000499105)
(0.0994013,-0.40032)
(0.0216749,0.0320152)
(-0.223755,-0.264862)
(-0.225106,-0.114419)
(0.0806261,-0.205875)
(-0.0492449,-0.0539077)
(-0.235026,0.434779)
(-0.0136798,0.036472)
(0.0908954,0.0200266)
(0.00951372,0.214708)
(-0.0881654,-0.0190619)
(-0.231359,-0.139194)
(-0.14883,-0.150164)
(0.0998566,-0.101238)
(-0.033928,0.0489064)
(-0.00550303,-0.00874169)
(0.82891,-0.112882)
(0.389371,-0.851208)
(0.414349,-0.255338)
(-0.0389251,0.0956736)
(0.372853,0.274416)
(0.0973142,0.0724108)
(0.102342,0.0887037)
(0.11775,0.0502391)
(-0.128858,0.0709091)
(0.11598,0.00267951)
(-0.0791254,0.0020719)
(-0.0413426,-0.0470866)
(0.220282,-0.712941)
(-0.0850909,0.0166703)
(-0.330568,-0.0874747)
(0.252903,-0.0719175)
(0.25924,-0.450184)
(0.00987384,0.122168)
(0.121814,0.182727)
(-0.0671419,0.0341673)
(0.931042,-0.144704)
(-0.0577135,0.0420676)
(0.932383,-0.27298)
(0.362939,0.0529937)
(-0.0762263,0.0160155)
(-0.0190552,0.0146578)
(0.543796,-0.356754)
(-0.112307,-0.026717)
(-0.11742,0.0156386)
(0.0313904,-0.0870811)
(0.798173,0.307976)
(0.571,-0.0577636)
(0.00947732,-0.0356068)
(0.71919,0.0160343)
(0.604264,-0.0659285)
(0.199607,-0.0953)
(0.625323,-0.117031)
(0.623369,0.15969)
(-0.092507,-0.210145)
(0.766554,-0.380496)
(-0.183106,-0.12648)
(0.623757,0.0980022)
(-0.0184129,-0.185495)
(-0.0766395,-0.0142611)
(-0.0509891,0.00738576)
(0.0251549,-0.0383772)
(0.0530298,0.0261065)
(0.0950152,-0.0806001)
(0.24183,-0.0499198)
(0.194295,-0.11427)
(-0.188659,-0.114799)
(0.00412022,-0.0681489)
(0.142222,-0.0766272)
(0.184454,-0.0694543)
(-0.060172,0.0592186)
(-0.0394429,0.141962)
(0.048291,-0.0270135)
(0.00848993,-0.122405)
(0.119965,-0.0829418)
(-0.0473019,0.0259284)
(-0.103452,0.01584)
(-0.367354,-0.102821)
(0.503617,-0.520388)
(-0.0175977,-0.0868359)
(-0.101895,-0.177483)
(0.0168306,-0.217745)
(-0.139692,-0.0281885)
(-0.0594777,-0.143421)
(0.181267,-0.209546)
(0.330765,-0.428931)
(0.217111,0.162582)
(0.486892,-0.116912)
(0.21638,-0.000573312)
(-0.0374322,-0.171213)
(0.434156,0.196676)
(0.0330606,-0.0941857)
(0.0606072,0.117554)
(-0.063403,0.230218)
(0.740873,-0.483002)
(0.312734,-0.050796)
(0.550015,0.0891009)
(0.146185,0.052289)
(0.415368,-0.202351)
(0.332092,-0.126396)
(0.660968,0.107789)
(0.536217,0.206057)
(0.119436,0.135594)
(-0.0384893,0.0520773)
(0.320759,-0.482071)
(-0.0242155,0.116315)
(0.11822,-0.0529751)
(-0.00650294,-0.0884876)
(0.831555,-0.143808)
(0.010985,-0.0836635)
(0.769789,-0.0769892)
(0.0434625,-0.0335599)
(0.17929,0.0885214)
(-0.256118,0.174403)
(-0.0825089,0.269979)
(0.0385474,0.213979)
(0.109778,0.110367)
(0.0609456,0.0705617)
(0.0415645,0.128276)
(0.153061,-0.127208)
(1.04002,0.242366)
(0.0535811,0.139897)
(-0.0176424,-0.0470402)
(0.753384,0.647838)
(-0.0609259,0.0196035)
(0.0360451,-0.0301007)
(0.169104,-0.107816)
(0.15412,-0.0834029)
(-0.0115329,-0.0571482)
(0.140815,0.26639)
(-0.206895,0.107052)
(-0.124493,0.220682)
(-0.133213,-0.101831)
(0.0163578,-0.0661197)
(-0.0849983,0.188422)
(0.214318,0.459537)
(-0.12568,0.0614172)
(-0.0155098,0.0275452)
(0.518765,-0.504462)
(0.0393039,0.308059)
(-0.0964516,-0.101484)
(0.663099,-0.199863)
(0.687995,-0.112194)
(0.958398,-0.236786)
(-0.0441882,-0.000562636)
(-0.0458087,0.0585722)
(-0.0431294,-0.0023236)
(0.0395398,-0.127341)
(1.06091,-0.337512)
(0.485992,-0.166752)
(0.0354476,-0.0589834)
(-0.0217076,-0.118273)
(0.0702559,0.164223)
(0.111296,-0.0716244)
(0.443555,-0.128422)
(-0.132629,0.0336458)
(-0.176275,-0.0346267)
(-0.120033,-0.015722)
(-0.195041,0.0902691)
(0.405227,-0.133231)
(-0.0992285,0.119303)
(0.522024,-0.133741)
(-0.0406046,0.0827695)
(-0.0653604,-0.0607618)
(-0.0598369,-0.0284409)
(0.56479,0.0250545)
(-0.013507,0.186324)
(0.337124,-0.127484)
(0.869722,-0.221767)
(-0.0106341,-0.101403)
(0.107361,0.014397)
(0.0989785,-0.0603262)
(-0.0295574,0.284835)
(-0.0359765,-0.0353115)
(0.1092,-0.0535141)
(0.768175,-0.217783)
(0.839349,-0.021971)
(0.12817,0.0583913)
(-0.0583822,0.0561702)
(0.0753803,0.140824)
(0.174845,-0.227698)
(0.038206,0.143682)
(0.021742,0.0675748)
(0.3335,0.0489364)
(1.10705,0.00501413)
(0.811063,0.0304273)
(-0.0608013,0.0838056)
(0.913286,-0.460572)
(0.00812881,-0.130962)
(0.0210806,0.0687689)
(-0.0436657,0.0716717)
(0.000330659,-0.0712016)
(-0.00108483,-0.00500856)
(0.0484416,0.0770753)
(0.188469,-0.191561)
(0.40106,0.0841661)
(0.819764,-0.0269448)
(-0.0472517,-0.143746)
(1.06843,-0.34622)
(-0.172745,-0.142347)
(0.218955,0.156246)
(0.0910699,0.0309646)
(0.0699511,-0.0445609)
(0.825678,0.278035)
(0.0440431,0.314556)
(0.384865,0.118093)
(0.512823,0.340542)
(0.542566,0.118871)
(0.718859,-0.272453)
(0.56531,-0.489247)
(0.718807,-0.312935)
(0.208569,-0.444848)
(0.0773682,0.095443)
(0.316851,-0.223191)
(0.424362,-0.229005)
(0.0189549,0.136438)
(0.153692,0.0920999)
(0.228811,-0.0005997)
(-0.0937548,0.00958489)
(0.586994,-0.0769945)
(0.128607,0.106931)
(0.904031,-0.236481)
(0.120631,0.0582729)
(0.31752,-0.1454)
(-0.18418,0.119812)
(-0.135482,0.181626)
(0.611449,-0.171956)
(-0.110027,0.208548)
(0.401419,0.121952)
(-0.473711,-0.190079)
(-0.109942,0.0309025)
(-0.224466,-0.0089647)
(-0.123676,0.164565)
(-0.257428,0.016121)
(-0.00358593,0.0900934)
(0.148443,-0.0237087)
(0.228977,0.113407)
(-0.264051,-0.0182503)
(0.768644,0.366165)
(-0.0572343,-0.00322723)
(0.0193187,0.0050351)
(0.45046,-0.50175)
(0.0744564,0.0359162)
(-0.12276,0.145925)
(0.0906783,0.0652949)
(0.0378548,0.0513997)
(0.301456,0.235296)
(0.202596,0.672223)
(0.836798,0.139731)
(0.298519,0.359941)
(0.107779,-0.382074)
(-0.0528733,0.00408909)
(-0.0693005,-0.297636)
(0.134116,-0.431947)
(0.0489002,-0.0660114)
(0.544138,0.334797)
(0.395774,0.285104)
(-0.0913285,0.0435269)
(-0.0409615,-0.0483178)
(0.988047,0.229171)
(0.0814948,0.00397144)
(-0.205222,-0.0392759)
(1.10315,-0.0971435)
(0.00221141,0.152778)
(-0.0155258,-0.000233437)
(0.153525,0.0197574)
(-0.14787,0.0873937)
(0.190882,-0.336654)
(-0.144628,-0.287127)
(-0.017496,-0.322669)
(-0.0498054,-0.0863488)
(0.372599,0.0122974)
(0.1352,-0.134737)
(-0.00391783,0.0202563)
(-0.0303444,-0.0692472)
(-0.120072,0.109279)
(-0.387561,-0.0170511)
(-0.179223,-0.0226386)
(0.0396599,-0.0132227)
(0.087641,-0.0400116)
(0.00449743,0.0746347)
(-0.102092,-0.00545276)
(0.0654961,-0.0498501)
(0.475337,-0.168797)
(0.073959,0.0858683)
(0.759611,-0.325021)
(-0.0249432,-0.104884)
(0.0647448,-0.0128904)
(0.0323355,-0.0841883)
(0.61705,-0.572009)
(0.175178,-0.173601)
(0.19294,-0.0276338)
(-0.0205046,0.00458893)
(-0.00535175,-0.0924008)
(-0.00807322,-0.124103)
(0.0447151,-0.166082)
(-0.00837165,-0.050319)
(0.147931,0.397614)
(-0.0321731,-0.0923677)
(0.349238,0.0472644)
(0.107177,0.130961)
(-0.0414245,-0.118933)
(0.551817,0.0963995)
(0.00658703,0.0889163)
(0.0106416,-0.0180726)
(-0.125387,0.0361179)
(0.0398921,0.0394033)
(0.440758,-0.107969)
(0.187146,0.0140349)
(-0.000508593,-0.00637493)
(0.141423,0.0713117)
(0.597263,0.144478)
(-0.0299887,-0.0332309)
(0.475174,0.154705)
(-0.0167943,0.107765)
(0.00478222,0.0754025)
(0.0567574,-0.0499533)
(0.0018853,-0.0743155)
(0.000560424,-0.0169813)
(-0.0383055,-0.0276499)
(0.126262,0.151439)
(-0.0328965,-0.0954406)
(0.0275651,0.0567111)
(-0.0157766,-0.136591)
(0.477485,-0.223012)
(0.524692,-0.356799)
(0.0248005,-0.0632699)
(0.021409,-0.146828)
(0.136582,-0.150399)
(0.379616,-0.181087)
(0.0254366,-0.15526)
(0.10694,0.0546393)
(0.315454,0.0875389)
(0.0948102,0.0541051)
(-0.0730609,-0.0328172)
(-0.175926,-0.0605246)
(-0.232136,0.0237272)
(-0.095055,-0.0227487)
(-0.0389923,0.147538)
(0.654892,0.0549327)
(0.476093,0.0670843)
(-0.0568035,-0.00399951)
(-0.079773,0.0378675)
(0.208661,-0.0398861)
(0.0161945,-0.0344532)
(0.110185,0.0134922)
(-0.104303,0.0125362)
