1620
(-0.0458103,-0.141319)
(0.0276563,0.0512204)
(-0.00043021,-0.0432796)
(-0.0248728,-0.129784)
(-0.181283,-0.0456125)
(0.0371733,0.100986)
(0.0928873,0.014977)
(-0.0542262,0.0599859)
(0.0688243,-0.0034302)
(-0.0712262,0.0199885)
(-0.0521233,-0.0719152)
(-0.0902729,-0.0202207)
(-0.0883717,0.0114335)
(0.16051,0.000297092)
(-0.0923669,0.0439626)
(-0.0123268,-0.0481333)
(-0.284281,0.0629417)
(0.0448399,0.00133262)
(-0.0483674,0.0032441)
(-0.0325352,-0.00420369)
(0.0650881,0.305321)
(-0.127667,-0.0556424)
(-0.064029,-0.0802041)
(-0.282588,-0.0575127)
(0.0338291,0.114466)
(0.266786,-0.00146088)
(-0.0392066,0.0496731)
(0.0940581,0.0368577)
(-0.229868,-0.121926)
(0.0715032,-0.0092165)
(0.0694034,-0.0658359)
(0.0264749,-0.0521614)
(-0.119601,-0.228153)
(0.0324256,0.0155775)
(0.0364908,-0.0485865)
(0.0080967,-0.0168064)
(0.144359,0.036905)
(0.0435574,0.0023233)
(0.0427696,-0.0341521)
(-0.0354794,0.0582988)
(0.0385777,0.0952813)
(0.154529,-0.0940783)
(0.0777331,-0.150901)
(0.00865955,-0.202698)
(0.0750728,-0.143599)
(0.0759402,0.0435494)
(0.201955,-0.0613606)
(-0.108215,-0.0779963)
(-0.0268556,-0.0539639)
(-0.0676813,-0.0314324)
(0.026776,-0.00829743)
(0.0173856,0.0209621)
(-0.00284805,0.169204)
(-0.0667725,0.0648642)
(-0.018448,-0.0775473)
(-0.0289253,-0.033614)
(0.0578637,-0.0864544)
(-0.00505104,0.153327)
(-0.0181046,-0.164739)
(0.0354783,-0.0767264)
(-0.0439631,-0.120782)
(0.455184,0.0407765)
(-0.149331,0.0373805)
(0.48644,0.0569691)
(-0.163455,-0.00644715)
(-0.0126769,-0.052525)
(-0.0316489,-0.148331)
(-0.234923,-0.0904085)
(-0.220382,0.0638012)
(-0.00680855,-0.190417)
(-0.18731,0.174342)
(-0.0288897,0.0587646)
(-0.0309273,0.0945164)
(0.0258248,0.0481711)
(-0.193594,-0.260342)
(0.0352902,0.082625)
(0.18938,0.0963033)
(-0.0358714,0.00157542)
(-0.0411867,-0.0388101)
(0.0108399,-0.0135183)
(-0.0796551,-0.112653)
(0.0183634,0.105039)
(-0.0874256,0.212553)
(-0.0918,0.0375463)
(-0.176889,-0.0766724)
(-0.139102,-0.0188349)
(-0.0465426,0.131423)
(0.112779,0.113766)
(-0.0259645,-0.149701)
(0.233804,-0.00726181)
(-0.0668114,-0.0564451)
(0.0770855,0.0557791)
(0.653393,0.0762897)
(-0.174905,0.181538)
(0.205743,0.0338952)
(0.634292,-0.00442996)
(-0.0181235,0.158565)
(0.646045,-0.0527253)
(-0.265703,0.0907902)
(-0.248774,0.0579222)
(0.0999502,0.0623841)
(-0.0895682,0.162725)
(-0.0120664,-0.0908374)
(-0.18173,-0.0823772)
(0.0651067,-0.256129)
(0.645137,-0.205257)
(0.0391177,0.113465)
(0.188229,0.136379)
(-0.105792,0.164503)
(-0.142645,0.0736972)
(-0.166962,0.210897)
(0.598027,-0.538218)
(0.564158,-0.0246479)
(-0.0103389,-0.0822524)
(0.35521,-0.165509)
(0.33895,-2.9779e-05)
(0.0668314,-0.0679873)
(0.441917,-0.256842)
(0.0392995,-0.0111025)
(0.133169,0.238385)
(0.282808,-0.101065)
(0.00191143,-0.0537876)
(0.214753,-0.527567)
(0.377454,-0.112301)
(0.326124,-0.368365)
(-0.181983,0.122796)
(-0.0992239,-0.0207774)
(-0.0883777,-0.0991711)
(0.208945,-0.435435)
(0.0195121,0.119695)
(-0.0650777,0.0824558)
(-0.126305,-0.175575)
(0.113563,0.162192)
(-0.0432245,0.0596772)
(-0.010591,0.0344896)
(-0.1643,-0.161091)
(-0.0673042,0.0904537)
(-0.0050383,0.0623263)
(0.560255,-0.0778493)
(0.213771,0.160745)
(0.134556,-0.00329587)
(0.0447174,0.170501)
(0.0119308,0.0411265)
(0.0632768,-0.0989696)
(0.30402,0.160016)
(0.364332,-0.0133263)
(-0.0273481,-0.0249428)
(0.19372,-0.168679)
(0.318751,-0.162692)
(0.014736,0.0746599)
(0.14103,0.416153)
(0.0469407,-0.114268)
(0.494958,0.195692)
(0.624822,0.257844)
(0.56197,-0.136639)
(0.0643175,-0.00645917)
(0.0926906,-0.0093186)
(0.751833,0.106109)
(0.451383,0.176609)
(-0.0978837,0.154454)
(0.0252527,0.180504)
(0.126056,0.0704316)
(0.146271,0.143634)
(-0.0188445,0.135682)
(0.0217261,0.0486212)
(0.131768,0.050469)
(0.0301771,0.131261)
(0.0846334,0.181276)
(-0.0675834,0.0415345)
(-0.138593,-0.0707673)
(-0.0570435,0.0786623)
(-0.144622,0.00737362)
(0.377438,-0.073791)
(0.384645,-0.151108)
(0.477334,-0.1546)
(0.688508,-0.382881)
(-0.0339303,-0.0445991)
(-0.000741196,-0.0461991)
(-0.132839,0.0373904)
(-0.0399059,0.0990774)
(0.0144337,0.0351539)
(0.139228,-0.0476775)
(0.006131,-0.0749561)
(0.0699589,0.0742048)
(0.00696632,0.00991141)
(0.144721,0.115177)
(0.19932,-0.0878895)
(0.103292,-0.379323)
(0.116315,-0.197822)
(0.314712,-0.0923193)
(0.582665,0.0376784)
(0.543072,-0.340156)
(0.924063,-0.384382)
(0.0867582,0.182897)
(0.00557819,0.00540853)
(0.195534,0.130885)
(0.0925194,0.0295808)
(0.265557,0.0674699)
(-0.0787707,0.142274)
(0.0733434,0.0580007)
(-0.182744,0.00404776)
(-0.178027,0.129902)
(0.0907562,0.0976691)
(-0.126188,-0.0641848)
(0.194978,0.134015)
(-0.125695,-0.0470849)
(0.724264,-0.434867)
(0.504573,-0.358728)
(-0.045276,-0.111292)
(0.174057,0.0403086)
(-0.0404596,-0.0934479)
(0.362133,-0.0171747)
(0.327042,0.0233538)
(-0.0932088,0.0426571)
(-0.112796,-0.0312383)
(0.130553,-0.0222129)
(-0.0398799,0.00274789)
(0.467057,-0.342887)
(0.722161,-0.54829)
(-0.194799,-0.0665088)
(-0.100857,0.188899)
(0.11954,0.0533734)
(0.153567,-0.0570795)
(0.240838,-0.120396)
(0.0322191,0.00404456)
(0.0528036,0.0275029)
(0.501278,-0.162399)
(-0.128664,0.0790678)
(-0.276743,0.111559)
(-0.195972,-0.121108)
(-0.259353,0.0372601)
(0.192781,0.0183305)
(0.339428,-0.299583)
(0.636407,0.145343)
(0.63602,-0.20356)
(0.13164,-0.117768)
(0.209639,0.177885)
(0.0507875,0.222467)
(-0.136275,-0.208107)
(-0.0910963,-0.00836408)
(0.00812309,0.171752)
(0.0526807,-0.0258453)
(-0.0567247,0.206379)
(0.0167125,0.212972)
(-0.0154791,-0.020756)
(0.00621006,0.108973)
(-0.0556443,-0.00978175)
(0.157482,-0.141515)
(0.0317952,0.136139)
(-0.00212081,0.0563508)
(0.18972,-0.0010804)
(0.0423218,0.154524)
(0.0584814,-0.0684911)
(-0.00416981,-0.0852163)
(-0.0154804,0.0656479)
(0.164591,-0.0279921)
(-0.0473659,-0.190429)
(-0.077235,-0.117102)
(-0.0220178,-0.0154832)
(0.183816,-0.112308)
(0.220349,-0.00437554)
(0.115164,0.0422502)
(-0.0486813,-0.0697737)
(-0.011222,-0.0244098)
(0.0727333,-0.0920754)
(0.0395328,-0.00327248)
(-0.140993,0.0477466)
(0.117443,0.0513431)
(-0.148531,0.0618724)
(0.0376533,-0.0772332)
(-0.0707491,0.0156124)
(-0.100131,0.0567916)
(-0.00924899,0.082334)
(-0.121844,-0.0692806)
(-0.219759,0.00250946)
(0.56166,-0.063821)
(-0.102907,-0.102575)
(-0.0170866,0.16604)
(0.0176973,-0.0299832)
(-0.0301131,-0.117031)
(-0.0118426,-0.0658137)
(0.151328,0.0622316)
(-0.228806,0.0261282)
(-0.192382,0.101514)
(0.0467926,-0.0537659)
(-0.00244017,-0.151903)
(-0.202054,-0.0867257)
(0.0911355,-0.121772)
(0.089419,-0.011651)
(-0.0654507,-0.107721)
(0.0785648,-0.0645795)
(-0.151982,-0.0974025)
(0.0932328,-0.1325)
(0.0883692,-0.0834329)
(0.0400412,0.0797097)
(0.0362685,0.035807)
(0.197897,-0.140727)
(-0.0111202,0.0746432)
(0.0558046,0.20899)
(0.0532512,0.10737)
(0.169972,0.202074)
(-0.0565206,0.00680334)
(-0.0365252,0.194024)
(-0.124397,0.0722186)
(-0.0904149,-0.0630851)
(0.1462,-0.210403)
(-0.0052368,-0.020979)
(0.650361,-0.196153)
(-0.0972332,0.129918)
(-0.1354,0.137692)
(-0.029976,-0.0811695)
(-0.00187697,0.0988952)
(-0.100573,-0.108617)
(0.139641,0.0301802)
(-0.211235,-0.0493403)
(-0.166015,0.179584)
(0.0692878,-0.0075216)
(-0.0906256,-0.0291549)
(-0.042858,0.177511)
(0.62309,-0.385214)
(-0.154855,0.0319454)
(-0.0344259,-0.0632376)
(-0.209026,0.0526883)
(0.122836,-0.035301)
(0.0296812,-0.0193957)
(-0.0472978,-0.0450511)
(0.0454958,0.0806471)
(-0.148334,-0.04099)
(0.0862104,0.110734)
(-0.23662,0.0673595)
(-0.0121721,-0.0245649)
(0.0234907,-0.022996)
(-0.0919185,-0.0730991)
(0.0301327,0.13044)
(0.017994,-0.10157)
(0.290444,-0.153638)
(0.113952,-0.00639573)
(0.102089,0.0626032)
(0.00360174,-0.131016)
(0.148091,0.0757185)
(-0.0347083,0.103112)
(-0.0580057,-0.04228)
(0.00351969,0.0614506)
(-0.0621156,-0.0449801)
(0.0133549,-0.0256416)
(-0.0966203,-0.0278393)
(0.169592,0.205299)
(-0.0278879,0.110155)
(0.0295379,-0.00783872)
(0.419825,-0.117557)
(0.596282,-0.0565146)
(0.44703,-0.237199)
(-0.264481,0.0127301)
(-0.227433,-0.148508)
(0.368525,0.120382)
(-0.131771,-0.102011)
(0.0423599,-0.161247)
(0.162459,-0.0527081)
(0.0532636,-0.0657801)
(-0.160612,0.0160663)
(0.00578901,0.0677409)
(0.0790305,-0.00251879)
(-0.149464,0.132669)
(0.17948,-0.132786)
(-0.0264426,-0.0386093)
(0.129577,-0.0468274)
(0.216653,-0.173094)
(-0.0951223,0.0344942)
(0.0344677,-0.106412)
(-0.0448005,-0.119696)
(-0.100592,0.148342)
(-0.0392994,0.219303)
(-0.0236615,0.207325)
(-0.0951832,-0.166495)
(0.146209,-0.112824)
(0.410427,-0.000805617)
(0.162255,0.0115628)
(0.0846841,0.255566)
(0.250126,0.153594)
(-0.062119,-0.0619792)
(-0.236854,-0.00209334)
(0.254721,0.0262632)
(0.479443,-0.0267803)
(-0.0760242,-0.166873)
(0.027059,0.0111426)
(0.0337409,-0.0433266)
(0.0365414,-0.0114932)
(0.129033,-0.00303442)
(0.0359544,-0.0441996)
(-0.00979662,0.0370131)
(-0.0228835,0.100457)
(0.0783788,-0.0380377)
(-0.073037,0.19913)
(0.085139,0.123241)
(0.10507,0.00871314)
(0.0147029,-0.0540994)
(0.037418,0.0375588)
(-0.0180007,0.0465351)
(0.0509437,-0.0641331)
(0.00594309,-0.0344627)
(0.00687534,0.031375)
(0.00803137,-0.0115436)
(-0.199928,0.161895)
(0.54846,-0.325176)
(0.00618904,-0.14197)
(-0.00664875,0.0331506)
(0.00283903,0.100794)
(0.132339,-0.0260037)
(0.0935559,-0.116464)
(-0.197589,-0.0585941)
(-0.0764879,-0.0561694)
(-0.0592631,-0.130141)
(-0.220823,0.231761)
(-0.143597,0.0576067)
(0.191126,-0.313775)
(0.0252667,0.190598)
(-0.0217095,-0.092794)
(0.0551136,0.00125765)
(-0.0080078,-0.138727)
(0.0567122,0.0221219)
(-0.0449315,0.117126)
(-0.0137803,-0.0646086)
(-0.163653,-0.0336428)
(0.115636,0.0211996)
(-0.0219475,-0.027983)
(-0.0379099,-0.0925353)
(1.00734,-0.200146)
(0.0469774,0.00275466)
(-0.0641414,-0.00403221)
(-0.00231094,-0.00870725)
(0.0377066,0.0749888)
(-0.178965,0.0232757)
(0.0756429,0.0918101)
(-0.00377348,-0.0388193)
(-0.0486761,-0.0719774)
(0.00416684,-0.0614405)
(-0.130818,0.0432413)
(-0.0259553,0.0147041)
(-0.0219435,0.185448)
(0.163041,0.0345363)
(0.0590064,0.105759)
(-0.0967699,-0.129003)
(-0.138302,-0.2542)
(-0.187911,-0.0309346)
(0.000371261,0.0653858)
(0.183405,0.105612)
(-0.051838,0.21624)
(0.161555,0.13534)
(-0.242149,-0.0372643)
(0.24987,0.123201)
(-0.192834,-0.184602)
(0.0890053,-0.182071)
(-0.212641,0.00208711)
(-0.0958664,-0.105136)
(-0.0943075,0.0301016)
(0.0718072,-0.109306)
(-0.141005,-0.0755275)
(-0.0318264,-0.0991704)
(-0.130536,0.019054)
(-0.0939995,0.0486799)
(0.0788908,0.0126331)
(-0.0290749,-0.05745)
(-0.00242953,-0.0443304)
(-0.00202915,0.018189)
(-0.0430203,-0.148123)
(0.0143031,-0.103588)
(0.0871504,-0.0990506)
(0.00484967,-0.0279773)
(0.365115,-0.129782)
(-0.0225387,0.00705503)
(0.30588,-0.568755)
(-0.167297,-0.005244)
(0.0290808,0.0905943)
(0.0496993,0.11352)
(0.290365,-0.0135621)
(-0.168088,-0.00255439)
(0.0991632,-0.150227)
(0.390628,0.0351276)
(-0.217071,-0.0296477)
(0.0451498,-0.053343)
(0.00987294,-0.0803736)
(0.248283,-0.0577179)
(0.0718396,-0.025172)
(-0.0336005,-0.109135)
(0.0652299,0.0221918)
(0.0907715,-0.0245942)
(-0.0297907,-0.0207339)
(0.356999,-0.171458)
(-0.0158312,-0.0198512)
(-0.0208835,0.0662636)
(1.09323,0.0166416)
(-0.0623801,-0.0961165)
(-0.0700137,-0.0212479)
(0.0279623,0.14526)
(0.229195,-0.190705)
(0.32183,0.25391)
(0.63911,-0.0185141)
(-0.0254985,-0.00715125)
(0.470171,-0.356334)
(0.0997998,-0.0742967)
(0.0759011,-0.06084)
(-0.0377628,0.0372681)
(-0.0753788,-0.159283)
(-0.141599,0.27262)
(0.0519371,0.0165176)
(0.0205339,-0.0278222)
(0.013415,0.056815)
(-0.0988253,-0.0471205)
(0.089833,0.00703549)
(-0.150619,0.141212)
(-0.0510691,0.0376281)
(-0.0116372,0.0524978)
(0.02098,0.0500858)
(0.185794,0.0928939)
(-0.104959,-0.00841691)
(-0.00322838,0.0941669)
(0.0305612,-0.0892209)
(0.103819,-0.0120927)
(-0.0855374,-0.11083)
(-0.0713615,-0.0772223)
(-0.164878,0.131835)
(-0.04081,-0.0781817)
(-0.088899,0.156576)
(-0.15736,-0.0591772)
(0.138509,-0.190997)
(-0.255973,0.0474383)
(0.0639729,-0.106635)
(0.128779,-0.0101312)
(0.0151997,0.0814828)
(-0.059346,-0.128864)
(0.0206993,0.0429759)
(-0.0230376,-0.200979)
(0.116313,0.224014)
(-0.00896641,-0.225303)
(0.980596,0.264814)
(0.271118,-0.0731929)
(-0.0724398,0.308342)
(-0.260268,0.0631051)
(-0.0920384,0.33831)
(0.0215787,0.0629559)
(-0.298082,0.0774978)
(0.0580257,0.00883194)
(0.0682067,-0.0811795)
(-0.00831488,0.00764107)
(-0.135347,-0.0385399)
(-0.00955175,0.141472)
(0.298946,0.0457677)
(-0.0838935,0.0973085)
(-0.136968,0.20115)
(0.0844429,0.0519196)
(-0.160366,0.104426)
(0.130865,0.117822)
(0.0174919,0.0796321)
(0.175295,-0.0958726)
(0.152638,0.0949186)
(-0.087731,-0.121184)
(-0.0532614,-0.161197)
(-0.0174387,-0.0151312)
(0.0400677,-0.00889005)
(0.0801373,-0.0471566)
(0.0104073,0.0771488)
(0.289333,-0.125008)
(0.160037,-0.0342392)
(0.0879444,-0.055779)
(-0.0252067,-0.101659)
(-0.0206813,-0.0629891)
(-0.292094,-0.179846)
(-0.103002,-0.0413114)
(0.0497361,-0.303387)
(0.46953,0.0425598)
(-0.144596,0.0634626)
(-0.0520639,0.142005)
(-0.23952,0.059112)
(-0.0178713,-0.238377)
(0.275934,0.241252)
(-0.40352,0.0147755)
(0.0072576,0.0286919)
(0.164677,0.16852)
(0.129326,0.0524138)
(0.0384475,-0.0628351)
(-0.146821,-0.0768136)
(0.210023,-0.0229562)
(0.0449381,-0.0559708)
(-0.032811,0.1645)
(-0.205872,0.00266086)
(0.470109,0.147503)
(-0.0148469,0.0822809)
(0.0733803,-0.0603846)
(-0.167696,0.0395135)
(-0.159811,-0.0487846)
(0.0933896,-0.105657)
(-0.0808881,-0.134355)
(0.0416437,-0.102534)
(0.547544,-0.29625)
(-0.144419,-0.123418)
(-0.0167743,0.0173746)
(-0.0760952,-0.14531)
(-0.084232,-0.04734)
(0.0825541,0.0821998)
(-0.186906,-0.108172)
(0.140756,0.0698919)
(0.180151,-0.0417578)
(-0.0460585,0.0107163)
(0.0223771,-0.116732)
(0.0229071,-0.087466)
(0.0267377,0.0998961)
(-0.121999,0.111304)
(-0.308665,0.0744685)
(-0.224128,0.0687644)
(-0.0460505,0.0620438)
(0.0300744,0.0431097)
(-0.0320452,0.189777)
(0.0743848,0.105187)
(0.192393,0.115514)
(-0.0391987,-0.102857)
(-0.305509,-0.323404)
(-0.363674,0.112655)
(0.017011,-0.0027604)
(-0.195536,-0.0743929)
(-0.144218,-0.0235505)
(-0.0707625,-0.07395)
(0.304027,0.158267)
(0.170352,0.0369153)
(-0.0660806,0.00235108)
(-0.0113646,0.0539036)
(0.128602,-0.144847)
(0.056006,-0.180914)
(0.00360533,0.081086)
(0.244442,0.0106758)
(-0.131979,-0.203399)
(-0.111914,-0.173115)
(-0.0336221,-0.0289233)
(0.00810092,-0.119445)
(0.00336714,-0.0813521)
(0.0387585,-0.0387833)
(0.0694349,0.0119113)
(0.0488614,0.0311531)
(0.0759124,0.162835)
(0.0433264,-0.144261)
(0.287363,0.121829)
(0.0392229,0.0956989)
(0.0186356,-0.0879964)
(-0.0278781,-0.187448)
(0.294815,0.067012)
(0.00466377,0.125148)
(0.00586298,-0.0441968)
(0.0963801,-0.0457078)
(0.0953788,-0.0568861)
(0.172717,-0.0342139)
(0.101855,-0.0522265)
(-0.0415117,-0.00828953)
(0.0653299,-0.23862)
(0.156512,-0.186501)
(0.111634,0.0740447)
(0.435979,-0.284955)
(0.446016,-0.148661)
(0.0706352,0.125929)
(-0.0146351,-0.104504)
(-0.0884358,-0.00698883)
(-0.111689,0.140264)
(-0.0523954,-0.102292)
(-0.0776856,0.0868871)
(-0.0350709,-0.0065907)
(0.0879595,-0.0167462)
(-0.0108136,-0.0683744)
(-0.138657,-0.0660062)
(0.0309008,0.337875)
(0.0842587,0.0156076)
(0.136778,-0.105732)
(-0.0984944,-0.0158406)
(0.129704,0.0491666)
(-0.0542562,0.0263754)
(-0.0665572,0.126149)
(0.213733,-0.052114)
(0.0401463,-0.142447)
(0.0654993,0.139534)
(0.219835,0.0332485)
(0.149562,0.091853)
(-0.0592919,0.0814678)
(0.00550347,0.084648)
(0.436585,-0.0463143)
(0.296174,-0.127753)
(0.0517346,0.0152568)
(0.0466707,0.00235512)
(-0.128994,-0.156844)
(0.0760204,0.0406299)
(0.0691131,0.0571261)
(-0.00810504,-0.188197)
(0.159423,0.0703388)
(0.0999558,-0.11977)
(-0.0408899,-0.14438)
(-0.17321,-0.0124132)
(-0.178861,0.0412581)
(0.277708,-0.210495)
(0.0145213,0.0295556)
(-0.165889,-0.0224577)
(-0.131096,-0.0828005)
(0.211809,0.126084)
(0.0123113,0.00788801)
(0.0717764,0.0192674)
(0.0539192,0.0374852)
(-0.0367315,-0.00242549)
(-0.0697831,0.159508)
(0.0983222,0.0634553)
(0.0871505,-0.0664359)
(-0.0423133,-0.122095)
(0.000998763,0.0993291)
(-0.0732147,0.158729)
(-0.0108001,0.112361)
(0.00659331,-0.0350847)
(0.178185,-0.0109916)
(0.107521,-0.111686)
(0.0919216,0.109117)
(0.295644,-0.0202861)
(-0.0220209,-0.10501)
(0.00677251,-0.174601)
(0.112174,0.0434659)
(0.235449,0.0472733)
(-0.22544,-0.243159)
(0.623518,-0.582736)
(0.0605418,0.162269)
(0.634385,-0.386631)
(0.062018,0.14731)
(-0.0178896,0.0441132)
(0.204923,-0.524377)
(0.0285038,-0.059928)
(-0.0122218,-0.200024)
(0.288401,-0.658439)
(0.504612,-0.541983)
(0.00394391,-0.135483)
(-0.0271041,0.156306)
(-0.0127318,-0.0691583)
(-0.0187245,-0.0366357)
(0.0104843,-0.0936512)
(-0.199607,-0.0433014)
(-0.187618,0.0287222)
(-0.0137428,0.0535162)
(-0.0417735,0.0505849)
(-0.00788265,-0.125496)
(0.000219891,-0.10443)
(0.0165879,-0.115996)
(0.0486753,0.139763)
(0.0148307,0.057624)
(-0.232591,0.0742981)
(-0.0187967,-0.0494153)
(0.0284422,-0.253846)
(0.155196,0.150986)
(-0.0361766,-0.111087)
(-0.0157172,0.10067)
(-0.0132141,-0.0211279)
(-0.0763655,-0.0399034)
(-0.113552,-0.0978288)
(-0.0667228,0.0324625)
(-0.137632,-0.0686543)
(-0.0661286,-0.0734328)
(0.126282,-0.269061)
(-0.0622616,0.0531236)
(0.0243423,0.0121794)
(-0.091348,0.0944003)
(-0.127579,-0.0463101)
(-0.104264,0.141381)
(0.0543192,0.0680251)
(0.0572431,0.0016087)
(0.0742492,0.0533628)
(-0.160385,0.0412497)
(0.0136643,0.0642747)
(0.70012,-0.538502)
(0.00667362,0.0100452)
(0.0103673,0.261458)
(-0.179064,0.0373612)
(-0.169848,0.116497)
(0.0995401,0.112199)
(0.256013,0.0698924)
(0.172607,0.0370325)
(0.315465,0.119999)
(0.554202,0.0194663)
(-0.0225481,-0.125332)
(0.363035,0.071474)
(-0.00889812,-0.0760204)
(-0.114148,-0.162029)
(0.0918369,-0.00787022)
(-0.0919605,-0.084005)
(0.180461,-0.340039)
(-0.0628503,-0.0485146)
(-0.00859117,0.0738617)
(-0.0150751,0.181164)
(0.27585,-0.290915)
(-0.011312,0.0500546)
(-0.192482,0.0714707)
(0.351487,0.0137313)
(0.0414881,0.144925)
(-0.0182024,0.275785)
(0.0547446,0.0454619)
(0.104155,0.0885255)
(0.0806364,0.0747544)
(0.0929283,0.0135759)
(0.12155,-0.189853)
(-0.0305309,-0.0713954)
(0.123181,0.135702)
(0.192728,0.0190235)
(-0.0263981,-0.0376352)
(0.114568,-0.082586)
(-0.217692,0.061929)
(0.0519262,0.0960723)
(-0.0358759,0.105902)
(0.029484,-0.0446315)
(0.0543106,-0.126671)
(-0.182474,-0.0522806)
(0.0742056,0.155093)
(0.0932386,-0.150526)
(0.0101796,0.0376065)
(-0.177074,-0.0744161)
(-0.0553429,-0.0101679)
(-0.0868475,0.170879)
(-0.0218411,0.0201672)
(-0.0525961,0.0989061)
(0.0398971,-0.130698)
(-0.0723018,0.0722632)
(-0.109339,0.0389853)
(0.187318,-0.0836569)
(0.0281897,0.30903)
(-0.131536,0.0563208)
(-0.0380788,0.0928624)
(-0.112941,0.0498628)
(-0.0151466,-0.0598248)
(0.0866734,0.115464)
(0.0138056,0.0471909)
(0.051063,-0.0531313)
(0.0906379,-0.00824104)
(0.133481,-0.0162325)
(0.074774,-0.0592681)
(0.0869342,-0.00303763)
(0.0978213,0.100005)
(0.0658375,-0.0914594)
(-0.0466428,0.0803968)
(-0.0169586,0.142562)
(-0.0224304,0.102331)
(0.109036,-0.158758)
(-0.0356031,-0.0784255)
(0.045223,0.0869874)
(0.16407,-0.110443)
(0.0655031,0.107686)
(0.174089,0.0384758)
(-0.00639122,0.159943)
(0.0338266,-0.0377605)
(-0.0646925,0.0700146)
(-0.0668644,0.0766576)
(0.151781,-0.281682)
(0.0946907,0.235804)
(-0.264525,0.0676105)
(-0.0203953,-0.0179862)
(-0.0641475,0.0379329)
(0.0606373,-0.0488042)
(-0.182248,-0.0835093)
(0.143636,-0.0648069)
(0.0231565,0.0184856)
(0.0241233,-0.109071)
(0.0666871,-0.00295184)
(0.0185606,-0.00799559)
(0.074219,-0.127685)
(-0.010853,0.042906)
(-0.115969,-0.0368535)
(-0.190491,-0.105867)
(-0.150639,-0.0161114)
(0.862526,-0.291488)
(0.219564,-0.133401)
(-0.0875485,0.0182782)
(0.172353,-0.0402555)
(-0.0340016,-0.0510232)
(-0.0828215,-0.144609)
(-0.180519,-0.0878854)
(0.073365,-0.0395954)
(0.129707,-0.0184932)
(0.291833,0.0478449)
(0.0345483,-0.255467)
(-0.0709263,0.0425816)
(0.161572,-0.227681)
(0.560453,-0.0468538)
(-0.222318,-0.163653)
(-0.0753031,-0.261709)
(-0.130557,0.0677123)
(-0.0293766,0.0872855)
(0.144255,-0.21304)
(-0.00961495,0.156706)
(-0.18309,0.199928)
(0.309194,-0.225533)
(0.213863,-0.104577)
(0.110072,0.0095836)
(0.106878,0.115207)
(-0.247579,0.115451)
(0.162254,0.0715419)
(-0.348957,0.079256)
(0.278127,-0.0159362)
(0.0728519,0.112528)
(0.0853386,0.0898226)
(0.128338,0.0126029)
(0.136453,0.107405)
(-0.000953924,-0.0587685)
(-0.0885175,-0.11802)
(0.587664,-0.179827)
(-0.0242925,-0.146836)
(0.540377,-0.325704)
(-0.282989,0.0106319)
(-0.189453,-0.0673001)
(-0.248775,0.0506033)
(0.0394796,0.134563)
(1.01931,-0.254515)
(0.279207,0.00440395)
(0.635364,-0.0794865)
(-0.134535,-0.00569818)
(-0.00915823,-0.000882811)
(0.101235,0.199422)
(0.318354,-0.373886)
(-0.0276247,0.0211674)
(0.0137731,-0.0253605)
(-0.268104,-0.0389276)
(0.020029,-0.145131)
(0.00600436,-0.0426833)
(-0.0327796,-0.000751481)
(-0.209082,-0.205382)
(-0.0452162,0.0489619)
(-0.217141,-0.0867681)
(0.357532,0.146163)
(0.0426212,0.00188328)
(0.0273869,0.02048)
(0.250909,0.0293044)
(0.102144,-0.110549)
(0.127939,0.0530157)
(0.0728888,-0.112199)
(0.116541,-0.213056)
(-0.0504779,0.00467532)
(-0.084158,-0.0288168)
(-0.0327391,0.0460934)
(-0.0789777,0.000653677)
(0.145805,-0.12758)
(0.0185808,-0.0621227)
(-0.0232938,0.00129633)
(-0.0168748,0.0423264)
(-0.0425517,-0.0897497)
(0.062124,0.209523)
(-0.0457191,0.0802145)
(-0.0812718,0.0285356)
(-0.0290545,0.0381987)
(0.0761053,0.141816)
(-0.0808223,-0.0356027)
(0.241358,-0.0329028)
(0.251186,0.00536207)
(-0.0435139,-0.163004)
(-0.101606,-0.0517581)
(-0.170653,0.0968733)
(0.00739242,0.103503)
(0.0745559,0.239493)
(0.10545,0.328739)
(0.279891,0.188902)
(0.00176135,-0.00497527)
(0.0295201,-0.191994)
(0.0578402,0.0132349)
(0.0679437,0.0464602)
(-0.0915437,-0.17923)
(0.402445,0.0775793)
(0.057425,0.0121742)
(0.170215,0.074934)
(0.162617,0.0176474)
(-0.114558,-0.107609)
(-0.104864,-0.208457)
(-0.125668,-0.199803)
(-0.0498773,-0.0108346)
(-0.10435,-0.118276)
(0.130713,-0.0749769)
(0.0589614,-0.0161687)
(0.0137813,0.15945)
(0.00366319,-0.144677)
(-0.211457,0.134341)
(-0.125934,0.00563925)
(0.501983,-0.0786059)
(-0.0734214,0.269507)
(0.0730511,0.10747)
(-0.111562,0.0630346)
(0.172957,-0.0967683)
(0.0150024,0.0853122)
(-0.193072,0.0628339)
(0.249512,0.0986138)
(-0.049228,0.145824)
(0.0686856,0.0412994)
(-0.0284456,-0.214632)
(-0.259203,0.0688701)
(0.0199837,0.084108)
(-0.00721283,0.143151)
(0.191124,-0.0480702)
(-0.164321,0.0271444)
(-0.0442944,-0.127321)
(-0.0305933,0.0181327)
(-0.040605,-0.0536552)
(0.0732814,-0.113661)
(-0.0657368,-0.139942)
(0.22701,-0.0984894)
(0.0112775,0.066189)
(0.0982673,0.100824)
(0.126192,0.0488377)
(0.252227,-0.0292347)
(0.128561,0.0221163)
(0.232511,0.0380338)
(0.105197,-0.111687)
(0.0328496,0.0198121)
(-0.00144635,0.0531895)
(0.180589,-0.0648066)
(0.00823118,-0.0941189)
(-0.0655987,0.131269)
(-0.0835282,-0.000252216)
(-0.0654303,0.195189)
(0.168723,0.0431087)
(0.470851,-0.0366182)
(-0.0295956,-0.125709)
(0.136493,-0.0431487)
(0.0606686,0.128104)
(0.508466,-0.398743)
(-0.122763,0.0580307)
(0.0631522,-0.186318)
(-0.189321,-0.0404206)
(0.0532327,-0.0318685)
(-0.0546525,-0.126017)
(-0.253454,-0.074327)
(0.136046,0.142425)
(0.145985,-0.273365)
(-0.0413069,-0.0215631)
(-0.0092062,-0.169644)
(0.958328,-0.283866)
(-0.031275,-0.0698859)
(-0.0519775,0.00207149)
(-0.0422561,-0.0129694)
(0.435849,-0.659875)
(-0.107648,-0.0146318)
(0.000908327,-0.042775)
(0.0439699,-0.0713222)
(0.16192,0.136984)
(0.000962174,0.0663817)
(0.151039,-0.150419)
(0.119606,-0.0568458)
(0.0355212,0.0853561)
(0.152635,-0.0768766)
(0.0445947,0.0190324)
(0.0659286,0.0336932)
(-0.0504279,0.16312)
(0.0523383,0.037744)
(0.137578,-0.0842299)
(0.0734195,-0.0834769)
(0.0552465,0.206854)
(-0.0512622,-0.040291)
(0.285581,0.0820947)
(0.29108,0.0846957)
(0.227699,-0.146031)
(-0.236738,-0.0172329)
(0.0326211,0.0999043)
(-0.0348999,0.111449)
(0.549952,-0.473249)
(-0.175926,0.0291175)
(-0.164375,-0.0650757)
(0.114796,-0.049928)
(0.0790887,0.016017)
(0.324599,0.00615522)
(0.0701085,0.0120705)
(0.321344,-0.086717)
(0.271581,-0.382746)
(0.36685,-0.233734)
(0.141882,0.0745116)
(0.200852,0.21687)
(0.763274,-0.353106)
(0.212135,-0.343363)
(0.222428,-0.113722)
(-0.0911499,0.110128)
(-0.206848,0.296353)
(0.185002,-0.187019)
(-0.0827118,0.0264445)
(-0.0773511,0.0391594)
(0.392817,0.0168615)
(0.252992,-0.150115)
(0.428497,0.0018835)
(0.41077,0.0522494)
(-0.0025123,-0.0272205)
(0.0181568,0.00232224)
(-0.0576821,-0.166821)
(-0.0417971,-0.066447)
(-0.0755406,0.127427)
(0.0274959,0.00376287)
(-0.0491745,0.162088)
(0.12943,0.0335314)
(-0.115855,0.147307)
(0.10412,0.0809608)
(-0.00628967,-0.0465404)
(0.00241013,0.0792883)
(0.265846,-0.0252262)
(0.511342,-0.0460722)
(0.151922,-0.0450501)
(0.435477,-0.0630111)
(0.116532,-0.0445147)
(0.070131,0.0427572)
(0.506039,0.0220966)
(0.172791,-0.0689516)
(0.246454,-0.0984752)
(0.513453,-0.147762)
(0.0978015,-0.122515)
(0.774143,-0.181121)
(-0.0374729,0.194974)
(-0.159823,-0.14181)
(-0.108181,-0.21734)
(0.283284,-0.0403235)
(0.0843922,0.0675001)
(0.194374,-0.00291101)
(0.0496235,-0.0233495)
(0.0377325,0.0129341)
(0.0300713,-0.0775899)
(0.121568,0.0276026)
(-0.00480981,0.0723974)
(-0.0735609,0.0320042)
(-0.0190328,-0.012491)
(0.113632,-0.0244782)
(0.153455,-0.192782)
(-0.131233,0.0882522)
(0.139948,-0.00813853)
(0.0475754,-0.0934925)
(-0.0433071,-0.0709424)
(0.50702,-0.299618)
(-0.139654,-0.142928)
(0.0407682,-0.05383)
(0.0391117,0.0377972)
(0.0935384,-0.00190137)
(-0.0183092,-0.0123493)
(-0.00863822,0.125886)
(-0.121518,-0.127351)
(-0.012541,0.0969528)
(0.561133,-0.0781683)
(0.0674514,-0.0210378)
(0.350602,-0.0352025)
(-0.163691,-0.196314)
(-0.0535802,-0.270455)
(-0.0598158,0.0377852)
(0.166295,0.138872)
(-0.0983378,-0.200876)
(0.255659,-0.0294497)
(0.140808,-0.100521)
(-0.0355432,-0.0909285)
(-0.0752186,1.48938e-05)
(-0.129869,-0.0636011)
(0.0362519,-0.0749937)
(0.113767,-0.0205939)
(0.391784,-0.278485)
(0.298445,0.0297094)
(-0.171984,-0.116164)
(0.0822839,0.0182988)
(-0.151454,0.0103906)
(-0.0191919,-0.0781162)
(0.36273,0.0934527)
(-0.124029,0.0133544)
(0.0688594,-0.0678725)
(0.0774146,-0.0451434)
(0.112186,0.0208941)
(0.298832,-0.424276)
(-0.096945,0.129014)
(0.117788,0.290852)
(-0.0973724,0.375697)
(0.0233205,0.223406)
(0.309649,-0.19108)
(0.204415,-0.0645031)
(0.00352498,0.0566802)
(0.052236,0.211746)
(0.305207,0.0699942)
(0.333862,0.0754592)
(0.252739,-0.0622085)
(0.393344,0.0757174)
(0.0176821,-0.402138)
(0.153365,0.123937)
(-0.119552,0.0522055)
(0.594814,0.0363765)
(-0.00091113,-0.00624951)
(0.286419,0.0469205)
(0.759753,0.0721451)
(0.168957,-0.302225)
(-0.0612629,0.10544)
(-0.120109,0.0118579)
(0.0680291,-0.283012)
(-0.0750072,0.0210827)
(0.45911,0.0222249)
(0.499324,0.0866694)
(0.279963,-0.0219509)
(0.546682,-0.0208732)
(0.964273,-0.249517)
(-0.144086,0.0262135)
(-0.0518607,-0.0751331)
(-0.25768,0.0828338)
(-0.235723,-0.0911339)
(0.46004,-0.231928)
(0.629446,-0.260786)
(-0.00316514,-0.0650017)
(0.121628,0.0807078)
(0.170854,-0.0822162)
(0.310685,0.230004)
(0.183583,0.0145366)
(0.0256457,-0.107133)
(0.283831,0.16769)
(-0.423989,0.0821356)
(0.0733488,-0.094341)
(0.371856,0.0429196)
(0.644003,0.353387)
(0.83567,0.138674)
(-0.104876,0.0103752)
(-0.0891546,-0.0388654)
(0.0260487,-0.123208)
(-0.141106,-0.0251825)
(-0.07169,0.0568866)
(0.0690686,0.153178)
(0.181394,0.0170742)
(0.667327,-0.187756)
(0.732953,-0.142824)
(0.865922,-0.154472)
(0.767587,0.0338163)
(0.66225,0.0582076)
(0.0187025,-0.194624)
(0.360373,-0.0655614)
(0.202842,-0.201018)
(0.356888,-0.231203)
(-0.0828063,-0.00697827)
(-0.00767506,-0.0817568)
(0.404093,-0.213241)
(0.111806,-0.191022)
(0.380421,-0.478215)
(0.524312,-0.360274)
(0.416037,-0.213099)
(0.0298725,0.187113)
(0.559284,-0.325081)
(-0.0334641,0.39892)
(-0.138231,-0.0471145)
(0.0472789,0.108105)
(-0.127661,-0.0958158)
(-0.0498823,-0.114546)
(-0.0797732,0.0913001)
(-0.167818,-0.129311)
(-0.108136,0.0635748)
(0.174111,-0.0532973)
(0.223536,-0.225439)
(0.00843746,0.115603)
(0.677629,-0.389973)
(0.386562,0.00612212)
(0.478075,-0.291347)
(0.0363908,-0.0347624)
(-0.182284,0.134786)
(-0.0592195,0.0469121)
(0.617519,-0.485287)
(-0.0895722,-0.134537)
(0.0333017,-0.0795967)
(0.312665,-0.352447)
(0.305594,-0.238067)
(0.372394,-0.278484)
(0.794841,0.1535)
(0.862798,-0.490694)
(0.32945,0.179535)
(-0.0193862,-0.213196)
(-0.0215206,0.0536643)
(-0.0867914,0.102991)
(0.114789,-0.144596)
(0.170464,-0.0841991)
(-0.11706,0.273412)
(-0.00173595,-0.0448007)
(0.198025,-0.126593)
(0.254732,-0.183981)
(-0.0277338,-0.278983)
(0.124671,-0.0926594)
(0.0659108,-0.345565)
(0.475943,-0.0948108)
(1.09169,-0.080375)
(0.108162,-0.0846605)
(0.0200685,0.168206)
(-0.0683971,0.227926)
(-0.0878776,0.0509621)
(0.0542097,-0.281132)
(0.0208873,0.160725)
(0.144311,-0.355544)
(-0.228805,-0.150365)
(0.432942,0.158655)
(-0.206742,-0.0999951)
(0.547675,-0.158895)
(-0.0968157,-0.025738)
(-0.00290672,-0.0658904)
(0.166356,0.0042181)
(0.0128756,-0.104917)
(-0.175981,-0.0626915)
(0.0537798,-0.0925797)
(0.361087,-0.238711)
(-0.0963048,0.264361)
(-0.0438041,-0.0856371)
(0.68684,-0.311362)
(0.381271,0.136391)
(0.39565,-0.252004)
(-0.0248291,-0.0902036)
(0.534334,-0.215377)
(-0.0159477,-0.182314)
(0.145344,0.0250239)
(0.157286,0.0147343)
(-0.106196,-0.0573388)
(-0.160914,-0.18012)
(-0.0547233,-0.152526)
(0.104401,-0.151818)
(0.667589,-0.0322877)
(-0.121508,0.0387519)
(0.579026,-0.265877)
(0.418787,-0.306491)
(0.477175,-0.35853)
(-0.0066341,-0.130674)
(0.00574158,-0.0442349)
(0.000201039,-0.129504)
(0.525701,-0.355864)
(0.000528182,0.0985414)
(0.383106,-0.386278)
(0.374218,0.0155799)
(0.0784773,0.124491)
(0.263576,0.0762819)
(0.409191,-0.0409326)
(0.149052,0.0415947)
(0.148641,-0.00854204)
(0.102659,0.149309)
(0.190522,-0.190143)
(-0.0243302,0.118322)
(0.0589473,-0.238593)
(0.377096,0.0231284)
(-0.213719,0.363169)
(-0.20512,-0.092683)
(0.317334,-0.13543)
(0.442546,-0.0494164)
(-0.253426,-0.100349)
(0.312635,-0.176107)
(0.0518368,0.0772189)
(0.247147,-0.27132)
(0.0973288,0.164418)
(0.232229,-0.112023)
(0.200345,-0.00987118)
(0.0138798,0.0722482)
(0.0184226,0.144189)
(0.0527353,0.0923335)
(0.0318201,-0.08662)
(-0.141358,-0.0631311)
(0.0415766,-0.323139)
(0.0382375,-0.0906218)
(0.0629644,0.00812825)
(-0.174982,-0.059511)
(0.0981893,0.104016)
(0.0868867,-0.0489296)
(-0.0764469,0.261968)
(0.0784638,0.132856)
(0.479676,-0.564641)
(0.103542,0.00089426)
(0.0139207,-0.188817)
(0.0297095,0.00708918)
(0.692796,-0.418623)
(0.0272098,0.102742)
(0.0534099,0.013308)
(0.0701156,0.103293)
(0.0466072,-0.10258)
(0.0611258,0.0338567)
(0.2849,-0.272521)
(0.167378,-0.382346)
(0.574829,-0.244989)
(0.202411,-0.161638)
(-0.203394,-0.0263152)
(0.241637,-0.0157495)
(0.317606,-0.318945)
(-0.0192054,0.164582)
(0.0906891,-0.0995181)
(0.122938,-0.135075)
(-0.0327911,0.29892)
(-0.164833,-0.112719)
(0.407891,-0.0958821)
(-0.0667456,-0.0820309)
(-0.111317,-0.195114)
(-0.181823,-0.0268313)
(-0.0678772,0.0570778)
(0.417526,-0.164103)
(-0.0838512,-0.0560621)
(-0.0333493,0.0477354)
(0.417358,-0.269581)
(-0.0283132,-0.0734946)
(-0.138942,0.143004)
(-0.139683,0.0764873)
(0.480116,-0.0857871)
(-0.0942024,0.184686)
(0.810915,-0.12708)
(-0.18302,0.237405)
(0.0266193,0.0167861)
(0.116607,0.178431)
(0.1163,0.185986)
(0.00650622,0.172312)
(-0.107913,-0.208842)
(-0.0606157,-0.14694)
(0.0193618,0.0192537)
(-0.0846424,0.126024)
(0.527562,-0.108546)
(-0.000713925,-0.0346557)
(0.0624721,0.154289)
(0.838081,-0.165376)
(0.0349465,0.0773418)
(0.118216,0.202641)
(-0.188184,0.185389)
(-0.00765732,0.30098)
(0.00882532,0.108911)
(0.246163,0.0335565)
(0.045207,-0.0191619)
(0.125153,-0.0269146)
(-0.197408,-0.151168)
(-0.0649714,-0.0340818)
(0.0664766,-0.000976313)
(0.800327,-0.111992)
(0.247826,0.0918957)
(-0.0383032,0.0213296)
(0.540335,-0.264275)
(0.803213,-0.271345)
(0.0605781,0.31313)
(0.308668,-0.0620541)
(0.321784,-0.329981)
(0.411263,-0.258929)
(0.119857,0.296013)
(0.0285078,-0.0112945)
(0.230523,-0.125543)
(-0.0571777,-0.00860255)
(0.0890825,0.091721)
(0.0987337,0.370739)
(0.0796649,-0.0412882)
(-0.0765102,0.0356343)
(-0.0306149,-0.113924)
(0.217471,-0.0340126)
(0.281723,-0.266565)
(0.264463,-0.224375)
(0.082059,-0.00999078)
(0.188875,-0.105383)
(0.190481,-0.0869383)
(0.341418,-0.345264)
(0.0650274,-0.019374)
(0.463643,-0.255962)
(0.0672581,-0.00346172)
(-0.0395222,0.0686885)
(0.0283873,-0.024607)
(0.494514,0.0297861)
(0.131698,0.00811339)
(0.522567,-0.375627)
(0.660029,0.00856049)
(0.109331,-0.0182807)
(-0.10179,0.0256296)
(0.124376,0.107998)
(0.153614,0.248499)
(0.0127994,-0.0465684)
(-0.0204942,0.0518549)
(0.283174,-0.293946)
(0.385102,-0.209283)
(-0.0561134,-0.0959673)
(0.0445729,0.231428)
(-0.168504,-0.0489168)
(0.215469,0.0837123)
(0.181253,0.102168)
(0.088117,0.11477)
(0.11279,-0.364622)
(0.638808,-0.12042)
(0.712644,0.123573)
(0.035877,0.134614)
(0.480752,-0.232139)
(0.126587,-0.019034)
(-0.00301799,-0.0219941)
(0.100478,0.0135637)
(-0.111889,-0.0123127)
(-0.0131078,-0.00453126)
(0.0954257,0.0364711)
(0.270673,0.00233557)
(0.455161,0.0329507)
(-0.0394277,0.0836653)
(0.219203,0.0491475)
(0.112481,0.011189)
(0.0299338,0.00905927)
(0.313128,-0.317049)
(0.26731,-0.253259)
(-0.118324,-0.087689)
(-0.0568785,-0.425256)
(0.377048,-0.312124)
(0.477481,-0.560345)
(0.18395,-0.379621)
(0.29655,0.215187)
(0.0941183,-0.0118714)
(0.480491,0.024437)
(0.129992,0.00480385)
(0.144249,0.105831)
(-0.161689,-0.0781388)
(0.0361023,0.330213)
(0.772018,-0.209254)
(-0.1708,-0.0611075)
(-0.046491,-0.0631985)
(0.0105741,0.0487063)
(-0.0519939,0.0787382)
(0.426261,-0.15106)
(-0.00776659,0.258911)
(0.611457,-0.0473694)
(-0.0814144,0.274922)
(0.218908,0.101051)
(0.158347,-0.0156749)
(0.137867,-0.0545612)
(0.257118,0.0220118)
(-0.169096,0.0419768)
(0.0910275,0.166005)
(0.889015,0.203922)
(-0.127629,-0.0663701)
(0.116171,-0.0821599)
(0.0473139,0.22581)
(-0.0439655,0.0721715)
(-0.0607599,0.177242)
(-0.240989,-0.0202635)
(0.871377,-0.352734)
(0.711736,0.544969)
(0.844784,-0.400113)
(-0.0909917,0.0813112)
(0.315227,0.00127992)
(-0.0135748,-0.0993906)
(0.290275,0.0129141)
(-0.0248581,-0.0781819)
(0.0191786,0.0809563)
(-0.0441369,-0.0694595)
(0.610387,-0.268159)
(0.483343,-0.361496)
(-0.00791429,-0.0762989)
(-0.0132488,-0.250601)
(0.488498,0.131555)
(-0.0490512,0.122958)
(0.472833,-0.0761318)
(0.0808926,0.0186181)
(-0.0847625,0.0904005)
(0.992289,-0.282315)
(0.864286,0.105776)
(-0.138737,-0.0665142)
(0.284459,0.30283)
(0.424937,-0.0530268)
(-0.031253,0.0161032)
(0.167662,0.235811)
(0.360189,-0.240639)
(0.185255,-0.344081)
(-0.0129836,-0.0669755)
(-0.0758802,-0.167769)
(-0.0871347,-0.144757)
(-0.237112,0.199262)
(0.134838,-0.249444)
(0.297222,-0.070933)
(0.021912,-0.18087)
(0.391999,-0.00826047)
(0.153455,-0.038157)
(0.225479,0.0178291)
(0.107708,-0.0689719)
(0.147047,0.0318041)
(-0.0147854,0.108585)
(0.0588227,0.0116893)
(-0.0483857,0.0465512)
(0.0668987,0.139917)
(-0.130163,0.111207)
(-0.046194,0.00519593)
(0.0327162,0.158532)
(0.436703,-0.135754)
(0.256025,-0.10469)
(0.423956,-0.112949)
(-0.0269431,0.00783211)
(-0.166358,-0.210368)
(0.214447,-0.11606)
(0.291923,-0.0979475)
(0.280903,-0.118493)
(-0.195429,-0.0569853)
(0.0434891,0.0591235)
(-0.00112765,0.120323)
(0.00212162,0.11809)
(0.0557229,-0.0623947)
(-0.0725921,-0.0031721)
(0.0807716,-0.223714)
(-0.062682,-0.123868)
(0.0093109,-0.321788)
(-0.0753997,-0.091553)
(0.02193,0.0552093)
(-0.0937788,-0.0788712)
(0.0464055,0.19691)
(0.104122,0.112652)
(0.0487381,0.0613507)
(0.104835,-0.0624838)
(-0.0050231,0.00371912)
(-0.00247498,-0.0244159)
(0.242726,-0.097449)
(0.254415,0.171027)
(0.875519,-0.105094)
(0.0272168,-0.0532683)
(0.733614,-0.158941)
(0.0508381,-0.0134726)
(-0.0414223,-0.0938297)
(0.0854807,0.171012)
(0.277181,0.139954)
(0.0679833,0.202987)
(0.0497343,-0.108262)
(-0.126458,-0.16396)
(0.153934,-0.0221099)
(-0.103115,-0.131919)
(-0.218779,-0.0558349)
(0.507496,-0.170924)
(0.511537,-0.134956)
(-0.0128434,0.0509086)
(0.334659,-0.448495)
(0.370672,-0.135976)
(0.64694,-0.451333)
(0.157522,0.0615997)
(0.189649,0.0474427)
(0.490633,-0.337984)
(0.316383,-0.0166011)
(-0.0783122,-0.149261)
(0.197806,0.0125401)
(0.189086,-0.128379)
(-0.109717,-0.102588)
(-0.0851079,-0.113793)
(0.331182,-0.184863)
(0.417912,-0.430338)
(0.128628,-0.222314)
(0.133316,-0.336668)
(0.145749,-0.162357)
(0.102208,-0.182649)
(0.117714,-0.191728)
(0.123332,-0.127541)
