1620
(-0.208481,-0.109508)
(0.0726097,-0.019476)
(-0.0251945,0.0199815)
(-0.112629,-0.105198)
(0.0371632,0.0566608)
(-0.105627,0.141867)
(0.100454,-0.129789)
(0.0228055,-0.069904)
(-0.0412517,0.13689)
(-0.0168489,0.0258701)
(-0.031769,0.0997451)
(-0.0160003,0.0326944)
(0.00697729,0.0559097)
(-0.18472,0.0361132)
(0.0147738,0.013624)
(0.0254444,0.111313)
(0.00366352,-0.0104612)
(-0.108066,0.0972042)
(-0.0163378,0.00722957)
(-0.0076552,-0.0524758)
(-0.0638745,0.0665055)
(0.012327,-0.0588073)
(-0.0719565,-0.109327)
(0.118171,-0.00152411)
(0.0721349,-0.016719)
(0.0114202,0.0666402)
(-0.0865928,0.0607106)
(0.00859814,-0.0971097)
(0.133689,0.109022)
(0.046532,-0.057588)
(0.0929048,0.0591781)
(0.00704696,-0.0756531)
(0.0240721,0.117547)
(0.125809,0.114944)
(0.00950317,0.0150208)
(0.0955628,-0.0235597)
(-0.104257,0.0514963)
(0.0669887,0.0900412)
(-0.0204271,0.0319494)
(0.0375509,-0.05922)
(-0.0402346,-0.100467)
(0.140348,0.0387425)
(-0.036176,-0.0940569)
(-0.101429,0.011096)
(-0.0550942,0.159734)
(0.194707,-0.0988684)
(0.188941,0.0522535)
(-0.0252537,-0.0456333)
(0.0196962,-0.0373263)
(0.0155384,-0.0485501)
(0.00351529,-0.0117157)
(-0.0631306,0.064251)
(0.0486754,0.0538335)
(0.00594488,0.0335737)
(-0.0118851,0.0834046)
(0.0083187,0.022215)
(0.022794,0.0100758)
(-0.0588756,0.0198924)
(0.0457508,0.0253094)
(0.0320369,0.0296451)
(0.0722285,-0.0153808)
(0.196262,-0.0398466)
(-0.00907986,0.0256268)
(0.430139,-0.0480084)
(-0.0353865,0.0377115)
(0.0579001,-0.0117056)
(-0.00819106,-0.0685178)
(-0.042759,-0.021132)
(0.0335883,0.0839125)
(0.00596911,-0.0455728)
(-0.021104,0.0637425)
(-0.0924522,-0.0209363)
(0.0243273,0.0940242)
(0.0546294,0.0656243)
(0.108413,0.0173454)
(-0.0870657,0.0292095)
(-0.0464839,0.0474831)
(0.188067,-0.158899)
(-0.0240257,0.00243811)
(0.196569,-0.181859)
(0.018791,0.0367808)
(-0.0431992,-0.0850225)
(-0.0506851,0.0859568)
(-0.0102459,0.0408372)
(-0.086107,0.0758321)
(-0.00764424,-0.0249914)
(0.0494738,-0.00678483)
(0.0649678,0.0330584)
(0.137552,0.0760462)
(-0.0392265,0.000978999)
(-0.0233122,-0.0774013)
(0.0687606,-0.0137118)
(0.508166,-0.300311)
(0.0557651,0.145512)
(0.0428343,0.102325)
(0.490126,-0.240224)
(-0.0292554,-0.0916137)
(0.135025,-0.213289)
(0.0137706,-0.0791637)
(-0.00454877,-0.0916984)
(0.0319559,-0.0793072)
(-0.00791493,-0.0234441)
(0.0623303,0.03645)
(0.0241518,-0.0098224)
(0.0920771,-0.0839764)
(0.449261,-0.084635)
(-0.0656114,-0.0298088)
(-0.0867012,-0.0997328)
(-0.0306062,-0.019896)
(-0.00740268,-0.0621284)
(-0.0314588,-0.0105433)
(0.453747,0.168069)
(0.46741,-0.0698118)
(-0.0128087,-0.0701738)
(0.287574,0.0227316)
(-0.0121718,0.0884952)
(-0.0435407,0.0900839)
(0.272913,-0.0126336)
(-0.0442853,0.0150641)
(0.522898,-0.297099)
(0.377976,0.169436)
(-0.0383672,0.0852724)
(0.407245,-0.139291)
(0.207256,-0.167685)
(0.315569,-0.254141)
(0.0759749,-7.74451e-05)
(0.0165162,-0.0128946)
(-0.0511115,-0.0315774)
(0.497555,0.0303457)
(0.0160064,-0.0377876)
(0.0280512,-0.00789659)
(0.0601589,-0.0672946)
(0.0213694,-0.133924)
(-0.0134829,-0.00698866)
(0.0379118,-0.0337024)
(0.00851033,-0.0357797)
(-0.0217693,-0.0607483)
(-0.0541016,0.030334)
(0.0235398,-0.117591)
(-0.106702,-0.0158112)
(-0.0963587,0.152331)
(-0.0152496,0.00744665)
(-0.0512747,0.0638367)
(0.0700657,-0.0990928)
(0.0130923,0.120534)
(0.0122602,0.0550411)
(0.0580726,0.0284031)
(0.483528,-0.0398399)
(0.350733,-0.147603)
(0.00370832,-0.0353231)
(0.577347,-0.135106)
(0.0889837,-0.131277)
(0.264929,0.112056)
(0.445354,-0.0269748)
(0.266943,0.134584)
(0.158116,-0.00439828)
(0.0981133,-0.0360133)
(0.362361,-0.144841)
(0.45951,-0.066403)
(0.0437571,-0.0170071)
(0.0111461,0.027143)
(-0.0301242,-0.0060579)
(-0.0771011,-0.0156622)
(-0.0584354,-0.0404848)
(-0.0155816,-0.161473)
(-0.0903642,-0.0353541)
(0.0150288,-0.0250645)
(0.0220155,-0.00797404)
(0.047857,-0.0403089)
(0.099011,-0.00718648)
(0.0450822,-0.0327186)
(0.0583667,-0.00291476)
(0.346403,-0.0827007)
(0.193687,0.0896764)
(0.593112,-0.365232)
(0.50807,-0.3686)
(-0.0149733,-0.03496)
(0.0282039,-0.0464544)
(0.0104609,0.0833303)
(0.0872098,0.19944)
(0.00911374,-0.105198)
(0.0284157,0.213911)
(0.0784305,0.12748)
(-0.072242,0.12793)
(-0.0535057,0.147098)
(0.0357258,0.0712836)
(0.12252,0.0182587)
(0.19809,0.0779307)
(0.0586809,0.140913)
(0.730877,-0.377899)
(0.603669,-0.437903)
(0.304515,-0.0926102)
(0.409618,-0.000842631)
(-0.0978832,0.00162843)
(-0.0376184,-0.00685102)
(0.0662884,0.00857187)
(0.0352754,-0.0345042)
(-0.126846,-0.0316557)
(-0.076828,-0.0310992)
(0.00284581,-0.0408749)
(0.0642728,-0.116155)
(0.0382112,-0.139706)
(-0.0825538,-0.0245132)
(0.0190835,-0.00651379)
(-0.108164,-0.0248968)
(0.0149069,0.0247458)
(0.597245,-0.251877)
(0.329616,-0.0841985)
(0.117932,0.207734)
(0.241661,-0.040831)
(0.0444539,-0.0715384)
(0.439978,-0.187828)
(0.400098,-0.0446121)
(-0.0948366,-0.103872)
(-0.0216576,-0.0958914)
(-0.00857867,-0.0480957)
(-0.0310415,0.0206917)
(0.383037,-0.204937)
(0.381885,-0.0891793)
(-0.00578281,-0.00323286)
(0.039658,-0.0122404)
(-0.0295957,-0.033751)
(0.0378201,-0.115791)
(0.570981,-0.459374)
(0.056915,-0.0792117)
(0.0603299,-0.0937427)
(0.599571,-0.379459)
(0.104952,-0.0295799)
(-0.0523585,0.0189743)
(-0.0129546,0.0145589)
(0.0410724,0.012582)
(0.472681,-0.116544)
(0.538624,-0.175988)
(0.695367,-0.0468384)
(0.463129,0.0442255)
(0.189468,-0.103416)
(0.012142,0.0529687)
(0.017076,0.00960021)
(0.365488,-0.229748)
(0.0238806,-0.0329485)
(0.0127241,0.0414929)
(0.0203068,-0.0907453)
(-0.0813174,0.0940269)
(-0.000117014,0.180828)
(0.056679,-0.0524931)
(-0.0729959,0.0577528)
(0.118764,0.0341296)
(-0.0313754,-0.00448938)
(-0.0685648,0.0144827)
(0.00200487,-0.0779843)
(0.110116,-0.0657534)
(-0.0397425,0.0436758)
(0.124686,-0.160551)
(0.101597,-0.123077)
(-0.0127395,-0.0108863)
(-0.0640533,-0.0530774)
(0.199365,-0.0516162)
(-0.0693682,0.0060015)
(0.0859994,0.00271742)
(-0.0652916,-0.0417044)
(-0.084608,-0.104835)
(-0.0215797,0.0376398)
(-0.00186784,0.0930913)
(-0.068853,-0.0434954)
(0.218724,-0.204886)
(-0.0447186,-0.088249)
(-0.0538375,0.0128068)
(0.0374308,0.0609563)
(-0.029624,-0.00889469)
(0.00677185,0.12035)
(-0.0139483,0.0345256)
(-0.0188165,0.0163484)
(0.0522206,0.0104293)
(-0.000217704,0.0372188)
(0.0902084,-0.227232)
(0.619097,-0.0617615)
(0.0331979,-0.0817547)
(0.0533183,0.0123477)
(0.000270923,-0.0680712)
(0.00252298,0.0763923)
(-0.000499764,0.0558639)
(0.00698488,0.00603655)
(-0.106549,0.0257658)
(-0.163361,0.0438554)
(0.00297363,-0.0365274)
(0.029442,0.0160445)
(0.0246019,0.0433742)
(0.051099,-0.0882226)
(-0.0056744,0.0422549)
(0.0115872,-0.0297797)
(-0.0693461,0.0130758)
(-0.0236527,0.0640594)
(-0.0796461,-0.11683)
(-0.0088824,0.103237)
(0.00521785,0.0621677)
(0.0811147,-0.00766373)
(0.120093,0.188425)
(0.0598034,0.053721)
(-0.094847,0.0603437)
(0.0693383,0.00783157)
(0.0949673,0.0127412)
(0.0587588,0.0210214)
(-0.0610759,-0.042863)
(-0.0357365,-0.114234)
(0.0246053,-0.165609)
(0.0073894,-0.0846387)
(0.0135565,0.0793391)
(0.3926,-0.23378)
(-0.0799487,0.097514)
(-0.0519811,0.100353)
(-0.0913373,0.0233532)
(0.00469381,-0.0545369)
(-0.0298356,0.0490547)
(-0.041672,-0.029041)
(-0.0851277,0.10657)
(-0.00800593,0.0634077)
(-0.0696871,-0.0893701)
(-0.0734975,0.00349359)
(0.00798939,-0.00965124)
(0.417521,-0.171599)
(0.0527611,-0.119199)
(-0.0171229,2.59774e-05)
(0.0114974,0.0382271)
(-0.0303455,-0.0906185)
(0.011061,-0.0425801)
(0.0357813,0.01688)
(0.0502796,0.0808873)
(-0.0601098,0.107896)
(0.00697933,-0.0858877)
(-0.0162275,-0.0624519)
(-0.0272227,-0.100991)
(-0.0102713,-0.0970767)
(-0.0258837,-0.0844472)
(0.0458235,0.0490799)
(0.0486078,0.02225)
(0.506027,-0.0876064)
(0.0317641,0.0303392)
(0.0373048,-0.022416)
(0.022151,0.063397)
(0.023592,0.0322656)
(0.0715685,0.0779133)
(0.0168285,0.00918361)
(0.0105997,-0.0838768)
(0.0500403,0.0570612)
(0.0501871,-0.00604949)
(0.0107017,0.0763139)
(0.0353833,-0.00809276)
(0.0282276,-0.00592732)
(-0.0182484,0.0823342)
(0.240035,-0.188673)
(0.579924,-0.183395)
(0.695587,-0.229842)
(-0.116155,-0.0513063)
(-0.0428062,0.0365318)
(0.0999389,-0.141295)
(0.0205819,0.0546393)
(0.0887209,0.135635)
(0.0561822,0.0284641)
(0.0486511,0.00674397)
(-0.000332782,-0.0191752)
(0.188356,-0.086306)
(0.236174,-0.0507365)
(0.0237821,0.0156268)
(0.0466602,-0.0863871)
(0.0114908,0.0315803)
(0.12756,-0.0628973)
(0.777276,-0.0163294)
(-0.0173877,0.0695753)
(0.1333,-0.0839365)
(0.117109,-0.00592634)
(0.0391697,0.0619345)
(0.0271974,0.0566289)
(0.0777686,-0.0218549)
(0.0444934,0.0157649)
(0.793525,-0.0635637)
(0.480503,-0.261978)
(-0.00318315,0.0538737)
(-0.0982827,-0.00836932)
(-0.0377492,-0.051359)
(-0.0612211,-0.0361978)
(-0.0549196,0.0208895)
(0.169908,-0.240549)
(0.186874,-0.404941)
(-0.0136457,-0.0303474)
(-0.0619692,0.00157268)
(-0.0687487,0.0256915)
(0.0560267,0.0626784)
(0.0340224,0.0688193)
(0.0324673,0.0622218)
(0.0899375,0.00911512)
(0.155371,0.00487796)
(0.0340571,0.0288597)
(0.0753301,-0.125822)
(0.0766391,-0.114144)
(0.0413622,0.0474665)
(0.0283838,0.00547009)
(-0.0973163,0.0316533)
(0.00732941,0.000831871)
(0.0116412,0.0308305)
(0.0320413,-0.00870254)
(0.0260734,-0.0484042)
(-0.0418362,0.12155)
(-0.00472348,0.102092)
(0.445106,0.160515)
(0.067066,-0.0783351)
(0.0782234,0.031984)
(0.0154927,-0.0726272)
(-0.0638259,-0.00955018)
(0.0094533,0.0128033)
(-0.00535463,-0.140954)
(-0.0953776,0.0355556)
(-0.0038352,0.0195127)
(0.0447886,0.161394)
(0.0169935,-0.182053)
(0.456149,0.0450511)
(-0.0385692,-0.176712)
(-0.0572134,-0.0149078)
(-0.0478396,-0.0413776)
(0.00451288,0.0175268)
(0.048929,0.0248609)
(0.0345082,-0.124884)
(-0.0400122,-0.0640562)
(0.0900299,-0.0219443)
(-0.0207658,0.124137)
(-0.0747314,0.0479927)
(-0.0490526,-0.0250902)
(0.653332,0.0295353)
(-0.04891,-0.0141768)
(0.0173803,-0.0947977)
(0.0431766,-0.0738097)
(0.0182382,-0.0380466)
(-0.0840996,0.00693159)
(-0.0802339,0.0267385)
(-0.0244833,0.106384)
(-0.0776711,0.11066)
(-0.0450608,-0.067451)
(0.116799,-0.0129322)
(0.0552884,0.0698712)
(0.0343474,-0.0702248)
(-0.0338831,0.00984223)
(-0.0426173,0.0566714)
(0.026856,-0.0166205)
(0.029041,-0.0385988)
(0.0875429,-0.0920078)
(-0.0203235,-0.0160321)
(0.00912245,-0.0288372)
(-0.169493,-0.0718477)
(0.0195457,-0.0408282)
(0.0102009,0.0479939)
(0.208086,-0.0930003)
(-0.00903797,0.00627852)
(-0.0511571,-0.0365803)
(0.0196836,0.0916396)
(-0.0184983,0.051507)
(0.00328407,0.0243105)
(-0.0365046,-0.0335641)
(0.0819938,0.0437906)
(-0.0403159,-0.0720763)
(-0.062865,0.0389553)
(0.14163,-0.139806)
(0.0302885,0.0860048)
(-0.0329377,-0.00307915)
(-0.0214906,0.0403519)
(-0.0695671,-0.0690956)
(-0.00556393,0.0673816)
(0.0334764,0.085495)
(-0.0201749,-0.00155242)
(0.055539,0.0776392)
(0.355499,-0.117189)
(-0.146967,-0.173253)
(0.415013,-0.0056878)
(0.0217276,0.00982483)
(0.0480249,-0.00914592)
(0.106279,0.0109626)
(0.026663,-0.00962139)
(0.129314,-0.0151501)
(-0.0880479,-0.0719285)
(0.0614456,0.0224429)
(0.0173953,0.0573663)
(-0.0676853,0.0490823)
(-0.0234879,0.0363801)
(0.406643,0.00694014)
(-0.0856689,0.298602)
(-0.0503999,0.0413195)
(0.134041,0.0033861)
(0.174596,0.0206356)
(0.00527588,0.0257372)
(0.44206,-0.110553)
(0.0735983,0.0327787)
(0.0907896,-0.0683604)
(0.954256,-0.234247)
(0.106395,-0.0586429)
(-0.000188181,-0.0155297)
(-0.043558,0.0620343)
(-0.030468,-0.0263464)
(0.308813,-0.07829)
(0.525068,-0.330568)
(0.52276,-0.00226169)
(0.595229,-0.260319)
(0.0520249,-0.00164362)
(0.0957411,0.0330364)
(0.0106511,-0.0755428)
(0.0241004,-0.0246832)
(-0.0197307,0.0940404)
(-0.125978,-0.182571)
(-0.131078,-0.184401)
(-0.0015165,0.0466491)
(-0.0452222,-0.0352574)
(0.0758432,-0.00557566)
(-0.0426826,0.020688)
(0.0105802,0.0461862)
(-0.0163429,0.0344348)
(0.0111929,0.0582429)
(-0.000295988,-0.0155751)
(0.0726093,-0.000315625)
(0.124584,0.0172316)
(0.0954495,-0.0531093)
(0.137134,0.101167)
(0.0740613,0.0284344)
(0.0277531,0.00142081)
(0.0946363,0.0483958)
(0.040903,0.0709191)
(-0.0320827,0.00154449)
(0.0239035,-0.00931709)
(0.104693,0.0068726)
(0.0561495,-0.0351161)
(0.0613696,-0.0258118)
(-0.0641941,-0.0514439)
(0.0321799,-0.156742)
(0.0263047,0.0515948)
(0.0845605,-0.0248748)
(0.0225972,0.109912)
(0.520213,-0.237854)
(0.0172841,0.134306)
(0.803003,-0.297712)
(-0.0834143,0.147056)
(-0.0173824,0.117843)
(-0.0385748,0.0250296)
(-0.0946421,-0.045353)
(0.038085,0.0308585)
(0.0519393,-0.139574)
(0.057394,0.0284693)
(-0.0876371,-0.0705538)
(-0.0861303,0.0454393)
(0.0020918,0.0312901)
(-0.0358107,-0.0834192)
(-0.0712923,0.133415)
(0.0383024,-0.175425)
(0.0452401,0.0887419)
(-0.0282428,-0.0177179)
(0.00346775,0.0200283)
(-0.00145102,-0.0701581)
(-0.0363031,-0.0435484)
(-0.0332627,0.169826)
(0.0846485,0.077513)
(-0.0292939,0.0373068)
(0.157044,-0.200004)
(0.0555508,0.0464577)
(-0.0931287,0.0739934)
(-0.0790915,0.0160708)
(0.0493653,0.0771315)
(0.486496,-0.196948)
(0.0214765,0.0983508)
(-0.0386497,-0.094464)
(0.03834,-0.0558791)
(0.0576969,-0.0583413)
(-0.0498988,-0.00987984)
(0.0955429,-0.138595)
(0.34534,-0.182221)
(0.419602,-0.097757)
(-0.00161922,-0.0722409)
(-0.0216754,0.0501478)
(-0.0565943,-0.0427372)
(0.309069,-0.148004)
(0.602201,-0.0154808)
(-0.0102414,-0.0717996)
(-0.0644928,0.0889185)
(-0.0450134,-0.0152965)
(-0.100446,0.0574546)
(0.0523467,0.038683)
(0.0349291,-0.0219363)
(0.0256424,0.043401)
(0.0692551,0.0686248)
(-0.0454284,0.0643564)
(-0.0320698,-0.0355396)
(0.667984,-0.182868)
(-0.0530133,-0.125069)
(-0.00314688,0.0437917)
(-0.0142683,-0.035791)
(0.0715511,-0.0592906)
(-0.0785626,-0.0676853)
(-0.0480205,-0.0117544)
(-0.0347778,-0.0349652)
(0.368957,0.0321665)
(0.0465636,0.0588705)
(0.0420424,0.10215)
(0.0671518,0.0283479)
(0.057038,0.0566254)
(0.00953318,0.0855526)
(0.047885,-0.0663187)
(0.00893292,0.0394291)
(0.283824,0.0479891)
(0.782744,-0.314711)
(-0.171427,-0.0299235)
(-0.127981,-0.112712)
(0.0590502,0.0434331)
(-0.0866327,0.0652653)
(-0.0885822,0.048514)
(-0.0603107,0.0747851)
(-0.132875,0.110848)
(0.0625955,0.00353349)
(0.0459679,0.00766199)
(-0.0958094,0.0983993)
(-0.0247603,0.045181)
(0.0154424,0.00333041)
(-0.000589112,-0.0892747)
(-0.0714805,-0.0858548)
(0.0695334,0.074271)
(0.0021699,-0.0371076)
(0.0336173,-0.00952999)
(0.0188717,0.0277877)
(0.0686791,0.164785)
(0.0493688,-0.0278991)
(-0.000462554,-0.0816436)
(0.059732,-0.0937777)
(-0.0352386,0.00391559)
(-0.0394095,0.0611618)
(-0.049979,-0.0231585)
(-0.0229685,-0.0373475)
(-0.0425049,-0.0310656)
(-0.0472386,-0.107168)
(-0.0357119,0.0066687)
(0.0821372,0.0536822)
(0.0465283,0.0569239)
(0.0595846,-0.0370724)
(0.0209817,-0.0317214)
(0.117019,-0.0885421)
(0.0531007,-0.00849013)
(0.00803996,-0.00619207)
(0.803844,-0.0560003)
(-0.00968156,-0.0832884)
(0.0322089,-0.0877099)
(0.0727763,-0.0855324)
(0.00514702,-0.00645956)
(-0.00411628,0.0183653)
(-0.0420221,0.00730421)
(-0.00738283,0.0177638)
(0.104224,0.0804927)
(0.0423938,-0.0311848)
(-0.0333788,-0.0533295)
(-0.0189327,0.0593853)
(-0.0415875,0.011431)
(-0.0598382,-0.0712556)
(-0.0500672,-0.00342427)
(0.0984985,0.147065)
(0.109829,0.229488)
(-0.0315819,0.00310825)
(-0.0103635,-0.0823574)
(-0.0183602,-0.0580489)
(0.0037115,0.0653669)
(0.0589284,0.00649609)
(-0.0811138,0.0421889)
(0.0110758,-0.0239062)
(-0.1091,0.0870259)
(0.0319116,-0.170511)
(-0.151592,-0.224864)
(-0.111733,-0.0487472)
(-0.0306888,0.00400013)
(0.0102559,-0.104386)
(0.0503857,-0.00774983)
(0.0408087,0.0344015)
(-0.0578662,-0.0136292)
(0.0692446,-0.0496865)
(0.0408769,0.0473673)
(0.0646837,0.0179804)
(-0.106698,-0.0739891)
(-0.127739,0.00405868)
(-0.0471851,0.130865)
(-0.0611368,-0.108764)
(-0.0456396,-0.0503889)
(0.0156118,0.0862649)
(0.0060452,0.132367)
(0.00786401,-0.00967777)
(0.0797957,0.00206438)
(0.0740466,0.0715197)
(0.0256093,0.0317844)
(-0.00525503,0.0988888)
(0.0624178,-0.066448)
(-0.0912606,-0.0630868)
(-0.0172226,-0.0289826)
(0.0206259,-0.0939784)
(-0.0342726,-0.0452451)
(0.0422716,-0.0846534)
(0.577236,-0.309425)
(-0.00999456,-0.0540021)
(0.0148399,0.0312446)
(0.0514655,-0.0295319)
(-0.0352606,-0.0400682)
(0.0678799,0.100438)
(0.012448,-0.0286448)
(0.0619565,0.10105)
(0.0387213,0.068417)
(0.0444386,0.0530759)
(-0.00236443,0.046329)
(0.0701366,0.0273551)
(0.0372362,0.00718042)
(0.0114558,-0.00900935)
(-0.0950763,-0.033343)
(-0.0372839,-0.0261396)
(0.0160782,0.111326)
(0.121062,0.0647054)
(-0.0357768,-0.0432921)
(0.0494918,-0.0383841)
(-0.0714528,-0.0520325)
(-0.0282423,0.0428329)
(-0.0195597,-0.00429471)
(-0.0354041,0.0770773)
(0.129443,0.0226732)
(0.542268,-0.140301)
(0.69606,-0.0870507)
(-0.0481645,-0.0488058)
(0.58378,-0.0951496)
(-0.0217105,0.0376819)
(0.57718,-0.162565)
(0.250387,-0.0783304)
(-0.0148135,-0.0294351)
(0.615372,-0.095448)
(0.448051,-0.0580093)
(0.429322,0.155261)
(-0.047134,-0.0471488)
(-0.119265,-0.132338)
(0.0857704,0.100799)
(0.0680275,-0.0044685)
(-0.0957086,-0.0341709)
(0.0445276,-0.0813355)
(-0.0130702,-0.122067)
(0.0430655,0.0601253)
(-0.0538139,-0.0519436)
(-0.0109334,0.0254942)
(0.0121065,0.0642337)
(0.0117814,0.018599)
(0.0652634,0.105263)
(-0.0815553,0.0913377)
(-0.0146049,0.0830104)
(0.0908113,-0.111432)
(0.0240507,-0.102448)
(0.164201,0.0692585)
(-0.142806,-0.0312437)
(-0.0930683,-0.00384706)
(-0.0705407,-0.0252459)
(-0.146433,-0.000145594)
(-0.047497,0.0166637)
(-0.0310616,0.00181498)
(-0.0220413,-0.0289417)
(0.00799239,-0.0205305)
(-0.0102012,0.164344)
(0.0423162,0.0881429)
(-0.0837082,0.156692)
(0.0272219,-0.0848414)
(-0.00557416,-0.0191772)
(0.0188236,-0.11022)
(-0.0306605,-0.0626394)
(-0.00080522,-0.0193689)
(-0.0423689,-0.0685979)
(-0.0494619,0.0307231)
(-0.0227864,0.0631631)
(0.597298,-0.223234)
(0.0661576,-0.0185888)
(-0.0201538,-0.106005)
(0.0775087,0.0429612)
(0.0421842,-0.0336379)
(0.0357412,-0.0900765)
(0.00118552,-0.0990125)
(-0.109333,-0.064803)
(-0.109803,0.0195141)
(0.342323,-0.373075)
(-0.0210131,0.0584565)
(0.032922,-0.227597)
(-0.0645803,0.152667)
(0.0100897,-0.0413624)
(0.0461066,-0.087817)
(-0.0979346,0.0646203)
(0.410215,-0.313288)
(-0.147334,0.0998091)
(0.0237964,0.0710914)
(0.0159613,0.0231467)
(0.180223,-0.177448)
(0.0369325,0.0563149)
(-0.136532,0.0603653)
(0.556663,0.055745)
(0.0342048,0.0301332)
(-0.0601277,-0.0799912)
(-0.0705134,0.143398)
(0.0465025,0.000128241)
(0.00113242,-0.00093584)
(0.0769663,-0.00396175)
(0.0964274,-0.0897993)
(0.0986774,-0.0360724)
(-0.120467,0.0496292)
(-0.0161308,0.0763967)
(-0.0209265,0.0466205)
(-0.137005,-0.042229)
(-0.00634603,-0.0643955)
(0.067811,0.155581)
(0.0188187,-0.0627903)
(-0.0984102,-0.0442649)
(0.0488576,-0.111893)
(-0.0159993,0.0426802)
(0.0584142,0.00776898)
(0.065007,-0.11449)
(0.00706905,0.00328661)
(-0.0277462,0.061959)
(-0.0955309,0.10731)
(-0.155439,0.116433)
(-0.00211488,0.0451598)
(-0.0490699,0.10819)
(-0.00793468,-0.00912427)
(0.113894,-0.168895)
(-0.102113,0.0614037)
(0.0970654,0.00801696)
(-0.0218991,-0.0143719)
(0.125446,0.0105395)
(-0.0179458,-0.0108013)
(0.0876116,-0.0326688)
(-0.0106094,0.019907)
(0.0557763,-0.00420309)
(-0.0968991,0.128864)
(0.0639147,-0.0370023)
(0.0962699,0.067693)
(-0.025743,-0.00890418)
(0.0965301,-0.012209)
(-0.0846506,-0.030422)
(-0.0147697,-0.00896554)
(0.0691839,-0.0603628)
(-0.0125305,0.0997878)
(-0.00513021,-0.0193454)
(0.0101398,0.0425698)
(-0.0557518,-0.0221464)
(-0.0535212,-0.0884495)
(0.0184554,0.0587573)
(0.331603,-0.141465)
(-0.196649,0.0781311)
(0.00315867,0.0874136)
(-0.131807,0.0647708)
(0.0586782,-0.0346988)
(-0.148088,0.0109637)
(-0.102279,0.135152)
(-0.0936742,-0.112305)
(0.0290629,-0.150076)
(-0.125713,-0.0692961)
(-0.0393831,-0.0249234)
(-0.0278792,-0.116933)
(-0.079188,-0.103918)
(0.0196664,0.00261447)
(-0.107497,0.0636089)
(0.116312,-0.0423455)
(-0.0381707,0.0982142)
(-0.0418197,0.0230362)
(-0.00838198,-0.00605368)
(-0.0718193,0.108532)
(0.00401347,-0.0187414)
(0.0131836,0.00947711)
(0.0212371,-0.00268899)
(0.00578719,-0.00967927)
(0.565813,-0.299007)
(0.0813894,-0.0441028)
(0.04156,-0.122603)
(0.02185,-0.0947336)
(-0.150294,0.0398933)
(-0.13924,-0.0352589)
(-0.113888,0.0264681)
(-0.0228456,-0.0472535)
(0.0561391,-0.0718423)
(0.467566,-0.198906)
(-0.160404,0.0411968)
(-0.0133918,0.0277116)
(-0.0684412,-0.0695536)
(0.376079,-0.0740035)
(0.0298548,0.0317351)
(-0.0272601,0.00980805)
(-0.0759638,0.0944154)
(0.0452587,0.0608961)
(-0.0785049,-0.0114017)
(-0.0448665,-0.0315183)
(-0.0438613,-0.0529273)
(0.198623,-0.0913391)
(0.0977517,-0.0528851)
(0.0139719,-0.0532554)
(0.0185874,0.0179634)
(0.0513919,-0.131851)
(-0.0182417,0.0929092)
(0.12805,-0.143897)
(0.429111,-0.0177391)
(0.000860146,-0.0606799)
(0.00233212,-0.0291805)
(-0.00712878,-0.111956)
(0.0200398,-0.0103135)
(0.00456282,0.121508)
(-0.0348129,0.0570055)
(0.370776,-0.220996)
(-0.0248586,-0.0182712)
(0.418054,-0.300263)
(-0.0175521,0.0307099)
(-0.014653,0.0381313)
(-0.113467,0.134815)
(-0.0243385,-0.0282393)
(0.30819,-0.425406)
(0.0451138,-0.162161)
(0.111828,-0.337717)
(-0.0118813,0.151417)
(-0.0447524,-0.0407723)
(-0.119815,0.107539)
(0.0680478,-0.182653)
(0.333057,0.00985004)
(0.0299044,0.0473452)
(0.0524057,-0.00825026)
(0.419125,-0.0850355)
(0.0727264,0.00133468)
(0.0981815,-0.0111893)
(0.380367,0.0345919)
(0.0620626,-0.00332764)
(0.0332648,-0.0255817)
(0.450671,0.0209481)
(0.0223223,-0.0570001)
(0.28285,-0.0939336)
(0.250091,-0.193483)
(-0.0822603,0.0349711)
(0.421653,-0.131492)
(-0.0648525,0.00685954)
(-0.0111281,-0.0713853)
(-0.0848531,-0.0510481)
(-0.0811706,-0.0599612)
(0.0107229,-0.00864785)
(0.0375636,0.108253)
(-0.0316345,-0.0905857)
(0.0368199,0.0153386)
(0.0412944,0.105787)
(-0.014095,0.054515)
(0.016632,-0.056458)
(0.0284378,0.00909378)
(-0.00260473,-0.0221566)
(-0.0199033,-0.019239)
(0.0598262,0.00803278)
(0.0524546,-0.0250612)
(-0.10014,0.0111678)
(-0.0573127,0.132956)
(-0.0258633,0.187434)
(-0.043646,0.137974)
(0.0692816,0.067168)
(0.00852271,0.0924649)
(-0.00905068,0.154573)
(-0.0850726,0.322811)
(0.0815385,0.0803261)
(0.0784926,0.141166)
(0.0248078,-0.0638994)
(0.0875394,-0.0320793)
(0.0933831,-0.123067)
(0.0466202,-0.0590266)
(-0.00921638,-0.0179547)
(0.367043,0.0730398)
(0.0747383,-0.0227953)
(0.0530844,-0.0783851)
(-0.0168957,-0.0245568)
(-0.0625354,-0.0414887)
(0.0199355,-0.0222983)
(-0.0533952,0.0852752)
(0.0678039,0.0107169)
(0.04309,0.140985)
(-0.114146,0.0481077)
(0.395548,-0.00976002)
(-0.0843756,0.0152491)
(0.449973,-0.0310618)
(0.0321433,-0.134147)
(-0.0191624,-0.128359)
(0.375921,0.00231952)
(-0.0224321,-0.0389629)
(-0.00224404,0.0333406)
(0.00107114,-0.164411)
(0.555247,-0.176013)
(-0.037677,0.138243)
(-0.109046,0.138234)
(0.0948023,0.0851181)
(0.00948612,-0.0249806)
(-5.59089e-05,-0.0391691)
(0.0494097,-0.0460968)
(-0.0999637,-0.0374468)
(0.0103891,-0.0304108)
(0.00142341,-0.0696128)
(-0.0303451,-0.0583225)
(-0.0543264,-0.0831345)
(-0.0541528,-0.0213476)
(-0.056865,0.0459322)
(-0.037932,0.0430479)
(-0.0377348,-0.0467308)
(-0.0271508,0.082876)
(-0.045771,0.0144136)
(0.0172188,-0.00257807)
(-0.0215757,0.0328629)
(0.0368039,0.0864763)
(0.032674,0.0270935)
(0.0148957,0.0218058)
(0.0392594,0.0162505)
(0.164233,-0.014446)
(0.00191626,-0.102225)
(0.0363856,-0.0441311)
(-0.094725,-0.0268845)
(-0.0478183,0.00981906)
(-0.00398207,0.0206938)
(-0.144136,-0.0610749)
(0.0103033,-0.036288)
(-0.0303308,-0.0341391)
(0.498071,-0.13511)
(-0.0402819,-0.068736)
(-0.031856,-0.0694978)
(0.00669596,-0.0604915)
(0.38327,-0.0686638)
(-0.0523031,0.0751715)
(0.0249606,0.0619361)
(0.0381512,-0.0324727)
(-0.0231379,-0.150431)
(0.00752326,0.0195974)
(0.00914554,-0.0430516)
(-0.025842,0.00957025)
(0.541486,-0.079204)
(-0.0174025,-0.043772)
(-0.0114937,0.207915)
(0.675986,-0.380719)
(-0.0208564,0.0147045)
(0.017582,0.0592166)
(0.199496,-0.00865861)
(0.481961,-0.0574138)
(0.0664622,-0.0210481)
(0.136396,-0.0382448)
(0.0650883,0.0377077)
(0.0263588,0.110613)
(-0.0563896,0.140032)
(-0.0610858,0.103285)
(0.0871925,-0.0333081)
(0.0280362,0.0328079)
(0.116897,0.0304778)
(-0.0596808,0.0975349)
(0.043209,0.0872515)
(0.352167,-0.228254)
(0.0710515,0.0798373)
(-0.0173649,0.0207153)
(0.0448973,0.0021657)
(-0.00955972,-0.0659664)
(0.0358845,0.0167643)
(0.0249424,0.0284)
(-0.00501482,-0.0618219)
(-0.036744,0.0373026)
(0.120544,-0.0592383)
(-0.00210515,0.0804422)
(-0.178471,0.0594603)
(0.384806,-0.133756)
(0.0473099,-0.0800468)
(0.0189434,-0.0492572)
(0.113475,0.106756)
(0.0147559,0.0441356)
(0.0191581,0.244144)
(-0.0284203,0.0345353)
(0.157239,0.163048)
(0.381607,-0.103403)
(0.365487,-0.0275531)
(0.13131,0.033056)
(0.187506,0.0654085)
(0.779096,-0.304282)
(0.541712,-0.377604)
(-0.0320056,-0.00734098)
(0.494011,-0.156474)
(0.44516,-0.241979)
(0.272967,-0.118134)
(0.0418595,0.135117)
(-0.0218419,0.108116)
(0.17392,-0.0597962)
(0.362937,-0.173123)
(0.0680965,-0.0641759)
(-0.0452807,-0.0562767)
(-0.097524,-0.00991361)
(0.198818,0.0969713)
(-0.0580313,-0.0485358)
(-0.019501,-0.0513792)
(-0.0525215,0.0210715)
(0.519571,-0.0296337)
(-0.119574,0.0601892)
(0.0701424,-7.95705e-05)
(-0.0772675,-0.0331339)
(0.245506,0.0355174)
(0.00109151,-0.000588994)
(-0.0781234,0.0210391)
(0.578211,-0.0572617)
(0.62476,-0.297896)
(-0.135846,0.0772531)
(0.380457,-0.240992)
(-0.019966,0.0403561)
(-0.0368548,0.0851978)
(0.483499,-0.071911)
(0.30652,-0.0247157)
(0.377569,-0.188951)
(0.51592,-0.155946)
(0.102446,-0.0108869)
(0.687519,-0.0424091)
(-0.103395,0.0708634)
(-0.0356173,0.122394)
(0.103139,0.121922)
(0.225169,-0.127017)
(-0.109473,0.175461)
(0.0968621,-0.019145)
(0.0282223,-0.0798921)
(-0.00601197,0.00558595)
(0.0152672,-0.0310913)
(-0.00395692,0.114935)
(-0.018011,-0.0253989)
(-0.0465239,0.00351266)
(-0.0675394,-0.0235457)
(0.0791003,-0.129897)
(-0.0885703,0.0179094)
(-0.188463,0.0369397)
(-0.0786584,0.00369262)
(-0.0373382,0.139266)
(-0.00805434,0.0478306)
(0.590382,-0.105338)
(-0.00195621,0.0964078)
(0.0233196,0.06619)
(0.0310405,-0.0105234)
(0.0233919,-0.0954819)
(0.00792893,0.0443849)
(0.0115444,0.0567322)
(-0.0477138,0.0835952)
(-0.0369001,-0.0160146)
(0.732067,-0.0382825)
(-0.0186441,0.0421522)
(0.223913,-0.128304)
(-0.0380772,-0.0814953)
(-0.0550748,-0.0783891)
(-0.000839572,0.0558493)
(0.0446373,0.0143243)
(0.0513402,-0.0579206)
(-0.0408254,-0.00535408)
(0.0770867,0.030402)
(0.00395632,0.0172006)
(-0.00476356,0.0445274)
(0.0801039,0.020669)
(-0.00898412,0.111473)
(-0.0294064,0.112579)
(0.518398,-0.167808)
(0.521215,-0.162571)
(0.0709817,-0.10131)
(0.101437,0.0360421)
(0.099061,0.0302337)
(0.0624945,-0.0515673)
(0.356861,0.0553404)
(-0.0300606,0.0693908)
(0.0680816,0.000190614)
(0.0695732,-0.0227035)
(0.0409696,-0.0640023)
(0.372729,-0.102535)
(-0.00340869,0.0468068)
(-0.0806562,0.036812)
(-0.0765511,-0.0255097)
(-0.0603705,0.0220803)
(0.610651,-0.149753)
(0.0209685,-0.0709105)
(0.0539848,0.0796853)
(0.0528121,0.0319907)
(0.0145438,-0.0739685)
(0.0568657,-0.0698397)
(0.771708,-0.152645)
(0.286198,-0.0597841)
(0.575363,0.000976072)
(0.155199,0.0360198)
(0.0661426,0.0274697)
(0.401115,-0.0243493)
(0.0725651,0.102983)
(0.183449,0.0266113)
(0.428732,-0.165347)
(9.90896e-05,-0.00631474)
(-0.119182,0.029499)
(-0.135452,-0.12937)
(-0.0705921,-0.0516733)
(-0.0690833,-0.126961)
(0.297972,-0.0915517)
(0.273607,-0.177889)
(0.357865,-0.222602)
(0.456048,-0.149691)
(0.876063,-0.541596)
(-0.093493,0.0340342)
(-0.0120084,-0.0295853)
(-0.117673,0.146516)
(0.2404,-0.146817)
(0.530115,-0.0437311)
(0.482985,-0.0882028)
(-0.0330037,-0.0481155)
(-0.0568913,-0.0321775)
(0.0188204,-0.0877717)
(0.521434,0.1207)
(0.085484,0.119431)
(0.116786,-0.0154476)
(-0.0672798,0.0770613)
(0.236006,0.215256)
(0.0111397,0.00509537)
(0.0334401,0.186807)
(0.372025,0.260074)
(0.384695,0.0929675)
(-0.0381657,-0.129026)
(-0.0565051,-0.13116)
(0.038994,-0.0333068)
(0.11194,-0.0514279)
(0.0623239,-0.00707871)
(0.011446,0.034748)
(-0.0482149,0.0044503)
(0.569728,-0.0824101)
(0.712872,0.0383578)
(0.911675,-0.0765806)
(0.723244,-0.00559861)
(0.559464,-0.29432)
(0.288451,0.012909)
(0.167267,-0.111526)
(0.361425,0.0500763)
(-0.0609407,-0.0786777)
(0.0763769,0.0287366)
(-0.0483089,-0.0025441)
(0.510741,-0.0430319)
(0.529527,-0.199954)
(0.688765,-0.0456608)
(0.61107,-0.159618)
(0.505035,-0.267579)
(0.0999639,0.0794528)
(0.516755,-0.00961618)
(-0.130022,-0.0307994)
(-0.0276656,0.00745292)
(0.0680755,-0.00833479)
(-0.0667655,0.00536239)
(-0.032787,-0.0256755)
(0.0355088,-0.0574685)
(0.0402545,-0.0401221)
(0.0126229,0.0109835)
(0.00275369,0.188811)
(0.413951,-0.13397)
(0.0104786,-0.0297481)
(0.558753,-0.177334)
(0.553249,0.0360653)
(0.493969,-0.177777)
(-0.0595359,-0.00904487)
(-0.0532511,0.0763508)
(-0.0215952,-0.108688)
(0.863351,-0.180007)
(0.0325809,-0.105649)
(0.1783,-0.107809)
(0.10695,-0.0157379)
(0.3786,-0.203426)
(0.399479,0.0214189)
(0.506179,-0.00847262)
(0.548723,-0.170864)
(0.59081,-0.297285)
(0.00468976,-0.00408304)
(-0.0408835,-0.0719305)
(-0.0453223,-0.0773834)
(0.152601,0.0360797)
(-0.0402654,-0.0324829)
(-0.069496,-0.0800987)
(0.0025508,0.091167)
(0.560547,-0.0216618)
(0.636134,-0.197734)
(0.0380729,0.0842918)
(0.592942,0.0325514)
(0.0388202,0.0825028)
(0.578411,-0.238108)
(0.565411,-0.368979)
(0.123689,-0.052987)
(-0.00135806,0.0999204)
(-0.0253537,0.162803)
(0.0135028,0.00328579)
(0.337975,-0.139237)
(0.0226877,0.0130042)
(0.149796,-0.0017386)
(0.141215,0.120841)
(0.346625,-0.223021)
(0.0738141,0.0780014)
(0.276942,-0.195981)
(-0.0105019,0.0619242)
(-0.0439521,-0.0110624)
(0.0743751,-0.0463714)
(-0.0147881,-0.0590962)
(0.583415,-0.0873301)
(0.00903246,-0.0468527)
(0.723403,-0.144807)
(0.533023,-0.114949)
(-0.0878044,0.0670129)
(0.738499,-0.26523)
(0.623825,-0.05952)
(0.740091,-0.0868038)
(0.0383468,-0.0481888)
(0.41569,-0.0453276)
(-0.0091047,0.0832107)
(0.0139067,0.0427179)
(0.0412574,0.0170068)
(-0.000293174,0.0420719)
(0.0127338,0.0656855)
(-0.00189864,-0.0522467)
(0.0995991,-0.0527119)
(0.746872,-0.10135)
(0.0219952,-0.057076)
(0.148196,-0.0385286)
(0.41339,-0.129479)
(0.568538,-0.187163)
(0.0328643,0.094037)
(0.242156,-0.139852)
(0.0399841,0.134932)
(0.405404,-0.315936)
(-0.0493405,0.0401958)
(0.402475,-0.279533)
(0.354283,-0.252538)
(-0.052289,0.0703493)
(-0.0670852,0.00427183)
(0.706836,0.0572244)
(-0.00695024,0.142001)
(-0.023697,0.117671)
(-0.0880473,0.110195)
(0.53979,-0.0297521)
(0.246255,-0.281507)
(0.316288,0.0791598)
(0.445278,-0.401624)
(0.193278,-0.0595841)
(-0.044844,0.0278554)
(0.476484,0.355053)
(0.279699,-0.0578536)
(0.0337266,0.00300464)
(0.551956,-0.0482957)
(0.196548,0.0881214)
(0.547789,-0.00535599)
(0.285414,-0.00313055)
(-0.0241996,0.0305653)
(0.0156935,0.0465733)
(-0.0319646,0.00108137)
(-0.0377298,0.0360002)
(0.0490286,0.0717397)
(-0.016867,-0.0514212)
(-0.0616442,-0.0141066)
(0.18656,0.0174977)
(0.119321,0.0142921)
(-0.00641486,0.0291442)
(0.00174563,0.0267686)
(-0.0208155,0.0607766)
(-0.00297306,0.0984717)
(0.0136062,0.000941389)
(0.0448904,0.00137707)
(0.212123,0.0161386)
(0.0696526,-0.0562663)
(0.0316135,-0.0841199)
(0.132305,0.00498073)
(0.671344,-0.349038)
(0.115753,0.0105757)
(0.100741,0.0633698)
(0.0273076,0.036379)
(0.0709564,-0.045892)
(0.000983919,-0.030087)
(0.232018,0.0913321)
(0.465746,-0.206927)
(0.441885,0.0370703)
(0.369606,-0.342164)
(-0.00411485,0.064215)
(0.220799,-0.0840661)
(0.474543,-0.294061)
(0.00938399,0.0124208)
(0.00145889,-0.0475678)
(-0.00401394,-0.0865755)
(0.217723,-0.205775)
(0.202832,0.00727332)
(0.0828912,-0.0849684)
(0.102377,0.0760724)
(0.315445,-0.0294093)
(0.23245,-0.0671903)
(0.33002,-0.322328)
(0.437325,-0.386461)
(0.126849,0.0250654)
(0.0571033,0.119585)
(0.46699,-0.38778)
(0.0489043,0.182564)
(0.0121716,0.0207202)
(-0.101277,0.0132531)
(0.428116,-0.0863968)
(-0.0330961,0.0352365)
(0.417363,-0.242677)
(0.040195,-0.0451852)
(0.0117826,0.092765)
(-0.0946301,-0.0542836)
(-0.129126,0.0855918)
(-0.0696314,0.0533987)
(-0.126151,0.0900755)
(-0.0637191,0.0734006)
(-0.165601,0.072268)
(-0.0913568,0.136172)
(0.201665,-0.161697)
(0.0383763,-0.0342406)
(-0.0989687,0.0670996)
(0.180433,-0.285696)
(-0.114662,0.000935449)
(-0.0289382,0.00530238)
(0.094077,-0.0520475)
(0.0104658,-0.0832383)
(0.015298,0.177732)
(-0.033723,-0.0474904)
(-0.192906,0.0824096)
(-0.0437158,-0.117415)
(0.0186533,0.03982)
(0.0254977,0.0635303)
(0.033562,-0.117422)
(0.500454,-0.344055)
(0.0245759,0.0458934)
(0.120477,0.219159)
(0.667069,-0.115547)
(0.660861,-0.15007)
(-0.0450211,0.102014)
(0.187691,-0.166903)
(0.20456,-0.132212)
(0.356103,-0.204037)
(-0.00267182,0.0934292)
(-0.00532462,0.100084)
(-0.085541,0.230086)
(-0.00622954,0.0474027)
(0.711008,-0.130798)
(0.762501,-0.0995836)
(-0.108272,0.0529593)
(0.0938029,-0.0168215)
(0.00289244,-0.02094)
(0.0851554,0.0999425)
(0.235683,-0.147982)
(0.0321368,0.0487367)
(0.0591164,0.0456065)
(-0.0275401,0.105873)
(0.0706488,-0.0138365)
(0.552443,-0.125717)
(-0.0475224,-0.078887)
(0.478509,-0.17391)
(0.127621,0.00940287)
(-0.0371453,-0.02541)
(0.0192835,0.0866382)
(0.577493,-0.0421249)
(0.105393,0.0692631)
(0.454403,-0.267307)
(0.518652,-0.435443)
(0.00179014,0.0103508)
(0.00740788,0.0191097)
(0.0126686,-0.0351455)
(-0.111564,0.13125)
(-0.00706533,0.079239)
(-0.0264126,-0.0274832)
(0.370319,0.0781261)
(0.16054,0.0716549)
(0.171982,0.101285)
(0.12932,-0.0241846)
(0.123841,-0.054204)
(-0.113411,0.0472098)
(0.079115,-0.0218138)
(0.0961215,-0.0321769)
(0.568582,-0.0277975)
(0.642668,-0.0724737)
(0.675028,-0.0232122)
(0.030261,0.0647474)
(0.288191,-0.101611)
(0.00455159,0.0201589)
(-0.0419123,-0.00597799)
(-0.0451918,-0.0560592)
(0.0773155,0.182253)
(0.00839432,0.000161625)
(0.0492503,-0.0195482)
(0.378724,-0.0829549)
(0.449321,0.0383823)
(0.461269,-0.263788)
(0.102773,-0.0113288)
(0.466971,-0.235578)
(0.0367038,-0.136659)
(0.677019,-0.20039)
(0.745831,-0.100241)
(-0.0255665,0.0032249)
(0.216575,0.0611467)
(0.696526,-0.208343)
(0.304702,0.018203)
(0.307256,-0.15179)
(0.523661,-0.250979)
(0.0861307,-0.222346)
(0.257356,-0.215611)
(0.171472,-0.181537)
(0.403319,-0.0301336)
(-0.00170553,-0.0348334)
(0.48001,-0.129959)
(0.422129,-0.283397)
(0.000412575,-0.00495357)
(0.0455049,-0.0185116)
(0.0258264,0.0508505)
(-0.0449118,-0.181627)
(0.358042,-0.0524458)
(0.0176945,0.10339)
(0.257013,-0.24346)
(0.0177863,0.0485006)
(0.434597,0.00219133)
(-0.0113526,-0.0957685)
(-0.043304,-0.0986605)
(0.681784,0.213098)
(-0.0980162,0.0932395)
(-0.022747,0.200186)
(0.473363,-0.114511)
(0.00847768,0.0247831)
(-0.00824256,-0.0671224)
(-0.0563057,0.0185882)
(-0.0053221,-0.0625551)
(-0.00124134,0.0285116)
(0.123435,0.0276039)
(0.456045,-0.122041)
(0.698664,-0.302229)
(0.544308,-0.259676)
(0.0237462,-0.022333)
(-0.12157,0.134141)
(0.668297,-0.198131)
(-0.0770463,0.134558)
(0.0548621,-0.0660166)
(-0.0144556,0.00102744)
(-0.0206271,0.0614761)
(0.667748,-0.423709)
(0.313084,-0.206375)
(0.541706,-0.149876)
(0.320889,-0.0612508)
(0.585838,-0.137799)
(0.0241812,-0.0735112)
(0.476158,0.0147361)
(0.382813,-0.0742143)
(0.000505041,0.00207265)
(0.596022,-0.355684)
(0.749802,-0.442234)
(0.00614702,0.0371935)
(-0.118293,0.0456862)
(0.504129,-0.304996)
(0.0287645,-0.0243355)
(-0.0586497,-0.0690135)
(0.35866,-0.224451)
(-0.00559081,0.0524805)
(-0.0382352,-0.145719)
(0.00894944,0.0373978)
(-0.0482737,-0.0410413)
(0.415469,-0.0840274)
(0.0492063,0.108065)
(-0.0579467,0.130774)
(0.0731689,0.135427)
(0.49693,-0.176017)
(-0.151415,-0.0719551)
(-0.0553871,-0.0900019)
(-0.206444,0.0169469)
(0.0148693,-0.0879474)
(-0.00208339,-0.139372)
(-0.0719773,0.000980201)
(0.0891501,-0.000416945)
(-0.0183067,0.0215557)
(-0.00246486,0.146981)
(-0.107438,-0.0386785)
(0.036314,0.071546)
(0.471459,-0.18843)
(-0.0563028,-0.112069)
(0.415396,-0.180365)
(-0.0317929,-0.0919453)
(-0.0456025,-0.0301905)
(0.182153,-0.0839037)
(0.434548,-0.0509006)
(0.382435,-0.0488691)
(-0.102945,0.0193317)
(-0.0193135,-0.0237173)
(0.0133498,-0.00417937)
(0.0327399,-0.0560714)
(-0.0717301,-0.113179)
(-0.090574,-0.0481228)
(0.196137,-0.0181636)
(-0.0909861,0.0109155)
(0.104255,0.0299638)
(-0.00199581,-0.00414)
(0.059777,-0.015551)
(0.41863,-0.187099)
(-0.0586621,0.0712298)
(-0.0237247,0.0385785)
(-0.00263791,-0.0134127)
(-0.0250843,-0.0117642)
(0.115695,-0.133452)
(0.0929464,-0.106172)
(-0.0195796,-0.0161891)
(0.191682,-0.0706406)
(0.349664,-0.210973)
(0.00316903,-0.089029)
(0.34343,-0.233576)
(0.071607,-0.0419857)
(-0.0463453,-0.0932481)
(-0.0466604,0.0678887)
(-0.0153547,0.0300549)
(-0.0397591,0.0739799)
(-0.00448546,0.0664797)
(0.0398641,0.0364752)
(-0.0108951,0.0312731)
(0.0136572,0.0527314)
(0.0450122,0.0623195)
(0.372545,-0.379573)
(0.543733,-0.431296)
(0.0513821,-0.00645369)
(0.180571,-0.0865245)
(0.286889,-0.186821)
(0.618525,-0.134583)
(-0.0326702,-0.0342559)
(0.1082,-0.057342)
(0.695266,-0.266365)
(0.0586614,-0.0897854)
(0.191122,-0.177545)
(-0.0335441,-0.0489938)
(-0.0574085,-0.0838338)
(0.130308,-0.153888)
(-0.0611506,-0.0348932)
(0.328069,-0.14148)
(0.299566,-0.249545)
(-0.0562382,-0.054348)
(-0.117392,-0.0208877)
(0.0963608,0.0453255)
(0.0172533,-0.0271752)
(-0.0544078,0.0737171)
(-0.0403607,-0.0985017)
