1620
(0.0277154,-0.0951094)
(-0.00528423,-0.203566)
(0.093125,0.0170164)
(-0.138429,-0.164211)
(0.0582494,0.0553856)
(-0.186747,0.181491)
(-0.119965,-0.24949)
(-0.00304177,-0.193661)
(-0.121428,0.276326)
(-0.0392511,0.132076)
(0.107324,-0.0364525)
(0.029336,-0.142558)
(-0.085946,0.0802244)
(0.228572,0.162877)
(0.0326653,-0.0700233)
(-0.0695019,-0.0787146)
(0.0119807,0.0950099)
(0.00399807,0.00325038)
(0.00176741,-5.54965e-05)
(-0.0895624,0.0250882)
(0.115839,0.150823)
(-0.0121363,-0.0125416)
(-0.0867416,0.0153453)
(0.0617817,0.0382645)
(-0.076472,0.0797379)
(0.0964839,0.070348)
(0.100148,-0.0817376)
(0.0755961,-0.132768)
(0.118694,0.0248104)
(0.0111442,-0.14425)
(-0.194118,-0.0497178)
(-0.0388026,0.0708255)
(0.0428534,-0.103518)
(-0.0731061,0.108167)
(0.0401396,0.114641)
(-0.0349026,0.0693567)
(0.0807848,0.0830664)
(-0.130624,0.0365514)
(-0.036575,0.0292459)
(-0.0793841,0.00595434)
(0.0273978,-0.0654601)
(-0.139021,-0.0685551)
(-0.0489674,-0.0662308)
(-0.0592247,0.103457)
(0.0363637,0.0398595)
(0.0384432,-0.0114955)
(0.286122,-0.0112868)
(-0.0118044,0.0259788)
(-0.0488306,-0.0424853)
(-0.0934196,-0.0070991)
(-0.0461179,-0.0998657)
(0.0701147,-0.0714206)
(0.0603006,0.0181992)
(0.112758,0.0172839)
(0.0834872,-0.0222741)
(0.113336,-0.0486116)
(-0.0463257,-0.041577)
(-0.0621111,0.0191426)
(-0.0578779,0.061859)
(-0.0460704,-0.078231)
(-0.0524775,0.123017)
(0.33757,-0.0443656)
(-0.0268135,-0.0319112)
(0.580823,-0.186545)
(-0.114866,0.0202077)
(0.0630668,-0.0645699)
(-0.0767817,-0.0627191)
(-0.0521251,-0.0120887)
(0.0501016,0.0439208)
(-0.011385,-0.107767)
(-0.181229,-0.00472304)
(-0.0786749,-0.0612465)
(0.0812084,0.0735314)
(0.0128091,0.0659627)
(-0.437496,-0.436178)
(-0.0326002,0.0457736)
(-0.0587505,0.197228)
(-0.0149768,-0.0205896)
(-0.0692764,0.0170973)
(0.191142,-0.0349729)
(0.105268,0.234928)
(0.0189645,-0.0496169)
(0.0695466,0.0844967)
(0.135194,-0.0613947)
(-0.00865228,-0.00388702)
(0.0854834,-0.0985027)
(-0.0323792,0.0114963)
(-0.10392,0.0535924)
(0.119731,0.199546)
(0.0242144,0.0521873)
(-0.0208048,0.0836823)
(-0.0879446,0.0735067)
(0.607477,-0.105322)
(0.056679,-0.0396346)
(-0.146278,-0.00237225)
(0.569448,-0.130233)
(0.0187165,0.0649721)
(0.0584457,0.048654)
(0.00427442,0.0495375)
(0.00221044,0.0732257)
(-0.0659205,0.0390576)
(-0.136479,0.0403706)
(-0.00123994,-0.0652734)
(0.0201887,-0.0487457)
(0.0345736,-0.157796)
(0.119115,-0.394566)
(-0.010018,0.0122486)
(-0.102262,0.0099301)
(-0.0439506,-0.0218582)
(0.0383509,-0.0511366)
(-0.0338821,0.0191686)
(0.922561,-0.203733)
(0.213973,-0.221106)
(-0.141668,0.0845888)
(0.50814,0.0565695)
(-0.00373742,0.151406)
(-0.0899792,-0.0181608)
(0.676878,-0.131966)
(0.0154541,0.0220921)
(0.566351,-0.387189)
(0.766687,0.0395748)
(0.0331025,0.0127507)
(0.61112,-0.337533)
(0.456173,-0.158252)
(0.581092,-0.140725)
(-0.0106625,-0.0217568)
(-0.121047,-0.116224)
(-0.112323,-0.158666)
(0.590705,-0.271032)
(0.0287614,-0.0243618)
(0.0587066,-0.0106182)
(0.0325331,-0.00531591)
(-0.176295,0.0233462)
(-0.0240649,-0.0352816)
(-0.0884611,0.000496728)
(0.0180112,-0.0406247)
(0.0334791,-0.113617)
(0.0286695,0.134421)
(0.42614,0.137394)
(-0.0800908,0.0622007)
(0.0341336,0.242028)
(0.178368,0.129786)
(-0.0926564,-0.00951713)
(-0.132745,0.0176652)
(0.0100131,0.013757)
(-0.0348172,0.0173117)
(-0.0150989,0.0474481)
(0.350604,-0.119688)
(0.438435,-0.100002)
(0.0918165,0.00833079)
(0.443228,-0.249216)
(-0.0253011,-0.0943572)
(0.641753,0.19585)
(0.615773,-0.178781)
(0.487254,0.0714398)
(0.0679027,-0.230938)
(-0.0607057,0.00590789)
(0.55358,-0.180536)
(0.375067,-0.0643192)
(0.0395929,-0.201278)
(-0.0313134,-0.152658)
(0.0322509,0.0306288)
(0.0563713,0.0748762)
(-0.0578363,0.0668806)
(-0.0518702,-0.0830808)
(-0.0289847,0.0302147)
(0.0212342,-0.125714)
(-0.0461205,-0.119226)
(0.157815,-0.0895196)
(0.151013,-0.0136941)
(0.115808,-0.082517)
(0.123345,0.00818568)
(0.280326,-0.0359667)
(0.332827,0.0667434)
(0.308845,-0.0107618)
(0.19242,0.0439101)
(-0.0528287,0.0164402)
(-0.0175041,-0.034012)
(-0.0427963,0.124548)
(0.028294,0.152261)
(-0.017871,0.0543528)
(-0.134995,-0.275158)
(-0.225247,-0.185157)
(0.0808233,0.0557671)
(0.138409,0.214997)
(0.0646185,-0.075598)
(0.0198742,-0.067211)
(-0.0477763,-0.262454)
(-0.0150502,-0.22191)
(0.22153,-0.0703978)
(0.496558,0.0220159)
(0.7782,0.134137)
(1.30579,0.118144)
(-0.110973,0.0866592)
(-0.00983118,-0.0678458)
(0.262256,-0.000110387)
(0.154378,-0.17484)
(-0.0395955,0.0542356)
(-0.0808068,0.171921)
(-0.0187165,0.064347)
(-0.114357,0.0545313)
(-0.129511,-0.109464)
(-0.0545916,-0.0956143)
(0.014745,0.167279)
(-0.117654,0.0173022)
(0.114082,0.0782587)
(0.698301,-0.230342)
(0.605158,-0.155199)
(0.00763728,-0.0631306)
(0.542463,0.0925681)
(-0.0594434,0.0193833)
(0.423745,-0.3125)
(0.328217,-0.287026)
(0.0707776,0.123509)
(0.0944387,0.097869)
(0.0926155,-0.149304)
(-0.0276393,-0.176337)
(0.820814,-0.0346091)
(1.18977,0.0556132)
(-0.00423871,0.197121)
(-0.0153085,0.000297317)
(-0.0765352,0.0479805)
(0.0395274,0.0508538)
(0.460845,-0.52679)
(-0.108574,0.0548777)
(-0.104313,-0.0423425)
(0.26764,-0.225983)
(0.018352,0.0850792)
(-0.103718,0.0165066)
(0.0903181,0.0106094)
(0.0428481,-0.0283564)
(0.625154,-0.238956)
(0.547912,-0.212934)
(0.644335,-0.19022)
(0.501062,-0.0702515)
(-0.0592436,-0.0269099)
(0.0438314,0.0935215)
(0.00528111,0.0599383)
(-0.202565,0.0480241)
(-0.0066281,0.0263299)
(0.0945316,0.0315284)
(-0.118166,-0.0250506)
(-0.0137696,-0.0239141)
(-0.00104027,-0.0932658)
(-0.0835999,-0.0463265)
(0.0460815,0.117766)
(0.118909,-0.0680077)
(0.0167607,-0.0705836)
(0.0554239,0.0362103)
(-0.097924,-0.0382767)
(-0.0486377,-0.0331851)
(0.0680071,0.00859694)
(-0.0951053,-0.0694586)
(-0.129461,-0.0549119)
(0.0794391,-0.0339637)
(-0.145289,0.0144153)
(-0.190525,0.0741305)
(-0.0792185,0.0738553)
(0.00454117,-0.104707)
(-0.0868684,0.108923)
(0.00157282,-0.109453)
(-0.0905344,0.158962)
(0.0579705,0.1165)
(0.0849678,0.0672958)
(0.155084,0.514464)
(0.0530536,0.070742)
(0.183065,-0.0312011)
(0.0766988,0.0730217)
(-0.00494317,0.0077551)
(0.0871764,0.00471262)
(0.148105,0.15264)
(0.0214264,-0.0534637)
(-0.0732297,-0.0396179)
(-0.0255481,-0.0655324)
(-0.205002,-0.0288703)
(0.439044,-0.127228)
(-0.149712,-0.00604128)
(-0.0415354,-0.0963)
(-0.07824,0.127537)
(-0.124037,0.0647057)
(-0.0789298,-0.0397126)
(0.0308796,-0.124331)
(-0.067137,0.00983392)
(-0.136742,-0.0851122)
(0.173425,-0.026126)
(0.0901811,0.0439559)
(0.0656252,-0.0427562)
(0.00901822,-0.0260626)
(0.0512071,0.115017)
(0.12976,0.0180309)
(0.045052,0.00901695)
(-0.0473847,0.121667)
(0.0457587,0.0249764)
(0.0638316,0.0368432)
(-0.0538081,0.0826549)
(-0.166682,0.019163)
(0.029474,-0.100844)
(-0.143113,-0.03448)
(-0.104987,-0.000235442)
(-0.00767254,0.127395)
(0.181232,0.217353)
(-0.0903666,0.0876082)
(-0.00769742,-0.00831215)
(0.0177591,0.0376884)
(-0.0542321,-0.0103025)
(0.0867391,-0.095024)
(-0.0414481,0.0123492)
(0.243541,-0.0308826)
(-0.0538294,0.215046)
(-0.00364469,0.20254)
(-0.10565,0.135409)
(-0.0612276,0.13487)
(0.0321207,0.0465379)
(-0.0591935,-0.17737)
(-0.148806,-0.0576411)
(-0.18135,0.0146374)
(0.111569,-0.115084)
(0.0617833,-0.0248769)
(-0.112084,0.119355)
(0.382806,-0.069107)
(-0.0791055,-0.020145)
(0.101769,-0.102394)
(-0.0306335,-0.0982462)
(-0.170308,-0.0650943)
(0.00331481,-0.210328)
(0.10731,-0.235303)
(0.0836782,0.0748079)
(-0.070902,0.145433)
(-0.000778396,-0.0623974)
(-0.0335126,-0.0354516)
(-0.0305597,-0.0129888)
(0.0961861,-0.173112)
(-0.0610848,-0.144212)
(0.0607089,0.111745)
(0.0427503,-0.00815102)
(0.268206,-0.145565)
(0.0774749,0.00393689)
(-0.0172432,0.100681)
(0.00608578,-0.0399402)
(0.00203541,0.0640508)
(0.105046,0.0825579)
(0.178704,-0.0925973)
(-0.0472591,0.0946626)
(0.0226313,0.0131405)
(-0.0435774,-0.00805023)
(0.0370117,0.0920381)
(0.0649395,0.0721317)
(-0.0446699,-0.0536825)
(-0.0519345,-0.056354)
(0.206218,0.157712)
(0.643286,-0.1654)
(0.595764,-0.253319)
(0.00682729,-0.00930637)
(-0.0191824,-0.116969)
(0.317906,0.151474)
(-0.0968333,-0.0446696)
(0.0725229,-0.117304)
(0.0613006,0.059176)
(0.0098249,-0.0390889)
(-0.0354016,-0.0504643)
(0.0512696,0.108306)
(0.0550757,-0.00196247)
(-0.207168,-0.068135)
(0.00709456,-0.0358479)
(0.0915323,0.0564906)
(-0.0201911,0.181282)
(0.506682,-0.348361)
(-0.112414,-0.00990448)
(-0.0213175,0.0209349)
(0.0444936,0.0571752)
(-0.056486,-0.0231582)
(0.0881824,0.0376098)
(0.0936218,-0.0284816)
(-0.0942539,-0.024614)
(0.315007,-0.395032)
(0.345779,-0.0484146)
(0.0660377,0.0641217)
(-0.041874,-0.0837402)
(0.0349403,-0.125222)
(0.0127957,-0.0797518)
(-0.0575482,0.0199548)
(0.126174,0.0651422)
(0.458935,0.020202)
(0.104372,0.0201135)
(-0.0584746,-0.0673577)
(0.10523,0.0892456)
(0.0211765,-0.0921345)
(0.0249516,0.0127)
(0.0875424,0.0233497)
(-0.100593,0.0744018)
(-0.12814,0.118873)
(0.132826,-0.0316018)
(-0.0202638,-0.183141)
(-0.0174408,-0.0592694)
(0.0343421,0.0212233)
(0.00862787,-0.0135347)
(0.0178816,0.0953972)
(-0.0460387,0.0233282)
(-0.00752094,0.000909719)
(-0.0383526,-0.120579)
(-0.100705,-0.0664135)
(0.0362293,0.0294541)
(0.185748,0.0678933)
(0.633962,0.0292953)
(0.05596,-0.0364175)
(-0.110366,0.0787553)
(-0.023129,-0.0299444)
(-0.02295,0.0995369)
(0.0881114,-0.0858768)
(0.066761,-0.123401)
(0.0727353,0.211075)
(0.117586,-0.0538421)
(0.119405,-0.0400696)
(-0.141676,0.0439108)
(0.359765,0.139545)
(-0.0838607,-0.060592)
(0.0138627,0.0440283)
(0.00133061,-0.163834)
(0.0134219,0.105899)
(0.0568373,0.204657)
(0.0404404,0.00144121)
(0.0284712,-0.035637)
(0.0323696,0.00344473)
(-0.0601044,-0.0456362)
(-0.121394,-0.131546)
(0.0326425,0.0482471)
(0.586192,0.0250038)
(-0.022865,0.0960183)
(-0.123549,-0.0967263)
(-0.112235,-0.00943517)
(-0.0689091,0.131871)
(0.0279419,-0.127608)
(0.112342,0.0706926)
(0.123203,-0.0762683)
(-0.0455659,-0.0422803)
(0.0427987,-0.127959)
(0.100273,-0.147409)
(0.0476315,0.0807149)
(-0.112607,-0.121717)
(0.00104347,0.0592018)
(-0.151672,0.128114)
(0.0336879,0.0960422)
(0.0300403,-0.0503154)
(0.145974,-0.10335)
(-0.0147624,0.0193538)
(-0.0401317,0.0523612)
(-0.08393,-0.0690306)
(-0.0401832,0.0574206)
(-0.0121244,0.0905308)
(0.35997,0.0064117)
(-0.00341739,0.094969)
(0.00804706,-0.0587558)
(-0.0550845,0.0481455)
(-0.0747494,0.249784)
(-0.0757864,-0.0425961)
(0.00640304,0.0156766)
(0.0325831,0.0714527)
(-0.0749348,0.0966141)
(-0.128276,0.146317)
(-0.0456027,-0.0360461)
(-0.0969146,0.0385)
(-0.0297427,-0.00542243)
(0.0219333,0.0171877)
(-0.0707039,-0.0555953)
(-0.0128326,0.0106773)
(-0.0669401,-0.116396)
(-0.0489223,-0.0866917)
(-0.0916355,0.109772)
(0.56484,-0.145069)
(-0.244146,-0.0369173)
(0.393548,0.3256)
(-0.0958019,-0.136252)
(0.00249957,-0.082915)
(-0.0570825,0.00383609)
(0.00938589,-0.0656476)
(0.113345,0.127004)
(0.0429809,-0.0638947)
(0.127215,-0.0422629)
(-0.126741,0.0289437)
(0.149849,0.0496881)
(-0.0861772,-0.00343964)
(0.541368,-0.220991)
(-0.0348152,0.0116334)
(0.0408239,0.0214215)
(0.0235296,0.124396)
(-0.143508,0.112387)
(0.00687612,0.0243057)
(0.464366,-0.0126743)
(0.0655105,0.0445011)
(0.1009,-0.0191569)
(0.587734,-0.488862)
(0.0730784,-0.129489)
(-0.0308745,0.0344527)
(0.0259387,0.0582035)
(0.10774,0.0293888)
(0.343118,-0.00376999)
(0.240738,-0.189604)
(0.356024,0.37864)
(-0.0520638,-0.0456636)
(0.00492776,0.0203774)
(0.0322918,0.0419167)
(0.0562901,-0.0645065)
(0.120305,0.0522459)
(0.127611,0.00651539)
(0.0722627,-0.0734749)
(-0.0562645,0.0033807)
(-0.173595,-0.0262513)
(0.203926,-0.0196086)
(0.248159,-0.0447326)
(0.0114262,0.0945159)
(0.0213307,-0.05843)
(0.0142116,0.0616688)
(-0.00158721,0.00841815)
(0.115597,-0.0257851)
(0.091673,-0.0714773)
(0.0698875,-0.15343)
(-0.113334,0.0107702)
(0.15176,0.0345589)
(-0.068152,0.106702)
(0.111208,0.0219332)
(-0.116108,0.000260674)
(0.117844,0.121618)
(-0.0630103,0.0116162)
(-0.0240463,-0.170318)
(-0.0857148,0.0664685)
(-0.0653473,-0.180892)
(-0.152326,-0.0485466)
(-0.00326347,-0.0862104)
(-0.218809,0.05433)
(0.111934,0.0798197)
(-0.258898,-0.0306866)
(0.101127,-0.0453166)
(0.457456,-0.0827894)
(0.115433,0.0619622)
(0.370452,-0.314493)
(-0.0107403,0.0968389)
(0.102551,0.0540679)
(0.0459997,0.0440033)
(-0.140499,0.0105745)
(0.243016,0.0833981)
(-0.0984237,-0.00867289)
(0.131443,-0.0136472)
(0.0311807,-0.0520354)
(-0.0619468,-0.0903032)
(-0.211864,0.00671805)
(-0.00430586,0.0378378)
(-0.0774677,0.113162)
(-0.104602,0.0597632)
(-0.0293025,-0.00445584)
(-0.111194,-0.0989085)
(0.0134677,0.0377778)
(0.00422711,0.0595479)
(0.081505,0.0429755)
(0.0216874,0.242758)
(-0.00133391,0.20041)
(-0.0903813,-0.0821606)
(0.0547987,-0.154314)
(-0.0279587,-0.0427859)
(0.108269,0.0546298)
(-0.00663878,0.0564485)
(0.0583378,-0.0212554)
(0.420137,-0.115448)
(-0.0287151,0.0833065)
(-0.0091333,-0.0783164)
(-0.0530733,0.0597212)
(0.0407966,-0.0414295)
(-0.0368872,-0.0669113)
(0.103401,-0.0927916)
(0.126403,-0.148143)
(0.849955,-0.0948691)
(0.13434,-0.0728319)
(0.0656292,0.0383042)
(0.0758011,-0.0627552)
(0.0883702,-0.0837774)
(0.443943,-0.148263)
(-0.0308463,-0.114474)
(-0.155254,0.0610187)
(0.0568562,0.0479668)
(-0.112471,0.132607)
(0.0413934,-0.00547406)
(0.0174676,0.0138792)
(0.105766,-0.00304958)
(-0.0924531,0.124753)
(-0.0371215,-0.0507267)
(-0.0916733,-0.0586912)
(0.322911,-0.267176)
(0.0825927,0.0415485)
(-0.132626,0.0237118)
(-0.0517902,-0.0277183)
(0.0647276,0.145477)
(0.157679,0.108245)
(0.0209841,-0.101054)
(0.0707048,-0.0130298)
(0.365559,-0.0842574)
(-0.0258982,-0.0941306)
(0.0566599,0.00363136)
(-0.095613,-0.0442823)
(-0.00797788,-0.0459666)
(0.0284842,0.0679948)
(-0.162899,-0.12378)
(0.0256308,0.072731)
(0.472802,-0.116037)
(0.673424,-0.117272)
(-0.124504,0.0130461)
(-0.0927868,0.0414597)
(-0.0124931,0.0183405)
(0.0324626,0.0389151)
(0.0741319,0.0332501)
(0.133068,-0.0258328)
(-0.143085,0.0571497)
(-0.0866467,0.00161214)
(0.0528751,0.110503)
(-0.0580807,0.0649859)
(-0.0412846,0.276801)
(0.0971294,-0.0306707)
(0.0708906,0.0354481)
(0.00698791,-0.0855029)
(-0.0330817,0.00481374)
(0.0159007,0.0214002)
(-0.00336517,0.0198586)
(0.133929,-0.00172686)
(0.100663,-0.00784059)
(0.096799,0.0600084)
(0.0385964,0.113269)
(0.176342,-0.179811)
(0.0558144,-0.127688)
(0.00280961,0.0232759)
(0.0109689,0.00706557)
(-0.0319099,0.00120626)
(0.115817,0.299055)
(0.190185,0.055739)
(-0.0145337,0.0381153)
(0.0934605,0.0487928)
(0.0717262,0.0492696)
(0.13062,0.0401138)
(0.0386817,0.00769958)
(0.10032,0.105185)
(0.0626088,0.0967643)
(0.14398,-0.00705347)
(0.503913,-0.35799)
(0.010932,-0.146519)
(-0.117016,0.0896153)
(-0.13522,-0.0513854)
(0.061933,-0.0657037)
(-0.0984396,0.0561354)
(-0.0401201,0.00252686)
(-0.0624693,-0.0790418)
(0.0706832,-0.0591336)
(0.0112644,-0.0120327)
(0.00134222,-0.0542328)
(-0.0904541,0.00931621)
(0.14246,-0.0101564)
(0.103499,0.0134499)
(-0.0607174,-0.0178053)
(-0.208558,0.0391165)
(-0.0690466,-0.0862137)
(-0.0711114,0.0267993)
(0.0280667,-0.0269108)
(-0.0422538,-0.0336846)
(-0.113412,-0.0204557)
(-0.0309243,-0.032608)
(-0.108897,0.132546)
(-0.141787,-0.0242259)
(0.0195359,0.142484)
(-0.0353496,-0.0899726)
(0.0479869,-0.211539)
(-0.100579,-0.17296)
(-0.0440616,0.0104973)
(0.0621477,-0.14083)
(0.0166332,0.0559395)
(0.0417255,-0.0226786)
(-0.0992043,0.0946495)
(0.00991579,-0.102186)
(0.0398693,0.0408686)
(-0.00054304,0.0497219)
(0.0139897,0.0035708)
(0.0176935,-0.0872654)
(-0.0659457,-0.13716)
(-0.0771738,0.0661736)
(-0.0325841,0.105985)
(-0.138965,0.030032)
(-0.177617,-0.193631)
(0.0035939,0.0760796)
(0.00868184,0.0220672)
(0.189746,-0.0953634)
(0.0378915,0.0413416)
(0.0440484,0.0224841)
(-0.132054,0.00713242)
(-0.0673201,-0.125707)
(0.0614196,0.0575399)
(0.0757162,0.0123265)
(0.00451244,0.0739406)
(0.111574,-0.125936)
(0.38657,-0.0779144)
(0.00133006,0.0582454)
(0.00515831,0.155507)
(0.00712222,0.0293843)
(0.00148479,0.0352282)
(-0.0662115,-0.0407978)
(0.0210723,0.0897267)
(-0.047213,-0.00354829)
(0.0274253,-0.124438)
(0.0691148,0.172415)
(0.0398229,-0.04782)
(-0.0017239,-0.0715227)
(0.0573072,0.00535465)
(0.0754384,0.037573)
(0.0834553,0.0684056)
(0.0276309,-0.153522)
(0.0303927,0.0411473)
(-0.0516428,-0.130797)
(0.0953745,-0.028223)
(-0.038259,-0.169247)
(0.082624,0.00968045)
(0.00533716,-0.113682)
(0.0556313,-0.069364)
(0.0364242,-0.0240761)
(-0.0454553,-0.123875)
(0.501664,-0.0611627)
(0.48518,-0.48352)
(-0.145166,0.0779733)
(0.496634,-0.449211)
(0.0627319,0.0537019)
(0.597045,-0.112008)
(0.00467977,0.0536601)
(0.0233926,0.0349937)
(0.642629,-0.0957685)
(0.565161,-0.499077)
(0.436664,-0.391737)
(-0.0947501,-0.0641955)
(-0.245689,-0.0659754)
(0.0249683,-0.0686467)
(0.00281443,-0.0336704)
(-0.132464,0.127594)
(0.00600999,0.047279)
(0.0361114,0.098539)
(-0.0421534,0.0103114)
(0.0379497,0.00631501)
(0.0468856,-0.0615545)
(0.0665923,-0.000216295)
(0.0425669,-0.0810935)
(0.0514795,0.0203166)
(-0.0145025,0.105901)
(0.131261,-0.0330256)
(-0.16657,-0.105855)
(0.00165352,-0.0589896)
(0.0579605,0.00949518)
(-0.242478,-0.0166421)
(0.0850555,0.131053)
(-0.0653948,-0.0835626)
(-0.152946,0.0916693)
(-0.0299009,0.0586263)
(0.0746725,0.0621971)
(0.0419445,-0.0534354)
(-0.0166338,0.0409075)
(0.046039,-0.0048627)
(-0.0323994,-0.177071)
(0.111492,0.144658)
(0.00639407,0.0685948)
(0.094345,-0.00686922)
(-0.0378438,0.00482276)
(0.00437401,-0.00148416)
(0.0152895,-0.164204)
(-0.00133003,-0.10362)
(-0.058535,0.0612762)
(0.103227,0.141505)
(0.553651,-0.11555)
(-0.0132892,-0.137924)
(-0.0439397,0.0173391)
(0.00953306,0.0342239)
(0.0120589,-0.0644789)
(0.126663,-0.0632625)
(0.083366,-0.0881361)
(0.297597,0.15782)
(0.15615,0.204171)
(0.393289,-0.180805)
(-0.0103713,0.105906)
(0.318073,0.0117786)
(0.130817,0.208479)
(-0.0699081,-0.133918)
(-0.0609136,-0.0263904)
(0.0471299,0.151993)
(0.204531,-0.128996)
(0.0514476,0.20467)
(-0.0340449,0.00159465)
(-0.0758971,-0.0765986)
(-0.0463474,-0.0035465)
(0.0903207,0.0377305)
(0.0411876,0.101504)
(0.565033,-0.263222)
(0.0605559,0.0600153)
(-0.198371,-0.170666)
(0.156105,0.123634)
(0.0848693,-0.115601)
(-0.0445567,-0.203115)
(0.0821521,-0.0837799)
(0.234467,0.0636987)
(0.0359279,-0.0971135)
(0.0579892,0.0450801)
(0.285232,0.0221903)
(-0.0387413,0.163506)
(0.0965135,0.18102)
(-0.0512254,-0.10681)
(-0.129431,0.118101)
(-0.0378621,-0.113902)
(-0.021458,0.173248)
(0.03997,-0.0386204)
(-0.100785,0.0765041)
(0.0553374,0.0955763)
(0.112224,0.137423)
(0.0253098,0.0200875)
(-0.0740242,0.0710975)
(-0.0362714,0.0839983)
(-0.00607476,0.0375827)
(0.00126361,-0.00330605)
(0.00393245,0.161284)
(0.0784725,-0.0556396)
(-0.119912,-0.176736)
(-0.0769259,0.104681)
(-0.0361686,-0.121177)
(-0.128386,-0.0850282)
(0.0424246,0.0995002)
(0.00284207,-0.128158)
(0.197883,-0.0678669)
(0.0175415,-0.037497)
(0.089215,-0.00787798)
(0.078703,0.0236902)
(0.0880159,-0.048713)
(0.0195211,0.0775758)
(0.0149626,-0.13339)
(0.00336631,0.00897518)
(0.0448154,0.114351)
(0.00426194,-0.108562)
(0.0949903,-0.0863305)
(0.0972345,-0.00882683)
(0.0607442,-0.0267546)
(0.16331,0.0753151)
(0.0762054,-0.0205835)
(-0.196441,-0.0731892)
(0.14497,0.0911087)
(0.244546,0.073811)
(0.19669,-0.114994)
(0.106094,0.158169)
(-0.177578,0.105375)
(0.100398,0.0785534)
(-0.109519,-0.0751027)
(0.212221,-0.0753005)
(-0.191932,0.18415)
(-0.11496,-0.0851569)
(-0.0320639,0.056237)
(0.0262538,0.0320484)
(-0.118527,-0.10486)
(-0.0913883,-0.118238)
(-0.0224599,0.062572)
(0.100502,-0.0440489)
(0.0366795,-0.0163635)
(0.0155218,0.176118)
(-0.172002,-0.124932)
(0.0204855,0.0520485)
(0.140929,0.0123751)
(-0.129066,0.00202194)
(0.180355,-0.225845)
(0.0589941,-0.296916)
(0.027606,0.0736117)
(0.179339,-0.440636)
(-0.0345365,-0.174674)
(-0.0193315,-0.0894189)
(-0.0772477,-0.235434)
(0.117889,0.0866729)
(-0.118073,0.145583)
(0.0443123,0.0649534)
(0.0432392,0.0754713)
(0.140664,-0.164647)
(0.631388,-0.188351)
(0.151624,0.179237)
(0.114656,-0.0967362)
(-0.114551,0.105999)
(0.604911,-0.173453)
(0.0702323,0.04849)
(-0.0354729,0.0572435)
(0.00575903,0.0857845)
(0.0173088,0.0624414)
(-0.029677,0.0465913)
(-0.174786,-0.0942719)
(-0.144871,-0.0942041)
(0.149723,0.0774538)
(0.024421,0.123214)
(0.0542367,0.0135515)
(0.0257136,-0.0448084)
(-0.0213054,-0.154356)
(-0.0438621,-0.0783825)
(0.11238,-0.188292)
(0.505823,-0.194213)
(-0.0256831,-0.0683432)
(-0.0145504,0.0946945)
(0.0880701,-0.0114985)
(-0.00482475,0.0531183)
(0.0650371,0.0805664)
(-0.024402,0.12688)
(0.304487,-0.323686)
(-0.111595,-0.0291034)
(0.571562,0.243784)
(-0.0166798,0.0221486)
(-0.0261182,0.0703767)
(0.000160502,-0.0816401)
(0.0878562,0.0162719)
(0.5211,0.0717604)
(-0.0378249,-0.0844571)
(0.10938,-0.0610587)
(-0.150952,-0.110976)
(0.0322387,0.0642301)
(0.181017,0.199401)
(0.16498,-0.214671)
(0.245339,-0.337102)
(0.115299,-0.0174491)
(0.0768606,-0.0422662)
(0.268454,-0.0369552)
(0.0992465,0.0452911)
(0.173564,-0.114747)
(0.203381,-0.123952)
(0.0948834,-0.147662)
(0.06411,-0.103744)
(0.371966,-0.276451)
(0.150089,0.039534)
(-0.0524264,0.04801)
(0.241649,-0.0513869)
(-0.0710612,-0.013209)
(0.00881958,0.134715)
(0.100597,-0.135911)
(0.0976086,-0.0971865)
(0.086696,-0.012643)
(0.109991,-0.0146764)
(0.0404477,0.0148207)
(0.101849,-0.0497082)
(0.113546,-0.0852413)
(-0.232474,0.0696075)
(-0.0586512,-0.108652)
(-0.124862,0.0763167)
(0.0540163,-0.0787429)
(0.0481256,-0.144972)
(-0.0549509,-0.0207695)
(0.0343419,-0.0554378)
(-0.123347,0.0395185)
(0.0398132,0.0474432)
(-0.0628609,-0.0594177)
(0.385788,0.217017)
(0.0158757,0.232836)
(-0.0937804,-0.0246165)
(-0.0865828,-0.0107383)
(-0.0123579,-0.0681661)
(0.115068,0.0867812)
(0.874186,0.361643)
(0.0386351,0.0917986)
(0.811593,0.271852)
(-0.0505851,-0.125564)
(-0.108574,-0.13387)
(0.105102,-0.300614)
(0.0653567,-0.101349)
(-0.180096,-0.0205086)
(0.357542,-0.0691602)
(0.117793,0.0473669)
(-0.107751,-0.0556446)
(-0.0820274,0.0378209)
(-0.0364743,-0.0430307)
(-0.152322,-0.0921141)
(0.00473807,-0.0628408)
(-0.0115437,-0.0101291)
(-0.0909035,-0.0529373)
(-0.142547,0.073364)
(0.642414,0.0730361)
(0.0350058,0.0701675)
(0.509285,-0.188467)
(-0.0166896,-0.0312559)
(-0.00151485,0.0396851)
(0.2888,-0.292544)
(-0.077993,0.0151262)
(0.0627589,0.0150038)
(-0.0304036,-0.0270277)
(0.513074,-0.151414)
(0.145831,-0.0790366)
(0.0984192,0.0231378)
(0.0298274,-0.184638)
(-0.0214179,-0.190005)
(0.198797,0.042552)
(-0.149969,-0.0946878)
(-0.0111291,0.0302231)
(0.0372818,-0.0690803)
(0.0274887,0.028255)
(-0.0699649,-0.0845181)
(-0.0504443,-0.0338881)
(0.0648068,0.0785612)
(0.0482982,0.055398)
(0.0802199,0.0601917)
(-0.0586882,0.0179761)
(-0.0529845,0.122927)
(-0.117705,-0.0151679)
(0.07765,-0.0780057)
(-0.0443397,-0.0459108)
(-0.0480726,0.0106617)
(0.0366139,0.0977414)
(0.0379035,0.025734)
(0.0144328,0.0454759)
(-0.102554,0.0064207)
(-0.0629921,-0.0972553)
(-0.0350227,-0.0223463)
(-0.124344,0.0159714)
(0.0339107,-0.0948563)
(-0.135748,-0.0607465)
(0.024503,0.0730296)
(-0.112727,-0.000684091)
(0.00112411,-0.0898937)
(0.395183,0.153788)
(0.0133568,0.0663419)
(0.0176414,-0.0621008)
(0.0254817,-0.0427865)
(0.623957,-0.323426)
(-0.0175754,0.0542203)
(0.0739294,0.149337)
(0.0151584,-0.0948252)
(-0.0240364,0.0914381)
(0.0437574,0.104097)
(0.00160874,-0.00753417)
(-0.0142942,0.0277781)
(0.418259,-0.190036)
(0.0337222,0.0205662)
(-0.105737,0.17613)
(0.380703,-0.0838166)
(-0.144472,-0.0204235)
(0.0988333,-0.0178237)
(0.0913935,0.0552386)
(0.435573,-0.207828)
(-0.0133216,0.0281724)
(0.118468,0.0948884)
(0.0877751,0.0196934)
(-0.0677563,0.0919745)
(0.223064,-0.0667757)
(-0.146448,0.0909884)
(0.121988,-0.0805621)
(0.0129549,-0.0675182)
(0.0417803,-0.0563036)
(0.0417814,-0.061302)
(0.0704415,0.094629)
(0.634782,0.0603806)
(-0.00381197,-0.101742)
(0.199933,0.0381558)
(0.19251,0.170093)
(-0.136526,-0.151447)
(0.082713,0.0936285)
(-0.113924,-0.0496851)
(-0.0831741,-0.0253353)
(-0.0265916,-0.0119684)
(0.135921,-0.0429115)
(0.0943871,-0.0897439)
(-0.0891224,0.0694397)
(0.563998,-0.269471)
(-0.0650589,0.00146698)
(-0.0704122,0.0352194)
(0.0421364,-0.054082)
(-0.0522976,0.0210248)
(0.0435135,0.0466405)
(-0.0563723,-0.00853067)
(0.202024,0.130619)
(0.488115,-0.0789306)
(0.36785,0.152708)
(-0.0100159,0.0326475)
(0.0131809,0.0686149)
(0.510181,0.110956)
(0.358668,-0.156566)
(-0.0591172,0.0623627)
(0.502443,-0.220971)
(0.712837,-0.159719)
(0.457613,-0.00991879)
(-0.0893626,-0.102422)
(-0.0424966,-0.0948633)
(-0.0226371,-0.148323)
(0.143705,-0.157514)
(-0.142245,-0.05358)
(0.011142,0.0711007)
(-0.0602606,-0.0890973)
(0.0199395,-0.0935492)
(-0.0284852,0.109593)
(-0.0458102,0.0872405)
(-0.00282411,0.0702049)
(0.672717,-0.187779)
(-0.223927,0.081378)
(0.139261,-0.0387784)
(-0.194058,-0.0391914)
(0.332032,-0.0666544)
(-0.00188178,-0.0334867)
(0.0793335,-0.0351197)
(0.80136,-0.225066)
(0.639848,-0.129017)
(0.190068,0.0662088)
(0.471913,-0.0514847)
(-0.0186503,0.0344538)
(0.0124995,0.0338345)
(0.358137,0.116802)
(0.472175,-0.0962411)
(0.293241,-0.0628005)
(0.523482,0.02409)
(0.0398729,-0.0599873)
(0.654953,0.0486106)
(-0.107289,0.000726695)
(-0.0664203,0.159918)
(0.00864482,0.089418)
(0.493258,-0.145892)
(-0.129978,0.146122)
(0.221948,-0.0613053)
(-0.0536232,0.00228878)
(0.0160543,-0.0323789)
(0.0255158,-0.0303177)
(0.0568072,0.050606)
(0.0704963,-0.155892)
(-0.0649909,0.0438117)
(0.022904,-0.152459)
(0.074901,-0.0546869)
(-0.047613,-0.0961772)
(0.136992,0.0146717)
(-0.087544,0.0517946)
(0.0350203,0.0991729)
(0.180644,0.0249696)
(0.352729,-0.353209)
(-0.121942,-0.0091165)
(0.054433,-0.0498885)
(-0.00448111,-0.0195747)
(-0.00115225,0.129967)
(0.0603541,0.0107928)
(-0.0494787,0.0147897)
(0.213526,0.0114704)
(-0.0293462,0.0289237)
(0.620661,-0.379953)
(-0.0901556,-0.0503244)
(0.283409,-0.217477)
(-0.0485294,0.0261935)
(0.0314972,-0.048601)
(0.158926,-0.0601036)
(-0.00811507,-0.181995)
(0.034051,-0.00717137)
(-0.116289,-0.0739883)
(0.0541665,-0.0285333)
(0.13685,-0.0290084)
(0.0584116,0.0236708)
(0.085055,0.0104333)
(0.00351158,0.096316)
(-0.060115,-0.00182437)
(0.217802,-0.098417)
(0.510701,-0.201658)
(-0.00969848,-0.041604)
(-0.00559926,0.123099)
(-0.0410515,0.0372866)
(0.152769,0.182711)
(0.569927,-0.151262)
(0.0560477,0.0424703)
(-0.0808729,0.0114402)
(-0.10205,0.0169477)
(-0.0696136,0.0523645)
(0.149706,-0.0850916)
(0.0326354,0.00264718)
(0.0356676,-0.0473678)
(0.0173166,-0.0119862)
(-0.0209337,-0.0234421)
(0.210132,-0.203904)
(0.070877,-0.0135937)
(-0.0900447,0.0416236)
(-0.0404615,-0.0577718)
(-0.0357813,-0.0500622)
(-0.0659644,-0.067626)
(0.321715,-0.33194)
(0.564093,-0.0690123)
(0.502213,-0.0848532)
(-0.0113039,0.0849972)
(0.0885022,-0.0398549)
(0.457852,-0.257138)
(0.260718,0.220112)
(0.285133,0.0243244)
(0.657764,-0.152529)
(-0.0105492,0.0574405)
(-0.0718002,0.0966781)
(-0.0496911,-0.0259368)
(-0.0573789,0.00348282)
(-0.190437,0.0157584)
(0.424305,0.0330251)
(0.347978,0.194032)
(0.32788,0.0471892)
(0.518184,-0.0574145)
(0.316054,-0.270579)
(-0.0455613,0.0638889)
(0.0615739,-0.0457124)
(0.0643355,0.059005)
(-0.465664,-0.393144)
(0.659887,-0.155145)
(0.938207,-0.276774)
(-0.0299275,0.0372231)
(0.0586375,-0.0416295)
(-0.0701593,0.00700121)
(0.536,0.18711)
(0.0336343,-0.0410658)
(-0.057495,-0.0606879)
(0.0691142,-0.067951)
(1.10037,0.271362)
(-0.0197993,-0.169959)
(0.0440458,-0.0709627)
(0.728738,0.201851)
(0.901415,-0.0267459)
(0.0274569,-0.160745)
(-0.0426812,-0.111119)
(0.0880013,-0.0792081)
(0.0932817,0.0908806)
(0.00268021,-0.0744811)
(5.51305e-05,0.0328468)
(-0.062759,0.0236444)
(0.544543,0.0114935)
(0.519674,-0.39251)
(0.6171,-0.0570873)
(0.461211,0.0259069)
(0.416479,-0.111463)
(0.0943594,-0.0145273)
(0.383579,-0.0680691)
(0.29802,-0.0277846)
(0.448651,-0.13028)
(-0.0255051,0.126587)
(-0.112027,-0.0585159)
(0.43187,-0.0836675)
(0.34174,-0.118837)
(0.235278,-0.374948)
(0.246443,-0.208552)
(0.310715,-0.0985283)
(0.127949,0.151388)
(0.348207,-0.264753)
(-0.116599,-0.109963)
(0.109488,0.108426)
(-0.0167376,-0.210536)
(-0.0490611,0.0343282)
(-0.0416537,0.108049)
(0.17833,-0.0258848)
(0.089372,0.0113986)
(0.011682,-0.0475754)
(0.0555701,0.0939445)
(0.279507,-0.226461)
(-0.0269035,0.00734933)
(0.526414,-0.0659904)
(0.467658,-0.265829)
(0.464984,-0.127861)
(-0.0135668,-0.0459429)
(-0.0679404,0.0809134)
(0.029622,-0.017835)
(0.625328,-0.443426)
(0.015323,0.0213424)
(0.141416,0.163849)
(0.519566,-0.353705)
(0.438304,-0.0378906)
(0.450299,-0.251941)
(0.401391,0.153398)
(0.467335,0.0112752)
(0.432097,-0.0839716)
(-0.0522223,-0.00204424)
(0.0878668,-0.0198596)
(-0.00787964,-1.41266e-05)
(0.00283927,-0.0237348)
(0.141046,-0.211227)
(0.0582429,-0.00470127)
(-0.0727969,-0.0556588)
(0.279382,-0.0777554)
(0.358971,-0.233284)
(0.010064,0.0544969)
(0.256805,-0.15006)
(0.038966,0.182277)
(0.433028,-0.117601)
(0.219796,-0.083705)
(0.0816394,-0.0217851)
(-0.0383145,0.159881)
(-0.084498,0.209405)
(0.0390005,-0.00872303)
(-0.0450495,0.442112)
(-0.036359,-0.0757273)
(-0.360384,-0.0784933)
(0.10786,0.0607353)
(-0.0718329,-0.347056)
(0.0847503,0.104304)
(0.0621441,0.0266265)
(-0.0245291,0.118035)
(-0.0465557,-0.0113458)
(0.0970657,-0.0575511)
(-0.212334,0.0915471)
(0.54848,-0.228794)
(-0.253441,0.00968098)
(0.535903,-0.245898)
(0.620226,-0.212161)
(-0.00607673,0.0768401)
(0.41015,-0.108999)
(0.423043,0.0490236)
(0.376911,-0.254121)
(-0.196801,0.0039657)
(0.471855,-0.00486559)
(-0.0550786,0.126417)
(-0.0987598,0.0260232)
(-0.0363084,0.105515)
(-0.092635,0.00692854)
(0.158464,0.0740329)
(0.0105768,-0.0787515)
(0.0522035,0.0018013)
(0.592054,-0.103251)
(-0.0115442,-0.0931441)
(-0.0878566,0.0368331)
(0.381476,-0.188979)
(0.406017,-0.324694)
(0.124552,0.0494003)
(-0.100365,0.0266881)
(0.104809,0.137757)
(0.507402,-0.00536856)
(-0.0807855,0.0771899)
(0.447733,0.36077)
(0.41288,-0.0537908)
(-0.0957789,0.0213766)
(-0.0717325,-0.122628)
(0.457692,-0.230583)
(-0.0656005,-0.0868358)
(-0.00258186,0.261612)
(-0.0357132,0.090473)
(0.476357,-0.231182)
(0.473705,-0.409097)
(0.0709586,-0.0443758)
(0.187411,-0.294085)
(0.697702,-0.116602)
(-0.0740497,-0.0928478)
(0.956109,-0.121859)
(0.601299,-0.0666974)
(-0.136539,0.0638778)
(0.397795,0.0308805)
(0.00828113,-0.0797758)
(0.36904,-0.183591)
(-0.069576,-0.23071)
(0.0303842,0.0303337)
(0.0755483,0.0777706)
(0.0925268,-0.100929)
(-0.272363,0.121896)
(-0.341591,0.0839778)
(0.156731,0.157949)
(0.280302,-0.000911758)
(0.359753,-0.134005)
(-0.0601334,0.0590803)
(-0.0746717,-0.073223)
(0.259747,-0.0996786)
(-0.124331,0.207365)
(0.0508103,0.168323)
(-0.3015,0.0524014)
(0.120429,-0.0273341)
(0.0216786,-0.236199)
(0.156474,-0.0357455)
(-0.0237437,-0.0613332)
(0.797967,-0.136607)
(0.523846,-0.221107)
(0.128204,0.0529881)
(0.00762173,-0.0482329)
(0.0339997,-0.0288517)
(-0.023781,-0.0775115)
(-0.173714,-0.107179)
(-0.209907,-0.27444)
(-0.355417,-0.18579)
(0.550407,0.0704451)
(0.643707,-0.677108)
(-0.0470839,0.11813)
(0.149669,0.177837)
(0.813344,-0.657631)
(0.11609,0.0114936)
(0.0410888,-0.0349755)
(-0.0729503,0.0106463)
(0.212075,0.348013)
(-0.131351,-0.17302)
(0.381851,-0.185027)
(-0.0955093,-0.207046)
(-0.0905318,-0.162259)
(-0.154312,-0.10718)
(0.109912,0.0769884)
(0.4371,0.0368318)
(-0.151389,-0.12197)
(-0.0862381,-0.231557)
(-0.10063,-0.0536342)
(-0.0858347,-0.157394)
(0.191119,-0.258852)
(0.196579,-0.0790558)
(0.521704,-0.17979)
(0.119893,-0.228342)
(0.251578,-0.114691)
(-0.210454,-0.0667586)
(0.0306012,-0.1299)
(0.00615365,0.0723949)
(0.0786866,0.0263798)
(-0.122483,0.140819)
(-0.0568648,-0.0951439)
(-0.0529705,0.0260174)
(-0.0475168,-0.0734356)
(-0.0547176,-0.0176312)
(0.507973,0.155736)
(-0.0963995,0.0492299)
(-0.00968612,-0.109861)
(0.600335,0.146495)
(0.00871319,-0.166376)
(-0.0175571,-0.070335)
(0.0100922,-0.174542)
(-0.0506284,-0.0580408)
(-0.0354782,0.0763535)
(0.128331,-0.0827731)
(-0.167209,-0.0766515)
(-0.00481928,0.0111493)
(-0.13054,0.184962)
(0.0324265,0.0705514)
(-0.131818,0.0527432)
(0.689842,0.135701)
(-0.111921,0.122666)
(0.413862,0.079639)
(0.625989,-0.105914)
(0.63397,0.0980515)
(-0.0481553,-0.24882)
(0.382175,0.0456285)
(0.420904,0.150606)
(0.419953,0.0853194)
(-0.180344,-0.142579)
(0.0976644,0.169648)
(0.019132,0.00699556)
(-0.0133265,0.0442946)
(0.481374,-0.0211239)
(0.661973,-0.161472)
(-0.0627703,0.113512)
(0.0593594,0.00176349)
(-0.00564885,-0.0974922)
(0.0414541,-0.0780954)
(0.0955418,-0.0500493)
(0.072075,-0.0386037)
(0.0528816,-0.00631524)
(0.127265,0.012779)
(0.0377035,-0.00071763)
(0.325781,-0.157489)
(-0.0302727,0.0501785)
(0.328785,-0.137627)
(-0.130322,-0.212333)
(-0.109241,0.049919)
(0.0287518,0.065604)
(0.864783,-0.223455)
(0.0250512,-0.15282)
(0.0151769,-0.188439)
(0.377224,-0.104873)
(0.0619905,0.0270227)
(-0.0984116,-0.0523938)
(0.0394904,0.0588837)
(0.0995721,-0.120689)
(0.00180552,0.121079)
(0.00839799,0.0730171)
(0.564903,-0.28534)
(0.39536,-0.155649)
(0.358977,0.283726)
(0.119126,0.070933)
(-0.0616944,0.096573)
(-0.0450897,0.172866)
(0.172774,0.0033794)
(0.0970742,-0.0427892)
(0.549971,-0.341352)
(0.87586,-0.172469)
(0.910063,-0.201437)
(-0.110316,-0.00860502)
(0.578923,-0.0283798)
(0.0331206,0.0582793)
(-0.0210945,0.0618462)
(-0.00454502,-0.0264712)
(-0.00149075,0.0836806)
(0.0612452,-0.0124348)
(0.0293762,0.0616448)
(0.685378,-0.0930107)
(0.631733,0.231789)
(0.540076,0.0389996)
(-0.00818581,0.0185981)
(0.456492,-0.0539233)
(0.0199267,0.0612212)
(0.410717,-0.155797)
(0.319741,-0.312318)
(-0.111679,0.0487842)
(0.967153,-0.0283404)
(0.381409,-0.115031)
(0.89557,0.0502465)
(0.796483,-0.301881)
(0.574507,0.240911)
(0.168525,-0.305658)
(0.00943929,-0.458574)
(0.287793,-0.180453)
(0.454633,0.0232705)
(-0.066716,-0.14805)
(0.513239,0.465206)
(0.396333,-0.234499)
(-0.00160968,-0.0535712)
(0.0424834,-0.073314)
(0.0809835,-0.0101876)
(0.167359,0.0110774)
(0.482864,-0.1166)
(-0.0960968,-0.311576)
(0.377771,-0.0260454)
(0.161107,-0.329766)
(0.623278,-0.117302)
(0.00197698,0.0811537)
(0.0553237,0.0271431)
(0.835067,-0.238489)
(-0.117723,0.0769762)
(-0.0429378,0.215463)
(0.536159,-0.192739)
(0.0579379,-0.0789555)
(-0.200713,-0.181385)
(0.157286,-0.0335866)
(0.0590627,0.126919)
(0.198502,-0.116611)
(0.0977287,-0.137698)
(0.47556,-0.0620552)
(0.372146,-0.473856)
(0.00243028,-0.15486)
(-0.0732602,0.0265496)
(0.184858,0.0585108)
(0.134954,0.0425453)
(0.0766234,-0.0849078)
(-0.124554,-0.143099)
(-0.0217303,-0.122711)
(-0.130247,0.0344118)
(0.088593,-0.457093)
(0.24961,0.215232)
(0.445282,0.129224)
(0.383726,0.194586)
(0.28086,0.156737)
(0.244513,0.0546797)
(0.536818,0.277118)
(0.242527,0.217847)
(0.0620705,0.108864)
(-0.0447188,-0.419558)
(0.196737,-0.637525)
(-0.0148738,-0.0564055)
(-0.155928,-0.0690556)
(0.782883,0.347779)
(0.0078582,0.0839762)
(-0.147878,-0.0988355)
(0.648131,0.375546)
(0.0623178,0.164194)
(-0.118919,0.0488546)
(-0.00355367,0.0856637)
(-0.0803303,-0.137344)
(0.170604,0.694959)
(0.147029,0.170669)
(-0.00708625,0.181693)
(0.160481,0.265242)
(0.363197,0.0708405)
(0.0364443,-0.165763)
(-0.0367162,-0.139837)
(-0.125895,-0.0974677)
(0.0842472,-0.089668)
(-0.0238834,0.119338)
(-0.0629141,-0.113101)
(-0.0331471,-0.037498)
(-0.150473,0.029384)
(0.000218753,0.280659)
(0.0557775,-0.126058)
(-0.203611,0.0190209)
(0.335923,-0.0621313)
(-0.10045,-0.0385516)
(0.4055,-0.038692)
(-0.14072,-0.157951)
(-0.134096,0.0100301)
(0.173138,0.0780626)
(0.708535,0.0223747)
(0.614055,0.00523729)
(-0.0361604,-0.0221717)
(-0.0311185,0.00730317)
(-0.11777,0.030442)
(-0.0258245,0.00799312)
(-0.217301,-0.226157)
(-0.18512,0.0118916)
(0.0557368,-0.373056)
(-0.141516,0.0488719)
(-0.179863,-0.499468)
(-0.0200783,-0.0823021)
(0.0329687,-0.0957725)
(-0.0461235,0.297614)
(-0.180402,0.146058)
(-0.121606,0.113386)
(-0.0139986,-0.0936471)
(0.0421768,-0.0546397)
(0.365685,8.37463e-05)
(0.29894,0.0853939)
(0.0401047,-0.000999235)
(0.148234,0.0151101)
(0.114805,3.40022e-05)
(-0.0674688,0.149192)
(0.119823,0.0337846)
(0.000712985,0.0823297)
(0.0452189,0.056744)
(0.0134981,0.0300623)
(-0.0419296,-0.00152116)
(0.00590867,0.0353214)
(0.0679556,-0.0105853)
(0.243779,-0.151554)
(0.0660929,0.0272206)
(0.0542664,-0.077757)
(-0.170444,0.0538138)
(0.241799,-0.164894)
(0.408946,-0.288036)
(-0.0924324,0.00587218)
(0.264634,-0.141901)
(0.499468,-0.174457)
(0.602023,-0.134911)
(0.00301074,-0.0951139)
(0.0083736,-0.0956774)
(0.489914,-0.0521782)
(0.0996015,-0.152163)
(0.137632,-0.0948134)
(-0.0927737,0.0596038)
(-0.223249,0.00700124)
(0.239519,-0.0691109)
(-0.0891617,-0.0185201)
(0.435067,-0.247644)
(0.400044,-0.23402)
(0.00956009,0.107077)
(-0.0406555,0.153666)
(0.349102,-0.0264847)
(0.156108,0.0429776)
(0.192217,0.052636)
(-0.0278414,0.143911)
