1620
(-0.0153643,0.229723)
(-0.135035,0.158477)
(-0.0535279,-0.0189615)
(0.0239265,-0.0116578)
(-0.0782285,0.195494)
(-0.268771,0.0833067)
(-0.12207,0.265458)
(-0.0397917,0.04019)
(-0.280879,0.206017)
(-0.369979,0.0742452)
(-0.220158,0.0293707)
(-0.0686734,0.228302)
(-0.243493,0.138392)
(0.140571,-0.154875)
(0.00301354,0.0682161)
(-0.00565207,-0.0073778)
(0.0569582,-0.06991)
(-0.107543,0.230497)
(0.186075,0.0586098)
(-0.0880544,0.217055)
(0.03106,-0.0935812)
(-0.0417525,-0.1267)
(-0.0638533,0.0079773)
(0.0865387,0.0114412)
(-0.0225658,0.119087)
(0.0561546,-0.139456)
(-0.0649071,0.0644593)
(0.116068,-0.258188)
(0.0100572,0.0924272)
(0.242573,-0.0868132)
(0.15708,0.0887381)
(0.303144,-0.116203)
(-0.14521,0.177623)
(-0.303746,0.141655)
(-0.109156,0.00360633)
(-0.0263847,-0.175532)
(-0.136952,0.0294944)
(0.0145186,0.0662162)
(-0.0383157,0.0569166)
(-0.0395473,0.00899542)
(-0.020474,-0.0312056)
(0.183757,-0.0122842)
(0.151088,-0.0126156)
(0.150282,0.0469303)
(-0.278485,0.0541709)
(-0.115105,0.0651817)
(0.0339516,-0.0396996)
(-0.0789397,0.0657257)
(0.0966183,-0.0563033)
(0.0855575,0.06718)
(-0.0372422,-0.00679315)
(0.131608,-0.218139)
(0.12868,0.0142496)
(0.115652,0.0371326)
(-0.135914,0.0383387)
(-0.0821482,0.110144)
(0.193634,-0.0370041)
(0.199834,-0.0167601)
(0.0103491,-0.144393)
(0.0999173,0.221985)
(-0.0955545,-0.14573)
(0.306057,-0.288686)
(-0.183165,-0.0631689)
(0.383606,-0.0857427)
(-0.213738,-0.0397637)
(0.00770244,-0.0211545)
(0.014514,-0.070722)
(0.0193197,-0.0706359)
(-0.145166,0.0656747)
(0.145166,-0.212407)
(-0.200418,-0.0227965)
(0.148774,-0.0508813)
(0.0662493,0.270106)
(-0.158925,0.118649)
(0.048416,-0.0152113)
(-0.0112861,-0.250135)
(-0.0998065,-0.0101776)
(0.47606,-0.387543)
(0.00645669,-0.158614)
(0.273318,-0.363086)
(-0.12729,-0.0956678)
(-0.0502334,-0.113876)
(0.00166376,0.00970876)
(0.0376954,0.12073)
(-0.14126,0.193092)
(-0.0623278,-0.0334458)
(-0.174541,0.240684)
(0.0544032,0.0938036)
(-0.0349546,-0.0133887)
(0.102987,-0.0438251)
(-0.0210499,-0.193328)
(-0.0641028,0.0921365)
(0.766592,-0.220981)
(0.287305,0.0548928)
(0.180613,-0.00185554)
(0.810084,-0.181126)
(-0.124276,0.204674)
(0.282555,-0.173399)
(0.122998,-0.0292423)
(0.0831101,-0.120554)
(-0.0066745,-0.0495783)
(0.120825,0.00894805)
(0.0193302,-0.136485)
(-0.0755751,-0.101374)
(0.15164,-0.324328)
(0.949353,-0.291769)
(0.0844279,-0.0821323)
(0.0700773,0.0185864)
(-0.00967324,0.032708)
(0.0891509,-0.0123066)
(-0.0316402,0.0735807)
(-0.199494,0.0561019)
(0.570001,-0.119779)
(0.00277471,-0.0528708)
(0.80434,-0.00813814)
(0.060601,-0.021846)
(-0.035785,0.0395423)
(0.303197,-0.0658908)
(-0.0689099,0.108256)
(0.892142,-0.00181661)
(0.858507,-0.0446788)
(0.0973784,0.0262958)
(0.356419,-0.351614)
(0.554013,0.0059903)
(0.204683,-0.100259)
(0.212885,0.128786)
(-0.044934,0.142725)
(-0.0919193,-0.112265)
(0.351854,-0.135971)
(0.0724746,-0.0996158)
(-0.0218679,0.0929203)
(-0.0479168,0.0873621)
(0.218667,-0.00544867)
(-0.219744,-0.220234)
(-0.215288,-0.0542198)
(-0.0608374,0.0440721)
(0.154751,0.141169)
(-0.0227859,0.0731804)
(0.498572,-0.528985)
(0.210756,-0.0782519)
(0.126818,-0.0324519)
(0.0581148,0.0443705)
(-0.0604391,0.182367)
(0.0376597,-0.0488925)
(0.0632663,-0.0626053)
(0.0497235,-0.100138)
(0.176426,-0.0778641)
(0.0307314,-0.445375)
(0.195514,-0.319429)
(0.0982831,0.0718573)
(1.01424,0.360762)
(0.00910552,-0.251581)
(0.434996,-0.865899)
(0.926737,-0.240219)
(0.921237,0.29077)
(-0.149854,0.0615059)
(0.00552329,0.218135)
(0.856325,-0.274507)
(0.401511,0.00973564)
(-0.0951521,-0.0872932)
(-0.195924,0.0473902)
(0.0432029,0.0248738)
(-0.0041531,0.0200369)
(-0.036975,-0.169484)
(-0.00280042,0.020787)
(0.0919795,0.0679247)
(0.192353,0.0584615)
(0.294545,0.0416592)
(0.0568839,0.088503)
(0.0367197,0.0395916)
(0.0867977,0.143521)
(-0.0357207,0.234001)
(0.719354,-0.0160792)
(0.819791,-0.343031)
(-0.0308931,0.391884)
(-0.112444,0.079248)
(0.0840939,0.0171668)
(0.0678979,0.184983)
(-0.0841014,-0.0530252)
(-0.122821,0.136637)
(-0.11532,-0.0107006)
(-0.0794997,-0.250431)
(0.148972,-0.268478)
(-0.0934912,-0.0407505)
(0.0201932,0.0105731)
(-0.0845724,-0.00830724)
(-0.0289931,-0.0527991)
(0.323954,-0.173158)
(0.203375,0.0415634)
(-0.223479,-0.464345)
(-0.149857,-0.320141)
(-0.205884,-0.378758)
(-0.620196,-0.00937392)
(0.104423,-0.143936)
(-0.127161,0.0064357)
(-0.0161933,0.205303)
(0.176179,0.128364)
(0.0719164,-0.0777567)
(0.00856797,-0.141195)
(-0.129203,0.136402)
(-0.0830062,0.0995359)
(0.0655083,0.152315)
(-0.0547337,-0.0967296)
(-0.101868,0.0627)
(0.133404,-0.013064)
(-0.0446538,0.0597173)
(0.687095,-0.131228)
(0.478826,0.078585)
(0.0648326,-0.0626079)
(0.441107,-0.203681)
(-0.00243202,0.00897093)
(0.375986,-0.254687)
(0.235979,-0.410144)
(0.219533,0.14735)
(0.16474,0.310398)
(0.0906797,-0.124846)
(-0.184733,0.0230287)
(0.356612,0.122402)
(-0.130249,0.380088)
(-0.0834587,0.047091)
(0.142815,0.0926202)
(-0.179063,0.0373202)
(0.422963,0.0776631)
(0.468901,0.958816)
(-0.0873122,-0.253924)
(0.0407168,-0.166707)
(0.479463,0.225792)
(0.155125,0.206081)
(-0.0658255,-0.260369)
(-0.145203,-0.225303)
(-0.191234,-0.0221589)
(0.234423,-0.135741)
(0.294738,-0.124449)
(0.746318,-0.186788)
(0.882787,-0.281276)
(-0.014734,-0.338128)
(0.0564018,0.0903014)
(0.0785248,0.0834904)
(-0.053545,-0.0687015)
(-0.0450628,0.112981)
(0.100717,-0.0505061)
(0.116591,-0.0850249)
(-0.0665157,0.0497637)
(-0.0579448,0.0087113)
(0.205475,0.0109004)
(0.269043,0.107315)
(0.0594655,-0.00245439)
(-0.0421188,0.0153288)
(-0.0305228,-0.0498527)
(-0.0457036,0.0618338)
(-0.19632,-0.176802)
(0.0864921,-0.0614012)
(-0.130768,-0.0834327)
(-0.0431995,-0.0163625)
(0.0937604,-0.184294)
(0.159492,-0.127708)
(0.0895938,-0.258987)
(-0.214418,-0.202417)
(0.052858,0.0442157)
(0.137117,0.0584751)
(0.0305909,0.0981111)
(0.0629445,0.15744)
(-0.0951898,0.139477)
(-0.0755324,0.00268105)
(0.374478,0.00855495)
(-0.139034,-0.0582031)
(-0.0825183,-0.1649)
(-0.000397166,0.055652)
(-0.0320429,-0.0525327)
(-0.0223994,-0.0307033)
(0.044876,-0.101234)
(-0.0684007,-0.0386976)
(-0.0525855,0.0307172)
(-0.0111917,-0.024509)
(0.121401,0.00383381)
(-0.200065,-0.00965634)
(0.137045,-0.0287698)
(0.0331788,0.110201)
(0.244012,-0.0690838)
(-0.0838838,-0.240906)
(0.0243977,-0.154039)
(0.129523,-0.132037)
(0.0038109,-0.054522)
(0.144291,-0.071002)
(-0.104032,-0.0149792)
(-0.194857,0.0461642)
(-0.0440495,0.155834)
(-0.104365,-0.0863589)
(0.0844831,-0.134699)
(0.0944705,0.0281792)
(0.0729355,0.0301531)
(-0.0941374,-0.140363)
(0.149826,-0.0303343)
(-0.0570635,0.0905235)
(-0.0944057,0.0205627)
(0.0948432,0.420744)
(-0.0298754,-0.00352303)
(-0.156442,0.267082)
(-0.126324,-0.0987803)
(-0.295083,-0.0882029)
(-0.301285,-0.0564493)
(0.0179888,0.325118)
(-0.0290047,-0.1451)
(0.0290724,-0.116195)
(-0.00773939,-0.0321309)
(0.136362,-0.0141726)
(0.203224,-0.0704543)
(0.510537,-0.119355)
(-0.0641698,-0.0890033)
(-0.0636728,-0.0456204)
(0.0532243,0.170638)
(-0.0980459,0.102647)
(-0.162343,-0.0102847)
(-0.0833947,0.195731)
(-0.210973,-0.00836017)
(0.0405456,-0.00486847)
(-0.0408226,-0.0816028)
(-0.191677,-0.118867)
(-0.0359855,0.0532388)
(0.52992,0.0362408)
(0.0848811,0.311082)
(0.0479275,0.0327388)
(-0.258971,0.0422561)
(0.0629615,-0.140651)
(0.0773712,-0.079529)
(0.103104,-0.0238135)
(-0.101084,-0.0992725)
(-0.105684,-0.00229641)
(0.0696324,0.0077238)
(-0.0239435,-0.0405953)
(-0.249274,-0.111278)
(0.105244,-0.0264831)
(0.0158847,-0.183201)
(-0.143339,0.0234575)
(0.0113638,-0.0336026)
(0.761008,-0.0319755)
(0.139911,-0.166508)
(-0.0207979,-0.0840154)
(0.155603,-0.132116)
(0.12275,-0.0732047)
(-0.0494216,-0.0843024)
(-0.0646545,-0.275483)
(0.0422723,-0.0371441)
(-0.0246862,0.0282755)
(-0.0573348,-0.0426905)
(0.00386305,-0.0954384)
(0.131527,0.122148)
(-0.0430139,0.0198672)
(-0.068934,0.103681)
(0.472141,-0.037945)
(0.494219,-0.280034)
(0.459051,-0.294456)
(0.155856,-0.0795171)
(-0.0412078,0.101193)
(0.617995,0.0443745)
(-0.00392719,-0.077091)
(0.0554998,0.0570115)
(0.00495556,0.0407577)
(-0.0828947,0.130354)
(0.058656,0.0858125)
(0.448848,-0.18912)
(0.284834,-0.0329021)
(0.0506322,-0.197346)
(-0.237702,-0.200077)
(-0.198213,0.0250156)
(0.223283,-0.188385)
(0.246129,-0.381789)
(-0.124711,0.0811712)
(0.184314,0.109016)
(0.111407,0.0656812)
(-0.0460461,0.181936)
(-0.0127026,0.0322777)
(0.00790188,0.14436)
(-0.10106,-0.0919784)
(0.522623,-0.276828)
(0.555506,-0.22327)
(-0.0211418,-0.0712754)
(0.0609869,-0.0169013)
(0.128552,-0.0686779)
(0.050818,-0.175733)
(-0.0401973,0.114732)
(0.111381,0.137909)
(0.333766,0.0812047)
(0.0169067,-0.322795)
(-0.268481,0.128544)
(0.0456535,-0.0378425)
(0.0235572,0.0288153)
(0.105852,0.0563509)
(-0.00752004,0.16774)
(0.0743691,0.00253955)
(0.0360475,-0.0617515)
(0.0332328,0.222666)
(0.059254,-0.0334085)
(-0.126578,0.0665261)
(0.0826522,0.140367)
(0.156426,0.0721231)
(-0.284952,0.0570489)
(-0.0313039,0.305478)
(0.116178,-0.0441008)
(0.160572,0.051906)
(0.131088,-0.148097)
(-0.0948285,-0.0368715)
(0.0713551,0.306214)
(0.289472,0.369897)
(-0.0865971,-0.069557)
(0.0185872,0.0894702)
(-0.200738,0.0974884)
(-0.215083,0.193825)
(-0.046111,0.0260571)
(0.089582,-0.151307)
(0.0411061,0.30222)
(-0.0261065,-0.233515)
(0.158915,0.152592)
(-0.0213346,0.00877588)
(0.701163,0.158358)
(-0.112227,0.22568)
(0.0106862,-0.000133312)
(-0.111991,0.0343095)
(-0.0488827,-0.0659459)
(-0.163312,-0.135656)
(0.0383239,0.0172568)
(-0.00549882,0.0298739)
(0.112735,-0.143214)
(0.0154295,-0.0727769)
(-0.0473753,0.155619)
(-0.0797168,-0.138308)
(0.407383,-0.0872255)
(-0.0864764,0.0359844)
(0.0606307,-0.248656)
(-0.0215845,-0.15054)
(-0.0877522,0.00385714)
(-0.0888922,0.0375761)
(0.130284,-0.128186)
(-0.0569723,-0.117537)
(0.0609408,0.0114779)
(-0.0730788,0.0182773)
(-0.0616868,-0.0938011)
(0.179059,-0.0444254)
(-0.111687,0.0511617)
(-0.0610034,0.0315344)
(-0.00273072,0.050215)
(-0.038846,-0.123292)
(0.29994,0.0287038)
(0.0496478,-0.0104169)
(-0.0222702,0.0403613)
(0.0768983,-0.0052978)
(0.116773,-0.0660289)
(0.134807,-0.185399)
(0.00882968,0.0756733)
(0.350392,-0.0011545)
(0.114321,0.131692)
(-0.014906,0.0133689)
(-0.127234,0.0713134)
(0.120581,0.040249)
(0.252964,0.0771323)
(-0.0180943,-0.151242)
(0.169863,0.0705942)
(-0.0430091,-0.0684699)
(0.064051,0.0155546)
(0.053218,0.103154)
(0.09759,-0.03668)
(-0.093334,-0.0548258)
(0.0570793,0.00252349)
(-0.0209055,0.108296)
(-0.108948,-0.0257022)
(-0.0144496,-0.00462288)
(-0.0460102,-0.0807737)
(0.181817,0.164856)
(0.708792,0.00728554)
(-0.0934319,0.0636468)
(0.719706,-0.0362837)
(0.0733462,-0.0699012)
(-0.00293542,0.102626)
(0.144245,0.0299077)
(0.0808496,0.0406282)
(0.399464,0.0666215)
(-0.0359592,-0.0995899)
(0.0556338,-0.0253448)
(-0.0994869,-0.0484366)
(-0.0639604,0.155607)
(-0.0389133,0.147181)
(0.555096,0.102183)
(0.161016,0.105184)
(-0.0240773,-0.234863)
(-0.0553653,-0.169473)
(0.00403747,-0.122253)
(0.0468866,-0.0931431)
(0.637286,-0.0448157)
(0.180094,-0.0996372)
(0.095126,-0.10018)
(1.00976,0.113184)
(-0.0219574,0.149556)
(-0.0243588,-0.00155205)
(-0.0274046,0.108237)
(0.0931522,0.00300686)
(0.264262,-0.198347)
(-0.092772,-0.0628502)
(1.08313,-0.482485)
(0.579135,-0.401044)
(-0.0579391,0.0302795)
(-0.192165,0.0261677)
(0.0392017,-0.058149)
(0.0525645,0.0807847)
(-0.0938554,0.00995666)
(-0.1223,0.162908)
(-0.098523,0.0761683)
(0.0867703,-0.0848747)
(0.0429238,0.0395652)
(-0.0744707,0.209671)
(0.0428642,0.063224)
(0.0146954,-0.0501621)
(0.062705,-0.108622)
(0.0631499,-0.0773323)
(0.0987719,0.0874908)
(-0.0907702,-0.114892)
(-0.161111,-0.108879)
(0.0619812,-0.00746786)
(0.0364827,0.195554)
(0.224172,0.123223)
(-0.0893078,0.0346447)
(0.0767392,-0.20256)
(-0.126297,0.219909)
(0.0709797,-0.0940757)
(0.0396201,0.0341084)
(0.181627,-0.526226)
(0.0424609,-0.00441073)
(0.303344,-0.366104)
(-0.0460558,-0.0686448)
(0.106925,-0.117768)
(0.0202434,0.0224532)
(0.209435,-0.123989)
(0.0875819,0.0878706)
(0.483514,-0.241352)
(0.0755638,0.0739643)
(0.973774,-0.476402)
(-0.0890267,0.0519282)
(-0.0323753,0.0257198)
(-0.0486442,-0.0445121)
(-0.112581,-0.0600611)
(-0.0491018,0.0173259)
(-0.0703523,-0.154471)
(0.0732936,-0.00857868)
(-0.0606062,-0.141491)
(0.00827433,0.0314517)
(0.0907503,0.0607256)
(-0.21219,0.0906585)
(0.0524817,0.00297227)
(-0.114296,0.099616)
(-0.175957,0.0620053)
(-0.0743341,-0.0501472)
(-0.0863506,-0.124563)
(0.0460938,-0.098759)
(-0.00413303,-0.0509934)
(0.109202,-0.00182074)
(0.0195946,0.0171078)
(0.17802,0.0548808)
(0.113443,-0.252216)
(-0.142369,0.0420791)
(-0.324263,0.0509079)
(-0.259136,-0.0374353)
(-0.0747328,-0.0170568)
(0.495059,-0.200888)
(-0.0831311,0.117024)
(0.0557322,-0.111973)
(-0.110525,0.219946)
(0.149839,-0.018804)
(-0.28018,0.0528068)
(-0.0101237,-0.118266)
(0.265002,-0.233006)
(0.61626,-0.176177)
(-0.106022,-0.192794)
(-0.0746823,0.183927)
(-0.114919,-0.126726)
(0.311523,-0.0323418)
(0.568493,0.371042)
(-0.0831191,0.229024)
(-0.0736135,0.150551)
(0.121113,0.0363487)
(0.00239796,0.0947251)
(0.0322382,0.0130501)
(-0.0547719,0.147035)
(0.0561719,-0.0867519)
(-0.0734466,0.0807107)
(0.152817,0.0125526)
(-0.0791186,0.141456)
(0.937994,-0.499666)
(-0.314772,-0.0893367)
(-0.187169,0.0088719)
(-0.0626353,0.0418947)
(0.0229138,0.0132585)
(-0.077122,0.133008)
(-0.215637,0.187597)
(-0.154629,-0.0171394)
(0.205504,-0.37453)
(-0.101319,0.0312432)
(0.000861974,0.0894364)
(-0.116152,-0.00241694)
(0.0544381,-0.0885884)
(-0.0143811,0.15678)
(-0.0998331,0.0468355)
(0.120395,0.162611)
(0.241178,-0.331151)
(0.782367,-0.056071)
(0.0400115,-0.0116311)
(-0.0338752,-0.00601944)
(0.126052,-0.00534816)
(0.0599053,-0.0756808)
(-0.04333,0.00616935)
(-0.143504,-0.0807492)
(-0.0507101,0.0538371)
(-0.102174,-0.130574)
(-0.135041,0.126607)
(-0.0520069,0.0328216)
(-0.270349,0.146432)
(0.0663145,0.136514)
(-0.0603236,0.106987)
(0.0308046,0.209659)
(0.0537,-0.00456722)
(-0.126274,0.156807)
(-0.0843127,0.119514)
(0.0464957,0.0992222)
(0.000407148,-0.0511903)
(-0.184354,-0.121227)
(0.0814014,0.012871)
(0.0482266,-0.0463652)
(0.163213,-0.153986)
(-0.0349921,-0.154861)
(0.0915754,-0.0428361)
(0.0580942,-0.0363378)
(-0.0331503,-0.0396047)
(-0.244288,0.0972595)
(-0.0568541,0.250796)
(0.0317714,-0.128306)
(0.113998,-0.0895821)
(0.214471,-0.0702678)
(0.126019,0.210347)
(0.423196,0.133475)
(-0.0559573,0.280124)
(0.0696661,-0.157726)
(0.961804,-0.0735126)
(0.245774,-0.0225399)
(-0.173975,0.185971)
(-0.113427,-0.0209717)
(0.313719,0.118104)
(-0.162599,0.0814008)
(0.0240579,0.162353)
(0.122236,-0.09142)
(-0.0703262,-0.0898231)
(-0.176024,-0.137273)
(0.117826,0.0680411)
(-0.00563947,0.191951)
(-0.0306394,-0.166928)
(0.128062,-0.124375)
(-0.0630493,0.00112707)
(0.100209,0.0452894)
(-0.052954,-0.141439)
(-0.143219,0.0373209)
(0.020463,0.00890734)
(0.0293532,0.058848)
(0.197817,-0.0781026)
(-0.0876418,0.0523935)
(0.0267761,-0.0470992)
(0.037934,0.0040075)
(-0.00477606,0.290853)
(-0.0999388,-0.0248168)
(-0.137742,0.0464857)
(0.121882,0.0397294)
(-0.0889439,-0.0278921)
(0.279796,-0.0255093)
(-0.224759,0.194515)
(0.00896609,-0.0136907)
(0.0973679,0.150645)
(0.0116706,-0.0501577)
(0.0714009,-0.00778975)
(0.142075,-0.0454708)
(-0.142207,-0.0622501)
(-0.0141262,-0.17486)
(-0.0791903,0.191323)
(-0.0125912,-0.0563635)
(0.169464,-0.0881889)
(0.135168,-0.0263755)
(-0.0439374,0.0586199)
(-0.0619554,0.200458)
(0.0141615,-0.0383419)
(0.0519581,0.0937261)
(-0.0888126,0.173257)
(-0.0107574,0.00266215)
(-0.10807,0.149805)
(-0.237809,-0.0914437)
(-0.0728146,-0.115249)
(0.186638,0.196195)
(-0.0622641,0.181894)
(0.23557,0.100385)
(0.579568,-0.188766)
(-0.0437931,0.0938726)
(-0.158118,-0.0995249)
(0.0393005,0.028869)
(0.027252,0.0280191)
(0.0620796,-0.00627349)
(0.175389,-0.0163624)
(0.0969781,-0.0593202)
(0.0495531,-0.0338599)
(-0.199104,0.00952636)
(-0.235409,-0.0434832)
(-0.17387,0.0833842)
(-0.079703,0.0750498)
(0.120129,-0.00676021)
(0.129659,-0.214729)
(0.144183,0.0823402)
(0.206575,0.0245989)
(0.177638,-0.00180382)
(0.00458452,0.168928)
(0.234688,-0.00766961)
(0.050338,0.0911101)
(-0.189953,-0.0918329)
(-0.0144816,-0.105059)
(0.189134,-0.141895)
(0.254602,-0.114349)
(0.522761,0.180951)
(0.462297,-0.129255)
(-0.0931927,0.1696)
(0.622198,-0.0378474)
(0.184295,-0.0886293)
(0.423229,-0.276626)
(0.303155,0.185228)
(-0.00915707,0.109743)
(0.403225,-0.172742)
(0.585952,-0.723415)
(0.753148,-0.0163995)
(-0.0388907,-0.1254)
(0.0991098,0.106961)
(0.108492,0.106087)
(0.170278,0.0769131)
(-0.025041,0.0856436)
(-0.0490514,0.247612)
(-0.0749449,0.133497)
(-0.0600127,0.118799)
(0.0054884,-0.0233617)
(-0.0459574,-0.00468146)
(0.0655197,0.0327372)
(0.0342729,0.193494)
(-0.185427,0.117314)
(-0.105623,0.295038)
(0.150334,-0.00077775)
(-0.0238779,0.0291753)
(0.0579731,-0.161587)
(-0.145661,0.0482238)
(-0.140522,0.0260842)
(0.101087,-0.0621423)
(-0.353748,-0.0351982)
(-0.0485861,0.0625265)
(-0.377774,-0.120432)
(0.0771957,-0.0097592)
(0.0461468,0.025106)
(-0.0059495,-0.00495405)
(0.104618,-0.114812)
(-0.0171058,0.0963921)
(0.0664747,0.0229806)
(0.104862,0.0310702)
(-0.00134202,-0.0290935)
(0.0463972,-0.113342)
(0.0650813,-0.0465419)
(-0.0561498,0.00314335)
(-0.196766,-0.0284895)
(0.0865345,-0.0530828)
(0.123783,-0.0105292)
(0.579524,0.0412586)
(-0.024935,-0.0590794)
(-0.079819,-0.120074)
(-0.0632438,-0.02822)
(0.164887,0.0165388)
(-0.0919251,-0.287542)
(-0.0502056,-0.188189)
(0.542546,-0.106424)
(0.267556,0.0660436)
(0.512919,-0.308308)
(0.0141413,0.0647869)
(0.602691,-0.267576)
(0.0511587,-0.000171551)
(0.130849,-0.135976)
(0.320819,0.146227)
(-0.0472282,0.0442537)
(0.285018,-0.185695)
(0.0792959,0.0883198)
(0.0970368,0.165188)
(0.0866493,0.192819)
(0.190718,-0.0364507)
(0.230518,0.0102844)
(-0.211739,0.0599108)
(0.275739,-0.275797)
(0.281993,0.0418849)
(0.0875667,0.207651)
(0.320112,0.153582)
(0.200692,0.300565)
(0.265845,0.0906473)
(0.215996,0.287799)
(0.204826,-0.236952)
(0.240667,0.140777)
(0.220048,-0.0308001)
(0.340571,0.0251244)
(0.0942138,-0.0853256)
(0.18677,-0.00324262)
(0.0489478,0.124432)
(-0.282772,0.0859223)
(0.135922,-0.0109603)
(0.0682114,-0.0491099)
(-0.174171,-0.27831)
(-0.237629,-0.0750104)
(-0.110936,0.174039)
(0.124013,-0.0903551)
(-0.0855819,-0.0628166)
(-0.116088,-0.169407)
(0.105875,0.0891066)
(0.123821,0.306629)
(0.0190975,-0.14767)
(-0.119091,-0.0808756)
(0.121681,-0.0714782)
(0.0365263,0.00242945)
(-0.00114858,-0.027632)
(-0.00382909,0.0214096)
(-0.0730381,0.109235)
(-0.0083279,0.0890969)
(0.127307,0.0108057)
(0.159743,0.0359516)
(0.123737,-0.0908058)
(-0.0616814,-0.110701)
(-0.0118616,0.114005)
(0.130142,-0.0518384)
(-0.222774,0.0115104)
(0.0700237,-0.123387)
(-0.000994109,0.112404)
(-0.00935767,-0.154566)
(0.117768,-0.0515502)
(0.13508,-0.0928391)
(-0.154347,-0.00151413)
(0.00791192,-0.103081)
(0.0362371,-0.107482)
(0.0368019,0.0276305)
(0.042282,0.0197837)
(0.0922417,-0.0415078)
(0.363054,-0.0763909)
(-0.360981,0.155179)
(-0.0511883,0.116349)
(-0.2924,-0.0214628)
(-0.105468,0.101858)
(-0.146167,-0.205405)
(-0.170062,0.00990808)
(-0.0353766,0.0993434)
(-0.0640615,0.0510676)
(0.0374945,-0.0358894)
(0.109945,0.0171344)
(0.0870626,-0.141058)
(0.140546,-0.214417)
(0.0524056,-0.0176976)
(0.0913115,0.00121043)
(-0.216415,0.0327268)
(-0.0283227,0.0577361)
(-0.0131169,-0.13592)
(0.0840621,0.121031)
(-0.183179,-0.0793281)
(-0.0130246,0.0341208)
(0.113516,-0.0640608)
(0.164081,0.253138)
(0.137096,0.0895373)
(0.721267,-0.20002)
(0.0530548,-0.153493)
(0.0472905,-0.0347149)
(0.0289508,-0.0886321)
(-0.161174,-0.0776694)
(0.026065,-0.0284272)
(-0.0767637,-0.0636846)
(-0.0426118,0.146094)
(0.203561,-0.0411403)
(0.460892,-0.346691)
(-0.252972,-0.177254)
(0.00587489,-0.0291099)
(-0.0448381,-0.22808)
(0.511856,-0.250153)
(-0.0816909,0.107058)
(-0.153114,-0.058357)
(-0.0712289,-0.0559218)
(-0.185758,-0.0207347)
(0.00534621,-0.105774)
(-0.0767555,0.244996)
(0.0891005,-0.0841823)
(0.189955,-0.135868)
(0.0609278,-0.0669618)
(-0.0882458,0.0180856)
(0.0980931,0.0102863)
(0.0984688,-0.025231)
(0.126808,-0.00442079)
(0.105501,0.0812508)
(0.384922,-0.285309)
(0.0357654,0.00644726)
(-0.0381157,0.0726185)
(0.00187008,0.0448774)
(-0.0577142,0.00363879)
(-0.0787378,-0.124415)
(-0.136035,-0.119074)
(-0.30804,-0.497046)
(-0.121778,-0.138484)
(0.377388,-0.135492)
(-0.106968,0.0464818)
(-0.140576,0.0213438)
(0.0409824,0.201606)
(-0.09579,0.176569)
(0.771605,-0.0474618)
(0.0811913,0.324064)
(0.576001,0.300606)
(0.0941328,0.211077)
(0.0847405,0.0366729)
(-0.0752149,-0.162472)
(0.158349,-0.050032)
(0.768956,-0.240302)
(-0.036867,0.121054)
(0.0721275,0.0891616)
(0.411932,-0.429984)
(-0.209391,-0.0411953)
(-0.0632193,-0.0263105)
(0.521695,-0.2918)
(-0.156562,0.0787443)
(0.0500938,0.0716502)
(0.544,-0.332125)
(-0.0962015,-0.0154107)
(-0.112254,-0.187971)
(0.0758247,0.223169)
(0.0235717,-0.0289647)
(-0.121092,-0.391442)
(0.0805335,-0.204427)
(0.112243,-0.0724922)
(0.127672,-0.104313)
(0.10224,-0.0765836)
(-0.101476,-0.0192177)
(-0.00407215,-0.233296)
(0.104783,-0.0572491)
(0.149165,-0.0299644)
(-0.0250875,0.212661)
(0.153014,-0.0873979)
(0.112586,-0.226642)
(0.20053,0.0969312)
(-0.0189979,0.195857)
(-0.043312,-0.311981)
(-0.18551,0.0218505)
(-0.114628,0.143735)
(-0.204459,0.015239)
(0.432935,-0.440839)
(0.0131687,0.113732)
(0.0293856,0.0267006)
(0.119623,0.168365)
(-0.191072,0.31539)
(-0.252101,0.0057461)
(0.181361,-0.196054)
(0.0209809,-0.0377805)
(0.155688,-0.372711)
(0.146408,-0.128608)
(-0.0418136,-0.0444691)
(0.686583,0.148557)
(0.14158,-0.0931532)
(-0.148392,0.028217)
(0.668919,-0.35424)
(0.0479295,-0.0406272)
(0.0163056,-0.0729106)
(-0.167144,-0.0206718)
(0.313564,0.207334)
(0.381951,-0.0827787)
(-0.24116,-0.127536)
(0.0609497,-0.28914)
(0.0764814,0.122552)
(0.113104,-0.123834)
(0.430778,-0.244091)
(-0.126467,0.157412)
(0.270792,-0.504855)
(0.0577957,-0.0550748)
(-0.020774,-0.122581)
(0.12784,-0.545074)
(0.0572382,0.226298)
(0.027035,0.24456)
(7.62908e-05,-0.0559129)
(0.40829,-0.305843)
(-0.0721851,0.150047)
(-0.102927,0.143258)
(0.117698,0.0722029)
(-0.0488982,0.184805)
(-0.264651,0.0276076)
(0.179912,-0.0832921)
(-0.106063,-0.044328)
(0.241693,-0.00915956)
(-0.0660823,0.0930369)
(0.250882,-0.0565251)
(-0.0190371,0.00334211)
(-0.123629,-0.0474023)
(0.0216262,0.10379)
(-0.0526432,0.149173)
(0.00136251,-0.141111)
(-0.0501157,-0.105983)
(0.214243,-0.00304612)
(0.234937,0.0920893)
(0.129654,0.32465)
(0.260718,0.270535)
(0.126718,0.0179769)
(0.0432579,0.0447106)
(0.0869918,0.0143156)
(0.614271,-0.102805)
(-0.00655255,0.0579356)
(0.249801,0.182419)
(0.105841,0.0674249)
(-0.291217,-0.166055)
(-0.308523,0.140566)
(0.0422119,0.034387)
(0.0225085,-0.0681953)
(0.142639,-0.0101362)
(0.821889,-0.0767372)
(-0.130762,0.0573998)
(0.0723394,-0.0299958)
(0.084314,0.139558)
(0.608642,-0.0719458)
(0.00891825,0.0186743)
(-0.0173093,-0.0713951)
(0.159814,-0.0709197)
(-0.0112255,0.114701)
(0.0702062,-0.0833219)
(0.136822,-0.0824173)
(0.0695709,0.0401897)
(0.222992,0.279946)
(-0.15284,-0.110686)
(0.00765583,-0.16511)
(-0.11544,-0.363911)
(-0.194362,-0.0631051)
(0.100658,-0.0106997)
(-0.287657,-0.141373)
(0.609266,-0.121464)
(-0.0509587,-0.25117)
(-0.268393,0.0239941)
(-0.2189,-0.333977)
(-0.301229,-0.0730593)
(-0.193778,0.113911)
(0.136345,-0.103507)
(0.0795613,-0.0487907)
(-0.113904,0.183369)
(-0.0873355,-0.0394765)
(-0.161334,0.0988313)
(-0.150723,-0.0507083)
(-0.376034,-0.193454)
(0.129422,0.0729194)
(-0.0343981,0.0172556)
(-0.0928619,-0.0490886)
(0.231844,0.106027)
(-0.117155,0.069512)
(0.140568,-0.0273683)
(0.249403,0.0234388)
(0.292298,-0.196566)
(-0.0694955,0.0709739)
(0.037301,0.0210101)
(0.0496537,0.0366215)
(0.772942,-0.161992)
(0.0120672,0.0468867)
(-0.0848415,0.0404345)
(-0.303005,0.149751)
(0.0525496,0.113592)
(-0.210551,-0.0769261)
(0.0550595,0.127058)
(0.165151,-0.147534)
(0.183401,-0.109846)
(0.203935,-0.0999173)
(0.00706877,-0.0518478)
(-0.0623986,-0.0243486)
(0.766228,-0.182979)
(0.486045,-0.219625)
(0.0307823,-0.0824733)
(0.445025,0.469156)
(0.155195,0.305958)
(0.392194,-0.383983)
(0.154339,0.166753)
(0.120286,0.163713)
(0.101356,-0.106005)
(0.160278,-0.217923)
(0.102107,-0.0773194)
(0.14877,-0.150846)
(-0.080915,0.158666)
(0.181011,0.0309679)
(-0.0435602,-0.12514)
(0.0213686,0.0793754)
(0.105831,0.0612203)
(0.605586,-0.259814)
(-0.187363,-0.0399313)
(0.0855437,0.0494544)
(-0.0175185,-0.117078)
(0.17782,0.0274416)
(0.219794,0.0614822)
(0.21817,-0.042669)
(0.75644,-0.342044)
(-0.216015,-0.507477)
(0.077175,-0.145947)
(0.512248,0.203412)
(0.0580133,-0.0811667)
(0.0436049,-0.0752742)
(-0.0812253,-0.0839283)
(0.323143,-0.372767)
(0.149499,-0.871677)
(0.756561,0.133421)
(-0.0099431,-0.0497551)
(0.640804,0.150536)
(0.057771,-0.0634941)
(-0.0943544,-0.0688569)
(-0.0166529,0.142614)
(0.232872,-0.1499)
(-0.230851,0.0380604)
(-0.128945,0.0236035)
(-0.0905233,0.0795459)
(-0.242788,-0.0685536)
(-0.120031,0.07724)
(-0.176172,0.123262)
(0.0297555,0.0312402)
(-0.113235,-0.000120411)
(-0.119329,-0.0406942)
(-0.0316862,0.104595)
(-0.0820302,-0.113364)
(-0.187737,0.0556606)
(0.0057156,0.148462)
(-0.11997,0.141139)
(-0.0478567,0.323311)
(0.316286,-0.0485274)
(-0.128721,-0.0113529)
(0.0064009,0.183106)
(0.175944,0.156478)
(-0.0497784,0.0383475)
(0.0291239,0.215985)
(0.0600681,-0.130123)
(-0.295642,0.0313688)
(-0.0819608,0.259437)
(0.318508,-0.158335)
(-0.0391812,-0.0310544)
(0.283872,0.128222)
(-0.298294,-0.0602164)
(-0.184904,-0.0766967)
(0.190967,0.0124272)
(0.0510144,0.0284289)
(-0.0171878,-0.00360928)
(0.15035,0.0654918)
(-0.0119601,-0.035338)
(-0.0762642,-0.0850145)
(-0.052535,0.194404)
(-0.0699934,0.0409361)
(-0.00283312,0.000518119)
(0.0590631,-0.0252328)
(0.358855,0.156562)
(0.55665,-0.0794094)
(-0.0136874,-0.066442)
(0.193807,0.0789678)
(0.0234524,-0.0653048)
(0.114857,-0.0294721)
(0.840203,-0.361724)
(-0.121825,0.0792795)
(-0.158724,0.132231)
(-0.117249,0.0885788)
(-0.0615018,0.0769193)
(0.318135,0.170968)
(-0.0758344,0.0345862)
(-0.00768225,0.0153067)
(-0.0485772,0.119854)
(0.00226469,-0.0184451)
(0.53565,0.10151)
(-0.0470622,0.0478601)
(-0.0447683,0.0640809)
(-0.132043,0.0938166)
(0.0406063,0.0457801)
(-0.0156187,0.140563)
(0.578889,-0.0385322)
(0.666379,-0.00499842)
(0.803727,-0.805008)
(0.158839,0.1095)
(0.112135,0.334792)
(0.728013,0.194957)
(0.130378,0.0535618)
(0.101492,0.0668112)
(0.625681,-0.0161869)
(-0.0591269,-0.0817426)
(0.0114428,0.292901)
(0.0341694,0.13678)
(-0.130444,-0.131897)
(0.115889,-0.0116286)
(0.156972,-0.0496329)
(0.179127,-0.0186405)
(0.469765,-0.280592)
(0.408283,-0.131009)
(-0.0493923,-0.214747)
(-0.151037,-0.0850352)
(0.357687,-0.0349362)
(-0.2088,-0.105457)
(-0.0885952,0.173097)
(-0.127507,-0.0609874)
(0.498099,-0.145448)
(0.0787936,0.0637882)
(0.0669586,0.00322098)
(0.0503737,0.125225)
(1.13633,0.0688428)
(0.0237742,0.140594)
(0.159206,-0.149917)
(0.00709618,-0.00517765)
(1.62047,-0.0876021)
(0.113181,-0.0633863)
(-0.0725988,0.010914)
(0.415133,-0.534514)
(-0.426525,-0.0718274)
(0.2078,-0.158962)
(-0.128738,-0.221604)
(0.337932,-0.132971)
(0.178464,0.0185866)
(0.295235,0.144396)
(0.0690642,-0.0536153)
(0.179576,-0.0241002)
(0.41318,-0.0719261)
(0.787871,0.0660896)
(0.490034,-0.312721)
(0.567433,-0.269421)
(0.251532,-0.796793)
(0.276619,0.0616527)
(-0.0201729,-0.154258)
(0.230483,-0.0373337)
(0.0692031,0.173097)
(0.0478692,0.17247)
(-0.256083,-0.0508224)
(0.322111,-0.143995)
(-0.0945974,-0.74958)
(0.475479,-0.156857)
(0.620839,0.0509335)
(0.279943,-0.340708)
(-0.0599343,0.201566)
(0.560744,0.00677076)
(0.0660964,0.0961313)
(-0.0708479,0.0239369)
(-0.120545,-0.154361)
(0.0241732,0.0256807)
(-0.0292381,-0.00880144)
(-0.0556489,-0.0386942)
(-0.00270881,-0.0184858)
(-0.0907021,-0.0832443)
(-0.0727814,-0.00878903)
(0.505194,-0.806344)
(-0.0572822,-0.00653998)
(0.536817,0.0116544)
(0.372996,-0.176971)
(0.516767,-0.0752822)
(-0.0839859,-0.0699096)
(0.031271,0.0271839)
(0.118064,0.0103517)
(0.0447317,-0.0804335)
(0.0056517,0.110619)
(0.154981,-0.0147413)
(0.396711,-0.0899804)
(0.50889,-0.255459)
(0.526984,-0.260727)
(0.433126,-0.275662)
(0.254844,0.226471)
(0.545866,-0.26236)
(-0.0597467,-0.214626)
(0.0257555,0.0737829)
(-0.0871041,0.0698024)
(0.348018,-0.00679452)
(0.11969,0.101977)
(-0.082973,0.156723)
(0.00245558,0.261224)
(0.240354,-0.0455656)
(0.311326,-0.289832)
(0.0347354,-0.0797622)
(0.308134,-0.130145)
(-0.0834414,-0.0771638)
(0.386991,-0.163263)
(0.457655,-0.498326)
(0.0475687,0.225936)
(0.0432991,-0.0534198)
(0.0321491,-0.0265035)
(0.00815098,0.337982)
(1.07928,-0.143783)
(0.173332,0.226267)
(0.530101,-0.00287249)
(-0.0675311,5.80956e-05)
(0.69097,0.0118538)
(-0.16713,0.072686)
(0.708385,-0.289019)
(-0.186141,-0.0476684)
(0.0442335,0.0491755)
(0.0747149,0.045964)
(-0.0743149,-0.0677158)
(0.253391,-0.600595)
(-0.167072,-0.0398492)
(0.295112,-0.395375)
(0.192299,-0.248145)
(-0.123056,-0.106349)
(1.01753,-0.129577)
(0.0645641,0.523072)
(1.20642,-0.101538)
(-0.0742902,-0.0785163)
(0.427531,-0.0532675)
(0.0775875,-0.278513)
(0.296152,-0.257641)
(0.14389,-0.184706)
(-0.0760333,-0.0215023)
(-0.0725952,-0.113132)
(0.143105,-0.181326)
(0.00890395,0.033659)
(0.139559,0.55878)
(0.0820692,0.18004)
(0.480523,-0.00538313)
(0.365251,-0.0485087)
(0.360427,-0.0932293)
(-0.058253,0.13899)
(0.388854,-0.537936)
(-0.100203,0.154265)
(0.58775,-0.281267)
(-0.0619927,-0.198018)
(0.774228,-0.343574)
(0.5472,-0.288627)
(0.0521744,-0.215512)
(0.108079,-0.0189968)
(-0.0978096,-0.392626)
(0.0948042,-0.146587)
(-0.210379,0.103412)
(-0.0276206,-0.130244)
(-0.104282,-0.51438)
(-0.0398481,-0.24622)
(0.167521,0.11815)
(-0.3062,-0.137707)
(0.665423,-0.193823)
(-0.306551,0.0402423)
(0.42955,-0.142338)
(0.941469,0.000458182)
(-0.276264,0.111592)
(0.08575,-0.0941268)
(0.166179,0.217337)
(0.118601,-0.507797)
(0.0776329,0.235431)
(0.0876752,-0.00937563)
(0.0394763,0.0553943)
(-0.219569,0.15428)
(0.24796,0.0510781)
(0.0650747,0.0743268)
(-0.0747816,-0.19424)
(-0.160423,-0.125768)
(0.353035,-0.24806)
(-0.00727322,-0.0453297)
(-0.115084,-0.0526614)
(-0.0725066,-0.0371263)
(-0.216356,-0.00218532)
(-0.175244,0.141391)
(-0.118121,-0.19492)
(-0.217522,-0.168176)
(0.318116,-0.227592)
(-0.227103,0.0107392)
(-0.00513341,0.202436)
(0.210602,0.698189)
(0.657031,-0.0726572)
(0.0102548,0.227406)
(-0.216628,0.104344)
(-0.200286,-0.149642)
(-0.0273861,0.269147)
(-0.166099,-0.10208)
(-0.360803,-0.140298)
(-0.337497,0.0101497)
(0.669859,-0.118093)
(-0.0426038,-0.415371)
(-0.0272736,-0.00179392)
(0.100317,0.0325824)
(0.60995,-0.161914)
(-0.043981,-0.296133)
(0.139624,0.057805)
(0.046601,-0.0269728)
(0.430753,-0.204855)
(0.278646,-0.101965)
(0.341694,-0.0483577)
(0.114276,0.0685919)
(0.291678,-0.298742)
(0.393164,-0.100357)
(0.239666,0.0171616)
(0.672206,-0.0357001)
(0.0812336,0.223336)
(-0.127837,0.220021)
(-0.0164321,0.11585)
(-0.136119,0.30964)
(0.075963,0.168228)
(-0.160583,0.0601124)
(0.520436,-0.190273)
(-0.00226287,0.195905)
(0.432003,-0.296894)
(-0.0267096,-0.120412)
(-0.0122357,0.110589)
(0.108393,-0.0801574)
(-0.0249955,-0.0936341)
(0.0787088,0.193854)
(-0.107831,0.0377945)
(-0.016537,-0.0128124)
(-0.142876,0.0742379)
(-0.135284,0.0735509)
(0.380286,-0.575076)
(0.163537,-0.167473)
(-0.175547,0.18823)
(0.610454,-0.614669)
(-0.247949,0.000352474)
(-0.17278,0.0132686)
(-0.0590717,-0.144724)
(-0.159635,-0.124096)
(-0.056145,0.196506)
(0.0456341,0.0639793)
(-0.00299018,0.0165636)
(-0.0231375,-0.166019)
(-0.220978,0.0527505)
(0.0263002,-0.184234)
(0.151442,-0.159515)
(0.412483,-0.31658)
(0.226124,-0.132035)
(0.18625,0.39636)
(0.67128,-0.251419)
(0.885077,0.0851545)
(0.0939954,0.277645)
(0.802285,-0.220316)
(0.664984,0.0181671)
(0.977324,-0.148109)
(0.342487,0.0248488)
(-0.208302,0.219159)
(-0.155649,0.171969)
(-0.036264,-0.0912565)
(0.677872,0.40176)
(0.585675,0.00664567)
(-0.0961276,0.0246036)
(-0.0505509,0.284956)
(0.175336,-0.0779375)
(-0.189463,-0.0147139)
(0.0472019,-0.284002)
(0.275934,-0.0429505)
(0.231321,0.0752876)
(0.2572,0.0812678)
(0.274544,-0.0501378)
(0.320846,-0.286105)
(0.014655,0.154832)
(0.310513,-0.306351)
(-0.0495665,-0.0883532)
(0.185015,-0.168138)
(0.174083,-0.298368)
(0.486638,-0.06014)
(0.094246,0.0807115)
(-0.137767,-0.229948)
(-0.0348544,0.00287525)
(0.0290761,0.0694592)
(0.127589,-0.180124)
(0.0721561,-0.326265)
(0.0245305,-0.0934057)
(0.146613,0.203174)
(-0.00589259,-0.175689)
(0.447573,-0.0931567)
(0.306839,-0.151285)
(0.276207,-0.0256764)
(0.00533445,-0.292149)
(-0.0127151,-0.10912)
(-0.156092,0.0357256)
(0.117664,-0.284544)
(0.0440282,-0.152326)
(0.485143,-0.223566)
(0.773908,-0.290808)
(0.64033,-0.199699)
(0.0795021,0.235566)
(0.0773862,-0.536542)
(0.0530941,0.0230674)
(-0.113068,0.0881532)
(0.0044793,0.0316833)
(-0.186066,0.00555538)
(0.048667,0.0424905)
(-0.0505489,0.0819102)
(0.508355,-0.169816)
(0.60626,-0.265924)
(-0.350194,-0.491576)
(0.136547,-0.326665)
(-0.0564126,-0.375501)
(-0.138102,-0.153423)
(0.347561,-0.174041)
(0.87212,-0.186708)
(0.0647908,0.000608786)
(0.986063,0.280679)
(0.740961,-0.158816)
(0.168229,0.426006)
(0.714801,0.166598)
(0.614429,-0.274564)
(0.113853,0.187825)
(0.662893,0.071228)
(0.22115,0.0222246)
(0.366276,-0.338789)
(0.0630985,-0.127274)
(0.625789,-0.291417)
(0.56623,-0.0814995)
(0.111156,-0.0895667)
(-0.209975,-0.0558778)
(-0.232776,0.0884414)
(-0.305581,0.120742)
(0.41646,0.00272782)
(0.410317,-0.0019496)
(0.432196,-0.215052)
(0.290898,0.212684)
(0.478389,-0.16614)
(0.0283639,-0.146913)
(-0.0909857,-0.128674)
(0.370362,-0.338599)
(0.00506443,0.0600376)
(0.0204544,-0.0498131)
(-0.183545,0.0319579)
(-0.102244,-0.174147)
(0.160058,-0.163614)
(0.10399,0.060018)
(-0.00805972,0.0592469)
(0.142955,0.160493)
(0.0400693,-0.0318938)
(-0.112453,0.0863749)
(0.820647,-0.00992878)
(0.309527,-0.36861)
(-0.126915,-0.00143265)
(0.143835,0.138892)
(0.229633,-0.626961)
(0.00911683,0.113553)
(0.161634,-0.0557394)
(0.112391,0.00293207)
(0.00636376,-0.0722253)
(0.552852,0.15962)
(0.376117,-0.222153)
(0.248555,0.38609)
(0.292557,-0.164328)
(0.640447,-0.283138)
(-0.327934,0.0893968)
(0.740341,0.0300564)
(0.396036,-0.326117)
(-0.164339,-0.125133)
(0.727007,-0.458825)
(1.3112,-0.311809)
(-0.15131,-0.096762)
(0.152382,0.0446079)
(0.457914,-0.274154)
(-0.362244,0.112863)
(0.238012,0.0340811)
(0.255263,-0.386066)
(0.0421314,-0.290504)
(-0.0588344,0.0127373)
(-0.0276933,-0.0869319)
(-0.085892,-0.22495)
(0.815159,-0.191908)
(0.151663,-0.0351477)
(-0.0126788,0.0271115)
(0.161046,-0.0200486)
(0.570218,0.0708893)
(0.0613474,0.0721853)
(0.00296164,0.0611345)
(0.0853377,-0.0215967)
(-0.015923,0.126713)
(0.0432304,0.013556)
(-0.0590734,0.0524357)
(-0.181651,0.0138295)
(0.0869294,-0.0572933)
(-0.325633,0.216193)
(-0.0109572,-0.214515)
(0.0193637,0.0377238)
(0.411964,-0.0498119)
(0.0906579,-0.168457)
(0.80382,-0.152372)
(-0.080359,0.0183167)
(0.0979976,0.076769)
(0.124261,-0.0595491)
(0.550896,-0.407968)
(0.562456,-0.139241)
(0.0158769,-0.0556303)
(-0.123371,-0.0527879)
(-0.0563417,-0.0137806)
(-0.0329947,-0.0546122)
(-0.0764136,-0.0149435)
(-0.0656268,0.0769808)
(-0.141767,-0.0325811)
(-0.126527,0.0294414)
(-0.0982983,-0.0290204)
(0.0979765,-0.00181828)
(0.0533648,0.195268)
(0.23541,0.0258955)
(0.219063,0.092412)
(0.106336,0.0107859)
(-0.0293554,0.271092)
(-0.0832968,0.105847)
(0.130546,-0.100024)
(0.121985,-0.0836494)
(0.147172,-0.0412671)
(0.204813,0.115811)
(0.233206,-0.32193)
(-0.0726223,0.133751)
(0.329634,-0.263403)
(-0.15716,-0.101964)
(-0.134339,-0.0691322)
(0.108111,0.0860452)
(0.14213,0.00633655)
(0.0997872,0.0219043)
(-0.0212814,0.0972454)
(0.137529,0.0977654)
(-0.0163818,0.0970107)
(-0.0198622,0.0711833)
(-0.126384,0.057457)
(0.415885,-0.271676)
(0.466503,-0.338616)
(0.0338855,0.0696931)
(0.477698,-0.0649537)
(0.510226,-0.123283)
(-0.351986,0.135759)
(0.00360997,0.0739494)
(0.267674,0.0389073)
(0.220341,0.0291218)
(0.246861,0.065883)
(0.150185,0.0436228)
(0.0377429,-0.274068)
(0.0129022,-0.325616)
(-0.0277151,-0.0435353)
(-0.16665,-0.158772)
(0.367973,-0.164161)
(0.430587,-0.219171)
(0.0320671,-0.0579886)
(0.0611285,0.0192802)
(0.204287,-0.25121)
(0.118841,-0.170676)
(0.203769,-0.0343681)
(-0.000843803,-0.00764207)
