1620
(0.0278343,0.0194056)
(0.059506,0.0146585)
(0.058176,0.0360805)
(0.0279272,-0.0293508)
(-0.0292788,-0.0797375)
(-0.0419587,-0.0488102)
(0.201896,0.011165)
(0.105475,-0.127363)
(0.0857762,-0.0172492)
(-0.110053,-0.0135906)
(0.0142183,-0.00329665)
(0.0499873,-0.0303932)
(0.00645243,-0.102629)
(0.0058294,0.0783955)
(0.0231934,-0.00212388)
(-0.135958,-0.246709)
(-0.0488571,0.012277)
(0.0382229,-0.0295928)
(0.0703972,0.0362671)
(0.0512342,-0.0555903)
(-0.0678064,-0.0178062)
(0.069266,0.0406157)
(0.025283,0.0934166)
(-0.01167,0.133805)
(-0.0405927,0.0419198)
(0.0700213,0.032031)
(0.106597,0.100628)
(-0.0841388,-0.0600652)
(0.0317047,0.109503)
(-0.0482469,0.0234614)
(0.02301,-0.109641)
(-0.0303369,-0.150865)
(0.107083,0.103987)
(0.0389031,0.0710742)
(0.201764,-0.0664647)
(0.156847,0.0131102)
(0.17495,-0.0320138)
(0.0287795,0.0399996)
(0.0977828,-0.0118569)
(0.0336079,0.139674)
(-0.0139939,-0.102633)
(0.0591735,-0.106767)
(0.142774,0.019243)
(0.0624524,-0.0279796)
(-0.0307975,0.0718105)
(0.0085744,-0.120424)
(0.0581684,0.00459121)
(-0.186147,0.0100985)
(-0.0322753,0.0950954)
(-0.165645,-0.0567005)
(0.0467576,-0.13956)
(0.0649519,-0.0533325)
(-0.01217,0.0407644)
(0.0211877,0.0109333)
(0.218688,0.0204597)
(0.208249,-0.0338076)
(0.0695091,-0.0469995)
(-0.00434204,-0.0176181)
(0.0840752,0.0559067)
(0.0744069,0.0375589)
(0.0833932,0.0542771)
(0.249685,-0.0482868)
(0.0166038,-0.0417882)
(0.448352,-0.164803)
(-0.0755048,-0.0586258)
(1.94733e-05,0.0587038)
(0.109919,0.113914)
(0.104034,0.134194)
(-0.0642052,0.122512)
(-0.010143,0.00675715)
(-0.069006,-0.019207)
(-0.0731367,-0.0947702)
(0.14258,-0.153328)
(-0.0581501,-0.0563852)
(0.258995,0.197943)
(-0.00700121,-0.115898)
(-0.0172545,-0.0724798)
(-0.00716295,0.0437591)
(-0.04262,0.0638272)
(0.0014259,0.0463473)
(0.00970082,0.0162387)
(0.0543619,0.0590702)
(-0.112368,-0.030066)
(0.236525,-0.0777892)
(0.15707,-0.0112062)
(0.0733955,0.0490577)
(-0.171729,0.0154092)
(0.0339031,0.0837775)
(0.0962703,0.0151968)
(-0.0184987,-0.0577286)
(0.0254107,0.134375)
(-0.0143981,-0.00908811)
(0.21875,-0.0395301)
(0.0107811,-0.0681441)
(0.0483269,-0.0347037)
(0.322159,0.00711455)
(-0.01418,-0.0370779)
(0.314776,-0.104027)
(-0.0141079,0.0798177)
(-0.0364871,0.0433441)
(0.00668665,-0.125517)
(0.0131484,0.0315869)
(0.0193897,-0.0304026)
(0.139692,0.0932236)
(0.0331665,-0.0037447)
(0.397966,-0.232627)
(0.059753,0.00641225)
(-0.0172715,0.0521818)
(0.00807867,0.00493354)
(-0.0165525,0.0257373)
(0.011586,-0.00448183)
(0.601369,-0.32763)
(0.498899,-0.131431)
(-0.0132109,0.0253291)
(0.175585,-0.00709953)
(0.110501,0.151823)
(0.176259,0.0528646)
(0.222838,-0.121979)
(-0.0336565,0.030628)
(0.204479,0.248597)
(0.248187,-0.104533)
(-0.0405415,0.00160385)
(0.302402,0.159672)
(0.187611,-0.034038)
(0.216612,0.152945)
(0.0888181,-0.221703)
(-0.0531824,-0.0820902)
(0.0284012,-0.158538)
(0.20373,-0.232713)
(0.0458776,0.0845027)
(-0.022786,0.086361)
(-0.0679097,0.0540091)
(-0.0130415,-0.11836)
(-0.118969,-0.0185577)
(-0.108009,-0.0731762)
(0.0111838,0.081638)
(-0.0174946,0.143694)
(0.0488587,0.00404047)
(0.116634,0.253342)
(0.00958689,0.0401527)
(-0.107779,0.0567592)
(0.0605028,-0.0430055)
(0.0343897,-0.0271717)
(-0.0504199,0.00223527)
(0.120788,0.0527535)
(0.103723,0.0163848)
(-0.0394847,-0.0510017)
(0.210564,-0.281535)
(0.151163,-0.207357)
(-0.0973226,0.0391805)
(0.444398,-0.154729)
(0.301143,-0.257612)
(0.795348,-0.187912)
(0.41229,-0.0137018)
(0.543608,-0.00800434)
(-0.00668452,0.0575022)
(0.0466697,-0.0273871)
(0.359718,0.0569539)
(0.205441,-0.101586)
(0.0033992,-0.0278387)
(0.0435044,0.0322117)
(0.160731,0.0602424)
(0.181467,0.0294155)
(0.00739187,0.0834642)
(0.0609139,0.0775488)
(0.011895,-0.0570863)
(0.010994,0.0156118)
(0.0203342,0.0689793)
(0.00630276,-0.0398015)
(-0.023077,-0.0501813)
(0.0114311,-0.0404579)
(0.00840699,-0.0868658)
(0.422719,-0.348208)
(0.412876,-0.195539)
(0.425837,-0.245503)
(0.134632,-0.0757846)
(0.0702578,-0.120991)
(0.0096131,-0.0329602)
(-0.0158148,-0.175406)
(-0.160757,-0.144231)
(0.00465823,0.0783638)
(0.0379358,0.119636)
(0.044854,0.0508925)
(-0.0788292,0.04917)
(-0.10994,0.0302104)
(0.0752521,-0.0831257)
(-0.0249601,-0.0845954)
(0.130086,-0.174295)
(0.123119,-0.0425638)
(0.339494,-0.240215)
(0.252606,-0.0568997)
(0.470273,-0.0359471)
(0.563157,-0.153417)
(-0.0421026,0.056204)
(-0.0550461,0.16927)
(-0.0524794,0.0444286)
(-0.0246377,0.0339814)
(0.0516324,0.0330101)
(-0.0511356,0.0493006)
(0.0454227,-0.133372)
(0.123121,0.0154831)
(0.118972,-0.0513931)
(0.00784556,0.0437458)
(0.0426243,0.0199935)
(-0.0326706,0.0212802)
(-0.00397106,-0.0178796)
(0.788017,-0.177518)
(0.704256,-0.172045)
(-0.0378092,0.0348204)
(0.386933,-0.130725)
(0.0210669,-0.00813529)
(0.116964,0.226318)
(0.261822,0.109907)
(0.0324945,-0.0319528)
(-0.0639241,-0.00659263)
(0.0558541,0.086756)
(0.0597334,0.0334506)
(0.176768,0.00773568)
(0.322358,-0.227338)
(-0.0692672,-0.0426537)
(-0.0269929,-0.161192)
(0.0234644,0.014793)
(-0.0244019,-0.0877766)
(0.317739,-0.399937)
(-0.019824,-0.0948516)
(-0.0713821,-0.0537349)
(0.389819,-0.324316)
(-0.00256905,-0.142065)
(-0.0845404,-0.0783271)
(0.0511392,0.0179695)
(0.0349526,-0.0577092)
(0.282491,-0.0485658)
(0.418644,-0.0707706)
(0.648367,-0.190295)
(0.739152,-0.230569)
(0.149212,0.000651363)
(-0.113817,-0.0743635)
(-0.0933869,-0.101815)
(0.292989,-0.174402)
(-0.122367,0.100479)
(0.0505937,0.0187776)
(0.102741,-0.0395361)
(-0.0515298,-0.0506415)
(0.0475909,0.0223959)
(0.118914,-0.0975948)
(-0.0315188,0.112891)
(-0.0219188,-0.109346)
(0.122149,0.0785878)
(0.0525171,-0.00399221)
(0.049337,-0.0105886)
(-0.000165746,0.16213)
(-0.0813259,0.11268)
(0.0252593,0.0740933)
(-0.00605104,0.00292674)
(-0.0555994,0.078566)
(-0.0636236,-0.0540293)
(0.0818949,-0.0544288)
(-0.0283372,0.0768813)
(-0.00262359,-0.0179685)
(-0.0119277,-0.11891)
(0.0437448,-0.0944673)
(-0.0172729,-0.0810263)
(0.051638,-0.11176)
(0.0982549,-0.0647442)
(0.506055,-0.0944868)
(0.0308112,-0.000943829)
(-0.0247065,0.00320206)
(-0.0717398,-0.0459884)
(-0.0477305,0.0763281)
(0.0181186,0.0964916)
(-0.0010946,0.0252475)
(-0.000473616,0.106393)
(-0.0839082,-0.0658259)
(-0.201263,-0.002471)
(-0.1158,-0.0357513)
(0.219488,-0.237611)
(-0.166538,0.0188678)
(-0.104858,-0.0726206)
(-0.118273,0.147936)
(-0.0173307,-0.0475172)
(-0.0649381,-0.0561232)
(0.00401423,-0.0799159)
(-0.0741088,0.0123163)
(-0.021299,0.0228877)
(0.151463,0.0858608)
(0.254056,-0.0860907)
(0.172941,-0.131372)
(0.094033,0.110057)
(0.0459902,0.00122704)
(0.0961376,0.0190479)
(-0.0364082,-0.0153436)
(-0.0489018,0.00769165)
(-0.0638815,-0.0317608)
(-0.149011,0.141033)
(0.020854,-0.00403858)
(-0.0122415,0.00310681)
(-0.0779417,0.00801878)
(-0.00223505,0.0764611)
(-0.126464,-0.106809)
(-0.0208143,-0.0538261)
(-0.0159829,0.00272682)
(0.00889546,-0.0582352)
(-0.0415359,-0.0425127)
(-0.00179065,-0.0346161)
(0.0375795,-0.0163439)
(0.0695942,-0.0481209)
(-0.0418498,0.0145194)
(0.42207,0.0865415)
(-0.0749111,-0.0354067)
(-0.0197466,-0.0286511)
(0.0948861,-0.026708)
(-0.0790878,-0.0770808)
(0.0214135,-0.0431353)
(0.0591842,0.0509201)
(0.0600815,0.125183)
(-0.0161239,0.0721752)
(0.0155953,-0.102686)
(-0.0258842,-0.108541)
(-0.0371846,0.0055763)
(0.509191,-0.0236428)
(-0.142483,-0.162811)
(0.193385,-0.0680052)
(0.0120065,-0.0632773)
(0.0152501,0.0552201)
(0.0665523,0.107555)
(0.18537,0.0160501)
(0.00911019,0.0671184)
(-0.0146088,-0.0531572)
(0.13239,-0.0246279)
(-0.185876,0.116878)
(-0.0183759,0.0937954)
(-0.000799188,0.0117438)
(0.0268465,0.0373577)
(0.0186495,0.0809944)
(-0.0150315,-0.153018)
(0.385607,-0.167676)
(0.0982455,0.0110524)
(0.033901,0.0937419)
(-0.103148,-0.11745)
(0.109046,0.0068147)
(0.177681,-0.111977)
(0.0036081,0.0196063)
(0.0157355,0.025011)
(0.140108,0.113049)
(0.0452572,0.0735638)
(-0.0259346,0.0482386)
(0.0258211,0.101405)
(0.139331,0.0127757)
(0.0147594,0.0441001)
(-0.152682,-0.0370695)
(0.511048,-0.196645)
(0.427366,-0.240748)
(-0.0215144,0.00292106)
(0.000205594,0.0160596)
(0.361335,-0.00575414)
(-0.0605521,-0.0504057)
(0.00735898,0.041719)
(-0.0462812,-0.0537085)
(0.0630458,0.0645847)
(-0.0398162,-0.0675338)
(0.096486,-0.135818)
(0.0647825,-0.048957)
(-0.0888856,0.0167532)
(0.15492,0.00453291)
(0.0159208,0.0490613)
(-0.0411188,-0.041543)
(0.207649,-0.182305)
(-0.059982,-0.106292)
(0.123626,0.0183819)
(0.00838426,-0.00978073)
(-0.0243714,-0.0843923)
(-0.103394,-0.036856)
(-0.0631374,0.0292854)
(-0.00208373,0.13683)
(0.0950308,-0.174747)
(0.271145,0.0954831)
(0.0189213,0.0134751)
(0.0512229,-0.0109894)
(0.0512116,-0.0561318)
(0.0347414,0.0517504)
(0.086737,-0.0221311)
(0.101729,0.0193848)
(0.325106,0.166328)
(0.0327103,0.0434503)
(-0.0678486,-0.0386867)
(0.0478676,0.0911719)
(0.0100311,0.108139)
(-0.0109075,0.0652887)
(-0.0429778,-0.0182611)
(-0.0653478,0.100635)
(-0.0479856,0.123656)
(-0.0382899,0.0241707)
(-0.105985,0.100685)
(-0.0312125,0.0518028)
(0.0156735,0.0645928)
(0.0679818,0.0918054)
(0.0206842,0.0274809)
(-0.0877497,-0.00548175)
(-0.0126099,0.105263)
(0.0262976,0.0168108)
(0.0499693,-0.0425186)
(-0.180231,-0.0969304)
(0.0198819,-0.210951)
(0.570432,-0.227729)
(0.101149,0.128548)
(-0.0806218,0.0905145)
(-0.169521,0.163444)
(-0.12818,0.107222)
(0.096989,0.154219)
(0.0886417,0.0881833)
(-0.0572004,-0.191172)
(0.0692495,0.0426441)
(0.0314305,-0.084309)
(-0.0435165,0.0205826)
(0.285401,-0.238605)
(0.00485131,0.00916795)
(0.00315717,0.0350626)
(0.000501218,0.109285)
(-0.0748808,0.102989)
(-0.0199587,0.0257626)
(-0.114837,0.00732031)
(-0.0504133,0.093036)
(0.119419,-0.022849)
(-0.121342,0.122706)
(0.150248,0.0458833)
(-0.0117326,-0.0272742)
(0.52051,-0.235838)
(0.0739517,0.00315033)
(0.0470301,-0.0380552)
(0.0270629,-0.0467213)
(0.0167659,0.0803587)
(-0.0928003,0.073973)
(0.11273,0.0490642)
(-0.0717685,0.0119134)
(-0.0504609,-0.0243792)
(0.086449,0.00190907)
(0.0157934,0.124838)
(-0.0312633,-0.00192133)
(-0.0438382,0.0944314)
(0.0242505,-0.170308)
(0.0116159,-0.0271583)
(0.0302053,0.0147713)
(0.0649561,-0.0233562)
(-0.0386494,0.0738117)
(-0.0736745,-0.00460106)
(0.0297994,-0.142081)
(0.0727554,-0.144115)
(0.0693597,-0.0676856)
(-0.0606977,-0.0291978)
(0.318091,-0.293082)
(-0.0836741,-0.0193859)
(-0.0987535,-0.0418976)
(-0.014013,-0.031207)
(0.0205824,-0.0404025)
(-0.0714669,-0.0155254)
(-0.0823101,0.0538823)
(0.181633,0.1514)
(-0.0105798,0.00334025)
(0.00699041,-0.0453373)
(0.0427981,-0.0336748)
(-0.0179483,0.0924476)
(-0.0562525,0.109134)
(0.0156347,0.0215111)
(0.0293801,0.00212988)
(-0.0848283,0.206402)
(0.00485241,-0.224209)
(0.0602734,-0.0820253)
(0.0653282,-0.0908628)
(0.344181,-0.0931743)
(-0.0180193,0.119002)
(0.151691,0.0817911)
(-0.0386018,0.00574663)
(-0.14332,0.0856482)
(-0.0619996,0.0957093)
(0.00418231,0.113487)
(0.217455,0.0681013)
(-0.020853,0.117075)
(-0.0587778,0.0984758)
(-0.171302,0.00525173)
(-0.0694377,-0.0499112)
(0.00711575,-0.062506)
(0.389714,-0.157887)
(-0.0794829,0.115157)
(-0.0212694,0.0104495)
(-0.0352074,-0.114867)
(-0.0433911,-0.0919421)
(-0.0473628,-0.0818187)
(0.283307,-0.0612624)
(0.0140896,0.0544249)
(-0.0182599,0.0158654)
(0.561549,-0.0999263)
(-0.0424638,-0.0157435)
(0.120171,0.0767033)
(0.188841,0.092149)
(0.00897257,-0.0393207)
(0.454083,-0.0485777)
(0.657681,-0.12557)
(0.633509,-0.115251)
(0.332517,-0.00169283)
(0.117154,0.104139)
(0.0858127,0.116927)
(0.092517,0.0775851)
(-0.0493605,0.0125782)
(0.0722663,0.107256)
(-0.0117175,0.0896692)
(-0.0549358,0.0581411)
(-0.0470429,-0.0449951)
(0.224572,-0.180388)
(0.0310332,0.0618551)
(-0.0265867,0.141993)
(0.075681,0.0401695)
(0.0685883,0.0215349)
(0.104674,0.0181393)
(0.0839984,0.0354244)
(0.0939834,-0.0165957)
(0.085491,-0.0170406)
(0.0259155,0.107551)
(-0.0466814,-0.026591)
(0.0938442,0.184536)
(0.0610646,0.00170035)
(0.07554,0.148729)
(0.0590407,-0.0581443)
(0.0283701,0.0607623)
(0.0409692,0.059078)
(-0.0591987,0.020125)
(0.0412411,0.0281272)
(-0.144921,-0.0105196)
(0.112739,-0.0596935)
(-0.0101932,0.044047)
(0.113561,0.0243602)
(-0.00534052,0.0985604)
(0.104065,0.0611731)
(0.114014,0.0805742)
(0.0893969,0.050578)
(0.560222,-0.218568)
(0.0917678,-0.0301319)
(0.0397848,0.108862)
(-0.00104424,0.207457)
(0.214454,0.039041)
(0.0479864,0.000718122)
(0.100542,0.159983)
(0.0115918,-0.0298677)
(-0.0263499,-0.0532693)
(-0.041027,-0.0960148)
(-0.0633128,-0.100284)
(-0.045266,0.0229336)
(0.0397924,-0.0336651)
(-0.0647297,-0.0349271)
(0.164696,0.0291576)
(0.0762777,0.0378354)
(0.0532508,0.00939772)
(0.00570484,-0.103729)
(-0.0142881,-0.0607643)
(-0.0623402,0.0204858)
(0.157486,-0.123784)
(-0.0228274,-0.0899372)
(0.198909,-0.206666)
(0.0911109,-0.121535)
(0.00879333,0.03748)
(-0.0108523,0.0266981)
(0.0946368,-0.15663)
(0.2186,-0.0376447)
(0.07961,-0.0381242)
(-0.0320815,0.0392612)
(0.0453736,-0.0951036)
(-0.058385,-0.0135188)
(-0.0303212,0.00101422)
(0.0199682,-0.0542187)
(0.325362,-0.228234)
(0.524677,-0.355766)
(-0.0342728,-0.0765382)
(0.00645137,-0.15684)
(-0.0850653,-0.0251574)
(0.121971,-0.0878972)
(0.410384,-0.184987)
(-0.00198619,-0.0787103)
(-0.0457905,-0.068064)
(0.0347941,-0.0499592)
(-0.0494839,-0.0308968)
(-0.00433851,0.0482955)
(-0.108388,-0.0168389)
(0.051753,0.0310838)
(-0.0967916,-0.0220897)
(0.0228953,0.0171231)
(0.038292,-0.023263)
(0.411466,-0.213346)
(-0.0773187,-0.0806367)
(-0.0527615,-0.10826)
(0.0279275,0.0333229)
(0.0681697,0.0185468)
(0.167912,-0.22227)
(0.0181686,0.0147235)
(-0.0245396,0.0442266)
(0.462899,-0.100901)
(0.0225283,0.0866039)
(0.139626,0.0436562)
(0.0318725,0.0478772)
(0.104944,0.0169916)
(0.0453127,-0.0229311)
(0.022731,-0.0570752)
(-0.000434763,-0.0460035)
(0.186679,-0.0584752)
(0.141707,-0.0226036)
(-0.143643,-0.161409)
(-0.0630617,-0.0555685)
(-0.0223725,0.0659934)
(-0.0799656,-0.0561844)
(-0.0490296,0.0173362)
(-0.0620476,-0.00231754)
(-0.126004,0.119706)
(0.0291266,0.0532262)
(0.0576291,0.148889)
(0.0343333,0.200377)
(0.0515911,-0.0533805)
(0.112092,0.0255424)
(-0.169859,-0.0894647)
(-0.0484139,-0.0625181)
(0.0258207,0.0645835)
(-0.187452,0.0352419)
(-0.139824,0.0898973)
(0.0795456,0.0208918)
(0.0843447,-0.0424157)
(0.0970613,0.152995)
(0.0362584,-0.00217172)
(0.00708204,-0.00693067)
(-0.145442,-0.0287184)
(-0.125757,0.0494036)
(-0.0158358,-0.0643318)
(-0.0209636,-0.172657)
(0.0198781,0.0885218)
(0.118757,0.104667)
(-0.0153413,-0.0947319)
(0.095983,0.0929557)
(0.0498656,0.0664276)
(0.0133843,-0.062919)
(0.0547233,0.0502417)
(-0.0130032,-0.151486)
(0.0543268,0.145146)
(0.0752025,0.0422525)
(0.398325,-0.278158)
(0.0376205,0.131405)
(-0.0664136,0.0614986)
(-0.0655617,0.00321742)
(0.018668,0.00889614)
(-0.00641832,-0.0540851)
(0.00638606,-0.0703764)
(0.0184724,0.0332634)
(-0.0818835,-0.0307481)
(-0.0667558,0.0152075)
(0.0230096,-0.0842252)
(0.033461,-0.0194403)
(0.114882,0.0846404)
(0.0331372,-0.0157224)
(0.0208905,0.0518266)
(0.257051,-0.12519)
(0.305431,0.0104584)
(-0.017407,0.00927991)
(-0.0613405,0.0329829)
(-0.0671309,-0.0340045)
(-0.0399233,0.0141506)
(0.125465,-0.0473678)
(-0.0310889,-0.0357764)
(0.00514529,-0.0318451)
(0.00187936,0.0693241)
(0.0728626,0.0252988)
(0.0557627,-0.0219561)
(0.0494169,0.00063714)
(0.0148093,0.0322767)
(0.087689,-0.0832086)
(-0.0262077,-0.0707266)
(0.0514072,0.00212388)
(-0.0957941,0.0551373)
(0.0304335,0.020367)
(0.0326857,-0.0678683)
(-0.0270148,-0.107203)
(0.0418513,0.105621)
(0.0255765,0.061795)
(0.0525306,-0.0166063)
(0.0206108,0.145434)
(0.0149458,0.208045)
(0.0655504,-0.0154625)
(0.178694,0.0244337)
(-0.0324899,0.0425464)
(0.110944,-0.0336042)
(0.0465726,0.0232205)
(-0.0390836,0.0140641)
(-0.0697698,-0.0219491)
(0.093162,-0.0323854)
(-0.0583498,0.0929337)
(-0.0495419,0.0479589)
(0.000336235,0.00967261)
(-0.00189135,-0.0287386)
(0.0109024,0.0155261)
(0.220432,-0.00891132)
(-0.00959777,-0.0927892)
(0.0532372,0.0196539)
(0.0869003,-0.0583235)
(-0.0165689,-0.0579504)
(0.0928389,0.0183378)
(-0.104553,0.0563153)
(0.115545,0.0306851)
(0.122759,0.027451)
(0.0449809,0.103811)
(-0.0871419,0.0801604)
(-0.0204142,0.00479489)
(0.00641118,-0.0393565)
(-0.0282486,0.0629076)
(0.064017,-0.0374472)
(0.0957744,0.165384)
(-0.0528612,-0.0448985)
(0.147987,-0.0683757)
(0.0630166,0.0646076)
(0.133093,0.146214)
(0.105114,0.112628)
(0.0256886,-0.103973)
(0.0189794,-0.0649245)
(0.0015133,0.0226713)
(0.162193,-0.016115)
(0.221817,-0.274081)
(0.193787,0.189426)
(0.00892442,0.0691006)
(0.224401,0.132403)
(0.0437934,0.103345)
(0.177553,-0.0994528)
(0.287833,-0.317986)
(-0.00567939,-0.0391117)
(0.332938,-0.220321)
(0.664273,0.205304)
(0.803719,0.0486683)
(0.0471509,-0.0933431)
(-0.0507235,0.0837078)
(-0.055094,-0.016687)
(-0.0600552,-0.0284572)
(0.0264557,-0.0748374)
(-0.0891163,-0.143271)
(0.027818,-0.24218)
(-0.0707991,-0.0719584)
(0.0297312,-0.122553)
(0.00862407,-0.0152466)
(-0.0210634,-0.0220948)
(0.0137242,0.0192881)
(-0.0591298,-0.0890204)
(0.00151758,0.0371444)
(-0.0404321,-0.0792867)
(-0.0436454,-0.0484717)
(0.0839286,0.0101273)
(-0.12648,-0.0330375)
(-0.0902614,-0.0704839)
(-0.087087,-0.0617371)
(-0.0501277,0.00486813)
(-0.0593658,-0.0098398)
(-0.0424382,0.0578512)
(-0.0443375,-0.0533521)
(0.13305,0.00968423)
(-0.058899,-0.0980607)
(0.143182,-0.0543883)
(0.0634199,-0.196432)
(-0.0119356,-0.0180432)
(-0.13323,-0.0863776)
(0.110162,-0.0196405)
(0.0323855,0.14247)
(0.0316267,0.122911)
(0.193757,-0.150081)
(0.217861,-0.140659)
(-0.00455834,0.0346536)
(-0.112142,-0.035597)
(0.620914,-0.0537593)
(0.0183053,-0.056049)
(0.102074,0.12984)
(-0.0484438,0.021271)
(-0.0780729,-0.0956658)
(-0.130593,-0.0887554)
(-0.0883906,0.0623327)
(0.29221,-0.114675)
(0.363091,-0.216003)
(0.297284,-0.0603251)
(0.0287379,-0.0257804)
(0.268569,-0.0565739)
(0.0150378,0.00272414)
(0.1412,0.0820287)
(-0.0426244,-0.0362737)
(0.0146121,0.0382958)
(0.243508,-0.0567867)
(0.0243992,0.0749202)
(-0.0773446,-0.0693588)
(-0.102856,-0.0771514)
(0.144249,-0.129722)
(-0.0287735,0.0186346)
(-0.0078816,0.0131982)
(0.328781,-0.0450398)
(-0.00654799,0.0895884)
(-0.114968,-0.0354042)
(0.079034,0.133634)
(0.0336767,-0.0383099)
(0.0231276,0.0108057)
(0.0830742,-0.0662021)
(0.138079,-0.121318)
(0.0668139,-0.0972651)
(-0.037847,-0.0250086)
(0.119046,-0.0665969)
(-0.0565755,-0.0531217)
(-0.0605575,0.000198384)
(-0.0190959,0.213225)
(-0.0834472,-0.0224686)
(0.0481175,0.200299)
(-0.111907,-0.0938483)
(0.000387671,-0.112281)
(-0.0426779,0.121079)
(0.00887411,0.0932091)
(0.104861,-0.0794734)
(0.0160122,-0.00573083)
(-0.0679718,0.111218)
(-0.118625,0.0414926)
(-0.160678,0.0295622)
(0.00810307,-0.0400343)
(-0.0811974,-0.0142453)
(0.0699366,-0.11445)
(-0.066952,-0.0345087)
(-0.000690086,-0.0105481)
(0.0366861,0.0353589)
(-0.0599664,0.0382821)
(-0.00979099,-0.0256249)
(-0.103124,0.0731003)
(0.165578,-0.229883)
(0.013519,-0.0717403)
(-0.0392217,0.00783398)
(0.0387901,-0.000764308)
(-0.0147559,0.0810859)
(-0.124815,0.0466869)
(-0.0206665,-0.0229275)
(-0.106992,0.091804)
(-0.134098,0.0722825)
(0.110198,-0.00246686)
(0.0425055,0.0395286)
(-0.0787126,-0.0287535)
(0.0172124,0.0215352)
(-0.0281124,0.0449345)
(0.162307,0.209464)
(0.0480067,-0.00116601)
(-0.114682,0.0199262)
(0.249841,-0.245714)
(0.111439,0.103403)
(-0.038594,0.0109664)
(-0.0617544,-0.075634)
(0.111046,0.0912408)
(-0.0787231,-0.0852606)
(-0.0443288,-0.0951471)
(0.204957,0.116979)
(0.0852129,0.197541)
(-0.0782471,-0.0395937)
(0.023524,0.0744891)
(0.0865682,-0.0879555)
(0.0404805,-0.126588)
(-0.088787,-0.0309858)
(0.0594839,-0.167798)
(0.00034572,-0.0369965)
(0.0406067,-0.0171237)
(-0.0264052,-0.0664194)
(0.0169027,0.070832)
(-0.0117613,0.0689508)
(-0.0070169,-0.169958)
(0.0243319,-0.146363)
(0.148965,0.0559536)
(0.0113921,0.0907269)
(0.0172539,0.085863)
(-0.0867463,-0.0634837)
(0.122828,-0.00234237)
(-0.0347726,-0.159249)
(-0.0315428,0.106962)
(-0.0854076,-0.0883498)
(-0.0598573,-0.0771001)
(-0.0269885,-0.0370566)
(0.0677098,-0.0278078)
(0.388115,0.000898066)
(-0.0443753,0.0531949)
(0.0555988,-0.0162968)
(-0.0786473,0.0555431)
(0.271387,-0.0597597)
(0.00478852,-0.0277901)
(0.0411695,0.0398474)
(-0.0130455,-0.0256819)
(-0.0271542,-0.0342719)
(0.0864196,0.175269)
(0.0736957,-0.104884)
(0.0315656,-0.102317)
(0.290562,-0.159058)
(0.195707,-0.137923)
(0.0406183,0.0157275)
(-0.0933805,-0.0143104)
(0.0996025,-0.0192286)
(0.0421974,-0.0841334)
(0.0960685,0.0314328)
(0.232579,-0.0412374)
(-0.0676746,0.0216836)
(0.0221557,-0.016014)
(0.0183228,0.00882154)
(0.0739369,0.00987594)
(0.0216795,0.0809237)
(0.0217058,0.063932)
(0.439409,-0.0612123)
(0.0110409,-0.0172598)
(0.535646,-0.321292)
(-0.0103409,0.121759)
(0.0461304,-0.0081358)
(-0.0415442,0.0851701)
(-0.0117398,-0.0246676)
(0.602457,-0.111478)
(0.191011,-0.0638918)
(0.39663,-0.0544874)
(0.175553,-0.113444)
(0.0240468,0.0738741)
(-0.00364157,0.00286613)
(0.436772,-0.171019)
(0.3482,0.0256208)
(0.108495,-0.101012)
(-0.00686724,-0.0272657)
(0.327905,-0.23221)
(0.102776,0.099783)
(0.124151,0.0753578)
(0.472748,-0.110323)
(0.12696,0.0601394)
(0.0986409,0.0887978)
(0.220699,0.0065167)
(0.0901268,0.0298991)
(0.122151,-0.143719)
(-0.0531616,-0.064773)
(-0.0151898,-0.105137)
(0.102046,-0.0498104)
(0.0536746,-0.109982)
(0.0436694,-0.0664834)
(0.054398,0.063547)
(0.0898233,0.00392563)
(0.00863591,-0.00733912)
(0.0945729,0.037443)
(0.0375644,-0.0617584)
(0.00489516,-0.0458001)
(0.0653802,-0.0628138)
(0.0351523,-0.0169368)
(0.058775,-0.00210499)
(0.0985242,0.0453692)
(-0.0834779,-0.0117952)
(-0.0501532,0.0135737)
(-0.0517909,-0.0427546)
(-0.0415053,0.0260549)
(-0.0192025,0.00247087)
(0.176904,0.105959)
(0.055228,0.106894)
(0.161231,-0.0499608)
(-0.0324205,-0.0096729)
(0.00725287,0.00612436)
(-0.0141114,-0.0758231)
(0.356879,0.088993)
(-0.105887,-0.000350682)
(0.483418,0.0709609)
(-0.00919358,0.00680904)
(-0.0760424,-0.0212378)
(0.282723,0.0508967)
(0.0339403,-0.00949283)
(-0.0658992,-0.0504285)
(0.567078,-0.100231)
(0.0768224,-0.011173)
(0.0912236,-0.0193497)
(0.0128425,0.0268332)
(-0.0526409,-0.0520782)
(0.0245794,-0.027913)
(0.130452,0.134699)
(0.106344,0.0487255)
(0.157553,-0.137255)
(0.0649752,-0.124959)
(0.365999,-0.16548)
(0.0590367,0.0137384)
(0.399689,0.040803)
(0.0245247,0.0863339)
(0.00816922,0.0432419)
(0.498861,-0.00911475)
(-0.0723535,0.036175)
(0.117009,0.00419807)
(0.0453191,0.0838325)
(0.226368,-0.133885)
(0.00600328,0.0804385)
(-0.0250311,0.0605186)
(0.0636761,0.0828677)
(0.0895508,-0.0096074)
(0.115948,0.135109)
(-0.00358938,-0.042973)
(0.00212188,-0.0317019)
(-0.0778967,-0.0681458)
(-0.0247203,0.0412403)
(0.119411,0.171511)
(0.0875596,-0.0211774)
(-0.0441509,-0.070602)
(-0.000475883,0.00782315)
(-0.0336452,-0.0794626)
(0.136211,0.0885911)
(0.141956,-0.0460722)
(0.121446,0.0624179)
(-0.0652575,-0.034208)
(-0.124874,-0.0552459)
(-0.152578,-0.0922499)
(0.0481673,-0.0450597)
(0.0814536,0.0793057)
(0.0681506,0.0663037)
(-0.0168715,-0.104878)
(0.0265998,-0.031177)
(-0.0678692,-0.00189818)
(0.0685036,-0.0253543)
(-0.0421111,-0.061645)
(-0.0196227,-0.0287063)
(0.0336198,-0.0611028)
(-0.0692944,-0.106534)
(0.00768183,0.0306246)
(0.315106,-0.100707)
(-0.00623415,0.0760099)
(0.0224981,-0.0169555)
(0.0250155,0.0416872)
(0.177422,0.133706)
(0.00283899,-0.0342915)
(-0.0434725,-0.0505806)
(-0.23464,-0.0593782)
(-0.00383175,-0.175516)
(-0.0793605,-0.04871)
(-0.218828,-0.0174918)
(-0.0699096,-0.0631547)
(0.32379,-0.204776)
(-0.0364326,-0.0864741)
(0.115488,-0.138781)
(0.267388,-0.0271777)
(0.0140393,-0.0813691)
(-0.0514758,-0.0701028)
(-0.0460911,-0.0402189)
(0.000163518,0.401447)
(0.0350712,0.0301838)
(-0.136434,-0.0180723)
(-0.0905865,-0.0110854)
(-0.0874091,0.000822341)
(-0.00364308,0.0550408)
(0.116047,-0.096742)
(0.0156867,0.0357417)
(0.00694472,-0.0568383)
(-0.0865729,0.118838)
(-0.0412002,0.0788207)
(-0.0977102,0.0371623)
(0.42939,-0.0579054)
(0.0674032,0.00265179)
(-0.0320951,-0.0252025)
(0.0395275,-0.00519465)
(0.0124155,-0.115269)
(0.0606937,0.0645689)
(-0.0143305,-0.00276784)
(0.0638812,0.0256369)
(-0.129466,-0.0247094)
(0.105058,0.0517256)
(-0.0314727,0.00983209)
(-0.107992,-0.0578386)
(0.0942662,0.363869)
(-0.0483702,-0.0920342)
(-0.0337747,-0.054898)
(0.208157,-0.112114)
(0.118194,0.00897858)
(0.0523527,0.0863742)
(0.102703,-0.0598582)
(0.370746,-0.164204)
(0.116074,-0.10626)
(0.224881,-0.246369)
(-0.11461,0.0728079)
(-0.160987,0.00488856)
(0.0230948,0.0903549)
(0.296282,-0.0460725)
(-0.143474,-0.139801)
(0.395465,-0.174672)
(0.404916,-0.00744841)
(0.237819,-0.260701)
(0.124965,-0.0924165)
(0.0385194,0.0180444)
(0.0922711,0.0487992)
(0.227157,0.00294151)
(0.0273043,-0.000923514)
(-0.0359167,0.103663)
(-0.0216204,-0.118341)
(0.145697,-0.104552)
(-0.0153831,0.0861723)
(-0.0740482,0.0233363)
(0.0130712,0.151376)
(0.647388,-0.137942)
(-0.0380444,-0.0981393)
(-0.022256,-0.144684)
(0.0193115,-0.11224)
(0.573709,-0.153656)
(-0.00678373,-0.0303845)
(-0.0397965,-0.000168709)
(0.679204,-0.103265)
(0.594714,-0.160794)
(-0.018879,0.0744107)
(0.0523552,-0.0893879)
(-0.0935276,-0.0276499)
(-0.0954332,-0.0592947)
(0.0887246,0.00617486)
(0.180793,-0.126978)
(0.421653,-0.0709649)
(0.160638,-0.10579)
(-0.0330396,-0.0633961)
(0.232323,-0.0391771)
(-0.0542565,-0.0873764)
(0.00282893,0.0896848)
(0.288775,0.0249625)
(0.194765,-0.111135)
(-0.0717171,-0.0323137)
(0.10478,-0.0873006)
(-0.0479532,-0.0954013)
(-0.0841294,0.0202377)
(0.00153452,-0.0191395)
(0.0245892,-0.00963808)
(0.0132137,0.0124939)
(0.0472387,0.0200012)
(0.00573117,0.052841)
(0.158838,0.00781697)
(-0.0953764,-0.0960362)
(-0.0393717,-0.000420548)
(0.00506095,-0.128184)
(0.116371,-0.125375)
(0.0831928,-0.00320005)
(0.412057,-0.197975)
(-0.088007,-0.088259)
(-0.0238559,-0.0331548)
(-0.0248908,-0.0384118)
(-0.011597,-0.100963)
(-0.0316274,-0.0751536)
(0.00841202,0.00286253)
(0.06589,-0.023992)
(0.0137563,-0.0365974)
(0.55252,-0.163073)
(0.0977511,-0.0500387)
(0.300263,0.0298238)
(0.0511384,0.109642)
(0.139233,0.030155)
(-0.0509298,-0.0237963)
(0.0838191,0.0802288)
(-0.082141,-0.0409954)
(0.0849825,0.0751495)
(-0.0154924,-0.0823047)
(0.0716463,-0.106822)
(-0.0685303,0.00291891)
(0.0897142,-0.0217873)
(0.0647523,-0.0781709)
(0.0703008,-0.11246)
(0.456744,-0.105975)
(0.431319,-0.133407)
(-0.0392229,0.0443073)
(0.0823289,-0.105308)
(-0.108287,0.0451323)
(0.0852194,-0.0278233)
(0.575915,-0.0651506)
(-0.0977187,-0.040041)
(0.074307,-0.17493)
(0.0491424,-0.148063)
(0.0112773,-0.155858)
(0.341662,-0.108308)
(-0.102362,-0.128179)
(-0.0847257,0.0470876)
(-0.0666934,-0.0348709)
(-0.0341823,0.0210514)
(0.475611,-0.177899)
(0.0964314,-0.00629373)
(0.0202593,0.0196889)
(0.252678,0.0129511)
(0.123829,-0.151956)
(0.241804,-0.093442)
(0.450654,-0.217932)
(0.538732,-0.358297)
(0.0871926,0.204737)
(0.112388,-0.135047)
(-0.0550991,0.00158931)
(0.520641,-0.175003)
(-0.00266243,-0.0658198)
(0.164889,-0.188869)
(0.494891,-0.303413)
(-0.0283867,-0.0542988)
(0.0182593,0.0424939)
(0.0382588,0.00950805)
(-0.0401461,0.0117481)
(0.0600138,0.0170968)
(0.127719,-0.0386354)
(0.191885,-0.103601)
(0.232355,-0.177303)
(0.238074,-0.0568266)
(0.402904,-0.0950631)
(0.0788317,-0.055001)
(0.0429349,-0.0996757)
(-0.0759407,0.0167324)
(0.345432,0.111901)
(0.494463,-0.212804)
(0.48573,-0.216703)
(0.028858,0.0762559)
(-0.0750097,0.119948)
(0.0763491,-0.0303242)
(0.608352,-0.346855)
(0.219614,-0.0293856)
(0.203118,-0.145474)
(-0.0728411,0.13448)
(0.567591,-0.0637352)
(0.250836,-0.208088)
(0.0730163,0.121322)
(0.686434,-0.159109)
(0.475373,-0.10565)
(-0.0312619,0.0634083)
(-0.0980788,0.117195)
(0.0231346,-0.0145886)
(-0.0205325,0.0469399)
(-0.0902434,0.0253215)
(-0.0189483,-0.0139788)
(-0.0541481,0.0702742)
(0.34917,-0.056494)
(0.573569,-0.0915601)
(0.586118,-0.170933)
(0.555826,-0.136476)
(0.524629,-0.159529)
(0.104611,-0.0324989)
(0.0488225,-0.0156102)
(0.193224,-0.0400743)
(0.104057,-0.189822)
(-0.0813377,0.0326322)
(-0.0373706,-0.0743853)
(0.360415,-0.109952)
(0.5581,-0.116642)
(0.627297,-0.139673)
(0.39249,0.0238782)
(0.590683,0.0270035)
(-0.0535903,-0.112835)
(0.414485,-0.174198)
(0.119666,-0.0289843)
(0.0116814,0.0253798)
(0.119381,0.161285)
(-0.149529,-0.0695358)
(-0.143274,0.0214173)
(0.0254124,0.108823)
(-0.0577104,-0.0127324)
(-0.0233957,-0.0893114)
(0.0539792,0.00688856)
(0.384853,-0.0399469)
(-0.0483237,-0.115381)
(0.458333,-0.0311216)
(0.289979,0.0110511)
(0.277469,-0.0602695)
(-0.0230405,0.0759675)
(-0.013275,0.0167513)
(0.0396365,0.01617)
(0.475761,-0.110719)
(0.0171751,-0.0262491)
(0.0981391,-0.119116)
(0.196027,0.0611302)
(0.425323,-0.412619)
(0.297047,0.124889)
(0.471048,-0.138712)
(0.808637,-0.177936)
(0.154093,0.169369)
(0.0147844,-0.0717949)
(-0.119977,0.00890512)
(0.017567,-0.0661406)
(0.093626,-0.108096)
(0.248204,-0.101142)
(-0.0969973,-0.0840114)
(0.0566955,-0.0404278)
(0.231771,-0.169279)
(0.378934,-0.0665825)
(-0.172959,-0.215301)
(0.308149,-0.196156)
(-0.0663565,-0.111173)
(0.319984,-0.0829065)
(0.543227,0.216213)
(-0.010538,0.123419)
(0.150727,-0.096215)
(0.149702,-0.0357278)
(-0.00381563,-0.0774609)
(0.209528,-0.127982)
(0.0200064,0.0381754)
(0.0992636,0.0628454)
(-0.0125846,-0.0440928)
(0.0754099,-0.452998)
(0.0141157,-0.0622204)
(-0.305272,-0.0659884)
(0.0185656,-0.00469182)
(0.016643,0.0764326)
(-0.0896851,0.0225464)
(-0.0868934,-0.121426)
(0.205733,0.0517053)
(0.0361584,-0.0299769)
(0.448424,-0.121356)
(0.19015,0.0535517)
(-0.0760658,0.0172983)
(0.345915,-0.103182)
(0.445776,-0.108427)
(0.122573,-0.151032)
(-0.0871921,-0.136033)
(0.197045,-0.0849199)
(-0.0336948,0.00723259)
(0.0134976,0.0995304)
(0.0322874,0.0751736)
(0.0396557,-0.0365834)
(-0.053575,-0.082358)
(0.102253,-0.0556506)
(0.00775027,0.0354736)
(0.534058,-0.149512)
(-0.0389623,0.0935334)
(-0.0264975,0.0245996)
(0.18817,-0.148749)
(0.341518,-0.250855)
(0.0590488,0.0562787)
(0.0602891,-0.0132311)
(0.0581322,0.0641794)
(0.109156,-0.11541)
(0.0151309,0.0789332)
(0.31302,-0.130502)
(0.129917,-0.11637)
(-0.00224806,0.100939)
(0.0210943,0.105227)
(0.216874,-0.261967)
(-0.00395998,0.106308)
(0.0388713,0.0152479)
(-0.0426854,0.0519701)
(0.496871,-0.0422877)
(0.358153,-0.0241095)
(0.208813,-0.176814)
(0.462482,-0.119423)
(0.444747,0.0136189)
(0.0355775,0.0552432)
(0.540147,-0.220319)
(0.142839,0.0969352)
(0.0882579,0.0385904)
(0.369884,-0.0174829)
(0.173407,-0.307174)
(0.40979,0.0890919)
(0.21515,-0.391959)
(-0.0318851,-0.102922)
(-0.034664,-0.04248)
(0.102458,0.0852164)
(0.0241499,0.0725678)
(0.0171282,0.0620121)
(0.00546307,-0.0838485)
(-0.0282547,-0.120924)
(0.15401,0.121327)
(-0.05015,0.0414639)
(0.0742808,-0.0857308)
(-0.055881,-0.12265)
(-0.00492111,0.0386588)
(0.0578691,0.0982726)
(-0.0905089,-0.0153888)
(-0.0286565,0.00488091)
(0.0821944,-0.361824)
(0.00265528,0.0050986)
(-0.00217258,-0.0508023)
(0.450235,-0.223511)
(0.593747,-0.272582)
(-0.0801114,-0.0943668)
(-0.193765,-0.0219095)
(-0.114332,-0.0533579)
(-0.081411,-0.00268945)
(0.0982193,0.0787486)
(0.196256,-0.0468986)
(0.496323,-0.124044)
(0.334475,-0.165516)
(0.357754,0.0668742)
(0.0286759,0.0708521)
(0.125903,-0.116859)
(0.129566,0.283385)
(0.0681332,0.0194501)
(0.0798956,-0.0276369)
(0.032292,0.0575495)
(0.713701,-0.365762)
(0.0269379,-0.0793181)
(0.248445,0.060707)
(0.0515447,-0.00392801)
(0.090895,-0.136608)
(0.0189921,-0.144919)
(0.2205,-0.248396)
(-0.119988,-0.143891)
(0.0146574,-0.0644748)
(0.0602261,0.019068)
(0.529805,0.0244647)
(0.0486642,-0.0369587)
(-0.0507513,-0.101757)
(-0.0304114,-0.0676308)
(0.553284,-0.0535232)
(-0.0332913,-0.0860549)
(0.533585,0.103408)
(-0.0633251,-0.0840376)
(0.14438,-0.00507337)
(0.0256584,0.0894198)
(-0.0495294,0.1256)
(0.0559798,0.033037)
(-0.0936719,0.184575)
(-0.0949415,0.127537)
(-0.125555,0.154611)
(-0.108814,-0.155205)
(0.49798,0.356715)
(-0.0361327,-0.0328285)
(-0.113532,-0.0611664)
(0.173482,0.589222)
(-0.0545403,-0.0127322)
(0.0859965,0.0709655)
(-0.0060495,0.0568703)
(0.0612192,0.110898)
(-0.171976,-0.13729)
(0.0372388,0.193207)
(-0.181495,-0.0678321)
(-0.0361459,0.0276885)
(0.0575156,0.0322978)
(0.0865391,0.0352289)
(-0.0244683,-0.0670231)
(0.0865294,0.352789)
(-0.0183782,-0.0510924)
(0.492046,-0.242917)
(0.555175,-0.220656)
(0.184597,0.220748)
(-0.00119041,-0.0996062)
(0.408166,-0.0617303)
(0.554916,-0.0999899)
(0.55338,-0.0951275)
(-0.014985,-0.0867386)
(0.0626464,0.129393)
(0.0944753,-0.0949904)
(-0.0251067,0.0625028)
(0.488947,-0.230619)
(0.411847,-0.0759185)
(-0.0798088,0.0303099)
(-0.0695029,-0.0618275)
(-0.00381823,-0.0261431)
(0.0494585,-0.0649651)
(0.503869,-0.281744)
(-0.0530346,-0.202619)
(0.00890353,-0.209506)
(0.0403612,-0.202238)
(-0.110212,-0.148438)
(0.566321,-0.25757)
(0.0202791,-0.0332909)
(0.597627,-0.223513)
(0.042638,-0.00325739)
(-0.0103513,0.0808693)
(-0.033946,0.0143838)
(0.441196,-0.122882)
(0.059446,0.0343891)
(0.241302,-0.330462)
(0.436636,-0.317437)
(-0.104009,-0.0694441)
(-0.0646858,0.0300973)
(0.0881171,-0.16361)
(-0.00857467,0.176705)
(0.0883442,-0.154797)
(0.0650552,-0.179164)
(0.369005,-0.238309)
(0.38902,-0.109263)
(0.052578,-0.0333133)
(0.0800329,-0.0386259)
(0.0410432,0.139516)
(0.240389,-0.162751)
(0.0324667,6.00802e-05)
(0.0777297,-0.117663)
(0.18798,-0.142915)
(0.709889,-0.125438)
(0.607196,-0.139468)
(0.0388547,0.0745287)
(0.40427,-0.0502677)
(-0.140656,-0.0869287)
(-0.00385497,-0.0593267)
(0.0126867,-0.0481028)
(-0.104875,-0.034899)
(-0.0651379,0.0400599)
(0.10007,-0.0577175)
(0.27796,-0.153507)
(0.420982,-0.104801)
(0.523718,-0.108286)
(0.0759759,-0.132057)
(0.588669,-0.144541)
(-0.0866673,-0.00832913)
(0.0405954,-0.06169)
(-0.155944,-0.0394377)
(0.0645831,-0.161026)
(0.207695,-0.112696)
(-0.173378,0.089659)
(0.274038,-0.278887)
(0.0673144,0.0977849)
(0.214441,0.135343)
(0.280487,-0.0250414)
(0.301222,-0.327929)
(0.316232,0.0615402)
(0.275259,-0.0361499)
(0.196508,0.121175)
(0.23775,-0.0747843)
(0.338313,0.108225)
(0.103895,0.253874)
(-0.0693311,-0.0032836)
(-0.0832555,-0.017309)
(-0.102053,0.146971)
(0.380031,-0.077852)
(-0.0237167,0.00477338)
(0.282205,-0.177644)
(-0.0395336,-0.0285587)
(0.355736,-0.144742)
(-0.0550445,-0.0116583)
(-0.0446232,0.032843)
(0.533531,-0.257904)
(-0.136185,0.0343654)
(0.236041,0.0433723)
(0.345441,-0.0431721)
(0.0535871,0.00611946)
(-0.0309471,0.0482666)
(0.035407,0.116998)
(0.0737778,0.0670325)
(8.88985e-05,0.0299946)
(0.0043095,0.0573249)
(0.342348,-0.115613)
(0.367584,0.128877)
(0.266551,0.121093)
(-0.0467815,-0.0811307)
(0.203521,-0.125322)
(0.177897,-0.207368)
(0.178444,0.0014441)
(-0.00139137,0.0201793)
(0.0108016,0.0257237)
(0.00469762,0.033834)
(0.112395,-0.120262)
(-0.207081,0.333616)
(0.226818,0.106977)
(-0.0646003,0.391843)
(0.465526,-0.206616)
(-0.0899194,0.0749796)
(0.187688,-0.0139179)
(0.0957507,-0.119935)
(-0.0155644,-0.126955)
(0.0660275,0.314092)
(0.146166,0.446312)
(0.0558448,0.0363965)
(0.113365,-0.0597036)
(0.371568,0.0449678)
(-0.0617497,-0.0366979)
(0.0960617,-0.0462069)
(0.451523,-0.0581533)
(-0.109469,0.134618)
(-0.0615775,0.0716193)
(-0.00651603,0.112375)
(0.0447711,-0.0108434)
(0.262719,-0.23276)
(0.0206636,0.00718615)
(0.0796955,-0.0875851)
(-0.0343551,0.034785)
(0.209782,-0.114057)
(0.1074,-0.110447)
(0.0770118,0.118753)
(-0.0760191,-0.202211)
(-0.0802469,0.0646639)
(0.11286,0.069205)
(-0.0895242,-0.0646978)
(0.000773491,-0.0147669)
(0.0987603,-0.081741)
(-0.0889757,-0.0858089)
(0.0208742,0.0485359)
(-0.0130174,0.0187198)
(0.40854,-0.0702563)
(0.00331517,0.0533818)
(0.526793,-0.104113)
(-0.0131983,-0.110671)
(0.0788718,-0.172546)
(0.159573,-0.13642)
(0.539952,-0.170422)
(0.221665,-0.17071)
(0.0456849,-0.144377)
(-0.0746635,0.00153216)
(-0.0247398,-0.0472701)
(-0.0556375,-0.0258235)
(-0.0605734,-0.16143)
(-0.0792979,-0.0351422)
(0.0725502,0.158036)
(-0.0525624,-0.0264212)
(0.268539,0.17994)
(-0.0195044,-0.0265443)
(0.0675388,-0.00788867)
(0.308608,-0.272846)
(0.0388119,0.050722)
(0.095503,-0.0372525)
(0.063579,-0.0620314)
(0.0344061,0.0234602)
(0.223584,0.04851)
(0.159845,-0.046154)
(0.000645621,-0.0892415)
(0.216279,-0.218989)
(0.55358,0.00774016)
(0.0146569,0.110767)
(0.340602,-0.00985742)
(0.0932973,0.0848717)
(0.00482004,-0.0127795)
(0.0775769,0.0812878)
(0.117281,0.0578661)
(0.0754506,0.128148)
(-0.118844,0.0852596)
(0.0554485,-0.0573669)
(-0.0820946,-0.0957756)
(-0.0824964,0.145091)
(-0.195939,-0.0409736)
(0.33702,-0.0438525)
(0.397317,-0.0538828)
(-0.101575,0.0283511)
(0.287233,-0.0946459)
(0.309443,-0.0853286)
(0.429186,-0.323105)
(0.0340597,0.00432192)
(0.0564567,-0.00782107)
(0.222471,-0.161846)
(0.210986,-0.0599915)
(-0.0146397,6.11873e-05)
(-0.114225,0.0385688)
(-0.106586,0.0798546)
(0.0152158,0.00719557)
(-0.0934181,0.0380228)
(0.351303,-0.0374516)
(0.583969,-0.34163)
(0.123567,0.0664566)
(0.150461,0.0859098)
(0.161345,-0.0365862)
(0.105997,-0.0240811)
(0.118966,-0.00734748)
(0.100049,0.0625037)
