1620
(-0.0246348,-0.161644)
(-0.0596087,-0.183988)
(0.105669,-0.00286104)
(-0.157358,-0.158728)
(0.0237947,0.14652)
(-0.110426,0.147061)
(-0.0987739,-0.180022)
(-0.0288828,-0.194691)
(0.00137705,0.208281)
(0.00821441,0.127736)
(-0.0795293,-0.0767935)
(-0.129988,-0.122408)
(-0.156329,0.192155)
(0.269168,0.0562788)
(0.0711082,-0.0160427)
(-0.125605,-0.11358)
(0.00306056,0.0945248)
(0.0152686,0.0288298)
(-0.0106974,0.0208877)
(-0.0125946,-0.0163491)
(0.223881,-0.00215279)
(-0.000365866,-0.00819443)
(-0.0114374,-0.0626798)
(-0.00279169,-0.085434)
(0.0476,0.148022)
(0.165221,0.0415489)
(0.0218111,-0.0471602)
(-0.0389388,-0.100611)
(0.0992427,-0.0600684)
(-0.0618766,-0.0539426)
(-0.158753,0.0013902)
(-0.07337,0.0440215)
(-0.0551709,-0.0528982)
(-0.0658739,0.150432)
(0.0515956,0.0461029)
(-0.0105867,0.0438423)
(0.0950061,-0.0477813)
(-0.0865446,0.0233013)
(-0.00498276,-0.00376202)
(0.00287889,0.078499)
(0.0100024,-0.0514026)
(-0.093992,-0.0467222)
(-0.116736,0.0170061)
(-0.00178098,0.0656101)
(-0.0381555,0.00712746)
(0.0747231,0.020884)
(0.237728,-0.0284201)
(-0.0223688,0.0765528)
(-0.0865164,0.0132014)
(-0.161961,0.0490184)
(-0.00699337,-0.0705841)
(0.0312192,-0.0546367)
(0.0789243,0.00145209)
(0.149042,0.012967)
(0.0596578,-0.0733947)
(0.0387777,-0.145411)
(0.0096451,0.0122107)
(-0.0690107,0.0675016)
(-0.0517328,0.111556)
(-0.0510151,-0.00405059)
(0.0407781,0.223994)
(0.360311,-0.0418577)
(-0.0105431,-0.110849)
(0.532243,-0.194208)
(-0.0497079,-0.118833)
(0.0596097,-0.0399526)
(-0.0435376,-0.0242445)
(0.0665657,0.0371146)
(0.0116972,0.0354986)
(-0.0555552,-0.0113344)
(-0.138534,0.0827424)
(-0.121899,-0.0068257)
(0.0140783,0.0423307)
(0.0119429,0.0527476)
(-0.485956,-0.0229371)
(0.00728922,0.0815164)
(0.078875,0.116077)
(0.0279369,0.0288337)
(-0.00709233,0.0514593)
(0.272581,0.0392404)
(0.100534,0.122591)
(0.00823378,-0.0759024)
(0.118629,0.068836)
(0.0594821,-0.0384215)
(-0.140707,-0.00746783)
(0.110823,-0.11543)
(-0.0175681,-0.0836105)
(-0.149374,0.108688)
(0.165274,0.276043)
(0.113755,0.0195046)
(0.0400035,-0.00404438)
(-0.0681644,0.103075)
(0.559747,-0.155633)
(0.0609909,-0.0382939)
(-0.142766,0.0136376)
(0.528341,-0.0955855)
(-0.0192951,0.0582739)
(0.247311,0.211335)
(-0.00334024,0.0710977)
(-0.0161969,0.0848179)
(-0.0957855,0.0199205)
(-0.127232,0.0991984)
(0.0240421,-0.0331819)
(0.0848764,-0.0635954)
(-0.0374072,-0.0118492)
(0.151056,-0.205685)
(-0.0294539,0.055776)
(-0.0883738,-0.00354593)
(-0.0164116,0.0346991)
(0.0240339,-0.0149498)
(0.00296595,0.0613197)
(0.834239,-0.402292)
(0.321811,-0.134444)
(-0.118665,0.0807862)
(0.508132,-0.0322176)
(0.0994288,0.137078)
(-0.0875785,0.035977)
(0.615411,-0.292704)
(-0.0557093,-0.00196739)
(0.458764,-0.380718)
(0.705763,-0.171152)
(0.112756,-0.0242439)
(0.576779,-0.282031)
(0.468767,-0.203467)
(0.580889,-0.159907)
(-0.00982455,0.047273)
(-0.105727,-0.0867591)
(-0.127205,-0.191259)
(0.518004,-0.280509)
(-0.0436811,-0.0501176)
(0.0145009,-0.0187885)
(0.0424629,-0.00308128)
(-0.18573,0.0219613)
(0.0578092,-0.0388303)
(0.0120547,0.0149371)
(0.100006,-0.04873)
(0.0469771,-0.0542363)
(0.09612,0.0926162)
(0.556153,0.0719065)
(-0.0930929,0.106903)
(0.0448688,0.228882)
(0.212645,0.0842383)
(-0.0632807,0.000413216)
(-0.0901043,-0.0121207)
(0.0105373,-0.00520105)
(-0.0453566,0.0366221)
(0.0175425,0.0633673)
(0.425886,-0.165548)
(0.471364,-0.197997)
(0.139177,0.0505749)
(0.391539,-0.219805)
(-0.0189592,-0.0047016)
(0.8673,0.197622)
(0.543465,-0.102707)
(0.475221,-0.0115252)
(-0.0212965,-0.211322)
(-0.0362857,0.0179526)
(0.499106,-0.140673)
(0.385266,-0.0482422)
(-0.0584538,-0.199318)
(-0.121081,-0.117597)
(-0.073356,-0.0564991)
(-0.0523013,0.000424971)
(-0.0209914,0.0258819)
(-0.0526114,-0.0475989)
(-0.0170998,-0.0326902)
(0.048664,-0.0940107)
(-0.0411868,-0.0709167)
(0.177679,-0.0489458)
(0.161319,0.0235556)
(0.126552,-0.0626944)
(0.11381,-0.00861727)
(0.412621,-0.0028489)
(0.514357,0.0157906)
(0.413212,0.0632147)
(0.360535,0.09979)
(-0.0224905,0.021398)
(0.016448,-0.0125213)
(0.00775608,0.114202)
(0.0406776,0.114541)
(-0.059051,0.030187)
(-0.158704,-0.196755)
(-0.229209,-0.0699868)
(0.0842145,0.0432325)
(0.148631,0.174169)
(0.0179281,-0.168432)
(-0.0323502,-0.157243)
(0.0422281,-0.0626668)
(-0.0235951,-0.0741222)
(0.388324,0.104276)
(0.562181,0.0750592)
(0.891531,-0.0338954)
(1.37185,-0.171307)
(-0.0474837,0.0433179)
(-0.0800119,-0.0613056)
(0.213324,-0.000970942)
(0.104275,-0.120662)
(-0.051545,0.063105)
(0.0206283,0.13815)
(0.0243392,0.00445317)
(-0.135626,0.0305959)
(-0.190853,-0.108942)
(-0.118487,-0.11478)
(0.0626212,0.128573)
(-0.0423473,0.00709182)
(0.130926,0.0424459)
(0.617849,-0.252625)
(0.591269,-0.211627)
(-0.0429731,-0.111767)
(0.505436,-0.0178972)
(-0.0272259,0.0357828)
(0.350859,-0.300123)
(0.27706,-0.180887)
(0.0411531,0.101376)
(0.0553909,0.101292)
(0.115123,-0.104302)
(-0.0642697,-0.126998)
(0.792413,-0.290024)
(1.17022,-0.276947)
(0.0617737,0.186115)
(-0.0202086,0.0653849)
(-0.00606689,0.0385204)
(0.075589,0.0709736)
(0.345703,-0.391145)
(-0.0797276,0.0677671)
(-0.0919952,-0.0179939)
(0.23369,-0.109192)
(0.01086,0.0423838)
(-0.0537493,0.0534212)
(0.0458033,-0.0393462)
(-0.0497017,-0.0588052)
(0.510316,-0.285311)
(0.53603,-0.201337)
(0.630978,-0.257976)
(0.621543,-0.133115)
(-0.0468786,0.00144872)
(0.0370645,0.105095)
(0.00191853,0.108897)
(-0.123512,0.20323)
(0.0449983,-0.00233221)
(0.10914,0.0102415)
(-0.0718465,-0.0155231)
(0.0144262,-0.0249544)
(-0.000185511,-0.0715766)
(-0.0639443,-0.0144227)
(0.0327123,0.0143627)
(0.092902,-0.0676009)
(-0.0204865,-0.105928)
(0.0980943,0.00459701)
(-0.0338449,-0.0329266)
(-0.120462,0.0529872)
(0.0643029,-0.0690348)
(-0.114914,0.00154229)
(-0.120008,0.00261653)
(0.128558,-0.0596541)
(-0.0429416,-0.0160217)
(-0.128629,0.186694)
(-0.0614357,0.0209414)
(0.0113942,-0.0935805)
(-0.0490227,0.108241)
(-0.0190765,-0.0792173)
(-0.0522304,0.184775)
(0.00894098,0.0848676)
(0.0819426,0.025564)
(0.336321,0.505797)
(0.0138482,0.0500913)
(0.121874,-0.113922)
(0.081329,0.0836208)
(-0.00769499,0.0407526)
(-0.0545839,-0.0353863)
(0.151746,0.0769014)
(-0.0329632,-0.0314995)
(-0.0542665,-0.019293)
(-0.139238,-0.0148319)
(-0.148903,0.159129)
(0.51079,-0.149546)
(-0.179401,0.131942)
(-0.0232256,-0.0541577)
(-0.0687324,0.234582)
(0.00657477,0.103376)
(-0.0398342,-0.0252455)
(0.0484829,-0.0589356)
(-0.0886639,-0.0285905)
(-0.125905,-0.0438631)
(0.132527,-0.0140443)
(0.0637239,0.0428152)
(0.0250167,0.0181137)
(0.0273637,0.0410453)
(0.118143,0.131245)
(0.150688,0.028306)
(-0.0251124,-0.0241919)
(-0.0179762,0.063406)
(0.0604785,-0.0480834)
(0.0558773,0.0536697)
(-0.073835,0.13566)
(-0.00948206,0.083269)
(-0.00057851,-0.0758579)
(-0.0676431,0.0538855)
(-0.0967369,-0.0141312)
(0.0317914,0.111091)
(0.205894,0.143382)
(0.0302713,0.0723334)
(-0.031362,-0.0340597)
(0.0439462,-0.0218114)
(-0.0107735,-0.0183888)
(0.0078039,-0.0923291)
(0.0827475,-0.0145643)
(0.358125,-0.0124166)
(0.0421375,0.163936)
(0.0750742,0.129713)
(-0.0773427,0.108561)
(-0.00411547,0.140852)
(0.0729518,-0.0206385)
(0.00183291,-0.0537656)
(-0.0909803,-0.0622928)
(-0.0848303,0.0284541)
(0.106167,-0.1177)
(0.108617,-0.0688185)
(-0.0338864,0.126427)
(0.482467,-0.0541496)
(-0.157943,-0.0750351)
(0.0755111,-0.143199)
(-0.131452,-0.102657)
(-0.128062,-0.0205183)
(-0.0925237,-0.193264)
(0.00429698,-0.242666)
(0.00523331,0.0152484)
(-0.0742621,0.0963705)
(0.0340291,-0.0578282)
(-0.0427336,0.0232343)
(0.0312702,-0.00581609)
(0.0428962,-0.163832)
(-0.0745141,-0.0958456)
(0.0456381,0.0725291)
(0.00260556,0.00836157)
(0.220381,-0.0617484)
(0.081044,-0.00406826)
(0.0587201,0.116576)
(-0.0446703,-0.0213896)
(0.00089732,0.0658255)
(0.0869437,0.108437)
(0.135893,-0.153103)
(0.080234,0.102278)
(0.0295433,0.013572)
(-0.0130654,0.0353132)
(0.0724899,0.0543787)
(0.0812562,0.0744992)
(-0.0233011,-0.0643432)
(-0.0825373,-0.0432671)
(0.234513,0.222044)
(0.617673,-0.148299)
(0.511809,-0.228419)
(0.116976,-0.0245515)
(-0.073739,-0.0508225)
(0.353103,0.0558343)
(-0.0746054,-0.0291093)
(0.0412599,-0.122454)
(0.0696795,0.0693836)
(0.0253554,-0.00534838)
(-0.0660352,0.00108851)
(0.0583646,0.132206)
(0.0659328,0.0228877)
(-0.197719,0.0634359)
(0.00438445,-0.00105053)
(0.0881147,0.000870183)
(0.0250146,0.245935)
(0.444409,-0.25336)
(-0.166605,-0.0500388)
(-0.00138769,0.0991882)
(0.00320571,0.0176833)
(-0.0262279,0.0619347)
(0.0722812,0.0452031)
(0.00889571,-0.0811388)
(-0.0834339,-0.0240524)
(0.269236,-0.2214)
(0.416638,-0.0761613)
(0.145896,0.0850206)
(0.0307215,-0.0290486)
(0.0289655,-0.0144939)
(0.0200751,-0.0570398)
(-0.103383,0.0104916)
(0.195061,0.0279837)
(0.539066,-0.0657045)
(0.10254,-0.0127442)
(-0.0907977,-0.0985264)
(0.0297596,0.0687101)
(-0.0776273,-0.033823)
(-0.0101679,0.0308702)
(0.0560617,0.0102083)
(-0.0972789,0.0831805)
(-0.171937,0.122945)
(0.0928216,-0.0146263)
(-0.102601,-0.143621)
(-0.0369199,-0.0930912)
(0.0266148,0.0238571)
(0.0474255,-0.00126888)
(0.0208941,0.0140348)
(-0.0717724,0.0211233)
(-0.0340982,0.0564966)
(-0.0442602,-0.0468867)
(-0.097837,-0.0170084)
(-0.0418791,-0.0116242)
(0.208992,0.0496946)
(0.781027,-0.0715804)
(0.104307,-0.000315862)
(-0.0509291,0.0559771)
(-0.0447925,-0.0509669)
(-0.0234096,0.0548373)
(0.025313,-0.0673154)
(0.12049,-0.096006)
(0.123544,0.188769)
(0.125078,-0.000582754)
(0.125009,-0.0305021)
(-0.0332038,0.142937)
(0.420634,0.0391966)
(-0.0954111,0.0100872)
(0.0538673,-0.0209718)
(-0.105358,-0.169221)
(0.0100877,-0.00553815)
(0.0945725,0.108505)
(0.0384253,-0.045003)
(0.046026,-0.0129113)
(-0.0273484,-0.0221732)
(-0.171355,0.0146188)
(-0.185953,-0.0698728)
(0.0273223,0.0210312)
(0.705089,-0.0459437)
(0.00859124,0.0558727)
(-0.126177,-0.0533427)
(-0.124981,-0.00936485)
(-0.0662914,0.100639)
(-0.115298,-0.190462)
(0.0262574,0.0128791)
(0.0813208,-0.0750024)
(-0.0573487,-0.0575921)
(-0.000628646,-0.112168)
(0.0744535,-0.176369)
(0.0497522,0.0303119)
(-0.0898834,-0.142361)
(0.0122672,-0.0133992)
(-0.16448,0.217581)
(0.0268715,0.0690603)
(0.0600387,-0.00266361)
(0.124237,-0.103985)
(-0.02788,0.0544744)
(-0.0149525,0.0220166)
(0.0308796,-0.0751834)
(-0.0565498,0.0542552)
(0.0256321,0.0994957)
(0.341741,-0.0205116)
(0.0446867,0.179194)
(-0.0422863,-0.00980411)
(-0.0123185,0.0356242)
(-0.0507578,0.279138)
(-0.0744012,-0.0475345)
(0.019076,0.128931)
(0.0956409,0.067659)
(-0.0732334,0.0990741)
(-0.129907,0.218408)
(0.0818252,-0.120221)
(-0.0515761,0.0708725)
(-0.0347213,0.0304557)
(0.0351502,-0.00134656)
(-0.102723,0.00868585)
(-0.00358615,0.0354344)
(-0.116215,-0.142396)
(-0.0840894,-0.137848)
(-0.0932272,0.163113)
(0.594,-0.237448)
(-0.11167,-0.0872419)
(0.502608,0.17556)
(-0.142922,-0.0511026)
(-0.0608294,-0.125878)
(-0.00794618,-0.0367382)
(0.0161734,0.00661907)
(0.139347,0.108071)
(0.0717303,0.050484)
(0.0528505,0.0177542)
(-0.0316301,-0.0636169)
(0.179633,-0.0324125)
(-0.055167,0.0347266)
(0.539716,-0.29388)
(-0.115236,0.0322672)
(0.0542391,-0.0136281)
(0.106328,0.14648)
(-0.0209673,0.165474)
(-0.0369356,-0.0281261)
(0.483539,-0.097582)
(0.129818,-0.0410534)
(0.111113,-0.100743)
(0.382923,-0.33081)
(0.036428,-0.101939)
(0.0288318,0.0476656)
(0.0296491,0.0362647)
(0.1062,-0.0230749)
(0.450291,0.0118317)
(0.394141,-0.0608234)
(0.58339,0.365078)
(0.126041,0.136315)
(0.00120253,0.0477983)
(0.0496677,0.0667873)
(0.0422966,-0.081162)
(0.0464556,-0.0616878)
(0.121814,-0.00340508)
(0.0422757,-0.0488597)
(-0.0784886,0.0304801)
(-0.10156,0.0179789)
(0.196674,-0.0834165)
(0.233161,-0.0723179)
(0.0657264,0.081731)
(-0.0327649,-0.0365284)
(0.0318895,0.0818398)
(-0.0238394,0.020149)
(0.121127,-0.00580794)
(0.0588016,-0.0205527)
(0.0291571,-0.0363387)
(0.0131842,0.091222)
(0.127145,-0.0160407)
(0.0997751,0.159354)
(0.0843341,-0.0526237)
(-0.0665709,0.0264841)
(0.04468,-0.045851)
(-0.00134442,0.0482777)
(-0.11797,-0.132563)
(-0.111823,0.290112)
(-0.140006,-0.14447)
(-0.27433,0.135027)
(-0.0212938,-0.15393)
(0.0129959,0.108892)
(0.10857,0.112027)
(-0.0791631,0.0491278)
(0.0763903,-0.0416904)
(0.459931,-0.133256)
(0.0982604,0.0881655)
(0.255805,-0.124797)
(-0.0216523,0.0631884)
(0.124646,0.0349693)
(0.049514,0.115732)
(-0.10142,0.0816542)
(0.229395,0.00512442)
(-0.05462,0.0332326)
(0.107495,-0.0451935)
(0.0152519,-0.0628527)
(-0.0786687,-0.0841722)
(-0.169245,0.0396381)
(0.0401517,-0.00235606)
(-0.0783524,0.131603)
(0.0152598,0.106673)
(-0.0448574,-0.0374068)
(-0.0983571,-0.118987)
(-0.0292309,0.0214493)
(-0.0322174,0.0287871)
(0.0379655,-0.00820074)
(0.0272694,0.212169)
(0.0225208,0.196453)
(-0.0873355,-0.0467387)
(0.0529929,-0.0836958)
(-0.0163895,-0.072527)
(0.0774496,-0.0277738)
(0.0424802,0.0421128)
(0.051096,-0.0609457)
(0.400433,-0.139913)
(-0.0100969,0.0715026)
(-0.0137526,0.0229077)
(-0.028875,0.0944047)
(0.0469616,0.0368445)
(-0.0809431,-0.0756849)
(0.0773242,-0.0987908)
(0.160878,-0.0232262)
(0.819666,-0.182067)
(0.063277,-0.129943)
(0.0955366,0.00538645)
(-0.0227203,-0.153298)
(0.126892,0.0233231)
(0.392943,-0.169615)
(-0.0830811,-0.140124)
(-0.145296,0.0240784)
(0.0707965,0.0578407)
(-0.0988787,0.0748676)
(0.0112688,-0.0678006)
(-0.00258197,-0.0310937)
(0.126248,-0.0907522)
(-0.128601,0.101552)
(-0.126432,-0.0985338)
(-0.0839853,-0.0204631)
(0.251808,-0.107662)
(0.0100934,-0.0440981)
(-0.164234,-0.0416523)
(-0.00602537,0.0121862)
(0.162153,0.220626)
(0.251155,0.102177)
(0.0179583,-0.166684)
(0.104905,-0.100097)
(0.332049,-0.0646618)
(0.0207191,-0.103892)
(-0.00226808,-0.0108203)
(-0.0801765,-0.0650097)
(-0.0879198,-0.0606543)
(0.00426483,0.0712203)
(-0.23954,-0.0793908)
(0.0497998,0.0713257)
(0.379807,-0.16115)
(0.663513,-0.148671)
(-0.0947862,0.0823038)
(-0.0972687,0.0843096)
(-0.0461033,0.0216563)
(0.0743796,0.0277313)
(0.109302,0.00569487)
(0.0886189,-0.0956577)
(-0.106539,0.0756925)
(-0.0929072,0.0965635)
(0.0779438,0.144352)
(-0.0534342,0.0497622)
(0.116013,0.205859)
(0.0939442,0.012637)
(0.113558,0.0895778)
(0.00329948,-0.0621683)
(-0.0550357,-0.0224543)
(0.0149586,0.00952659)
(0.0250534,-0.0142259)
(0.121517,0.0255598)
(0.0940789,-0.027594)
(0.0788895,0.0849019)
(0.158194,0.109178)
(0.0185375,-0.262588)
(-0.0741792,-0.0775521)
(0.00181718,0.0323147)
(0.066131,0.0147293)
(-0.0271322,0.000104314)
(0.207205,0.240596)
(0.255666,-0.000798028)
(-0.0656326,0.0170641)
(0.059287,-0.039353)
(0.0818585,-0.0251964)
(0.0836685,0.0157283)
(-0.0536657,0.0170062)
(0.0861573,0.0721555)
(0.000721532,0.0901882)
(0.114827,0.0124012)
(0.393394,-0.238772)
(0.0734132,-0.0814199)
(-0.0969648,0.092203)
(-0.0768916,-0.0263643)
(0.0970809,-0.0434612)
(-0.0990958,0.142128)
(-0.100008,0.00493503)
(-0.0990148,-0.0706062)
(0.00970406,-0.0515917)
(-0.0572076,0.0220763)
(-0.0778714,-0.0417374)
(-0.167932,0.0325201)
(0.103735,0.00722984)
(0.0871953,0.0142815)
(-0.00612008,0.025279)
(-0.223334,0.0764954)
(-0.0877002,-0.0483819)
(-0.0308767,0.0791788)
(-0.0218223,-0.0913412)
(-0.076778,-0.0131056)
(-0.0517333,-0.00845096)
(0.00898276,-0.0531086)
(-0.00951266,0.123933)
(-0.110874,0.0338127)
(0.0553195,0.103054)
(-0.0380189,-0.0653015)
(-0.0380961,-0.266481)
(-0.111671,-0.0684415)
(-0.0606515,0.0351238)
(-0.0513731,-0.0842253)
(0.0728438,0.0645497)
(0.0160534,0.000368612)
(-0.0946308,0.0120808)
(-0.0220758,-0.0714358)
(0.0364447,0.0293092)
(0.0351823,0.0459575)
(0.0275956,-0.0154503)
(-0.0482726,-0.104721)
(-0.214176,-0.149482)
(-0.00182809,0.11586)
(0.00753512,0.154946)
(-0.132197,0.176428)
(-0.249254,-0.0337644)
(0.00528359,0.0719131)
(0.134632,0.148507)
(0.172124,-0.105127)
(0.0189077,0.0221442)
(-0.00788092,0.00293254)
(-0.096579,0.0365041)
(-0.0256638,-0.0943777)
(0.116322,-0.0296238)
(0.111608,0.0726406)
(0.0393651,0.0785857)
(0.0803911,-0.0278772)
(0.4712,-0.0196328)
(-0.020846,0.0352491)
(0.157912,0.185538)
(0.157709,0.135545)
(0.0561182,0.0275428)
(-0.0867913,-0.0290476)
(0.00929633,0.143834)
(-0.0780359,-0.00112456)
(-0.0474131,-0.105171)
(0.137894,0.177587)
(-0.0094886,-0.0737816)
(-0.0743969,-0.0309155)
(0.0407037,0.0511395)
(0.0988621,0.0569648)
(0.10777,0.0735733)
(-0.0110982,-0.0908599)
(-0.0112217,0.0136707)
(-0.0613728,-0.0829724)
(0.0136222,-0.0802807)
(-0.0743016,-0.119831)
(0.0499066,-0.0609775)
(-0.031706,-0.18802)
(-0.0232596,-0.129772)
(-0.0187294,-0.034827)
(-0.0685525,-0.0925743)
(0.390993,-0.0889441)
(0.385036,-0.455809)
(-0.0509907,0.149336)
(0.360824,-0.400264)
(0.0551566,0.0440328)
(0.512623,-0.147523)
(-0.0674313,0.11883)
(0.00789472,0.0379807)
(0.531001,-0.129497)
(0.548065,-0.38374)
(0.393401,-0.320696)
(-0.0752826,-0.0872853)
(-0.18164,-0.0191826)
(-0.0024717,-0.0662422)
(-0.00362336,-0.00440733)
(-0.0680454,0.0940306)
(-0.00202573,-0.0454379)
(0.108147,-0.06929)
(-0.0420938,0.0133398)
(0.113922,-0.0912513)
(0.0370291,-0.0727352)
(0.0382578,-0.025965)
(0.0201448,-0.0466677)
(-0.0658338,-0.0876678)
(-0.0277014,0.0946068)
(0.116091,-0.0511053)
(-0.149602,-0.0512664)
(-0.00706488,-0.112769)
(-0.0226805,-0.0842805)
(-0.223639,0.036988)
(0.244064,0.0664036)
(-0.0547415,-0.0725473)
(-0.14529,0.0842759)
(-0.0249501,-0.00152285)
(0.162276,0.0494745)
(0.0315525,-0.0498897)
(0.035716,0.0850155)
(0.0524464,0.0657878)
(-0.0872865,-0.135997)
(0.138526,0.135255)
(0.0489441,0.0455051)
(0.0730789,-0.00270458)
(-0.100759,-0.0671433)
(-0.0540587,-0.0864089)
(-0.0312596,-0.182348)
(-0.0114242,-0.19721)
(-0.0983215,0.0485225)
(0.127609,0.100765)
(0.666315,-0.0997271)
(-0.0132387,-0.0924151)
(-0.117861,-0.0277271)
(0.0372747,0.0209464)
(0.0574609,-0.0475498)
(0.0977154,-0.13636)
(0.0476952,-0.157648)
(0.423802,0.224463)
(0.356239,0.339855)
(0.460344,-0.0653756)
(0.0319706,0.115536)
(0.393621,0.110212)
(0.164982,0.17099)
(0.00812835,-0.124662)
(-0.000141225,0.0397452)
(0.0520835,0.12451)
(0.17076,-0.0136737)
(0.0437219,0.145872)
(-0.0546158,0.0126102)
(-0.0770014,-0.0232324)
(-0.0887374,0.102233)
(0.0230716,-0.0518095)
(-0.0230455,-0.0387164)
(0.50735,-0.30507)
(-0.0341008,-0.0283439)
(-0.156606,-0.0716136)
(0.0991754,0.0266639)
(0.00963548,-0.127125)
(-0.120246,-0.209478)
(0.0739717,-0.0279615)
(0.22584,0.0667027)
(0.133158,0.0318041)
(0.100302,0.028043)
(0.239004,0.000430018)
(-0.00985889,0.0935896)
(0.227494,0.14065)
(-0.0377387,-0.0927384)
(-0.0949306,0.130898)
(-0.0698396,-0.105146)
(0.13707,0.150395)
(0.0169949,-0.0483064)
(-0.0921916,0.0635854)
(0.0154913,0.0576318)
(0.163826,0.175675)
(0.0515142,-0.0300172)
(-0.023822,0.0706444)
(-0.0145675,0.0084448)
(0.0150537,-0.0589633)
(0.0125255,-0.0388915)
(0.0502971,0.118389)
(0.012316,-0.087375)
(-0.0845636,-0.180685)
(0.0355397,0.0758172)
(-0.0707084,-0.023499)
(-0.119647,-0.0686722)
(0.101195,0.164364)
(-0.0482398,-0.145593)
(0.223314,-0.0794525)
(-0.0233297,-0.0533408)
(-0.0158613,-0.0447433)
(0.0905458,0.0585858)
(0.11066,-0.0403626)
(0.0422343,0.0142765)
(-0.00531389,-0.154611)
(0.0154079,-0.0452437)
(0.117003,0.0965139)
(-0.173636,-0.0200106)
(0.0869109,-0.0355281)
(0.0339292,-0.0654824)
(-0.0255001,-0.0236088)
(0.100063,0.0191852)
(0.0125185,-0.0979335)
(-0.199667,0.0704607)
(0.108733,0.0329446)
(0.253644,0.11744)
(0.106497,-0.157586)
(0.148139,0.123216)
(-0.0819571,0.119541)
(0.116945,0.0560791)
(-0.0809844,-0.0215835)
(0.124289,-0.0394431)
(-0.129455,0.182493)
(-0.119059,-0.0675233)
(-0.0593408,0.00486958)
(0.0289291,0.0546396)
(-0.134279,-0.0224313)
(-0.100483,-0.0480294)
(-0.062446,-0.00665562)
(0.0331552,-0.144183)
(-0.0266934,0.00405402)
(0.073695,0.091186)
(-0.223091,-0.0797454)
(0.0383285,0.0604731)
(0.00968513,-0.0317894)
(-0.121782,0.127264)
(0.0793761,-0.270778)
(-0.114289,-0.171715)
(0.0487266,0.151564)
(0.19077,-0.252627)
(-0.0248254,-0.119779)
(-0.0480436,-0.0252804)
(-0.0801194,-0.145699)
(0.10441,0.0389594)
(-0.0267975,0.185665)
(0.100644,0.0709449)
(0.0284318,0.0407158)
(0.0102591,-0.105994)
(0.623182,-0.189761)
(0.1667,0.0329539)
(0.0604505,-0.108209)
(-0.00676707,0.022817)
(0.662249,-0.140114)
(0.0209539,0.0551903)
(-0.0955954,0.0324038)
(0.0512741,0.0450126)
(0.0582961,-0.0296784)
(-0.0416603,-0.0259418)
(-0.250657,-0.0326885)
(-0.160405,-0.00256455)
(0.231926,0.102393)
(0.0614017,0.115183)
(0.0782567,-0.0282475)
(-0.0175311,-0.0650809)
(-0.0660181,-0.0511418)
(-0.125638,-0.0455415)
(0.0603744,-0.0749345)
(0.490334,-0.244137)
(-0.0266687,-0.103903)
(0.026554,0.097974)
(0.0936145,-0.0407493)
(0.0457442,0.0554378)
(-0.0203258,-0.000640356)
(0.0167589,0.0547976)
(0.33565,-0.218901)
(-0.197377,-0.022692)
(0.785859,0.109648)
(-0.0210001,-0.00089751)
(-0.0107572,0.0478909)
(-0.152687,-0.155668)
(0.0226696,-0.0324351)
(0.645065,-0.0593442)
(-0.000457301,-0.11927)
(0.189817,-0.117666)
(-0.198831,-0.0512771)
(-0.00424157,0.0871835)
(0.183468,-0.00377216)
(0.130877,-0.14312)
(0.16503,-0.189347)
(-0.0243883,-0.0907208)
(0.049087,-0.0491601)
(0.347954,-0.0803923)
(0.130849,0.0254868)
(0.0392403,-0.25047)
(0.225992,-0.0742734)
(-0.00966135,-0.227664)
(-0.0212717,-0.136237)
(0.318659,-0.178217)
(0.0802928,-0.0238458)
(0.00994821,0.077334)
(0.250713,-0.0299418)
(-0.0439931,-0.031807)
(0.0727554,0.162961)
(0.04083,-0.140911)
(0.0186005,-0.12033)
(0.020413,0.0451236)
(0.0416087,0.0265966)
(0.0539044,-0.0386669)
(0.0674733,-0.0796757)
(0.0661659,-0.0967182)
(-0.181833,0.0912893)
(-0.114282,-0.038249)
(-0.111162,0.0982652)
(0.0826349,-0.0376027)
(0.0805917,-0.0259553)
(-0.0374741,-0.0720859)
(0.113178,-0.0521788)
(-0.0756273,0.0656599)
(-0.00261599,-0.00747768)
(-0.0274004,-0.107962)
(0.545969,0.103803)
(0.141829,0.233234)
(-0.111252,0.034104)
(-0.0640383,0.0322548)
(-0.10159,-0.0273846)
(-0.0570276,-0.0662964)
(1.03717,0.133975)
(0.0707357,-0.0121446)
(0.981472,0.149642)
(-0.110022,-0.117161)
(-0.0650285,-0.0723012)
(0.0210381,-0.175712)
(0.0504629,-0.0964805)
(-0.118172,0.0335672)
(0.357627,0.0260139)
(0.184867,0.0593744)
(0.0135208,-0.00909943)
(0.00276455,0.0523526)
(0.0102289,0.0236132)
(-0.0603585,-0.0332318)
(-0.00194218,-0.0129352)
(0.0209215,-0.0562815)
(-0.133271,-0.0169775)
(-0.131024,0.0498304)
(0.628784,-0.0522601)
(0.0132487,0.0431146)
(0.518171,-0.252196)
(-0.0386653,-0.0121405)
(-0.0231913,0.064552)
(0.268954,-0.149245)
(-0.0842525,0.0547795)
(0.0446158,0.0266997)
(-0.0482068,0.000264702)
(0.42886,-0.1558)
(-0.0163488,-0.167073)
(-0.0389151,-0.110689)
(-0.105552,-0.166789)
(-0.128631,-0.211769)
(0.249618,0.0240975)
(-0.0644312,-0.0309657)
(-0.0444943,-0.0570176)
(0.114032,-0.0228441)
(0.049874,-0.00281006)
(0.00508356,-0.0904099)
(-0.033624,-0.0534882)
(0.0732763,0.0570468)
(0.0911437,-0.0557627)
(0.104514,-0.0177778)
(-0.0100964,-0.012701)
(-0.0575355,0.0801326)
(-0.0771243,-0.0566317)
(0.139931,0.040064)
(-0.0796454,-0.0753092)
(-0.0934375,-0.0419028)
(0.0768661,0.0398093)
(0.0382919,0.0797685)
(0.0423209,0.0447983)
(-0.13294,-0.0503143)
(-0.0264302,-0.0566163)
(-0.0455077,-0.0161015)
(-0.115524,-0.0433477)
(0.0546014,-0.124443)
(-0.0933647,-0.150831)
(0.0261434,-0.0126049)
(-0.0336021,0.00446515)
(0.0596851,-0.00430862)
(0.432182,0.111388)
(0.0639941,-0.0928609)
(0.0237731,-0.0418857)
(-0.0446668,-0.129722)
(0.547287,-0.37285)
(-0.0756175,-0.0243699)
(0.138186,0.193077)
(-0.0632956,-0.018499)
(0.107962,0.0656608)
(0.0990008,0.163184)
(-0.00364921,0.0957241)
(0.0426862,0.00561002)
(0.400757,-0.256563)
(-0.0127346,-0.0519289)
(-0.133893,0.158247)
(0.456057,-0.085847)
(-0.250993,0.0349067)
(0.0625403,-0.020509)
(0.00552406,0.0749021)
(0.422929,-0.274992)
(-0.0321157,0.0589807)
(0.0419463,0.0652615)
(0.0670107,-0.0387373)
(-0.0336938,0.105508)
(0.0689329,-0.17673)
(-0.146031,0.0537686)
(0.061536,-0.0243145)
(-0.0625491,-0.111622)
(-0.0728442,-0.0871295)
(-0.142132,-0.17506)
(0.069955,0.0775541)
(0.595119,-0.153838)
(-0.063417,-0.0905924)
(0.221213,-0.0624684)
(0.224887,0.0774538)
(-0.262719,-0.125529)
(0.112867,0.0441585)
(-0.147257,-0.0222056)
(-0.105268,-0.0249877)
(-0.0953744,0.0323867)
(0.132146,-0.027508)
(0.0117776,-0.125443)
(-0.0278938,0.0521299)
(0.540871,-0.320686)
(0.00290646,0.0258279)
(-0.0177121,0.0501563)
(-0.00941027,-0.0433391)
(-0.0396896,0.0581893)
(0.0236644,0.00977048)
(-0.0170038,0.0426426)
(0.141883,0.0692469)
(0.444596,-0.106874)
(0.322315,0.0937681)
(-0.0697974,0.00546122)
(-0.0304601,-0.0185336)
(0.500581,0.0185447)
(0.405045,-0.0520168)
(-0.0843714,0.0973835)
(0.445445,-0.29735)
(0.621797,-0.329896)
(0.434396,-0.042027)
(-0.129936,-0.0695671)
(-0.118507,-0.0939893)
(-0.0932792,-0.0698271)
(0.10504,-0.0836502)
(-0.181802,0.0255904)
(0.0995543,-0.0134391)
(-0.00766925,-0.0330092)
(-0.00573351,-0.0857605)
(0.0268553,0.00338932)
(-0.0149969,0.106576)
(0.0576746,0.0147832)
(0.552558,-0.228626)
(-0.158001,0.103745)
(-0.0383582,-0.090881)
(-0.178077,0.028549)
(0.287874,-0.0159751)
(-0.0684897,-0.0315647)
(0.0506518,0.00371819)
(0.67317,-0.255477)
(0.60066,-0.238991)
(0.134618,0.0140438)
(0.460022,-0.0595367)
(-0.0524769,0.0632553)
(-0.018614,0.0284523)
(0.342329,0.112537)
(0.42781,-0.150428)
(0.304536,-0.0711927)
(0.487702,-0.00461231)
(0.0193012,-0.0985545)
(0.552578,0.0210538)
(-0.112446,0.0369281)
(-0.0025893,0.143706)
(0.0551614,0.0838657)
(0.448611,-0.159239)
(-0.101513,0.102445)
(0.195724,-0.0187093)
(0.0498992,0.0226244)
(0.0308764,-0.0345085)
(0.0630504,-0.00254785)
(0.0774844,0.103133)
(0.105314,-0.108565)
(-0.0310141,0.0217934)
(0.0254413,-0.0886411)
(0.0612035,-0.0502068)
(-0.0928201,-0.0834154)
(-0.0365953,-0.193012)
(0.0194125,0.0806105)
(0.0445311,0.0851274)
(0.220038,-0.0459413)
(0.349766,-0.346852)
(-0.0766649,-0.00443652)
(0.0330391,-0.0478695)
(-0.0130859,-0.03454)
(0.0664497,0.108209)
(0.0613769,-0.0344005)
(0.00097554,0.0114466)
(0.125181,-0.0804059)
(0.0214032,-0.0622998)
(0.581427,-0.386322)
(-0.0517147,-0.0794975)
(0.255363,-0.202975)
(-0.0310622,0.00387224)
(0.0448057,-0.0484486)
(0.0640904,-0.118106)
(0.0202525,-0.0830288)
(0.0551051,0.0155017)
(-0.0734349,-0.0968363)
(0.0469316,-0.034542)
(0.0940871,-0.113445)
(-0.0198927,-0.0222571)
(0.115769,-0.0168334)
(0.040162,0.0424239)
(-0.0476241,-0.0205444)
(0.201358,-0.0246081)
(0.491935,-0.193301)
(0.00704882,-0.0333996)
(0.023524,0.156847)
(0.0072305,-0.0027079)
(0.24041,0.154148)
(0.513765,-0.0545339)
(0.0332656,-0.0204271)
(-0.0947027,-0.00361243)
(-0.122087,-0.0101445)
(-0.102884,0.027691)
(0.0917165,-0.0500674)
(0.0832457,0.00539869)
(0.0518669,-0.0387673)
(0.033533,0.00317516)
(-0.00229678,0.0273797)
(0.204708,-0.076904)
(0.0694109,-0.0308739)
(-0.111376,0.0693422)
(-0.0649251,-0.0892985)
(-0.0375013,-0.0632083)
(-0.10246,-0.0852651)
(0.326956,-0.180696)
(0.447834,-0.139639)
(0.402574,-0.0151293)
(-0.0100692,0.127373)
(-0.0129804,-0.0289497)
(0.359778,-0.272825)
(0.259558,0.155346)
(0.297016,0.0375939)
(0.658494,-0.128433)
(-0.00149945,0.125152)
(-0.125338,0.0572725)
(-0.06484,-0.0838028)
(-0.0734426,0.0749619)
(-0.0563098,0.0186793)
(0.41523,-0.0310089)
(0.469927,0.0705456)
(0.411302,-0.0512208)
(0.46731,-0.0876566)
(0.361064,-0.187288)
(0.077104,-0.0181975)
(-0.0444394,-0.0420725)
(0.144984,-0.0504225)
(-0.391702,-0.0255552)
(0.665799,-0.249225)
(0.889126,-0.378099)
(0.011689,-0.00220396)
(0.015026,-0.137227)
(-0.0677748,0.00453302)
(0.630018,0.132275)
(-0.106371,-0.100437)
(-0.0252065,-0.0660322)
(0.0600344,-0.129808)
(1.10914,0.0246531)
(0.0254124,-0.149005)
(-0.00107196,-0.135314)
(0.896683,0.161237)
(0.942546,-0.110925)
(0.0417591,-0.0944367)
(0.00641264,-0.0560321)
(-0.0574698,-0.0302919)
(0.162572,0.178035)
(-0.0516228,-0.0847982)
(-0.0271366,0.0377496)
(-0.031411,-0.0368935)
(0.614914,0.00225661)
(0.482308,-0.419751)
(0.745231,-0.0150883)
(0.597686,0.0442082)
(0.389681,-0.0975498)
(0.103364,0.0656121)
(0.396152,-0.0934439)
(0.247836,0.00677753)
(0.454525,-0.22362)
(-0.0277729,0.162712)
(-0.123071,-0.106961)
(0.384448,-0.0343821)
(0.309732,-0.140073)
(0.144246,-0.241596)
(0.175007,-0.0872108)
(0.321158,0.00383495)
(0.121646,0.164396)
(0.327921,-0.300723)
(-0.123561,-0.0380758)
(0.105775,0.0759929)
(-0.112256,-0.148214)
(-0.0127506,0.065307)
(-0.0371614,0.168713)
(0.117062,-0.0663555)
(0.0912934,0.00282544)
(0.0777326,0.0298285)
(0.12813,0.156653)
(0.277744,-0.139963)
(0.0425673,0.063933)
(0.612605,-0.0698206)
(0.457399,-0.302737)
(0.460079,-0.148396)
(0.0148037,-0.0500486)
(-0.0578114,0.108159)
(0.111713,0.026401)
(0.552428,-0.473095)
(0.0664504,0.101698)
(0.209482,0.216291)
(0.448159,-0.444738)
(0.421601,-0.0244171)
(0.365905,-0.268728)
(0.551865,0.122957)
(0.682946,0.0334274)
(0.480689,-0.107453)
(-0.0497931,0.0267885)
(0.0285182,-0.101645)
(-0.0213077,-0.0228364)
(-0.0160866,-0.0764737)
(0.152428,-0.193955)
(0.0262212,-0.0471564)
(-0.120151,-0.0331583)
(0.257868,-0.100957)
(0.335409,-0.203204)
(-0.0388326,0.0517809)
(0.232812,-0.173137)
(0.0578417,0.193906)
(0.433679,-0.0759927)
(0.296786,0.0432908)
(0.00311829,-0.103268)
(-0.0439792,0.18391)
(-0.0980829,0.224955)
(-0.00449625,-0.0148054)
(0.131802,0.630344)
(-0.091592,-0.0361827)
(-0.325899,0.277231)
(0.0875358,0.0138504)
(-0.162986,-0.0655991)
(0.0621733,0.0332732)
(0.0775808,0.154211)
(-0.0599692,0.0236415)
(0.0454359,-0.00581503)
(-0.0228292,-0.0528482)
(-0.130033,0.161248)
(0.38497,-0.220305)
(-0.231575,0.0700107)
(0.531202,-0.20024)
(0.425998,-0.263919)
(-0.00500551,-0.00780536)
(0.327821,-0.119813)
(0.42093,-0.0513229)
(0.24593,-0.187373)
(-0.149653,0.113873)
(0.464933,-0.0536578)
(0.0862715,0.100051)
(-0.04199,0.0614576)
(-0.0401507,0.134177)
(-0.113253,0.0336781)
(0.19085,0.0175868)
(-0.00749868,-0.0290041)
(0.0315141,-0.0185044)
(0.524731,-0.164421)
(0.0243935,-0.0517772)
(-0.0562958,0.261667)
(0.334952,-0.203162)
(0.352743,-0.311708)
(0.154833,0.0294996)
(-0.0598292,0.0393819)
(0.145234,0.0598945)
(0.601643,-0.000728487)
(-0.0941509,-0.00745545)
(0.609697,0.324454)
(0.427916,-0.139612)
(-0.102164,-0.0553827)
(-0.0747678,-0.123996)
(0.519168,-0.215779)
(-0.102555,-0.144763)
(0.110336,0.172126)
(-0.0249818,0.135991)
(0.513618,-0.267242)
(0.44562,-0.329441)
(0.0177446,-0.0400828)
(0.265901,-0.151154)
(0.686836,-0.166044)
(-0.0898458,-0.101327)
(0.80913,-0.336123)
(0.523154,-0.145699)
(-0.109464,0.0154671)
(0.44189,-0.0740415)
(-0.156584,-0.0234953)
(0.380056,-0.206961)
(-0.19938,-0.0749828)
(0.0511571,0.0259741)
(0.0895357,0.078773)
(0.0529191,-0.143263)
(-0.161063,0.163441)
(-0.134729,0.188277)
(0.143064,0.0758131)
(0.160587,-0.144723)
(0.344897,-0.230823)
(-0.0861779,0.0338953)
(-0.0925129,-0.150062)
(0.150697,-0.176764)
(-0.00246313,0.236319)
(0.140532,0.181751)
(-0.208987,0.175278)
(0.169426,-0.035817)
(0.179332,-0.0759885)
(0.201225,-0.0887194)
(0.105277,-0.0595045)
(0.745425,-0.236677)
(0.447405,-0.171166)
(0.166623,0.0982904)
(0.0993806,0.0590293)
(0.113805,0.0417712)
(0.083856,-0.0263541)
(-0.194413,-0.0729954)
(-0.167135,-0.125945)
(-0.252375,0.0546409)
(0.50095,-0.0426338)
(0.530669,-0.586446)
(0.0231604,0.144909)
(0.175012,0.142695)
(0.624964,-0.706668)
(0.144174,-0.0129805)
(-0.0250335,-0.0339632)
(-0.0375977,-0.000468341)
(0.368944,0.419635)
(-0.143349,-0.00132246)
(0.390314,-0.242705)
(-0.139512,-0.062624)
(-0.0190176,0.0343806)
(-0.186856,0.0485058)
(0.162388,0.166008)
(0.472139,0.0867766)
(-0.198131,-0.0246724)
(-0.200025,-0.128496)
(0.0467615,0.136844)
(-0.189795,-0.101708)
(0.0172791,-0.291383)
(0.0263497,-0.234533)
(0.467569,-0.141817)
(-0.0784233,-0.293088)
(0.285792,-0.021626)
(-0.169866,-0.00438897)
(-0.0418523,-0.0695677)
(-0.0117524,0.0816501)
(0.0604431,0.0117582)
(-0.179988,0.126905)
(-0.0856363,-0.0889525)
(-0.0493847,-0.0253791)
(-0.0288584,-0.0858096)
(-0.0403702,0.00653338)
(0.634911,0.15067)
(-0.00480041,0.118113)
(-0.0424174,-0.1031)
(0.685918,0.102808)
(-0.0327408,-0.152075)
(-0.0842217,-0.0481642)
(-0.0655411,-0.165922)
(-0.121608,-0.0623015)
(-0.0411609,0.047429)
(0.13478,-0.110328)
(-0.109938,-0.0205848)
(0.0814251,-0.0181001)
(-0.0122134,0.12862)
(0.019064,0.0420012)
(-0.0306318,0.12784)
(0.675466,0.110887)
(-0.0927628,0.205719)
(0.481864,0.0544256)
(0.598666,-0.156794)
(0.566692,0.0987696)
(-0.252436,-0.251452)
(0.377586,0.075373)
(0.514352,0.133827)
(0.411507,0.066051)
(-0.266068,-0.0374151)
(0.167943,0.156747)
(-0.0594613,-0.0637383)
(-0.0477807,0.0414976)
(0.509079,0.0278579)
(0.547195,-0.193715)
(-0.0952029,0.0249599)
(0.119347,0.0432168)
(-0.0733164,-0.046317)
(0.0613475,-0.0307948)
(0.172445,0.0740033)
(0.0902136,-0.0100058)
(-0.0275346,0.0155001)
(0.0579592,0.000597464)
(0.0251142,0.0328651)
(0.343026,-0.0132924)
(-0.0600883,0.00271819)
(0.370561,0.00917556)
(-0.198722,-0.0745112)
(-0.109527,0.0728839)
(-0.00369111,0.0307593)
(0.769206,-0.310852)
(-0.0616722,-0.10951)
(0.210896,-0.0280889)
(0.465127,-0.0278502)
(0.0260216,0.0339474)
(-0.130835,0.0315189)
(-0.0439785,0.0309363)
(0.0383938,-0.130712)
(-0.095127,0.0109661)
(-0.0123399,0.0677442)
(0.531394,-0.339067)
(0.375066,-0.228598)
(0.34841,0.160667)
(0.150576,0.0215577)
(-0.0253694,0.132753)
(0.0111105,0.184945)
(0.141026,-0.0445036)
(0.107563,-0.0158089)
(0.472356,-0.280212)
(0.798012,-0.269842)
(0.827123,-0.327882)
(-0.200583,0.0450036)
(0.710452,-0.0676367)
(-0.0253568,0.0739736)
(-0.0606318,0.0185351)
(-0.0667627,-0.0417428)
(-0.00745871,0.141501)
(0.0723607,0.0100184)
(-0.00701768,0.0521426)
(0.640346,-0.204665)
(0.623339,0.106707)
(0.498954,-0.0983161)
(-0.0484806,-0.00958179)
(0.446142,-0.0597442)
(0.00653504,0.0100939)
(0.363303,-0.128501)
(0.206122,-0.209103)
(-0.0330509,0.0469161)
(0.891264,-0.265335)
(0.297941,-0.107427)
(0.878016,-0.133008)
(0.676959,-0.480536)
(0.635249,0.101674)
(0.221678,-0.244641)
(-0.0127834,-0.238659)
(0.383851,-0.173326)
(0.494897,0.0533583)
(-0.0158912,-0.131342)
(0.668684,0.38605)
(0.446572,-0.167805)
(0.00443054,0.0389597)
(0.0307116,-0.0979722)
(0.0302271,-0.0587175)
(0.135641,-0.00907432)
(0.477437,-0.126545)
(-0.208919,-0.209161)
(0.491839,-0.0104545)
(-0.00796179,-0.306701)
(0.579673,-0.195017)
(0.0607611,0.00291752)
(0.124493,-0.0647247)
(0.745427,-0.312515)
(-0.075453,0.10558)
(-0.0741228,0.19321)
(0.505576,-0.125862)
(0.092752,0.0156575)
(-0.159084,-0.141981)
(0.0934655,-0.0549566)
(0.0524674,0.10097)
(0.110474,-0.130699)
(0.0512932,-0.147926)
(0.505724,-0.00252376)
(0.264057,-0.28874)
(0.0982057,0.0542109)
(-0.00434077,0.102813)
(0.0575724,0.00357275)
(0.272344,0.2247)
(0.00649812,-0.0422915)
(-0.0150672,-0.0355055)
(0.0497923,-0.0991311)
(0.0200501,0.0169604)
(0.116863,-0.239462)
(0.333338,0.228258)
(0.454235,0.144217)
(0.365434,0.179905)
(0.415319,0.181227)
(0.226082,0.0335081)
(0.511627,0.203889)
(0.27585,0.229268)
(0.0656502,0.101695)
(-0.0425593,-0.164515)
(0.0802086,-0.379254)
(0.00922612,0.0294606)
(-0.180669,0.00711094)
(0.865733,0.0771677)
(0.0631192,0.0856095)
(-0.189302,-0.036236)
(0.780563,0.184629)
(0.161491,0.0915039)
(-0.107907,0.0402604)
(0.0796413,0.0859357)
(-0.0436988,-0.157335)
(0.430157,0.749082)
(0.150301,0.0760289)
(0.00591767,0.151297)
(0.160392,0.172241)
(0.391677,0.0330494)
(0.0380991,-0.113883)
(-0.0561389,-0.0961411)
(-0.089496,-0.0213909)
(0.0982991,-0.0835038)
(-0.0424234,0.111881)
(-0.0235196,-0.078852)
(0.00951555,-0.0183889)
(-0.167477,0.0859954)
(0.014945,0.23842)
(0.0157101,-0.0697749)
(-0.139326,0.0867838)
(0.326545,0.000533802)
(-0.118493,0.0576151)
(0.378211,0.0249331)
(-0.154414,-0.132495)
(-0.00274253,0.00755719)
(0.19342,0.0248351)
(0.757522,0.0303785)
(0.61096,-0.139565)
(0.00621527,0.0182188)
(-0.00247778,0.0162242)
(-0.0801893,0.0812845)
(0.01704,0.0103849)
(-0.225418,-0.132413)
(-0.185436,-0.00944052)
(-0.0675503,-0.264611)
(-0.109594,0.0784481)
(-0.291712,-0.216488)
(-0.0693638,-0.026729)
(0.00934202,0.051266)
(0.243409,0.406162)
(-0.194062,0.155951)
(-0.137418,0.132857)
(-0.0862706,-0.117131)
(0.0163674,-0.0222084)
(0.429593,-0.0629096)
(0.368633,0.0321327)
(0.0434518,0.012499)
(0.129906,0.030212)
(0.183957,0.160522)
(-0.108791,0.134849)
(0.272112,0.160603)
(-0.053168,-0.000880092)
(0.029353,0.0834668)
(0.0406327,-0.085351)
(-0.0540815,-0.0505821)
(0.0381675,-0.0347763)
(0.0581697,-0.000373233)
(0.209302,-0.173955)
(0.0323853,0.0053617)
(0.0867124,-0.056335)
(0.00191652,-0.00884055)
(0.368313,-0.0264296)
(0.477478,-0.177189)
(0.0323659,0.0378628)
(0.190752,-0.108855)
(0.442127,-0.18346)
(0.643931,-0.221268)
(-0.0547652,0.00477603)
(0.0352862,-0.0357347)
(0.496652,-0.0938094)
(0.0860257,-0.0711467)
(0.137001,-0.0478991)
(-0.022911,0.0541068)
(-0.11901,-0.0174326)
(0.19328,-0.097699)
(-0.0550747,0.0284837)
(0.433914,-0.254462)
(0.368096,-0.195937)
(0.0162422,0.139199)
(-0.0429857,0.177733)
(0.239371,-0.0426409)
(0.118659,0.0499994)
(0.112432,0.0514306)
(0.0374877,0.196769)
