1620
(-0.111777,-0.150606)
(-0.0397408,0.0403165)
(0.0644113,-0.093839)
(-0.0749687,-0.0792984)
(-0.0331495,0.0269157)
(0.028239,0.0835106)
(0.0841152,0.00268437)
(-0.119254,0.0550979)
(0.0623961,0.0365621)
(-0.10562,0.00610497)
(-0.0341537,0.0635363)
(-0.0681941,0.116767)
(0.0263608,-0.00941048)
(0.135394,0.0572422)
(-0.0751788,0.0799266)
(-0.1561,-0.013568)
(-0.216052,0.0860456)
(0.128286,0.0639825)
(-0.00464696,0.00384471)
(-0.00539844,-0.0213581)
(-0.0803712,0.28518)
(-0.103136,-0.105775)
(-0.0106221,-0.103649)
(-0.272304,-0.153088)
(-0.0129589,0.189674)
(0.238208,-0.0384503)
(-0.0473775,0.0687406)
(0.135308,-0.00444323)
(-0.18918,-0.174234)
(0.0674198,-0.0683676)
(0.0223257,-0.0339168)
(-0.0239529,-0.133606)
(0.0223495,-0.224408)
(0.105869,-0.140247)
(-0.0922019,0.0543159)
(-0.0799346,-0.0345199)
(0.134936,0.0456966)
(0.0728052,-0.0592379)
(0.0630025,-0.077302)
(-0.00897424,0.156285)
(-0.110505,-0.00834156)
(0.10547,-0.0553665)
(0.0423835,-0.134848)
(-0.0133981,-0.141144)
(0.192212,-0.135435)
(0.0753471,0.0335242)
(0.268191,0.103321)
(-0.168637,-0.0536214)
(-0.058945,-0.0103659)
(-0.056374,0.00937496)
(-0.0614034,-0.0150012)
(-0.00235447,-0.0428613)
(-0.0526395,0.096231)
(-0.0760168,-0.031767)
(-0.00205782,-0.0740357)
(-0.0339891,-0.0597625)
(0.17767,-0.114158)
(0.0325395,0.0736393)
(0.0163785,-0.217272)
(-0.00598614,-0.0528624)
(0.0328739,-0.218202)
(0.413313,0.127192)
(-0.0629199,0.0470433)
(0.543331,-0.0192958)
(-0.0661236,0.00618808)
(-0.0106571,-0.0304617)
(-0.0717852,-0.20048)
(-0.300562,-0.18233)
(-0.324429,0.0655544)
(0.047268,-0.149278)
(-0.184917,0.285638)
(-0.119464,0.115259)
(-0.181091,0.135464)
(0.0886766,0.0657271)
(0.0235566,-0.405128)
(0.064536,0.0674311)
(0.208556,0.131041)
(0.0636795,-0.0814001)
(-0.0618495,0.00598681)
(0.0681242,-0.111952)
(-0.0601647,-0.168131)
(0.025083,-0.0241669)
(-0.156673,0.222858)
(-0.0611557,-0.00333883)
(-0.0720627,0.0452518)
(-0.104863,-0.0525668)
(0.00773549,0.191988)
(0.0881736,0.110105)
(0.0390444,-0.0479952)
(0.112162,0.0576069)
(-0.134324,0.139281)
(0.0575943,0.0369341)
(0.605556,-0.0698462)
(-0.181061,0.278896)
(0.144787,0.204336)
(0.595518,-0.104676)
(-0.0811017,0.254971)
(0.587755,0.0157368)
(-0.188066,0.0424523)
(-0.164242,0.0569404)
(0.0950426,0.0194837)
(-0.336486,0.0855872)
(-0.0435243,-0.0550605)
(-0.157001,-0.0314578)
(0.130819,-0.211074)
(0.441799,-0.255398)
(0.12936,0.119745)
(0.164564,0.0949328)
(-0.193132,0.204656)
(-0.0693758,0.0766099)
(-0.242751,0.214076)
(0.997209,-0.427222)
(0.568484,-0.0870157)
(0.0125634,-0.028311)
(0.277714,-0.228214)
(0.376276,-0.0603675)
(0.107867,-0.151432)
(0.633913,-0.313917)
(0.0590744,-0.0132257)
(0.06282,-0.0722091)
(0.180683,-0.264287)
(0.112461,-0.0489503)
(0.530472,-0.441073)
(0.391713,-0.10061)
(0.569841,-0.244488)
(-0.150497,0.192563)
(-0.139621,-0.115447)
(-0.175931,-0.21151)
(0.399188,-0.534791)
(-0.097765,0.0961899)
(-0.18836,0.0480496)
(-0.0968466,-0.105272)
(0.18621,0.238888)
(-0.0497111,0.0298971)
(-0.0312496,0.0350026)
(-0.106086,-0.0822417)
(-0.00813248,0.16903)
(0.0499501,0.0220188)
(0.445877,-0.0483435)
(0.204032,0.121302)
(0.192234,0.0897064)
(0.104512,0.200014)
(-0.0172284,0.0219189)
(0.0678924,-0.0578587)
(0.339107,0.239676)
(0.385575,0.0746542)
(-0.0515488,-0.0149394)
(0.248563,-0.124598)
(0.418021,-0.21812)
(0.025092,0.0989556)
(0.0488907,0.336604)
(0.0579177,-0.161597)
(0.353974,0.0582239)
(0.392898,0.099882)
(0.754351,-0.0276358)
(-0.0288356,-0.0876855)
(-0.125643,-0.0443319)
(0.619175,-0.0295152)
(0.329218,0.198158)
(-0.159353,0.180051)
(0.011698,0.271276)
(0.00631257,0.0885711)
(0.0526847,0.231121)
(-0.00439058,0.0132769)
(0.0762304,0.0872965)
(0.104275,0.0273634)
(-0.0445011,0.10355)
(-0.0045374,0.166647)
(-0.0859072,-0.0138876)
(-0.0875349,-0.0880437)
(-0.101705,0.0189899)
(-0.152952,-0.0558787)
(0.391858,-0.103386)
(0.391001,-0.277064)
(0.662154,0.0162199)
(0.976586,-0.185597)
(-0.0605003,-0.0830918)
(-0.048127,-0.0957743)
(-0.126129,0.0367106)
(-0.0446197,0.166688)
(0.106626,0.0722159)
(-0.0779894,0.00305308)
(-0.145739,0.00976288)
(0.0678457,0.0909491)
(0.090049,0.0896805)
(0.0121276,0.199285)
(0.184314,0.0205081)
(0.289298,-0.327215)
(0.296564,-0.0569389)
(0.276368,-0.0846602)
(0.472448,0.158681)
(0.571571,-0.248732)
(0.820152,-0.10218)
(0.0407055,0.101066)
(-0.0795042,0.0768376)
(0.209913,0.157044)
(0.0446366,0.0463374)
(0.284007,0.0297058)
(-0.0850758,0.00409439)
(0.108027,0.0488451)
(-0.0675338,-0.0692329)
(-0.189483,0.0874872)
(-0.0072135,0.190904)
(0.000693378,-0.134726)
(0.157587,0.155673)
(-0.0493712,-0.129707)
(0.885447,-0.360781)
(0.653262,-0.467031)
(-0.055603,-0.0503868)
(0.318877,-0.0204049)
(-0.0190111,-0.0930515)
(0.30778,-0.0657762)
(0.277192,0.0412372)
(-0.106121,-0.0100797)
(-0.0907377,-0.0144514)
(0.0190517,-0.0272414)
(-0.0995705,-0.00533675)
(0.481656,-0.385042)
(0.751605,-0.43965)
(-0.196432,-0.152377)
(-0.0718577,0.158317)
(0.1242,0.0392244)
(0.0912229,-0.0368797)
(0.222598,-0.144772)
(-0.0497976,0.0356204)
(-0.147387,0.0511371)
(0.533627,0.0284452)
(-0.187332,0.041333)
(-0.320311,0.320329)
(-0.0815255,-0.151314)
(-0.238734,0.0270716)
(0.130553,0.0661008)
(0.438675,-0.16964)
(0.51008,0.0875266)
(0.671293,-0.333614)
(0.0960968,-0.154452)
(0.190919,0.184561)
(0.0185335,0.18176)
(-0.150334,-0.211025)
(-0.165836,-0.00889736)
(0.0169293,0.0559548)
(0.05098,-0.0273905)
(-0.0153267,0.260944)
(0.0854434,0.337715)
(-0.0433678,0.041608)
(-0.0313372,0.05594)
(-0.10951,-0.0684599)
(0.136283,-0.15398)
(0.173618,0.0800591)
(0.0231836,0.0359955)
(0.123068,-0.0655041)
(0.00214996,0.0444419)
(0.0183031,-0.12078)
(-0.00979523,-0.0974295)
(-0.0294632,-0.0993697)
(0.142229,0.0258811)
(-0.0993402,-0.0895023)
(0.081582,-0.143702)
(0.00490015,-0.0208488)
(0.227813,-0.0512479)
(0.232726,0.0988099)
(0.0853164,0.0614469)
(-0.0781218,-0.150827)
(0.0167736,-0.0799982)
(0.392028,-0.250636)
(0.0392722,-0.0130342)
(-0.182967,-0.0193751)
(0.0852436,0.126489)
(-0.191195,0.138903)
(0.0981355,-0.162945)
(-0.0396586,-0.00187912)
(-0.147315,0.139468)
(-0.109742,0.136209)
(-0.117973,-0.0644104)
(-0.248413,0.0339628)
(0.579835,0.13424)
(-0.162814,-0.103107)
(-0.172625,0.244254)
(-0.094135,-0.0443233)
(0.0159158,-0.285339)
(0.11782,-0.146138)
(0.242117,0.0460502)
(-0.166515,-0.0637875)
(-0.274432,-0.00949991)
(0.0607145,-0.137892)
(-0.100127,0.027485)
(-0.193296,0.0721512)
(0.108011,-0.0449313)
(0.0329691,0.0397692)
(0.0170823,-0.150602)
(0.0610428,-0.0450049)
(-0.0778658,-0.227068)
(0.0328932,-0.0149622)
(0.0403083,0.00509793)
(0.0545484,0.0593871)
(-0.0158928,-0.00355804)
(0.0765192,-0.0926902)
(0.00803944,0.0743725)
(0.0725057,0.210549)
(0.0949841,0.170874)
(0.2683,0.286821)
(-0.0646,-0.0557721)
(0.0145059,0.151846)
(-0.0829988,0.0250966)
(-0.0769252,-0.100072)
(0.208177,-0.0942217)
(0.00158685,-0.104843)
(0.8881,-0.203533)
(-0.106961,0.143999)
(-0.156254,0.201484)
(-0.0185729,-0.0800064)
(-0.0495998,0.101301)
(0.0388517,-0.156511)
(-0.176469,0.0412172)
(-0.186575,0.00744639)
(-0.239725,0.110219)
(0.0618749,0.113904)
(0.00297131,0.0604006)
(-0.137547,0.112824)
(0.892265,-0.307655)
(-0.0200184,0.092274)
(-0.098307,-0.106983)
(-0.221986,0.063228)
(0.175535,0.0667213)
(-0.0924052,0.0992507)
(-0.183564,-0.00596601)
(-5.63189e-05,-0.0843038)
(-0.124784,-0.0141214)
(0.0284019,0.216733)
(-0.316922,0.118819)
(-0.0266743,-0.106044)
(-0.0519722,-0.0284)
(-0.125508,-0.0404986)
(-0.0525749,0.0247914)
(0.0603264,-0.13484)
(0.342666,-0.112379)
(0.147155,-0.0590566)
(0.0388985,0.102799)
(0.0318412,-0.152214)
(0.0902572,0.0123656)
(-0.0275863,0.0140077)
(0.0178696,-0.088452)
(-0.00842882,0.117238)
(-0.0260981,-0.0857241)
(0.0512974,-0.0209842)
(-0.0599339,-0.0310173)
(-0.0105983,0.254761)
(-0.128619,0.174652)
(0.0140162,-0.0209528)
(0.414261,0.0338654)
(0.503561,0.165795)
(0.257483,0.0304913)
(-0.338176,0.031903)
(-0.137834,-0.105728)
(0.36286,0.187233)
(-0.187969,-0.115261)
(0.100286,-0.0945547)
(0.152476,0.0400752)
(-0.120191,-0.0391635)
(-0.124758,-0.0112852)
(-0.000774887,-0.00337314)
(0.0583464,-0.0665429)
(-0.173122,0.1187)
(0.146621,-0.101829)
(-0.0675404,-0.0477208)
(0.0722155,0.0874011)
(0.256846,-0.210902)
(-0.138307,0.0549259)
(-0.119565,0.0579267)
(0.00878406,-0.0245973)
(-0.0861606,0.0796794)
(-0.0556106,0.213187)
(0.020715,0.134799)
(-0.00687254,-0.0441556)
(0.125176,-0.101085)
(0.466219,-0.0752274)
(0.201517,-0.0239343)
(0.232912,0.169478)
(0.278784,0.186301)
(0.0152567,-0.0661119)
(-0.2071,0.109734)
(0.145561,0.0638638)
(0.495631,0.121894)
(-0.0114539,-0.173172)
(0.0167468,-0.00634046)
(0.0240709,0.000415774)
(0.0689073,-0.0822479)
(0.0797118,-0.0772307)
(0.0959875,-0.0555927)
(-0.0347299,0.119667)
(0.0667236,0.164977)
(0.0857524,-0.0325783)
(-0.0763045,0.149019)
(0.118019,0.0655452)
(0.0904634,-0.0267074)
(0.0372442,-0.0366361)
(0.016551,-0.0186666)
(-0.0260624,0.0207627)
(-0.0329584,-0.139281)
(-0.0332572,-0.022029)
(-0.0118537,-0.00752113)
(0.0274099,-0.00298166)
(-0.200034,0.148305)
(0.558195,-0.324507)
(0.0192083,-0.0897161)
(-0.0335472,0.0467492)
(-0.0336623,0.0540131)
(0.0864383,-0.089852)
(0.127656,-0.2282)
(-0.217701,-0.0381301)
(-0.0457973,-0.173301)
(-0.0230636,-0.160985)
(-0.192809,0.320501)
(-0.153879,0.118574)
(0.309415,-0.428676)
(-0.0938354,0.266658)
(-0.0581287,-0.0637158)
(-0.0203014,-0.0502893)
(0.065798,-0.0976569)
(0.141076,0.106222)
(-0.133921,0.0303177)
(-0.0838808,-0.00891876)
(-0.0982641,-0.107081)
(0.096186,0.027055)
(-0.0467904,-0.0876477)
(-0.0827398,-0.0311421)
(1.09714,-0.0416845)
(0.116854,-0.0142072)
(-0.0192626,-0.00850302)
(0.0719388,0.0105802)
(0.165084,0.113693)
(-0.287998,0.0386249)
(0.000821201,0.20916)
(0.0962356,0.113896)
(0.0660651,0.00206429)
(-0.0154499,-0.144647)
(-0.20782,0.0429325)
(-0.0654814,0.0231723)
(-0.133956,0.170188)
(0.203962,0.0772529)
(0.0697397,0.166714)
(-0.0539039,-0.117345)
(-0.0708769,-0.293889)
(-0.141393,-0.04859)
(-0.0846603,0.0429913)
(0.220689,0.113516)
(-0.0243587,0.0433379)
(0.0499211,0.0174705)
(-0.164048,-0.0759548)
(0.0428317,0.0670685)
(-0.0445667,-0.228071)
(0.150823,-0.200549)
(-0.194851,-0.0586502)
(0.0508502,-0.0912552)
(-0.000924502,0.0447849)
(0.000605856,-0.0762805)
(-0.14971,-0.112841)
(0.0173588,-0.0697596)
(-0.0145908,0.0663513)
(-0.0951054,-0.0265002)
(-0.0055759,0.114783)
(-0.119632,0.000479135)
(0.0478926,-0.0382941)
(0.0139063,0.061161)
(-0.0747579,-0.0261324)
(-0.101882,-0.0749999)
(-0.048245,-0.0748718)
(0.00808218,-0.0708982)
(0.312266,-0.158268)
(-0.00105659,0.00749876)
(0.728532,-0.709798)
(-0.122283,-0.0222896)
(0.059205,0.136631)
(0.0138301,0.0890833)
(0.287665,-0.0424169)
(-0.218577,-0.103696)
(0.076984,-0.105773)
(0.408195,0.0706395)
(-0.119349,-0.0593401)
(0.235713,0.0787864)
(0.0823274,-0.0323391)
(0.132468,-0.222314)
(0.0485941,0.0882788)
(-0.0181278,-0.145614)
(0.00301384,0.055232)
(0.00829847,0.0305778)
(-0.0649434,-0.0225782)
(0.410662,-0.0921898)
(-0.0739441,-0.047673)
(-0.145331,0.109689)
(0.910157,0.2734)
(-0.102266,-0.078378)
(-0.109537,0.0478616)
(-0.0843928,0.154922)
(0.0547881,-0.150524)
(0.19314,0.0397216)
(0.579552,-0.210068)
(0.113112,0.0230702)
(0.571828,-0.222827)
(0.22585,-0.128806)
(0.150199,-0.10254)
(0.0196614,0.0296901)
(-0.0406037,-0.214695)
(-0.268085,0.204039)
(0.120331,0.0484435)
(0.0976701,0.00448119)
(-0.0364298,-0.107955)
(-0.128583,-0.149868)
(0.107833,0.0674694)
(-0.113471,0.0311101)
(-0.059223,0.0799798)
(-0.0192412,0.121478)
(0.0709393,0.063176)
(0.109127,0.043405)
(-0.130679,-0.0472952)
(-0.0824797,0.0565073)
(0.088579,-0.0204761)
(0.109308,0.0706302)
(-0.104843,-0.075037)
(-0.0836325,-0.0932522)
(-0.191332,0.00816201)
(-0.148168,-0.0643803)
(-0.0201416,0.10728)
(-0.141104,-0.120572)
(0.108597,-0.18489)
(-0.281226,-0.0399527)
(0.0318564,-0.0854787)
(0.0653882,-0.0676485)
(-0.0626329,0.254295)
(0.0403153,-0.0478547)
(-0.127457,0.276747)
(0.128829,-0.0935436)
(0.0524586,0.0248383)
(0.141819,-0.100779)
(0.70384,0.443919)
(0.140352,-0.105088)
(-0.0982386,0.245585)
(-0.364489,-0.0858253)
(-0.113746,0.213889)
(0.0527641,0.0790886)
(-0.157537,-0.0479974)
(0.123366,0.0286325)
(0.175432,0.012731)
(-0.0496919,-0.0297897)
(-0.223478,-0.0952658)
(0.0199397,0.223813)
(0.205697,0.164124)
(-0.040463,0.195705)
(-0.211329,0.233305)
(0.036,0.0777228)
(-0.210958,0.186537)
(0.0238405,0.0152498)
(-0.106718,0.00528104)
(0.186331,0.0720683)
(0.152686,0.138762)
(-0.144346,-0.165853)
(-0.000282891,-0.21516)
(0.0653394,-0.0817644)
(0.0534451,-0.0884438)
(0.157213,-0.0816399)
(0.0912813,-0.060653)
(0.187614,-0.0842384)
(0.0183439,-0.0538925)
(0.0386504,-0.0212848)
(-0.048469,-0.0321972)
(-0.0191976,-0.0361864)
(-0.286512,-0.164524)
(-0.0336907,-0.1049)
(0.136844,-0.261863)
(0.489329,0.0197872)
(-0.23545,0.0349257)
(-0.0479825,0.156809)
(-0.355334,0.0390566)
(0.0595162,-0.221247)
(0.109224,0.089605)
(-0.433984,-0.0117588)
(-0.0308541,0.0663851)
(0.196489,0.245494)
(0.112557,0.133608)
(0.140831,-0.151178)
(-0.0878658,-0.111991)
(0.224888,-0.121379)
(0.0663114,-0.0254478)
(-0.0604402,0.0268407)
(-0.160808,-0.036723)
(0.411914,0.183901)
(0.0661669,0.0880945)
(0.102223,-0.00705315)
(-0.242157,0.0378051)
(-0.0989605,-0.0769471)
(0.0272506,-0.0939432)
(0.0284409,-0.237835)
(0.10234,-0.159322)
(0.474916,-0.341448)
(-0.055577,-0.126707)
(0.0420425,-0.0506096)
(0.0360918,-0.0747186)
(0.0535907,-0.073399)
(0.0796924,0.0217176)
(-0.213083,-0.0455613)
(0.0874828,0.0386341)
(0.242121,-0.101091)
(0.232247,-0.265503)
(-0.00346194,-0.12851)
(0.0749708,-0.0724182)
(0.0101935,0.0943398)
(-0.0380028,0.108421)
(-0.288605,0.100411)
(-0.183389,0.0246902)
(-0.197216,0.0808102)
(0.0803107,0.0552432)
(-0.106896,0.154942)
(-0.0552107,0.118079)
(0.121284,0.196597)
(0.0418076,-0.130857)
(-0.212312,-0.343774)
(-0.41951,0.0564641)
(0.156347,-0.130188)
(-0.200706,-0.106072)
(-0.141711,-0.107071)
(-0.00400991,-0.130021)
(0.327562,0.246543)
(0.117885,-0.0112049)
(0.0110183,0.018984)
(-0.196077,0.182942)
(0.0768092,-0.0224567)
(0.188493,-0.172659)
(0.06466,0.120015)
(0.319112,0.00175739)
(0.0780969,-0.16522)
(0.143157,-0.0640992)
(-0.0988109,-0.0149125)
(-0.0330552,-0.144935)
(-0.00610387,-0.10105)
(0.0101727,-0.0421288)
(0.0622161,0.064132)
(-0.0420796,0.0167029)
(-0.0298281,0.168542)
(0.0672629,-0.135284)
(0.263039,-0.022276)
(0.104811,0.067146)
(-0.0496169,0.0386161)
(0.0134565,-0.0908888)
(0.203446,0.0364708)
(0.049039,0.0741652)
(-0.0636254,0.0285745)
(0.220074,-0.0569194)
(-0.0738463,-0.0769831)
(-0.0316409,-0.010475)
(0.0326997,-0.00232662)
(-0.102395,0.108361)
(0.124286,-0.173416)
(0.209662,-0.0930236)
(0.147266,0.0327834)
(0.422206,-0.148187)
(0.525963,-0.0474096)
(0.156022,0.0981028)
(-0.0485889,-0.13584)
(-0.12533,-0.0630035)
(-0.108361,0.0568236)
(0.109123,-0.0868962)
(-0.0929865,0.053007)
(-0.0917292,-0.079243)
(0.00759388,0.00632319)
(-0.0346218,-0.134957)
(-0.173877,-0.0895592)
(0.232977,0.396334)
(0.178659,0.186219)
(0.0963609,-0.029071)
(-0.144674,-0.0697301)
(0.0647472,-0.0452144)
(-0.121569,-0.0141666)
(-0.11308,0.0485531)
(0.138664,-0.0998867)
(-0.0394842,-0.141851)
(0.0199251,0.214621)
(0.155696,0.0590914)
(0.147887,0.205076)
(-0.115193,0.146199)
(-0.0817518,0.112053)
(0.480022,0.193787)
(0.391559,-0.00913179)
(0.0497588,0.037855)
(-0.105821,-0.106474)
(-0.0572169,-0.166004)
(0.097982,0.0158913)
(0.085978,-0.0270032)
(0.112874,-0.184821)
(0.206059,-0.0190579)
(0.164044,-0.161117)
(0.0270814,-0.198602)
(-0.240958,0.0511777)
(-0.13369,-0.068386)
(0.622368,-0.14714)
(-0.0699829,0.015818)
(-0.128181,-0.150654)
(-0.0743697,-0.134953)
(0.188901,0.121294)
(0.0632346,-0.0682346)
(0.00591105,-0.0261607)
(0.180376,-0.0486843)
(-0.0693771,0.00763947)
(-0.139,0.023853)
(0.113586,0.0887693)
(0.146263,0.0557092)
(0.0216403,-0.112795)
(-0.0299204,0.00942856)
(-0.0598211,0.0913411)
(0.039437,0.1926)
(0.111485,-0.0955834)
(0.149361,0.0213854)
(0.156039,-0.156514)
(0.121976,0.179604)
(0.250798,-0.0730231)
(-0.119757,-0.115447)
(-0.00217139,-0.156623)
(0.120518,0.0378266)
(0.224104,0.0839428)
(-0.142272,-0.681678)
(0.712473,-0.631267)
(0.0823067,0.129533)
(0.674462,-0.302917)
(0.042288,0.123189)
(-0.225753,-0.0925898)
(0.212144,-0.646881)
(0.150913,-0.0457918)
(-0.167926,-0.514549)
(0.656326,-0.536097)
(0.845166,-0.433437)
(-0.0167287,-0.226172)
(-0.004411,0.120753)
(-0.0431269,-0.0525895)
(-0.0352375,-0.0118901)
(0.049095,-0.0745692)
(-0.11177,-0.0451635)
(-0.13486,-0.0556527)
(0.00378898,0.0717142)
(-0.0613336,-0.0922449)
(0.00752361,-0.136865)
(0.0587364,-0.131714)
(0.00147734,-0.107915)
(-0.0930983,0.266521)
(-0.0376241,0.120071)
(-0.224312,0.0296949)
(-0.0102562,-0.0476506)
(0.0332575,-0.439811)
(-0.0278411,0.180048)
(-0.00729315,-0.0252141)
(-0.112801,0.00169157)
(-0.144508,-0.0767346)
(-0.0625162,0.0357301)
(-0.0807963,-0.12382)
(-0.102811,-0.0622918)
(-0.046652,-0.0336446)
(-0.0662459,-0.102072)
(0.261329,-0.222381)
(-0.0780543,0.0146069)
(0.0789705,0.0520649)
(-0.132388,0.0432131)
(-0.0802758,-0.0178798)
(-0.168662,0.095637)
(0.0189223,0.0353686)
(0.0826252,-0.00892899)
(0.192598,0.09473)
(-0.25078,-0.0820067)
(-0.00636193,0.0652285)
(0.965278,-0.375514)
(-0.016737,0.0717458)
(-0.10934,0.292334)
(-0.14535,-0.00789151)
(-0.145915,0.122028)
(0.00693118,0.0731644)
(0.228926,-0.00298205)
(-0.106094,-0.0843292)
(-0.0720033,-0.00193266)
(0.480878,-0.0363858)
(0.0584998,-0.0848902)
(0.153096,-0.0326635)
(0.0740394,-0.0364038)
(-0.0390308,-0.0882014)
(0.0258603,-0.0182603)
(-0.0366396,-0.0482837)
(0.296283,-0.322773)
(-0.0102052,0.029085)
(0.0376819,0.056301)
(-0.0552775,0.205326)
(0.218314,-0.259092)
(-0.0467202,0.0668188)
(-0.243279,0.0266469)
(0.51444,-0.165952)
(-0.106364,0.219827)
(-0.100505,0.310194)
(0.090939,0.138437)
(0.121381,0.0165836)
(0.0417851,-0.0159746)
(0.0935199,-0.031615)
(0.102261,-0.0534634)
(0.0120634,-0.103423)
(0.118833,0.119809)
(0.152027,-0.0960889)
(0.0199556,-0.0343429)
(0.0641694,-0.0957522)
(-0.229394,0.082979)
(0.00721302,0.0459712)
(-0.0608302,0.135013)
(-0.0526755,-0.0996081)
(0.0585983,-0.0631947)
(-0.0204993,-0.0684333)
(-0.0226541,0.122594)
(0.0761299,-0.0388477)
(-0.0657314,0.0344213)
(-0.0768836,-0.0373444)
(0.00348723,-0.0486516)
(-0.0238691,0.0596729)
(-0.0667983,-0.0142476)
(-0.0465104,0.116475)
(0.107224,-0.104081)
(-0.0867254,0.0319541)
(-0.0926171,0.0398883)
(0.110099,-0.203926)
(0.0320611,0.223065)
(-0.124498,0.00348423)
(-0.0395883,0.0760419)
(-0.150126,-0.0227005)
(0.009427,-0.0641065)
(0.0594567,0.0177383)
(0.0757275,0.103679)
(0.0629463,-0.18347)
(0.0491643,0.0291076)
(0.125299,-0.016972)
(0.0198823,-0.145943)
(0.0347108,0.00325542)
(0.0310396,0.0137855)
(0.116446,-0.14021)
(0.0184347,0.00375294)
(-0.0144754,0.0785945)
(-0.0532848,0.0592448)
(0.0460286,-0.189706)
(-0.00401646,-0.0845712)
(-0.039907,0.0694357)
(0.100911,-0.0552347)
(0.0732407,-0.00325757)
(0.0628245,0.138633)
(-0.059513,0.179762)
(-0.0242432,-0.00116766)
(-0.10503,0.103797)
(-0.0214103,-0.0218353)
(0.188237,-0.250914)
(0.15343,0.147004)
(-0.191265,0.142335)
(0.00603358,-0.00115313)
(-0.191151,-0.0312582)
(-0.0980941,-0.0494225)
(-0.0145203,-0.0466825)
(0.0685569,-0.0411971)
(-0.085005,-0.00945659)
(0.0923558,-0.0590045)
(0.0491246,-0.139936)
(0.0404612,0.0113133)
(0.161414,-0.0731286)
(-0.0665082,0.0245965)
(-0.132234,-0.0201697)
(-0.0679042,-0.0597234)
(-0.056922,-0.0645366)
(0.848093,-0.270835)
(0.221575,-0.151373)
(-0.164026,-0.0359611)
(0.150253,-0.0974784)
(-0.0567741,-0.0484392)
(0.0819275,-0.202404)
(-0.0445218,-0.180759)
(0.142067,-0.0405195)
(0.127293,-0.0157959)
(0.279984,-0.0737416)
(0.0763131,-0.235227)
(-0.0629633,0.0255433)
(0.237229,-0.0964395)
(0.557694,-0.0450113)
(-0.0757429,-0.086787)
(0.0318263,-0.144255)
(-0.110946,0.0743129)
(-0.10042,0.158892)
(0.121749,-0.121772)
(-0.0441623,0.188148)
(-0.242831,0.0566267)
(0.29578,-0.165827)
(0.244155,-0.0534332)
(0.026129,0.043936)
(-0.042597,0.101042)
(-0.265506,-0.00574827)
(0.0484479,0.0538319)
(-0.257782,-0.0564402)
(0.294052,0.00633814)
(-0.0488133,0.0948714)
(0.0922145,0.0470509)
(0.0703366,0.0376593)
(0.0825317,0.0667719)
(0.0351968,-0.203114)
(-0.0406483,-0.166746)
(0.575532,-0.0592555)
(0.0411623,-0.0715215)
(0.562992,-0.530076)
(-0.351887,-0.00419269)
(-0.243271,-0.0934302)
(-0.275715,0.131692)
(0.0866725,0.0872464)
(1.10534,-0.327634)
(0.28182,0.159085)
(0.730283,0.0902661)
(-0.141259,0.00591602)
(-0.0358617,0.0285445)
(-0.004105,0.327373)
(0.406463,-0.384465)
(-0.000203974,-0.0393647)
(-0.0281963,-0.0857567)
(-0.186721,-0.0299018)
(0.0380269,-0.202148)
(0.0243577,-0.0892525)
(-0.19,0.0457569)
(-0.130251,-0.253671)
(-0.132079,0.0886979)
(-0.21495,-0.141036)
(0.239165,0.126805)
(0.0677649,-0.00990988)
(0.0198032,-0.0347266)
(0.318808,0.0683304)
(0.117297,-0.0350947)
(0.167653,-0.0371851)
(0.0318299,-0.143189)
(0.130395,-0.146198)
(-0.0464223,-0.0260323)
(-0.0419869,-0.0994447)
(-0.0919759,0.0438737)
(-0.141637,-0.0169206)
(0.130578,-0.102535)
(0.00767972,-0.00942386)
(-0.0818632,-0.0177922)
(0.00152388,0.034079)
(0.0154534,-0.10445)
(0.0475213,0.214534)
(0.0723508,0.159751)
(-0.0574572,-0.0529638)
(-0.0392457,0.0772576)
(0.0505237,0.14282)
(0.0739703,0.0751121)
(0.200579,-0.147886)
(0.203583,0.0320613)
(0.0623905,-0.214416)
(0.00197329,-0.0807117)
(-0.245368,0.0279585)
(-0.0929488,0.311384)
(0.0615541,-0.0592675)
(-0.0480428,0.299047)
(0.251433,0.120391)
(-0.0312825,0.0878158)
(0.0537992,-0.168966)
(0.147996,0.0405723)
(-0.0188386,0.101147)
(-0.0451828,-0.135677)
(0.354194,0.155243)
(-0.0543964,0.0277418)
(0.228364,0.165763)
(0.213875,0.0425033)
(0.00900525,-0.1053)
(-0.0546067,-0.144237)
(-0.10371,-0.141187)
(-0.116678,0.0944012)
(-0.0146814,-0.13975)
(0.172888,-0.0266739)
(0.132532,0.00572573)
(-0.00156312,0.0970716)
(0.0889781,-0.222057)
(-0.168658,0.0794355)
(-0.0425863,-0.0127288)
(0.492728,0.080627)
(-0.0807412,0.180662)
(0.0312105,0.0615652)
(-0.0410956,0.0490594)
(-0.0456255,0.0180112)
(0.00846388,0.061741)
(-0.202527,0.0625729)
(0.223488,0.175859)
(-0.0771797,0.220179)
(0.140935,-0.0422409)
(0.0526714,-0.167013)
(-0.321579,0.0353199)
(-0.0533273,0.140854)
(-0.0637612,0.128068)
(0.304221,-0.0622142)
(-0.144818,0.00722302)
(0.00234641,-0.138556)
(-0.0212618,0.0292763)
(-0.0136062,-0.0787447)
(0.115826,-0.158447)
(-0.0798721,-0.123511)
(0.318009,-0.0625536)
(-0.0404409,0.153953)
(0.0567206,0.140923)
(0.111842,0.12928)
(0.175082,-0.0471)
(0.128393,-0.0330455)
(0.204506,0.0249218)
(0.164833,-0.0738662)
(0.074034,0.149092)
(0.0175367,0.0381894)
(0.191862,-0.0757459)
(0.0296657,-0.0915679)
(-0.205663,0.105256)
(-0.0775232,0.00275025)
(-0.0593194,0.177856)
(0.0377409,0.071505)
(0.457445,0.0653437)
(0.0210708,-0.129863)
(-0.0186525,-0.050813)
(0.12534,0.111554)
(0.645276,-0.40201)
(-0.0807136,0.0188091)
(0.0528719,-0.136013)
(-0.329513,-0.00974588)
(0.0139345,-0.108304)
(-0.147505,-0.0756448)
(-0.396537,-0.0145023)
(0.12481,0.142436)
(0.0963996,-0.443796)
(0.0175742,0.0105762)
(0.00717593,-0.0282102)
(1.00673,-0.0936127)
(0.0291294,-0.107458)
(-0.00634229,-0.0214108)
(-0.155654,0.00999019)
(0.809699,-0.741846)
(-0.11297,-0.0559552)
(-0.0820121,0.0388901)
(0.0045697,-0.0139041)
(0.178359,0.18826)
(-0.0256352,-0.0290917)
(0.214203,-0.0472895)
(0.165467,-0.0702827)
(-0.0460715,0.182646)
(0.147327,-0.0778463)
(0.0581889,0.0958007)
(0.0821792,0.053755)
(-0.18488,-0.0605643)
(0.0598002,0.120876)
(0.238092,0.035832)
(0.0676572,-0.0207672)
(0.0840137,0.343615)
(0.00726033,-0.0233209)
(0.158437,0.181666)
(0.228423,0.161565)
(0.234019,-0.0580415)
(-0.0901457,-0.0698296)
(-0.0315315,0.0752901)
(-0.0116771,0.121458)
(0.86385,-0.494373)
(-0.17945,0.00374333)
(-0.143405,-0.0821656)
(0.0853684,0.118261)
(0.0792622,0.000761457)
(0.165504,0.14789)
(0.167232,-0.0447566)
(0.365648,-0.0942578)
(0.508661,-0.35002)
(0.57313,-0.168022)
(0.0753091,0.0814333)
(0.0242436,0.221223)
(0.839049,-0.168103)
(0.531651,-0.304444)
(0.286873,-0.238969)
(-0.1801,-0.115897)
(-0.309024,-0.0520644)
(0.160807,-0.0123076)
(-0.0941524,0.107656)
(-0.0772337,0.125484)
(0.303215,0.0800858)
(0.276821,-0.105707)
(0.274183,0.091347)
(0.464393,0.00449054)
(0.131259,-0.0818051)
(0.0324715,0.108692)
(-0.0619138,-0.0246757)
(0.00949185,-0.198942)
(-0.0426583,0.0802267)
(0.0335608,-0.183766)
(-0.105296,0.111607)
(0.097961,0.0532044)
(-0.198198,0.0511615)
(-0.08147,-0.0531618)
(0.0435192,-0.0195381)
(0.00917283,-0.00340892)
(0.227734,-0.12254)
(0.176655,-0.1346)
(0.201743,-0.0217252)
(0.577209,0.041991)
(0.110228,-0.13468)
(0.104656,-0.033051)
(0.55117,0.00749124)
(0.196942,-0.00829603)
(0.22619,-0.0818386)
(0.699476,0.018)
(0.130262,-0.0567102)
(0.97455,-0.0234252)
(-0.058903,0.0648808)
(-0.0203742,-0.268276)
(-0.0239171,-0.207482)
(0.285987,-0.0301618)
(0.116696,0.0236062)
(0.226936,0.126)
(0.0283402,-0.0446087)
(0.0429952,0.0143914)
(0.0615156,-0.0776577)
(0.0913037,0.150962)
(-0.0603384,0.0484513)
(0.00585729,-0.0868527)
(-0.0684253,-0.00441347)
(0.0639692,-0.0807542)
(0.146242,-0.289599)
(-0.159361,0.125597)
(0.179761,0.131849)
(0.0589176,-0.0821137)
(0.0257331,-0.0762219)
(0.647559,-0.332964)
(-0.134037,-0.260925)
(0.027638,-0.0964606)
(0.00740814,0.0506427)
(0.0659556,-0.091876)
(-0.0160089,-0.0459714)
(-0.0667149,0.0409785)
(-0.13021,-0.166761)
(-0.0327446,0.0674724)
(0.770658,-0.269347)
(0.105729,0.0235227)
(0.209573,-0.0211028)
(0.0702514,-0.258641)
(0.171523,-0.312254)
(-0.00147451,0.0280417)
(0.153511,0.124713)
(-0.00884181,-0.193304)
(0.306633,-0.0255844)
(0.176987,-0.0370584)
(-0.0311737,-0.0923351)
(-0.0242348,-0.0371149)
(0.045044,-0.0724745)
(0.133903,-0.0390615)
(0.126505,0.014652)
(0.552166,-0.189092)
(0.261398,-0.0173917)
(-0.060175,-0.1445)
(-0.0104392,-0.0260432)
(-0.113072,-0.0458635)
(-0.00857442,-0.123179)
(0.260049,-0.0472025)
(-0.0508892,-0.0515923)
(0.119617,-0.067171)
(0.136719,-0.0283464)
(0.0991988,0.00763955)
(0.592556,-0.332622)
(-0.0451538,0.0663178)
(0.0408254,0.338345)
(-0.123351,0.362959)
(-0.0661759,0.302725)
(0.388096,-0.117352)
(0.167173,0.0082284)
(-0.0118279,0.0349839)
(-0.0616292,0.266543)
(0.311101,0.119265)
(0.244933,0.11532)
(0.246571,-0.0307515)
(0.299016,0.119718)
(-0.00132845,-0.608229)
(-0.0153363,0.0621044)
(-0.102488,0.0108439)
(0.472157,0.134173)
(0.0927571,0.119078)
(0.33869,0.217906)
(0.822102,0.236108)
(0.209244,-0.241687)
(-0.0823683,0.144639)
(-0.142075,0.00496659)
(0.038507,-0.223487)
(-0.0636041,0.0613039)
(0.441882,0.138249)
(0.392277,0.131198)
(0.228325,-0.128728)
(0.547151,0.0276478)
(1.16964,-0.223327)
(-0.138249,0.0318904)
(-0.0127656,-0.0806756)
(-0.207566,0.0868746)
(-0.0643209,-0.373478)
(0.486269,-0.27545)
(0.680055,-0.32577)
(-0.0256743,-0.0794343)
(0.143853,0.0320245)
(0.145891,-0.118018)
(0.268452,0.276632)
(-0.0416939,0.0222832)
(-0.0211789,-0.114673)
(0.194448,0.1733)
(-0.248601,-0.407334)
(-0.0473746,-0.086247)
(0.130818,0.0641358)
(0.488462,0.593333)
(0.659002,0.502984)
(-0.0441811,-0.0166203)
(-0.0713957,-0.0687591)
(0.116214,-0.155142)
(-0.0937552,-0.0614388)
(-0.0752378,0.129645)
(0.00237658,0.0245447)
(0.148141,0.100087)
(0.67017,-0.13356)
(0.852796,-0.100336)
(0.878282,-0.0323866)
(0.834747,0.0172389)
(0.388514,0.129312)
(0.128765,-0.127847)
(0.308831,-0.132862)
(0.311803,-0.0338708)
(0.202892,-0.243909)
(-0.058679,-0.0280729)
(0.0591484,-0.06837)
(0.484464,-0.0528177)
(0.198207,-0.298076)
(0.652535,-0.524866)
(0.718592,-0.376171)
(0.487645,-0.202225)
(0.00935421,0.0774646)
(0.726672,-0.298509)
(-0.177738,0.345697)
(-0.107615,-0.09347)
(-0.0278722,0.104388)
(-0.145711,-0.121396)
(-0.018038,-0.306892)
(-0.132895,-0.0302899)
(-0.124359,-0.154117)
(-0.0915986,0.027969)
(0.152989,0.0348527)
(0.329209,-0.16514)
(-0.00592899,0.119053)
(0.772841,-0.300382)
(0.491385,-0.063657)
(0.41487,-0.228617)
(0.0163385,-0.0248612)
(-0.187851,0.168429)
(-0.0696609,0.159973)
(0.443875,-0.643896)
(-0.11951,-0.03345)
(0.00944448,-0.0253822)
(0.242671,-0.39912)
(0.220227,-0.0705195)
(0.488422,-0.281873)
(0.756913,0.252475)
(0.897994,-0.452562)
(0.454951,0.0556152)
(-0.00155299,-0.122327)
(0.0617472,-0.0177418)
(-0.093269,-0.0160258)
(0.114167,-0.0896532)
(0.0924092,-0.0341206)
(-0.0593918,0.167513)
(0.0253647,-0.113154)
(0.30268,-0.00868294)
(0.381712,-0.106282)
(-0.187133,-0.180797)
(0.206639,0.0609328)
(0.0562956,-0.190355)
(0.514088,-0.0327253)
(1.25583,0.102026)
(0.156595,-0.222173)
(0.0851982,0.221629)
(-0.0557842,0.302109)
(-0.17169,0.0214276)
(0.370265,-0.141589)
(-0.0846506,0.154758)
(0.402863,-0.213109)
(-0.124401,-0.133681)
(0.251212,0.159053)
(-0.116313,-0.127855)
(0.689059,-0.186703)
(-0.0337639,-0.0745953)
(0.0326789,-0.0157648)
(0.166456,0.0711438)
(-0.0413986,-0.101975)
(-0.189917,-0.19232)
(0.0430214,-0.0566108)
(0.388147,-0.125939)
(-0.224469,0.110658)
(-0.0114188,-0.119066)
(0.966403,-0.212272)
(0.256558,0.141066)
(0.527995,-0.17847)
(-0.0579285,-0.049503)
(0.506196,-0.208494)
(0.0912871,-0.111944)
(0.157821,0.0580539)
(0.183945,-0.0149775)
(-0.0992069,0.0717501)
(-0.0492273,-0.21547)
(-0.013097,-0.0510274)
(0.134847,-0.206891)
(0.580123,0.0954128)
(-0.0883485,0.0782051)
(0.725941,0.0331156)
(0.325061,-0.255389)
(0.423732,-0.250923)
(0.0748726,-0.121076)
(0.0917786,-0.124529)
(0.0929696,-0.126298)
(0.694288,-0.378037)
(0.0209127,0.0178857)
(0.663243,-0.258339)
(0.351789,-0.146408)
(0.046323,0.076097)
(0.20326,0.107451)
(0.364638,0.114296)
(0.0756199,0.0645529)
(0.244499,0.0169709)
(0.0581426,0.296661)
(0.285486,-0.303377)
(-0.076193,-0.241269)
(0.242493,-0.185885)
(0.356114,-0.180818)
(-0.303363,-0.152717)
(-0.179829,-0.0729549)
(0.348193,-0.305583)
(0.413004,-0.203936)
(-0.114543,-0.112576)
(0.353009,-0.139466)
(-0.087102,0.0867658)
(0.38972,-0.302421)
(-0.0558737,0.202614)
(0.193535,0.0348597)
(0.113484,0.0906362)
(0.0260849,0.0635816)
(-0.00638906,0.18192)
(0.0514018,0.142045)
(0.0563847,-0.188928)
(-0.141807,-0.143952)
(0.0403638,-0.285672)
(0.0864675,-0.0484773)
(0.0119361,0.0995436)
(-0.160133,-0.132168)
(0.130155,0.12436)
(0.15006,-0.0234102)
(-0.121149,0.245561)
(0.134139,0.0672589)
(0.697574,-0.431425)
(0.234526,-0.100988)
(0.165848,-0.299045)
(0.0994909,-0.301442)
(0.88072,-0.261007)
(0.0340413,0.0652871)
(0.0906894,0.0120274)
(0.124657,0.0658628)
(0.0983979,-0.166477)
(0.0182581,0.0613557)
(0.214274,-0.0954268)
(0.219154,-0.2488)
(0.696118,-0.195395)
(0.236658,-0.387287)
(-0.257704,-0.0858697)
(0.297342,0.0552521)
(0.411931,-0.518017)
(-0.0116863,0.141208)
(0.175139,-0.0210606)
(0.24657,0.0315501)
(-0.0482643,-0.0449388)
(-0.0601698,-0.157936)
(0.351596,-0.151786)
(0.0568833,-0.0262875)
(0.0126628,-0.274467)
(-0.19098,-0.125611)
(-0.131331,-0.125811)
(0.41868,-0.215396)
(-0.242356,-0.105286)
(0.0177437,0.15761)
(0.680031,-0.168548)
(-0.129746,-0.026215)
(-0.217395,0.0668356)
(-0.191671,0.0510163)
(0.496694,-0.123141)
(-0.181023,0.17524)
(0.951095,-0.10174)
(-0.20096,0.181135)
(-0.0064718,0.0251539)
(0.117585,0.0515389)
(0.0537553,0.0954498)
(0.0375162,0.235564)
(-0.0133673,-0.203832)
(0.0129597,-0.135422)
(0.0773411,-0.0537154)
(-0.145094,0.122243)
(0.500767,-0.0693722)
(-0.0698636,-0.0023368)
(-0.0405486,0.167064)
(0.741558,-0.0964352)
(-0.0231517,0.0479686)
(0.0988028,0.316489)
(-0.278162,0.165935)
(-0.121717,0.344057)
(-0.0303186,0.175941)
(0.155584,0.0206051)
(-0.158402,-0.0109913)
(0.105219,-0.0408004)
(-0.0178726,-0.148575)
(-0.0618217,-0.0300984)
(-0.00675976,0.0201187)
(0.772756,-0.0312639)
(0.193912,0.28967)
(-0.247511,-0.147716)
(0.708778,-0.200422)
(0.980068,-0.247639)
(-0.0427734,0.407572)
(0.245086,-0.0888126)
(0.320611,-0.29942)
(0.521957,-0.208609)
(0.000388294,0.433)
(0.0568682,-0.0116328)
(0.0333277,-0.102279)
(-0.0639136,-0.0166593)
(0.170529,-0.0914399)
(-0.0378341,0.128014)
(0.0857604,-0.00767579)
(-0.0705028,0.0227104)
(0.0786572,-0.0491149)
(0.207965,0.0928426)
(0.29957,-0.198587)
(0.381785,-0.147651)
(0.0885922,0.0158759)
(0.235779,-0.00530479)
(0.274208,-0.0705524)
(0.437563,-0.202905)
(0.0137811,-0.0621261)
(0.496774,-0.166981)
(0.0455026,0.129522)
(0.0211737,-0.00949064)
(0.0835689,-0.0720959)
(0.40229,0.127287)
(0.163243,0.175026)
(0.650148,-0.246755)
(0.613498,0.220718)
(0.104139,-0.0156068)
(-0.0805203,0.0350896)
(0.0180102,0.0675201)
(-0.0403805,0.125983)
(-0.0967498,-0.0315534)
(-0.0717187,0.0226788)
(0.292997,-0.465845)
(0.358734,-0.320252)
(0.0503777,0.0534192)
(-0.0438451,0.253879)
(-0.0515097,-0.0834691)
(0.113104,0.114685)
(0.118689,0.135849)
(0.0423086,0.0323296)
(0.32009,-0.436729)
(0.614402,-0.0530268)
(0.556639,0.210649)
(-0.0414798,0.184541)
(0.510509,-0.281652)
(0.10778,-0.0281693)
(-0.0134271,-0.0498265)
(0.0555702,-0.017821)
(-0.15116,0.0763596)
(-0.0243423,-0.0458284)
(0.173573,0.125336)
(0.196435,-0.112334)
(0.655635,0.00132715)
(-0.0549931,-0.122075)
(0.174609,0.0275754)
(0.132041,-0.0853254)
(0.0727184,0.00426603)
(0.460919,-0.283499)
(0.332793,-0.197204)
(-0.0908211,-0.127572)
(0.200989,-0.657754)
(0.469521,-0.246593)
(0.666167,-0.509839)
(0.322146,-0.556274)
(0.151202,0.141424)
(0.184769,-0.0186096)
(0.292951,0.0362992)
(0.270296,-0.116305)
(0.0439169,0.0138692)
(-0.210579,-0.0124956)
(-0.0991322,0.212577)
(1.00953,-0.100952)
(-0.320434,-0.122045)
(0.061523,-0.0581824)
(0.0899681,-0.00258303)
(0.041157,0.0950393)
(0.498072,-0.107188)
(-0.198917,0.260225)
(0.535778,0.059496)
(-0.236568,0.150215)
(0.10194,-0.0347396)
(0.235864,-0.0272953)
(0.183774,-0.0970868)
(0.177896,-0.153227)
(-0.256364,0.0522134)
(0.034152,0.2107)
(0.762718,0.435746)
(-0.104489,-0.0958297)
(0.0592549,-0.042066)
(-0.0529117,0.0490831)
(0.0192052,-0.0710933)
(-0.139759,0.0157914)
(-0.251426,-0.0639909)
(0.948971,-0.199149)
(0.547326,0.546179)
(0.934849,-0.305467)
(-0.148141,0.0971555)
(0.317431,0.211572)
(0.0389654,-0.264677)
(0.375785,0.241839)
(-0.000617935,-0.00516608)
(-0.0294625,0.0856177)
(0.0139359,-0.00927769)
(0.581639,-0.191067)
(0.727909,-0.360966)
(0.177411,-0.18267)
(0.12157,-0.378661)
(0.490586,0.340749)
(0.0134569,0.146565)
(0.607802,-0.0772381)
(0.123509,-0.0723407)
(-0.0816325,0.08551)
(0.976618,-0.284179)
(0.743425,-0.062308)
(-0.157668,-0.0570198)
(0.110611,0.349618)
(0.354236,-0.0736708)
(-0.0854716,-0.0537027)
(0.0690299,0.233401)
(0.444894,-0.181805)
(0.231617,-0.405587)
(0.0335362,-0.019178)
(-0.143513,-0.217239)
(0.0410906,-0.11074)
(-0.178675,0.0515234)
(0.0954149,-0.0778722)
(0.187617,0.0750606)
(0.0738242,-0.00283313)
(0.400383,0.0387844)
(0.105264,-0.00641156)
(0.239923,0.0321992)
(-0.0122294,-0.0637003)
(0.102511,0.0376196)
(0.0661057,-0.0479373)
(-0.07104,0.0142877)
(0.0216736,0.00301241)
(0.00567629,0.0585254)
(-0.142929,0.0677958)
(-0.027322,-0.0426462)
(0.000291353,0.107013)
(0.474981,-0.0909767)
(0.180089,-0.0281451)
(0.41557,-0.105221)
(-0.0728426,0.0253854)
(-0.0444453,-0.303817)
(0.277662,-0.0643752)
(0.226149,-0.296677)
(0.231411,-0.206283)
(-0.13435,-0.150896)
(0.138572,0.0674732)
(-0.0292159,0.0384063)
(-0.02407,0.122068)
(0.0398011,-0.051417)
(-0.109364,0.0429535)
(0.114231,-0.38402)
(-0.017793,-0.0622296)
(0.176557,-0.454776)
(0.0668141,-0.0560216)
(-0.0746461,-0.0419338)
(-0.0115287,-0.361924)
(0.027046,0.214814)
(0.0833893,0.106043)
(0.0150044,0.212775)
(0.137189,-0.118097)
(0.127937,-0.118301)
(-0.000162932,-0.105584)
(0.124243,0.0108472)
(0.0141251,0.102162)
(0.800286,0.102661)
(-0.132595,0.108691)
(0.846763,0.0676915)
(-0.106442,0.146013)
(0.054968,-0.139047)
(0.0893366,0.207744)
(0.257665,0.212712)
(0.0886002,0.2201)
(0.0382559,-0.0504562)
(-0.0481128,-0.162166)
(0.16848,0.01631)
(-0.0822649,-0.126862)
(-0.0727825,-0.0677486)
(0.686125,-0.14718)
(0.648322,-0.151825)
(0.0225807,0.0395944)
(0.612485,-0.353694)
(0.441963,-0.118548)
(0.978419,-0.210677)
(0.13832,0.0438497)
(0.1681,-0.0284801)
(0.706636,-0.236801)
(0.284584,-0.0945264)
(-0.037033,-0.159467)
(0.0873469,-0.043456)
(0.127021,-0.0676011)
(-0.0117672,-0.107655)
(-0.0888202,-0.0747837)
(0.26296,-0.119829)
(0.370961,-0.312868)
(0.0995175,-0.153255)
(0.0872,-0.303808)
(0.141393,-0.182827)
(0.0809162,-0.112697)
(0.0619153,-0.260599)
(0.114477,-0.0517165)
