1620
(-0.281913,-0.225643)
(0.209984,-0.0366271)
(-0.0776591,-0.0327957)
(-0.0251638,0.0414741)
(-0.0294728,0.0431665)
(-0.164348,0.00935954)
(0.27252,-0.11499)
(0.0531464,-0.298004)
(-0.176545,0.028864)
(0.199258,0.0283442)
(0.151902,0.0441893)
(0.126662,-0.0347166)
(-0.0194238,0.0761716)
(0.05103,0.0839895)
(0.0470107,-0.134783)
(-0.0463944,-0.0601295)
(0.0645011,-0.1786)
(-0.119455,-0.00915002)
(0.140451,-0.0503584)
(-0.153075,0.0566415)
(-0.0353103,-0.00391624)
(-0.0859939,0.160427)
(-0.225117,0.0546823)
(0.0511604,0.0747707)
(-0.0741378,0.100049)
(-0.00263357,0.305187)
(-0.0577223,0.259765)
(0.205358,-0.239325)
(-0.113952,0.0794324)
(0.169552,-0.131964)
(0.0851246,-0.0907906)
(-0.153829,0.133983)
(-0.0217859,-0.172553)
(0.0528673,-0.112928)
(0.0661655,-0.0789967)
(0.161776,0.0730534)
(-0.0214258,-0.129279)
(0.255453,0.0223229)
(0.123359,-0.0780971)
(0.187578,0.127192)
(-0.180971,0.10562)
(0.253537,-0.092464)
(0.118269,0.0979547)
(0.157879,-0.0438707)
(0.0319893,-0.209103)
(0.370334,0.011329)
(0.417206,0.0997605)
(-0.104879,-0.149558)
(-0.0424438,-0.0539243)
(-0.15453,-0.12569)
(0.0384564,-0.00799381)
(-0.158403,0.0938708)
(0.143526,-0.023798)
(0.134701,0.113132)
(-0.023821,0.249928)
(0.0739079,0.238513)
(-0.154103,-0.240516)
(-0.18103,0.0122453)
(0.0147575,-0.0522169)
(0.0727205,0.0827473)
(-0.048806,-0.151646)
(-0.0989741,-0.361583)
(0.017836,0.0398083)
(0.189707,-0.335905)
(-0.0393629,0.0939687)
(0.164565,-0.0966214)
(0.00461428,0.0680019)
(0.114149,0.086448)
(0.0404981,-0.379242)
(-0.0136053,0.0625689)
(-0.0143923,0.307443)
(-0.0664588,0.0827712)
(0.160934,0.046659)
(0.105592,0.233736)
(0.226938,0.12122)
(0.204766,0.17187)
(-0.000657142,0.155489)
(0.0860251,-0.00484946)
(-0.157338,-0.100689)
(0.369321,-0.128942)
(-0.0745145,0.0782889)
(-0.193081,0.198324)
(0.0237779,0.0890686)
(0.0697918,-0.136968)
(-0.133673,0.139084)
(-0.114292,0.112058)
(0.108024,-0.274407)
(-0.0748221,0.0858245)
(-0.0618077,0.114878)
(0.0925433,0.0167871)
(0.131499,-0.215405)
(-0.0153902,0.0245835)
(0.430442,-0.495583)
(0.190133,0.249536)
(-0.0126749,0.245325)
(0.322829,-0.343622)
(-0.0171707,0.0495513)
(0.567453,-0.160167)
(0.167091,-0.280597)
(0.0630219,-0.326832)
(-0.0271808,0.0361558)
(-0.0177941,-0.181808)
(-0.168555,0.0901055)
(-0.185076,0.186021)
(-0.0162058,0.13701)
(0.0979942,-0.41445)
(0.00404366,0.0518464)
(-0.116435,-0.136492)
(0.0163816,-0.116042)
(-0.0460036,0.0276619)
(-0.0161063,-0.0724067)
(1.08509,0.450992)
(0.269163,-0.21669)
(-0.010338,-0.0555366)
(0.0725674,-0.0772602)
(0.032626,0.351804)
(0.0902152,0.233082)
(0.902424,0.183485)
(-0.00616742,0.0223016)
(0.244805,-0.0411177)
(0.0880393,-0.150035)
(0.0356589,-0.0293416)
(0.853259,-0.0545453)
(0.334296,-0.475362)
(0.660355,-0.260353)
(0.00442075,-0.139125)
(-0.236957,-0.0906002)
(-0.300473,-0.110902)
(0.345382,0.187294)
(-0.183775,0.0183064)
(-0.161691,-0.301722)
(0.0434457,-0.226636)
(-0.00208941,-0.114941)
(-0.0475811,-0.0546575)
(-0.00396667,-0.013739)
(-0.0670703,-0.056518)
(-0.265548,0.270777)
(0.0615133,-0.052769)
(0.240517,-0.268836)
(-0.231239,0.134059)
(-0.154004,0.319377)
(0.0799589,0.0288397)
(-0.0848862,0.0101545)
(0.211612,-0.172)
(0.124124,-0.00463946)
(0.066803,-0.0296634)
(0.0196375,0.0731406)
(0.769541,0.026269)
(0.853946,-0.0415572)
(-0.199763,0.0401816)
(0.807482,-0.0318188)
(0.04031,-0.016177)
(0.464441,0.399504)
(0.56978,-0.318067)
(0.40936,-0.0923087)
(0.148703,0.0254531)
(0.122576,0.0308019)
(-0.0525369,-0.0940583)
(0.401455,-0.419376)
(-0.233291,-0.0728751)
(-0.168311,-0.0363652)
(0.258128,-0.100983)
(0.17433,-0.119172)
(-0.162453,-0.00666981)
(-0.0912612,-0.0367733)
(-0.154998,-0.160833)
(0.0209495,-0.186493)
(-0.0284326,-0.16107)
(-0.0240893,-0.131979)
(-0.095169,-0.0561076)
(0.03775,-0.176061)
(0.0986364,-0.138645)
(0.327628,-0.464938)
(0.342165,-0.423289)
(0.682045,-0.157004)
(0.805299,0.26947)
(-0.330508,-0.0483651)
(-0.272837,-0.289188)
(-0.184184,0.223705)
(-0.00766894,0.244802)
(-0.166306,-0.178096)
(-0.12806,-0.0409876)
(-0.1138,-0.100168)
(-0.0144026,0.220395)
(-0.00772982,0.283023)
(-0.0434142,-0.163285)
(-0.100729,-0.211062)
(0.195446,0.124503)
(-0.050159,0.102802)
(0.707848,-0.452551)
(0.343609,-0.551891)
(0.516019,0.247913)
(0.900175,0.285699)
(-0.0454561,-0.181682)
(-0.139134,-0.0865055)
(-0.0885452,0.0846858)
(-0.243597,0.0978713)
(-0.0580551,-0.0307753)
(-0.158981,-0.25802)
(0.152474,0.286173)
(0.0345989,-0.190004)
(-0.0596814,-0.209073)
(-0.0883826,-0.210838)
(0.0312635,-0.137611)
(-0.0303696,-0.0976615)
(0.0387514,-0.0305517)
(-0.000407242,-0.27375)
(0.225097,-0.232669)
(0.20011,0.0442032)
(0.590878,-0.030899)
(0.0482181,0.0352132)
(0.14373,-0.582549)
(0.47523,-0.306349)
(0.0150886,-0.000547624)
(0.046547,-0.100637)
(-0.176962,0.156549)
(-0.0982415,-0.0429824)
(0.296746,-0.41267)
(0.741671,-0.191099)
(-0.0112043,-0.353052)
(0.043847,-0.0783719)
(-0.0454794,-0.0561118)
(-0.169339,-0.0296372)
(0.64963,0.518076)
(-0.0175205,0.272923)
(-0.0141988,0.130436)
(0.963468,0.0132884)
(-0.0244565,-0.214672)
(-0.235229,0.0345895)
(0.232705,-0.157934)
(0.101032,-0.285266)
(0.344855,-0.0539698)
(0.255587,-0.0977873)
(0.15969,-0.44137)
(0.173006,-0.487669)
(0.0497498,-0.000923089)
(-0.0649109,-0.0275318)
(0.0490771,-0.0962974)
(-0.0705082,-0.220749)
(0.0172816,-0.020175)
(0.124629,0.106787)
(-0.182096,-0.00909734)
(0.107049,0.0478931)
(0.109407,0.03048)
(-0.0899522,-0.176954)
(0.0894783,0.0343768)
(0.30913,0.109447)
(0.0141779,-0.13032)
(-0.0585954,0.105246)
(-0.0263194,0.110335)
(0.00540358,-0.307837)
(0.00865225,-0.147812)
(0.00492341,-0.121021)
(0.0308418,-0.0336948)
(-0.0633715,-0.102035)
(-0.0185981,0.0736881)
(-0.151668,-0.122121)
(0.0792134,-0.171367)
(0.177445,0.115452)
(0.0799362,0.0830124)
(-0.0444685,-0.0364409)
(0.0216146,0.0695635)
(0.152742,-0.0581936)
(-0.0102915,-0.0715561)
(0.932339,-0.234024)
(-0.0846146,-0.100377)
(-0.0553272,0.0187706)
(0.10378,0.106728)
(-0.0451543,-0.0480977)
(0.0394882,0.0732512)
(0.125088,-0.0731331)
(-0.0221957,-0.0318569)
(0.129925,0.0659416)
(0.129915,-0.20712)
(0.00824531,-0.125971)
(0.601692,-0.22346)
(-0.0327495,-0.0326703)
(0.191385,-0.101309)
(-0.0971173,0.175602)
(-0.0735772,0.0241352)
(0.0266204,0.014346)
(-0.0395046,0.0836274)
(0.0913088,-0.140716)
(0.00309532,-0.187274)
(-0.0393407,0.0184014)
(0.00530567,-0.0440756)
(-0.0126981,-0.0278228)
(0.00154334,0.134042)
(-0.0697699,0.298499)
(0.0921792,0.0163399)
(-0.116471,0.0668687)
(0.0190399,-0.00324234)
(-0.109723,-0.131348)
(0.016415,-0.0164173)
(0.1062,-0.0708888)
(0.0498988,0.102235)
(0.0771495,-0.0865501)
(0.122128,0.271855)
(-0.0814158,0.0351795)
(0.117439,0.30163)
(0.136544,0.142431)
(0.0801832,-0.0262117)
(0.0718855,-0.0280303)
(0.135337,0.0147707)
(0.0589985,0.0755966)
(0.0493525,0.0228428)
(0.0334666,-0.148035)
(0.65469,-0.0495265)
(0.0493722,0.119093)
(-0.0256538,0.112413)
(-0.0793575,-0.0478251)
(0.0637817,-0.0221092)
(0.119208,-0.0142478)
(-0.237895,0.00801517)
(-0.177776,0.113217)
(-0.0353561,0.0621246)
(-0.28661,-0.115695)
(-0.253148,0.0360502)
(0.076106,0.0470908)
(0.494537,-0.0265156)
(-0.107661,-0.207252)
(-0.00477219,-0.0615704)
(-0.0463238,-0.201347)
(-0.235351,0.0820006)
(-0.26608,0.0636105)
(-0.0552278,-0.00854097)
(0.116702,0.0164927)
(-0.0231608,0.0765687)
(0.0669341,-0.131513)
(-0.127349,-0.26756)
(0.058538,-0.17797)
(-0.256638,-0.106953)
(-0.168158,0.130239)
(0.0276905,0.0665494)
(0.111286,0.0492524)
(0.509843,-0.167275)
(-0.0599764,-0.215478)
(0.0163812,-0.0843167)
(0.123058,-0.0483947)
(0.15384,-0.024826)
(0.0134245,0.086981)
(-0.206038,-0.0806104)
(0.0566407,-0.0106922)
(0.175505,-0.102736)
(0.14682,-0.0146253)
(-0.0407862,-0.072595)
(-0.113102,0.00315164)
(-0.0355699,0.0568908)
(-0.146878,0.2137)
(0.088964,-0.104998)
(0.0420375,-0.346376)
(0.273839,-0.138355)
(0.0461514,0.037388)
(-0.045023,0.0698253)
(0.285483,-0.194813)
(-0.0845453,0.0863888)
(0.13752,0.00159352)
(0.152223,0.0779954)
(-0.0487016,-0.0249616)
(0.0389631,-0.0503062)
(0.181494,-0.0189876)
(0.200301,-0.109557)
(-0.129264,-0.088979)
(-0.0639511,-2.88274e-05)
(0.0518126,-0.0482156)
(-0.0571757,-0.0568013)
(0.592304,-0.0313379)
(-0.150466,-0.0043798)
(0.0255685,-0.124833)
(0.161578,-0.0932561)
(0.187335,0.0523332)
(0.132091,0.14556)
(0.0783803,0.0192188)
(0.0300926,-0.0187575)
(0.68777,-0.0716209)
(0.63135,-0.0747542)
(0.116525,0.0246463)
(0.144542,-0.132035)
(-0.109708,0.118392)
(0.136528,-0.0565026)
(-0.23255,0.11293)
(0.236041,-0.279976)
(0.518524,-0.484515)
(0.114501,0.0160739)
(-0.0897344,0.0121004)
(0.176799,-0.0577405)
(0.167518,0.0817801)
(0.144402,0.0453669)
(0.00658331,0.0981442)
(0.0258897,0.00890877)
(-0.0391311,-0.106586)
(-0.061624,0.0792728)
(-0.311062,-0.035219)
(-0.112775,0.0758741)
(0.200546,0.0595383)
(0.208235,-0.0058064)
(-0.10264,-0.0615282)
(-0.0609282,0.15505)
(-0.00979315,0.0415716)
(-0.046333,0.22702)
(0.0383931,0.326376)
(-0.0186417,-0.0681729)
(0.281846,-0.00465725)
(0.151412,0.283593)
(-0.0699083,0.146254)
(0.136816,0.0380183)
(-0.152368,-0.277112)
(-0.103075,-0.205049)
(0.202242,0.11367)
(-0.0549038,0.153488)
(0.188612,-0.0694974)
(0.206524,0.116753)
(0.273765,0.0931399)
(-0.0195203,-0.0344789)
(0.716391,0.00379752)
(0.0740005,0.13972)
(-0.13481,0.0827883)
(-0.0143674,-0.00339313)
(0.123642,-0.172786)
(0.156257,-0.00432307)
(0.123579,-0.108722)
(-0.0487522,-0.0652908)
(0.0579879,-0.0313224)
(0.0371552,-0.200857)
(-0.0136671,0.111365)
(-0.117875,-0.0339354)
(0.650331,-0.186938)
(0.0196161,-0.10142)
(-0.0541009,0.337596)
(-0.00996274,0.12851)
(-0.0632037,-0.145104)
(-0.00392016,0.0113347)
(0.108793,0.0328567)
(0.344302,0.212366)
(0.0400782,-0.0756676)
(-0.151766,0.112329)
(0.0870037,-0.0187491)
(0.0465762,0.0268934)
(0.00861027,-0.103555)
(-0.265398,0.127358)
(0.159338,0.00755579)
(0.0604439,0.0112903)
(0.1249,-0.0210476)
(0.0549731,-0.0676047)
(0.0503474,-0.122683)
(-0.243102,0.0489905)
(0.0423681,-0.123205)
(0.162885,0.174439)
(0.0438556,0.0693784)
(0.186885,-0.0884731)
(0.179536,0.0926155)
(0.0260364,0.0867784)
(-0.0832358,0.194268)
(0.0350167,-0.0138245)
(0.0264976,0.0303532)
(-0.111931,-0.00873691)
(0.112134,0.0321753)
(0.024515,-0.058755)
(0.0351355,-0.126347)
(0.0692714,0.255532)
(-0.111661,-0.0300556)
(0.0135751,-0.0570597)
(0.043007,-0.00145977)
(0.0735525,0.133921)
(0.0713984,-0.036975)
(0.0395143,-0.0152864)
(-0.0783823,-0.128372)
(0.0497183,0.157656)
(0.246243,-0.539479)
(-0.413756,-0.00970891)
(0.834171,-0.197722)
(-0.111437,-0.163148)
(0.0393521,-0.157626)
(-0.102971,-0.120718)
(-0.0329782,-0.0605163)
(0.00967543,0.188262)
(-0.0738762,-0.0864208)
(0.109514,-0.0193751)
(0.095029,0.103036)
(-0.0215345,0.114469)
(-0.0585479,0.0827341)
(0.0834377,-0.273552)
(-0.158861,0.0116473)
(0.17024,0.149634)
(0.0841652,0.0802134)
(0.0748801,0.298658)
(-0.0753447,0.121168)
(0.285058,-0.296701)
(-0.0102267,-0.197725)
(-0.101788,-0.192658)
(-0.198339,-0.475084)
(-0.050536,0.0341314)
(0.0426408,-0.160458)
(0.0931052,-0.0280111)
(0.0784747,-0.0746261)
(0.382971,-0.243517)
(0.301732,-0.0364512)
(0.330739,0.0272292)
(-0.206816,0.312152)
(-0.137435,-0.150194)
(-0.0810532,0.0115178)
(-0.161161,-0.043315)
(0.0166486,0.0574223)
(0.103083,0.162876)
(0.181617,-0.317071)
(0.115907,-0.284968)
(0.0398006,-0.0904076)
(-0.00586614,-0.0402567)
(0.168945,0.0222872)
(-0.0162373,0.174979)
(0.0363703,0.0945308)
(-0.0570582,0.267727)
(-0.000576534,0.267467)
(-0.149728,0.034776)
(0.0874673,0.0481481)
(0.0835374,0.0184083)
(0.16666,0.125388)
(0.0655561,0.146918)
(0.0698198,0.159801)
(0.106158,-0.0276863)
(0.306761,0.322541)
(0.16654,0.0136266)
(0.0527807,0.247726)
(-0.162466,-0.284173)
(-0.127488,0.219188)
(-0.239435,-0.180718)
(-0.276207,0.0744345)
(-0.233816,-0.138753)
(-0.0649571,0.0335458)
(-0.0330905,0.0167555)
(-0.235897,0.102912)
(0.0219624,-0.0220182)
(0.596498,-0.114705)
(-0.0570784,-0.0808722)
(-0.0850121,-0.315168)
(0.0267582,0.0784771)
(0.180732,0.161116)
(-0.0930932,0.2768)
(-0.106868,0.114424)
(0.10019,-0.00247887)
(-0.114327,0.100916)
(0.0592675,0.0346561)
(-0.0779836,-0.103943)
(-0.134615,0.0695086)
(0.13376,-0.145935)
(0.0663059,-0.0922518)
(-0.137598,0.140975)
(0.0181264,-0.153982)
(-0.0614689,0.198025)
(-0.14782,-0.0214353)
(-0.050498,-0.0196134)
(0.0290331,0.0413581)
(-0.034992,-0.0281376)
(-0.111514,0.217824)
(0.21349,0.0394694)
(0.00414288,-0.0341414)
(0.0601854,-0.138038)
(-0.0336247,-0.0377085)
(-0.065198,-0.0909604)
(0.013324,-0.106005)
(0.0952866,0.0459018)
(0.469405,-0.0485631)
(0.120874,0.0489437)
(-0.167814,0.12162)
(-0.0834917,0.017813)
(-0.179439,0.0429109)
(0.173905,0.0867742)
(-0.155785,-0.149242)
(0.492664,-0.099412)
(0.810148,-0.481505)
(-0.0329322,-0.0968537)
(0.164296,0.106483)
(-0.0976882,-0.0116213)
(0.416999,-0.0840651)
(0.0297234,-0.0881325)
(0.0642726,-0.158414)
(-0.116543,0.0868678)
(-0.0292276,0.139751)
(-0.0726323,0.194309)
(-0.00561982,0.191098)
(0.0504792,-0.0949077)
(0.0313039,0.253727)
(-0.228714,0.199938)
(-0.206106,-0.0629607)
(0.245382,0.0148692)
(0.181355,-0.076067)
(0.0370204,-0.326908)
(-0.292683,0.0012422)
(0.174863,-0.0425018)
(0.326615,0.296925)
(0.3909,-0.012784)
(0.161001,0.203323)
(0.0216273,0.0427547)
(0.0951845,-0.294506)
(-0.00472035,-0.0585029)
(0.0900875,-0.164415)
(-0.0220234,-0.111913)
(0.0523095,-0.147959)
(-0.00856286,-0.0654551)
(-0.353512,0.0581496)
(-0.134216,0.086813)
(0.293219,-0.0308851)
(0.479399,-0.0382668)
(-0.185048,-0.297969)
(0.0193281,-0.240273)
(0.0888666,-0.0835453)
(0.229577,-0.0745218)
(0.179691,0.0944043)
(0.0938884,0.146246)
(-0.374427,0.197548)
(0.169544,-0.035933)
(-0.000901377,0.125048)
(-0.152183,0.328668)
(-0.0859518,0.125212)
(0.136203,0.192691)
(0.118166,-0.144435)
(-0.0761132,-0.182243)
(-0.00184538,0.271892)
(-0.024809,-0.156078)
(0.000639513,-0.0193818)
(0.106467,0.241637)
(0.346285,-0.0697077)
(-0.00363003,-0.156099)
(0.140548,-0.00556226)
(-0.148595,-0.107954)
(-0.217222,0.0835189)
(-0.0531541,0.192281)
(0.138398,-0.175937)
(-0.0173739,-0.286901)
(0.0806881,-0.0669319)
(0.152136,0.103841)
(0.0688514,0.120245)
(0.0337321,-0.0716836)
(0.0208799,-0.103319)
(-0.0886748,0.109139)
(-0.00878012,-0.0130244)
(-0.193874,-0.0298124)
(-0.00748253,0.0507688)
(0.0358072,0.155279)
(0.157943,0.142723)
(0.052967,-0.187707)
(-0.106072,0.216326)
(-0.319147,0.0500705)
(-0.307614,0.226753)
(0.0051719,0.0721473)
(0.00686481,0.161398)
(-0.118824,-0.0250072)
(0.17156,0.0311793)
(-0.0725698,-0.0479468)
(0.0471062,0.115782)
(-0.0581556,0.226694)
(-0.0430227,0.170316)
(-0.159817,0.0341861)
(0.14174,-0.011051)
(0.147672,0.248634)
(0.117584,0.0318948)
(0.0674683,0.0945475)
(0.00708286,-0.331273)
(0.0427619,-0.172819)
(0.0636736,0.00191696)
(0.0636675,0.0900366)
(-0.0250333,0.0928975)
(-0.236401,0.0339154)
(-0.337476,0.0468206)
(-0.0648916,0.0645928)
(0.0479584,-0.400744)
(0.0966764,-0.161908)
(0.175213,-0.155738)
(0.103444,-0.0519428)
(-0.137248,-0.030118)
(0.0182489,-0.0173032)
(-0.10166,0.241727)
(0.0231985,-0.0898752)
(-0.105949,0.0106927)
(-0.165357,-0.000428779)
(0.0430941,-0.0189007)
(0.0358498,-0.129774)
(-0.171817,0.0813506)
(-0.00897902,0.0465854)
(0.00819406,0.100771)
(0.0149802,0.196387)
(-0.0854133,0.264635)
(0.10208,0.144461)
(-0.136805,-0.0649942)
(-0.146701,-0.0317594)
(0.123409,0.141702)
(0.145681,0.06479)
(-0.0841815,0.0785051)
(-0.152362,-0.0730129)
(0.00675329,0.00659616)
(0.206507,0.00233625)
(-0.0168437,0.0321964)
(0.310763,-0.140286)
(0.297553,-0.017718)
(-0.0787769,-0.0345295)
(-0.119833,0.0125722)
(-0.125487,0.00289821)
(-0.0680679,-0.116248)
(0.19034,0.13135)
(-0.0788693,0.188578)
(0.0492853,0.344164)
(0.099636,0.0629587)
(-0.0504689,0.137956)
(-0.116945,-0.127496)
(-0.125847,-0.0282051)
(-0.0664514,0.242119)
(0.00729635,0.175479)
(0.100283,0.0906567)
(-0.0890584,0.36876)
(0.0314144,-0.0490879)
(0.319977,0.0805708)
(-0.0463703,-0.311904)
(0.0811378,0.348484)
(-0.111787,-0.233771)
(0.143724,0.151807)
(0.202067,0.16168)
(0.156299,-0.12609)
(0.321436,0.215266)
(0.514265,-0.028583)
(-0.103275,-0.315239)
(-0.114348,0.0621763)
(-0.194115,-0.393437)
(0.138113,0.0203625)
(0.462336,-0.133977)
(0.241936,0.0812407)
(0.117154,-0.0657993)
(0.512546,-0.191111)
(1.20938,-0.125279)
(0.848809,-0.0737416)
(-0.16467,-0.118046)
(-0.296826,0.0262415)
(0.136226,0.0815731)
(-0.0467245,0.0389413)
(0.270475,0.301292)
(0.0783632,-0.158827)
(0.055705,-0.0752796)
(0.121999,0.112134)
(0.0885099,-0.0431809)
(-0.0103476,-0.10652)
(-0.0122872,-0.0385519)
(-0.0336092,-0.0123965)
(0.0621818,0.0389835)
(-0.21348,-8.29978e-05)
(0.098496,0.193947)
(0.0102341,0.0279474)
(-0.0617914,-0.111232)
(0.00507476,-0.0212267)
(-0.198295,-0.0283104)
(-0.0258917,0.1372)
(-0.100447,-0.0466268)
(-0.117489,0.107035)
(0.0743716,-0.140281)
(0.0224645,0.158363)
(-0.0612189,0.100127)
(-0.0865775,0.215682)
(0.300629,0.189642)
(0.0900057,0.0554365)
(0.000574486,-0.0629012)
(0.0224191,-0.0585942)
(-0.0345117,0.034699)
(0.193399,-0.04364)
(0.204921,-0.0340353)
(-0.134653,-0.00533017)
(-0.260721,0.0460062)
(-0.0370506,-0.13423)
(-0.0010412,-0.14418)
(0.380171,-0.142287)
(-0.112424,0.0795446)
(0.121128,-0.113036)
(0.246361,-0.0461953)
(-0.0419718,0.0542799)
(0.0929302,-0.245177)
(0.0493269,-0.179487)
(0.423721,-0.240567)
(0.639558,-0.264243)
(0.532778,0.136922)
(0.0404056,0.0664133)
(0.42139,-0.142752)
(0.0656744,-0.00950071)
(0.0747939,-0.109398)
(-0.033571,-0.0643105)
(-0.0472158,0.217971)
(0.261845,-0.285881)
(0.0351269,0.207912)
(0.0935044,0.000977242)
(0.108337,-0.0864866)
(0.0219985,-0.16997)
(0.0635835,0.0483033)
(-0.121065,0.0602219)
(0.348752,-0.0865935)
(0.0210132,-0.0720267)
(-0.0996818,-0.159972)
(0.288737,0.00662775)
(-0.276021,-0.0135582)
(-0.236605,0.106219)
(-0.170045,0.0633519)
(0.11513,-0.0371745)
(-0.112659,0.250621)
(0.0579635,-0.211789)
(0.253351,-0.298487)
(0.039419,0.0947749)
(-0.0183093,0.153919)
(-0.294464,0.107349)
(-0.00354494,-0.064319)
(-0.119881,0.194581)
(-0.137074,0.21303)
(0.0798905,-0.0475324)
(0.0207925,0.11353)
(0.0318404,0.0570146)
(0.069217,-0.0453619)
(0.0415451,-0.0197679)
(-0.114324,-0.0765003)
(0.0195634,0.0208257)
(-0.0016395,-0.0520801)
(0.0880553,-0.00401578)
(0.159825,0.0381781)
(-0.0333418,-0.0187328)
(0.116203,0.153319)
(0.0874984,0.0834744)
(-0.218959,-0.0473323)
(-0.270983,0.0297734)
(0.33768,-0.0679214)
(0.22604,0.1386)
(0.12265,0.0504745)
(0.033213,0.0280232)
(0.202269,-0.0752371)
(-0.015009,-0.0896697)
(-0.101352,-0.0462486)
(-0.0412637,0.0975164)
(0.0588294,0.0447786)
(-0.174021,0.174121)
(-0.119847,-0.137316)
(0.0233562,0.1095)
(-0.0118346,-0.152617)
(0.13955,0.170069)
(0.0580881,-0.0579732)
(0.0372501,-0.132605)
(-0.128183,-0.0890835)
(0.0158338,0.0485769)
(-0.0560643,-0.174624)
(0.283241,-0.263877)
(-0.0496015,-0.155246)
(-0.136064,0.0290927)
(-0.0636071,0.258275)
(-0.167043,-0.0894928)
(0.060842,0.294384)
(-0.242289,0.0283682)
(0.179555,0.333376)
(-0.303551,0.184583)
(0.155375,-0.260366)
(0.169534,0.0364829)
(-0.217436,0.101625)
(-0.158345,0.149018)
(0.221897,-0.146163)
(-0.276466,-0.121206)
(1.92218e-05,0.0245202)
(0.17359,-0.0726193)
(0.076307,-0.0115371)
(0.191136,0.0610485)
(0.12979,-0.0873876)
(-0.151364,-0.0145986)
(-0.301018,-0.133359)
(0.00774605,-0.136761)
(0.265749,-0.0727018)
(-0.323435,0.110941)
(0.111833,-0.0134506)
(-0.173642,0.00415154)
(0.0332197,-0.214187)
(-0.211913,0.0376917)
(0.127893,0.0407427)
(0.190132,0.0336169)
(0.0651079,-0.125592)
(0.217625,-0.221403)
(0.282412,-0.222797)
(-0.216057,-0.204349)
(0.188525,-0.0108379)
(0.143263,-0.329996)
(0.267344,-0.276708)
(-0.0429892,0.0712183)
(0.0323061,0.134821)
(0.199199,0.0416828)
(0.0154519,0.0115098)
(-0.0217996,0.141936)
(0.0105147,-0.0681895)
(-0.129715,-0.0534566)
(0.153183,-0.00630087)
(0.246571,0.0106523)
(0.0115726,-0.0940002)
(-0.183524,-0.0386747)
(-0.0237739,-0.0689363)
(-0.174199,0.261634)
(0.310133,-0.154631)
(0.400428,-0.142754)
(-0.0697006,-0.106736)
(0.171973,-0.0180171)
(-0.0827488,-0.0849411)
(0.182605,-0.0917836)
(0.029418,-0.0172532)
(-0.0775266,-0.116646)
(0.371962,-0.093911)
(0.112941,0.0890662)
(0.524892,0.44758)
(-0.182137,-0.14418)
(-0.150764,-0.106111)
(0.156428,0.0851456)
(-0.100795,-0.197833)
(-0.0454528,0.158947)
(0.0718822,-0.131986)
(-0.192061,-0.110155)
(-0.0243777,-0.0162599)
(0.119252,0.0817472)
(-0.0473973,0.109532)
(0.148472,-0.120808)
(-0.169876,-0.0237067)
(0.213525,0.135146)
(-0.0892251,0.03155)
(0.389357,-0.116873)
(0.0948376,0.0372117)
(0.0510859,-0.0114926)
(0.0591326,-0.0409274)
(0.195568,0.158488)
(-0.17109,-0.0934935)
(-0.0720295,-0.0677741)
(0.0664972,0.0841681)
(0.362977,0.142515)
(0.511693,-0.206428)
(-0.0627602,-0.116348)
(0.407293,0.0885174)
(-0.104027,0.109912)
(0.0191681,0.0777395)
(0.165321,0.0119807)
(0.114751,0.00206755)
(0.00382997,0.037972)
(-0.019162,0.113309)
(-0.0919941,0.00621246)
(-0.0815952,-0.0328891)
(0.123629,0.024436)
(-0.148072,0.0586643)
(-0.00901532,-0.0962324)
(0.156756,-0.115056)
(-0.0247948,-0.0116541)
(-0.0396521,-0.0952732)
(-0.00422057,0.0799688)
(0.0771489,-0.00336943)
(-0.146289,-0.0211903)
(0.479964,-0.198701)
(-0.118174,0.403541)
(0.130045,0.0680421)
(0.0485563,-0.0891584)
(0.022894,0.0851958)
(0.0572265,0.12899)
(1.18386,-0.140098)
(0.00852918,-0.112307)
(1.08792,-0.25659)
(0.187527,0.0370627)
(0.0133398,-0.0281264)
(-0.230912,-0.119358)
(0.0889782,0.00599305)
(-0.205051,0.0708173)
(1.02178,-0.120049)
(-0.0353903,0.0226851)
(-0.0990198,-0.0460729)
(-0.0112763,-0.107582)
(-0.103063,-0.150602)
(-0.296929,-0.123386)
(-0.026631,0.15835)
(-0.0987906,0.0349209)
(-0.029617,-0.141228)
(0.0717562,0.223626)
(0.727676,-0.343544)
(-0.00687933,-0.0761042)
(0.717832,-0.115184)
(0.0474476,-0.249222)
(-0.0424277,-0.263112)
(0.723198,-0.200124)
(-0.104982,-0.0254563)
(-0.0530229,-0.0322744)
(-0.0584483,-0.190531)
(0.33519,-0.0707628)
(-0.042358,-0.045461)
(0.032424,0.0445237)
(0.105682,-0.281317)
(0.212014,0.174856)
(0.0203539,-0.0402178)
(-0.330872,-0.147338)
(-0.172776,0.120916)
(0.06208,-0.0162052)
(-0.0460904,-0.0258483)
(-0.0422479,-0.0984878)
(-0.145389,0.160637)
(-0.0866877,-0.076075)
(-0.127442,0.0558656)
(-0.0544729,0.0353969)
(-0.0370797,-0.143248)
(-0.0304554,-0.0929896)
(-0.0711401,0.0742692)
(0.0821689,-0.0861728)
(-0.0400199,-0.0287914)
(-0.0837816,0.0294901)
(-0.147437,0.0301089)
(0.0864017,0.0131006)
(-0.104948,0.0177832)
(-0.168489,0.130054)
(-0.134666,0.0747641)
(-0.0227066,0.0499751)
(-0.101162,0.145243)
(0.0996406,-0.211028)
(0.147968,-0.0325631)
(-0.0458097,-0.307948)
(-0.0843076,0.0917549)
(0.141364,-0.154267)
(0.523548,-0.185194)
(-0.11271,-0.0479343)
(0.0672541,-0.151986)
(-0.203049,-0.205798)
(0.036593,-0.448675)
(-0.200461,-0.0712457)
(0.104991,-0.0304468)
(-0.248937,-0.240563)
(0.0230585,-0.224675)
(-0.0416931,-0.00862438)
(-0.166154,-0.236058)
(-0.0596895,-0.00337993)
(0.492908,0.0797424)
(-0.0530516,-0.167319)
(0.209339,-0.0260736)
(0.378547,0.345529)
(0.0541753,0.047206)
(-0.0352626,0.150393)
(0.108842,0.0730479)
(0.183219,-0.304295)
(-0.0366563,0.218398)
(0.160099,-0.0658417)
(0.133954,-0.119394)
(-0.0935517,0.0550965)
(-0.16357,0.00601233)
(0.0598154,0.156281)
(0.119183,-0.228215)
(0.13244,-0.0189184)
(-0.197276,-0.0515131)
(-0.326394,-0.116056)
(0.134748,-0.0540584)
(0.354103,0.161809)
(0.175132,-0.123477)
(-0.0394853,0.155226)
(-0.0768801,0.145048)
(0.0776503,0.0694376)
(0.0811916,-0.12241)
(-0.207467,0.0935847)
(-0.153846,-0.0208949)
(-0.128002,0.0819832)
(0.305626,-0.108853)
(-0.177668,0.12142)
(0.174897,0.0442782)
(0.160944,-0.345888)
(-0.0627372,0.0445855)
(-0.125822,0.147483)
(-0.0957361,0.388002)
(0.161501,-0.0344292)
(-0.361178,0.134599)
(0.0582268,-0.181642)
(0.33035,0.460595)
(0.449339,-0.0169645)
(0.475705,0.0820253)
(-0.0615703,-0.111136)
(-0.0496523,-0.104485)
(0.330679,0.156369)
(0.391402,-0.090274)
(-0.158505,-0.183161)
(0.664305,0.215022)
(0.573349,0.305802)
(0.287289,-0.116341)
(0.0840276,-0.0299473)
(0.164107,-0.00107759)
(0.0439633,-0.39005)
(0.300503,-0.343003)
(-0.169706,-0.160591)
(-0.00376628,-0.00459857)
(0.0283954,-0.19845)
(0.168168,-0.104583)
(-0.051688,-0.223904)
(-0.125061,0.0609834)
(-0.0661322,0.131492)
(0.32543,-0.196065)
(-0.158369,0.12585)
(0.320856,0.132395)
(-0.182004,0.0831053)
(0.508998,-0.178189)
(0.0273394,0.0256276)
(0.145376,-0.182533)
(0.131371,-0.0866059)
(0.175063,-0.106435)
(0.127881,-0.094617)
(0.58494,-0.428314)
(-0.0412369,-0.0543528)
(0.100037,-0.0456141)
(0.359242,-0.148376)
(0.315607,-0.0621471)
(0.363369,-0.216543)
(0.416822,-0.282102)
(0.0389695,-0.176017)
(0.276127,-0.036976)
(-0.0550302,-0.197321)
(0.119379,0.20563)
(-0.142232,-0.075719)
(0.0582063,-0.176032)
(-0.117304,-0.163375)
(0.0445558,-0.0510007)
(0.0135291,-0.0443369)
(-0.0948344,-0.00572883)
(-0.00749798,0.0920272)
(-0.0708514,0.15083)
(0.0182987,-0.0917908)
(0.0956433,0.0158981)
(0.00188683,0.097058)
(0.384897,0.0592304)
(-0.109004,-0.00298092)
(-0.270028,-0.288807)
(-0.0936428,0.0508266)
(0.0443809,0.116513)
(0.100155,-0.227407)
(0.426925,-0.149839)
(-0.175744,0.154722)
(0.156914,0.096713)
(-0.041804,0.0182708)
(-0.00815289,-0.11814)
(0.0368912,0.0514877)
(0.142966,-0.0531066)
(-0.16459,0.079895)
(0.0499692,-0.204346)
(0.370196,-0.202658)
(-0.127859,0.14977)
(0.432376,-0.163553)
(0.304548,0.0898434)
(0.124462,-0.00935532)
(-0.01664,0.114505)
(0.0316372,-0.0345424)
(0.0673608,-0.115315)
(-0.106548,0.0799526)
(0.163016,-0.13148)
(-0.0679434,0.0766116)
(0.0391678,-0.0373821)
(0.272453,0.015121)
(0.142707,0.120758)
(-0.0602279,0.272667)
(0.208302,-0.220221)
(0.26098,-0.263326)
(-0.0513294,-0.092072)
(0.051723,0.0859404)
(0.205858,-0.0255514)
(0.155015,-0.095569)
(1.12289,0.01019)
(0.142967,-0.0400456)
(-0.12637,-0.0750639)
(-0.119569,-0.113641)
(-0.103962,-0.069135)
(0.172609,-0.414895)
(0.112241,-0.0866473)
(-0.231462,-0.12787)
(-0.186376,-0.101757)
(-0.131093,-0.174041)
(0.458951,-0.17602)
(0.0732945,-0.109443)
(-0.0228924,0.24558)
(-0.0490885,0.108601)
(-0.0129055,-0.270104)
(-0.0632224,-0.108874)
(0.59813,-0.193661)
(0.234553,-0.125484)
(0.421462,-0.300482)
(0.0805709,0.213209)
(0.0296931,-0.0960795)
(0.115641,-0.204699)
(0.163051,0.136662)
(0.356018,0.206634)
(0.70546,-0.0631351)
(0.142963,-0.013235)
(-0.0721182,-0.104833)
(0.0387049,-0.264906)
(0.0726375,0.109931)
(0.225538,-0.0776927)
(0.30843,-0.112661)
(0.135836,-0.20651)
(0.318897,-0.314231)
(0.424154,-0.276487)
(0.627522,0.17311)
(-0.107036,0.0387525)
(-0.181563,0.02806)
(0.110926,-0.175676)
(0.426534,-0.0667691)
(0.839501,-0.319818)
(0.610805,-0.621997)
(-0.109093,0.0946609)
(0.0256365,0.0225418)
(-0.100083,-0.0251987)
(0.9169,0.0910574)
(0.168369,-0.00472245)
(0.0319255,0.102599)
(-0.183892,-0.0344938)
(0.718684,-0.547241)
(0.0244267,-0.0480651)
(-0.155379,0.0484132)
(0.655504,0.329237)
(0.77741,0.127456)
(0.0603918,-0.22575)
(0.138962,-0.203944)
(-0.244113,0.0777311)
(0.285316,0.234858)
(0.140227,0.0589972)
(0.108967,-0.137208)
(-0.0100217,0.172498)
(0.446609,-0.192643)
(0.236357,-0.225668)
(0.250327,-0.185415)
(0.457487,-0.125544)
(0.0822745,-0.276178)
(0.501604,-0.00481142)
(0.27583,-0.3674)
(0.668742,0.0422778)
(0.223364,-0.374815)
(-0.0122001,0.302867)
(-0.184101,-0.014273)
(0.710974,-0.0765343)
(0.496684,-0.103318)
(0.558261,0.00879014)
(0.332165,0.0721369)
(0.581379,-0.0388276)
(0.171012,-0.0662357)
(0.469867,-0.145058)
(-0.238515,-0.069088)
(0.0277407,0.227108)
(0.183982,-0.237594)
(-0.208188,-0.106771)
(-0.205235,0.0852303)
(0.292927,-0.00742639)
(0.0183146,-0.0764847)
(0.146315,-0.0695808)
(0.0793614,0.369005)
(0.530461,-0.155589)
(0.029816,-0.0942191)
(0.391347,-0.186601)
(0.290538,-0.117453)
(0.511221,-0.104492)
(-0.203717,-0.0262893)
(-0.187659,0.237554)
(0.163631,-0.0956931)
(0.177751,-0.131877)
(0.0838023,0.0836899)
(0.23072,-0.138467)
(-0.00857941,-0.087187)
(0.343821,-0.306959)
(0.0764993,0.306797)
(0.687431,-0.305843)
(0.113072,0.221625)
(0.595566,-0.124316)
(0.0279442,0.116526)
(-0.074651,0.0447384)
(-0.0330786,-0.085179)
(-0.0627623,0.129924)
(0.0974527,-0.239923)
(-0.195905,-0.0351199)
(0.012065,0.304219)
(0.0393598,0.0343424)
(0.546907,-0.108422)
(-0.0220465,-0.156981)
(0.294789,-0.0484829)
(0.211847,-0.117478)
(0.16771,0.159231)
(0.911477,-0.260089)
(0.0468284,-0.0841042)
(0.103197,0.193472)
(-0.00522867,0.442704)
(0.0753729,-0.0407202)
(0.485909,-0.502709)
(-0.0349799,-0.0455838)
(0.252341,-0.0451538)
(0.0591448,-0.0545339)
(0.252736,-0.0876588)
(0.12887,-0.0613755)
(0.30265,0.208334)
(0.11496,0.0467842)
(0.0229394,-0.0102339)
(0.232588,-0.0658639)
(-0.269625,0.183601)
(0.424307,-0.0853719)
(-0.284537,0.0599253)
(0.127197,-0.12089)
(0.704107,-0.100963)
(0.161381,0.0878922)
(0.794002,-0.271342)
(0.322102,-0.173941)
(0.855766,-0.218072)
(-0.227451,0.143412)
(0.795001,-0.159983)
(-0.0164025,0.00693696)
(-0.0774882,-0.0173946)
(-0.0798781,0.0737092)
(-0.0313354,0.192147)
(0.0379827,0.155571)
(0.015374,0.0063912)
(0.134673,0.0090766)
(0.370561,-0.346379)
(-0.261889,0.143296)
(0.164222,0.0724711)
(0.605675,-0.11318)
(0.507775,-0.119787)
(-0.0726594,0.00218428)
(0.0182344,0.0714452)
(-0.0818598,0.0826067)
(0.445671,-0.109569)
(0.00978003,0.00172202)
(0.550427,-0.357096)
(0.476332,-0.340945)
(0.0478802,-0.0676932)
(0.0851087,0.028572)
(0.643838,-0.0293348)
(0.180018,0.00284028)
(-0.0631869,0.137998)
(-0.247288,-0.207448)
(0.96668,0.0848109)
(0.422058,-0.288417)
(-0.0408226,-0.269027)
(0.377465,0.00481605)
(0.571437,-0.440447)
(0.175465,0.0843271)
(0.423975,0.0989719)
(0.259471,-0.104767)
(0.171278,-0.118647)
(0.483264,0.0067499)
(0.122212,0.110626)
(0.590493,0.395007)
(0.104392,0.212476)
(0.041264,-0.0129973)
(-0.043088,0.0720705)
(0.155823,0.0947172)
(0.162625,0.215229)
(0.0217691,0.307746)
(-0.0536939,0.021088)
(-0.0395675,0.112448)
(0.169247,-0.049927)
(-0.183414,0.103473)
(-0.226484,-0.143338)
(0.0647345,0.245148)
(-0.0982952,0.0373087)
(-0.00711788,-0.0337705)
(-0.219916,-0.0324372)
(0.126646,0.0432389)
(0.381854,0.417042)
(0.0292207,-0.00303214)
(-0.189704,-0.168427)
(0.909646,0.0506381)
(0.759565,-0.372202)
(-0.024997,-0.0108299)
(0.308316,-0.257361)
(0.263143,0.0182835)
(-0.0946882,-0.311219)
(-0.138923,-0.10804)
(0.050191,0.234435)
(0.184468,0.0449017)
(1.0162,-0.0924552)
(0.397787,-0.54607)
(0.0992828,0.0695053)
(0.299839,-0.145104)
(0.253611,-0.867714)
(0.0842179,0.0637577)
(-0.00690203,-0.134312)
(0.153872,-0.257032)
(0.452385,-0.225738)
(0.145258,0.0668587)
(0.248463,-0.231994)
(-0.000959567,0.0768981)
(0.309304,-0.0464133)
(0.183537,0.144313)
(0.0609272,-0.287934)
(0.214066,-0.250889)
(0.116837,0.21972)
(-0.0961099,0.0761273)
(0.736308,0.0309703)
(0.019222,0.191905)
(0.13442,0.178711)
(-0.104391,-0.0236466)
(0.44745,-0.028324)
(0.0344219,0.114738)
(0.810292,-0.127038)
(-0.228218,-0.00350108)
(0.150648,0.157377)
(-0.141099,-0.00319028)
(-0.0934145,0.080346)
(0.173829,0.0202164)
(-0.0961272,0.105989)
(0.0226101,0.0130503)
(-0.108129,0.0254692)
(0.0769155,-0.0600444)
(0.812216,-0.112563)
(-0.0714084,-0.0595435)
(0.0946455,-0.113788)
(0.313158,-0.195772)
(0.0871092,-0.118159)
(-0.124769,-0.0554889)
(-0.189371,-0.0518312)
(-0.0620238,-0.0926103)
(0.00361308,0.0722907)
(0.0556111,0.0178661)
(-0.422072,-0.0805009)
(-0.184353,-0.166893)
(0.121062,-0.188445)
(-0.0244363,0.106359)
(-0.109596,-0.128864)
(0.12948,-0.321632)
(0.0177808,0.0716492)
(0.373149,0.017589)
(0.631434,-0.352829)
(0.204413,-0.0819934)
(0.0352834,0.12732)
(0.345075,-0.220885)
(0.241992,-0.121041)
(0.493865,-0.342228)
(0.128267,0.103084)
(0.249818,-0.117562)
(-0.0814494,0.104725)
(0.30169,0.0699062)
(0.974872,-0.43434)
(0.954148,-0.383175)
(0.00962002,0.142448)
(-0.186412,0.0454545)
(0.0480173,0.0257098)
(0.142459,0.286719)
(0.225299,0.00546512)
(0.0942196,0.281812)
(0.0565929,0.106836)
(0.0200365,0.148995)
(0.0857112,0.189608)
(0.766957,-0.0778365)
(-0.071623,0.0466536)
(0.425815,-0.117438)
(0.00866487,-0.176863)
(-0.138333,0.150736)
(0.0146217,-0.0425275)
(0.194209,-0.00601785)
(0.157289,-0.222018)
(0.653789,0.135772)
(0.301588,-0.49367)
(-0.131836,0.149016)
(0.0401051,0.0133589)
(-0.198976,0.211217)
(-0.0779449,-0.101912)
(-0.214862,0.18787)
(-0.292109,0.16585)
(0.171086,0.0160941)
(0.227703,0.0794334)
(0.241691,-0.0282137)
(-0.0130488,0.116461)
(-0.0202345,0.277907)
(0.144444,0.116686)
(0.172063,0.178493)
(0.051735,-0.0114576)
(0.427819,0.183243)
(-0.254485,-0.106255)
(-0.14153,-0.141207)
(-0.0960349,0.136923)
(0.398498,0.284534)
(-0.133329,0.134125)
(0.0724866,0.135027)
(0.00984991,0.18107)
(0.374209,-0.333943)
(-0.0415745,0.12927)
(0.20054,-0.0804077)
(0.0584934,-0.29901)
(0.936763,0.00971806)
(0.404605,0.0576252)
(0.186933,0.195635)
(0.464398,-0.0635988)
(0.238589,0.000275806)
(0.388717,-0.0803148)
(0.672717,-0.0552818)
(-0.309292,0.0250073)
(0.564206,-0.490316)
(0.365299,0.0129969)
(0.681949,-0.355536)
(0.295996,-0.573908)
(0.109738,-0.59305)
(0.379907,-0.111973)
(0.250527,-0.278222)
(0.521119,-0.173458)
(0.573397,0.0383036)
(-0.0815749,-0.0580731)
(0.270949,-0.320103)
(0.561571,-0.0368036)
(-0.0791889,0.150973)
(-0.181896,0.106309)
(0.0561133,0.214926)
(0.208641,-0.0481069)
(0.294552,0.0370585)
(0.115693,-0.0320929)
(0.160321,-0.462803)
(0.179584,0.0322701)
(0.127388,-0.213421)
(-0.0753447,-0.117111)
(-0.114342,-0.10583)
(0.42376,-0.0728569)
(-0.365597,0.141096)
(0.0675264,0.589919)
(0.677814,-0.387005)
(0.205623,0.0291559)
(0.174316,0.188707)
(-0.00767114,-0.190319)
(-0.0116658,-0.189808)
(0.0813132,-0.0905358)
(-0.18036,0.00217277)
(0.478435,-0.423656)
(0.651476,-0.497524)
(-0.144722,-0.142956)
(0.0511238,-0.0291805)
(0.00508527,0.0237581)
(0.667415,-0.353641)
(-0.144131,0.0331579)
(0.165638,0.381475)
(0.0541845,-0.179051)
(0.0750697,-0.182071)
(-0.191123,0.588135)
(0.550669,0.176635)
(0.928655,-0.123297)
(0.599019,-0.0495581)
(0.840178,-0.134539)
(0.158211,0.186723)
(0.251696,-0.138384)
(0.325388,-0.184457)
(-0.127985,0.284612)
(-0.319504,-0.148784)
(0.0478319,-0.430523)
(0.0781835,0.0593857)
(-0.265205,0.0331342)
(0.222885,-0.501989)
(0.0577889,-0.0488104)
(-0.241008,-0.0464249)
(0.385419,-0.191976)
(0.0487544,0.109768)
(0.0784426,-0.168395)
(0.152341,0.0746086)
(-0.0203998,-0.104753)
(0.357378,-0.354969)
(0.0493097,0.00599628)
(0.000166181,0.0828005)
(0.0337102,0.0759622)
(0.384743,-0.352702)
(0.0461028,-0.36643)
(0.0435926,0.0589105)
(-0.242856,-0.317223)
(0.101363,-0.0711401)
(-0.0676675,-0.197487)
(-0.114203,-0.0314061)
(-0.231405,-0.00900304)
(-0.06144,0.143085)
(0.221859,0.082327)
(0.167608,-0.0858366)
(-0.18706,0.182999)
(0.142149,-0.0253597)
(-0.132813,0.0993379)
(0.364571,-0.159811)
(-0.0430672,-0.182079)
(-0.306667,-0.0832768)
(0.258952,-0.138363)
(1.02327,0.417227)
(0.111025,-0.291267)
(-0.0144237,-0.0638325)
(-0.0112107,0.108198)
(-0.000171448,-0.00417439)
(-0.0522128,-0.0300689)
(-0.0792302,-0.278421)
(-0.113988,0.0920699)
(0.0306457,0.144894)
(-0.185211,0.0802511)
(0.0743412,0.285404)
(0.0298909,-0.0777844)
(-0.104537,-0.144544)
(0.42688,0.114378)
(0.186464,0.167345)
(0.152858,0.138204)
(0.113661,-0.065017)
(0.102361,0.0563739)
(0.48946,-0.126878)
(0.280076,-0.142333)
(-0.0748311,0.0517416)
(0.180399,0.0926679)
(0.683194,-0.291105)
(0.00377399,0.226613)
(0.430606,-0.138577)
(-0.0240026,0.162875)
(-0.0580389,-0.163332)
(-0.125828,0.034645)
(-0.0911605,-0.0271838)
(-0.0424472,0.0691388)
(-0.048991,0.0519245)
(-0.165831,-0.135215)
(-0.172697,0.131766)
(-0.0157139,0.0571)
(0.0662916,0.229359)
(0.62646,-0.0274577)
(0.772761,0.120612)
(-0.0277752,0.184254)
(0.339493,-0.307493)
(0.179397,-0.252529)
(0.811601,0.0159204)
(-0.111992,0.0105097)
(-0.0430812,0.0812304)
(0.425717,-0.218141)
(-0.13138,0.0396038)
(0.0894144,-0.0804214)
(0.199557,-0.26556)
(0.286185,-0.18318)
(-0.0274437,-0.130717)
(0.139327,-0.00411022)
(0.620942,-0.275281)
(0.529796,-0.354249)
(0.0029546,0.010571)
(0.151693,0.0328376)
(0.241371,-0.0465743)
(0.0868693,-0.0109024)
(0.271885,-0.125436)
(-0.0609962,0.0197545)
