1620
(-0.000366631,0.0123832)
(0.0673085,-0.0616467)
(-0.0224626,-0.116047)
(-0.00771073,-0.0611436)
(-0.139884,0.0538634)
(-0.0705276,0.0970173)
(-0.00639029,-0.111578)
(-0.130913,-0.00746077)
(0.00391279,0.22976)
(0.0374001,0.0886222)
(0.00364461,-0.0707315)
(-0.0503771,-0.0621503)
(-0.115677,-0.0187764)
(0.0220199,0.184459)
(-0.0626317,0.00420022)
(0.0541572,-0.00153291)
(-0.025118,0.123892)
(-0.042592,-0.0132857)
(-0.058639,-0.0672233)
(-0.065991,-0.155874)
(-0.185656,0.0582997)
(-0.00233207,0.0522992)
(-0.03356,0.160725)
(-0.141256,-0.0251009)
(0.0949079,0.0205652)
(0.156679,0.262041)
(-0.0627539,-0.0547466)
(0.00433375,-0.10641)
(-0.113775,-0.134079)
(0.0176084,-0.0584015)
(0.113777,0.136875)
(0.0825546,-0.0307084)
(-0.00505229,0.0152485)
(-0.208312,-0.0185072)
(-0.0482474,-0.00551441)
(-0.0190418,0.0193205)
(0.139611,6.22922e-05)
(-0.0448775,0.073118)
(0.0424746,-0.0254443)
(-0.218938,-0.0281277)
(0.0304183,-0.0994091)
(0.0928317,0.0297723)
(-0.088586,-0.0879352)
(0.00436576,0.0867253)
(0.0308544,0.0646507)
(0.225259,0.0333976)
(0.147566,-0.171186)
(-0.0850555,-0.0343429)
(0.0355339,0.0596399)
(-0.0561679,0.0608381)
(0.0694854,-0.0108867)
(0.0764803,-0.281674)
(-0.129471,-0.0241348)
(-0.107303,-0.0767932)
(-0.0672841,-0.0112166)
(-0.162611,0.0177855)
(-0.155988,-0.0128401)
(0.245087,-0.033875)
(0.0152955,0.0315906)
(0.0888693,0.0410016)
(0.0335878,0.0781443)
(0.142185,0.00243289)
(-0.125152,0.061725)
(0.476682,-0.333129)
(-0.220178,0.0875066)
(-0.114935,-0.0803203)
(0.0353824,0.0300996)
(0.119192,0.00722103)
(-0.171015,0.0717184)
(-0.0111888,0.0363951)
(-0.0197434,-0.107836)
(-0.0652726,-0.155637)
(0.0454345,-0.06187)
(-0.100419,0.0484842)
(-0.167411,-0.288)
(0.093553,0.135845)
(0.109807,-0.130509)
(-0.048363,0.16687)
(0.0199397,0.0287284)
(0.302929,0.13254)
(-0.0536371,-0.0233689)
(-0.0108105,-0.0331097)
(-0.0819441,-0.0265607)
(0.0182848,-0.109918)
(0.0946808,-0.0652151)
(0.00729607,-0.060719)
(-0.0351989,-0.103831)
(-0.101008,0.0487275)
(-0.0164592,0.166235)
(0.0636632,-0.0364437)
(-0.202157,0.0697958)
(-0.0347523,0.03925)
(0.579858,-0.0905881)
(-0.0292554,-0.0756002)
(-0.0603713,-0.0408383)
(0.646933,-0.0354328)
(0.0432874,0.0426403)
(0.74575,-0.0580613)
(-0.150837,0.0557479)
(-0.0230722,0.102996)
(0.0650699,-0.0012143)
(0.129574,0.0984667)
(0.152202,-0.0368029)
(0.00500807,-0.0130356)
(-0.0339856,0.069527)
(0.547137,-0.14022)
(0.282221,-0.0814671)
(0.18065,0.187758)
(-0.0382455,-0.0528683)
(0.288381,0.0676941)
(-0.0589969,-0.104064)
(0.659856,-0.0311259)
(0.41189,0.00774767)
(-0.0738486,-0.0792434)
(0.444737,0.0400538)
(-0.0956077,-0.154959)
(-0.175905,-0.0839574)
(0.506198,-0.113087)
(0.0304072,-0.0734578)
(-0.429894,-0.221969)
(0.574163,0.0804468)
(0.0818608,-0.0623903)
(0.559312,-0.245166)
(0.395466,-0.085406)
(0.318552,-0.122521)
(-0.021314,0.116107)
(0.14513,0.101793)
(0.119043,0.0607804)
(0.574883,-0.115791)
(-0.0836141,0.143946)
(-0.112595,0.112245)
(0.135425,-0.0155139)
(-0.0598829,-0.0674036)
(0.0639309,0.0919585)
(0.102805,0.064281)
(0.101371,-0.0519992)
(0.124391,-0.0549639)
(0.0412943,0.113553)
(0.2216,-0.264986)
(0.0778008,-0.0493893)
(-0.00994052,-0.0540154)
(-0.0633484,0.102644)
(0.0503751,0.112691)
(0.00479653,-0.0861218)
(0.132345,0.13283)
(0.109598,0.0805042)
(-0.0191553,0.0294257)
(0.344631,-0.210481)
(0.40172,-0.211034)
(0.0960745,0.000710443)
(0.488319,-0.526872)
(0.037281,-0.134503)
(0.213627,0.243757)
(0.630357,-0.14557)
(0.464321,0.11602)
(0.227336,-0.0847293)
(-0.21092,0.0236001)
(0.647808,-0.144853)
(0.488837,0.0729338)
(-0.0577919,-0.0366464)
(-0.00771185,0.056373)
(0.0311647,0.00990525)
(-0.0185547,0.0990307)
(-0.0484289,-0.0456993)
(0.0153704,0.0772959)
(0.081175,0.111006)
(0.0350786,0.0365379)
(-0.0282459,0.0566794)
(0.15213,0.0250676)
(0.147837,0.0820438)
(0.0842522,0.0116028)
(0.0678692,0.0146353)
(0.235691,-0.13864)
(0.208648,0.0808756)
(0.575793,-0.384867)
(0.816415,-0.229376)
(0.00332182,-0.0466562)
(0.00596147,-0.00253808)
(0.0189447,-0.0382563)
(0.022114,0.0367083)
(0.0486065,-0.135609)
(0.0781322,0.24069)
(0.0683734,0.184365)
(-0.0826895,-0.0342713)
(-0.0782467,-0.089856)
(0.201207,-0.0587556)
(0.125422,-0.138899)
(0.363809,-0.239205)
(0.231004,-0.0572771)
(0.320968,-0.372087)
(0.191686,-0.176481)
(0.566779,-0.14032)
(0.921274,0.178512)
(-0.0735997,-0.0873463)
(0.0155769,-0.0656896)
(-0.00284423,0.084101)
(0.0256125,0.0448911)
(0.265851,0.0049021)
(-0.0692361,-0.102196)
(-0.171734,0.0619457)
(-0.0103584,-0.0379269)
(0.0170897,-0.0257601)
(-0.0841337,-0.0362659)
(-0.00303938,-0.00200501)
(-0.0386459,-0.0418772)
(0.0307072,-0.0685106)
(0.290365,-0.154792)
(0.27042,0.24362)
(-0.0172718,0.0169996)
(0.284659,-0.0417343)
(-0.0721068,0.0788669)
(0.31549,0.134194)
(0.193977,0.154386)
(-0.0387217,-0.0106582)
(0.0180516,-0.130471)
(-0.0910762,0.0270423)
(0.036848,0.113413)
(0.528833,-0.178849)
(0.757295,-0.134602)
(-0.00291175,-0.0636205)
(0.0127931,0.0875288)
(0.0368415,0.145762)
(-0.0362567,-0.00523585)
(1.11667,0.0938223)
(-0.0825021,0.0300083)
(-0.0779073,-0.00468216)
(0.483095,-0.205189)
(-0.0487528,-0.0277571)
(0.0150832,0.0899518)
(0.0552845,-0.0263865)
(-0.0137606,0.025636)
(0.427069,-0.162377)
(0.50401,-0.223505)
(0.454549,0.114182)
(0.309687,0.281355)
(-0.00902227,-0.0648046)
(-0.0123656,-0.0474297)
(0.00264609,0.0125651)
(0.244768,-0.278599)
(-0.133613,-0.036711)
(0.0730661,0.123551)
(-0.0229241,0.00620971)
(-0.0193697,0.1304)
(0.0969405,0.101938)
(-0.0242651,0.0411438)
(-0.0532573,-0.130248)
(-0.0586041,-0.0023894)
(0.0644442,-0.00859622)
(0.187594,0.0935088)
(0.0816656,0.104416)
(-0.00260996,-0.0707606)
(-0.13563,-0.108617)
(-0.0740891,-0.00189028)
(-0.116981,-0.00696743)
(-0.0342389,-0.100761)
(0.125102,-0.0538116)
(0.147771,0.0223871)
(0.109474,0.028711)
(-0.0123305,0.0291196)
(-0.1092,-0.0229003)
(-0.101451,0.0400357)
(-0.0547385,0.0129207)
(-0.0472416,0.0233768)
(0.0592514,-0.193617)
(0.0883056,0.039906)
(0.011172,-0.215868)
(0.0535665,0.0475443)
(-0.10155,-0.0197732)
(0.000190836,-0.0600528)
(0.0848829,0.145772)
(-0.0260043,0.163624)
(-0.0355175,-0.0546697)
(-0.0393096,0.019674)
(-0.0528564,-0.0840553)
(-0.00402718,-0.0707733)
(0.521322,0.10685)
(-0.0095286,0.039192)
(0.0353918,0.021955)
(0.0294716,0.170277)
(-0.0212835,-0.0719602)
(0.0767732,-0.0274252)
(0.0521316,0.0507901)
(-0.0871065,-0.0322771)
(-0.0732168,0.0849544)
(0.0747053,-0.0674494)
(-0.143622,0.011718)
(-0.10331,0.0981218)
(-0.00760828,-0.17162)
(0.145023,0.187184)
(-0.0445803,-0.081612)
(-0.0470148,-0.00188323)
(-0.0558438,-0.0752208)
(-0.150192,-0.00546878)
(-0.0454041,-0.0685826)
(0.175274,0.0537762)
(-0.0184787,-0.117611)
(-0.139884,-0.0389137)
(-0.000313605,-0.112684)
(0.179743,0.00129533)
(-0.10109,0.0818096)
(-0.0287936,0.085115)
(0.00159127,-0.0899624)
(0.0245061,0.058502)
(-0.00971807,0.21144)
(-0.029654,0.184296)
(-0.121895,0.116104)
(0.0413773,-0.143019)
(0.39606,-0.391642)
(-0.0589791,0.0866961)
(-0.116702,0.0458646)
(0.067423,-0.0598453)
(0.0391707,-0.0269755)
(0.110953,-0.0329828)
(-0.156696,0.0311645)
(0.0717449,0.19214)
(0.107035,0.0088538)
(0.0178775,0.1084)
(0.123791,0.105675)
(0.0469753,-0.0307717)
(0.47873,-0.431212)
(-0.142057,0.0192686)
(0.0336275,-0.0111028)
(0.00830406,0.0740362)
(0.0959331,0.0536532)
(0.0194499,0.0265739)
(-0.0477037,0.0749605)
(0.0871792,-0.0436251)
(0.056436,0.0807091)
(-0.0719227,-0.0490851)
(-0.0519813,-0.133039)
(0.10334,-0.0550098)
(0.024597,-0.0565533)
(-0.0711725,-0.0953897)
(0.0122322,-0.0904951)
(0.0582728,-0.110587)
(0.316683,-0.151893)
(-0.117746,-0.0189963)
(-0.0248006,-0.109191)
(0.0859692,-0.0321715)
(-0.021595,-0.0496912)
(0.199371,0.00648758)
(-0.0304319,0.0509298)
(-0.101985,-0.0768259)
(0.0116473,-0.0384027)
(0.0908427,-0.00578099)
(0.00503404,-0.0974423)
(0.0711627,0.0836933)
(0.00928822,0.0765732)
(-0.14328,0.131641)
(0.265115,0.0891561)
(0.238084,-0.264466)
(0.245314,-0.237534)
(-0.0502608,-0.0711105)
(-0.0656298,0.0872638)
(0.163073,0.0916765)
(0.0145779,0.0936099)
(-0.0842045,-0.067495)
(-0.147828,0.00391315)
(-0.0445949,-0.00418102)
(0.0149876,0.073987)
(0.123062,-0.0455317)
(0.32133,-0.0277487)
(0.00284579,0.0579647)
(-0.109857,-0.0830698)
(-0.00624206,0.0225655)
(0.0662897,0.108285)
(0.689128,-0.349559)
(0.0231961,0.0191989)
(-0.0178736,-0.0649082)
(0.0795326,-0.063187)
(0.0410727,-0.0193212)
(-0.131144,-0.172223)
(-0.0942329,-0.212648)
(-0.037976,-0.0278846)
(0.493496,-0.403702)
(0.403659,-0.267063)
(0.0102011,0.151053)
(-0.0234397,-0.0370635)
(-0.0227703,0.020878)
(-0.0786651,-0.0672797)
(-0.0827943,-0.0502893)
(-0.168335,0.0268262)
(0.087459,0.0238948)
(-0.0127934,-0.0527356)
(-0.126547,0.0339414)
(0.00602726,-0.0421846)
(0.0484053,-0.000659472)
(0.170167,0.020001)
(-0.0611586,0.0410174)
(-0.00277637,0.0460181)
(0.083059,-0.0257926)
(-0.0160781,0.0735326)
(-0.129741,-0.1217)
(-0.192114,-0.0952168)
(0.149541,-0.106671)
(0.0293665,-0.161935)
(0.0193418,0.0561716)
(-0.202255,0.0860998)
(0.0666486,0.106666)
(0.0250017,0.0372786)
(0.0101936,-0.00108254)
(-0.0873789,-0.0666906)
(0.0128089,0.0867973)
(0.633004,0.223101)
(0.0399802,-0.0921247)
(-0.0774119,0.0376373)
(-0.0982558,-0.144316)
(0.0747836,-0.0455183)
(0.124375,0.0673448)
(0.063887,-0.142467)
(0.145795,0.020994)
(0.00701445,-0.0309261)
(0.0313121,0.00418084)
(-0.0308789,-0.0700533)
(0.928551,-0.353279)
(-0.145686,0.0492065)
(0.0638534,-0.165996)
(-0.100119,-0.146217)
(0.0679166,-0.0246437)
(0.0238495,0.0253836)
(0.0363372,-0.170628)
(-0.0423952,0.0258085)
(0.118571,-0.101331)
(0.0447782,0.0287271)
(-0.129814,-0.0511837)
(0.206762,-0.0838384)
(0.513664,0.433189)
(0.0794327,-0.140074)
(-0.0314182,-0.0369449)
(0.0100298,-0.0195681)
(0.0844525,-0.155025)
(-0.0341456,-0.108848)
(0.173945,0.116218)
(0.0502092,-0.274606)
(0.013348,0.0914662)
(0.163115,0.0640349)
(-0.179483,0.0737251)
(0.0149411,0.00846816)
(-0.0773116,0.194227)
(-0.0335462,-0.0494393)
(0.106861,0.152978)
(-0.197741,-0.0583162)
(-0.038692,-0.0552195)
(0.102039,0.193513)
(-0.0144597,-0.0395588)
(-0.01806,-0.0310246)
(-0.0548052,-0.132577)
(0.0334892,-0.0381587)
(-0.122415,0.045954)
(0.23237,-0.128553)
(-0.18802,-0.061792)
(-0.0776208,-0.0900228)
(-0.0816107,0.101156)
(-0.0752103,-0.021373)
(0.128658,0.0428148)
(0.0208653,0.0520403)
(-0.0552478,-0.00429859)
(-0.167052,-0.0590196)
(-0.0385569,-0.0429978)
(-0.0121746,-0.0906995)
(-0.00821721,-0.0166962)
(-0.0791282,-0.119752)
(-0.0120241,-0.0468853)
(-0.138948,-0.00384343)
(-0.0816763,-0.0969154)
(0.0724421,-0.062508)
(0.00945132,-0.0829467)
(-0.148665,0.016624)
(0.56603,-0.184257)
(-0.0719235,0.145156)
(0.835708,-0.0345644)
(-0.050653,0.0315497)
(0.0253606,0.0118326)
(0.0811955,0.0608295)
(0.0754022,0.0426109)
(0.0203536,-0.0299147)
(0.0575828,0.0527983)
(0.103196,0.123213)
(-0.124549,0.00485461)
(0.183659,0.0444438)
(-0.0820376,-0.0119394)
(0.563726,-0.190773)
(0.0619796,0.115243)
(0.0528322,-0.11546)
(0.0897446,0.139929)
(0.00351647,0.0330084)
(0.0345394,-0.0540291)
(0.424259,-0.175975)
(-0.0251529,-0.142717)
(-0.116175,-0.116122)
(0.493145,0.286945)
(0.0778043,-0.0345652)
(-0.0220796,0.0719371)
(-0.0685674,-0.0566643)
(0.0140085,0.039443)
(0.307709,0.107137)
(0.56377,0.0949477)
(0.198039,-0.479245)
(0.415324,-0.32592)
(0.0716732,0.237376)
(-0.000484264,0.0412004)
(0.164533,0.0698826)
(-0.0799972,0.0708044)
(0.134644,0.101951)
(-0.115975,-0.0197653)
(-0.179088,-0.0424843)
(0.0125028,-0.151825)
(0.082329,-0.140156)
(0.0594663,0.0558052)
(-0.0712006,0.0171676)
(-0.0464722,0.00915239)
(0.0880885,0.0520234)
(0.029599,0.0210605)
(-0.0262702,-0.0426397)
(0.023676,0.0145618)
(-0.0752066,-0.0898079)
(-0.0213364,-0.00577204)
(0.0312295,0.0808455)
(-0.171194,0.0451304)
(0.0782787,0.147233)
(0.0792775,0.158172)
(0.165257,0.155754)
(0.145177,0.170729)
(-0.000762037,-0.027465)
(0.21201,0.0960727)
(0.0284599,-0.0489259)
(0.111306,0.154239)
(-0.00721879,-0.0904148)
(-0.154294,-0.0216458)
(0.0141415,0.0889912)
(-0.10972,0.0173012)
(-0.030123,-0.0333805)
(0.478454,-0.106328)
(-0.0443458,0.0174336)
(0.499354,0.566841)
(-0.0151002,-0.0675904)
(0.0926366,0.122491)
(-0.0146027,0.141684)
(-0.180621,0.0900804)
(-0.0192862,0.0949032)
(-0.175852,-0.074546)
(0.0477261,0.055475)
(-0.0398532,0.0365645)
(0.197517,0.0301176)
(-0.0975083,-0.092173)
(-0.0709298,-0.11579)
(0.00030168,0.139814)
(-0.0594269,-0.165057)
(0.0665861,0.16317)
(-0.0116926,-0.124558)
(0.182103,0.123353)
(0.0613959,-0.0167751)
(0.0544406,-9.69764e-05)
(-0.00294461,0.0707371)
(-0.170819,-0.255327)
(0.0858149,-0.0383561)
(0.0942163,-0.104961)
(0.058353,0.0910534)
(-0.0405214,0.0349088)
(-0.0352571,0.0591057)
(0.0877094,0.064924)
(0.337801,-0.212585)
(-0.169349,-0.0951158)
(0.0795455,0.0251756)
(-0.0290677,-0.139485)
(0.0554729,0.109167)
(-0.039622,-0.190531)
(-0.0874236,-0.0373931)
(0.314743,-0.117689)
(0.779095,-0.07912)
(0.182658,0.0610737)
(-0.0773391,0.117308)
(0.0957451,-0.0444667)
(0.278773,-0.0790718)
(0.284382,-0.124932)
(-0.0817278,-0.100202)
(0.0151305,0.0252762)
(-0.0709994,0.0369496)
(-0.0179479,-0.0363183)
(0.111545,-0.0449242)
(-0.00782633,-0.103368)
(0.157903,0.150493)
(-0.00366469,-0.00144765)
(-0.0525188,-0.0416844)
(-0.0124344,-0.0945742)
(0.368978,0.307136)
(-0.0420576,-0.0384735)
(-0.0520799,-0.0311898)
(-0.00129714,-0.0908255)
(0.195561,-0.0191499)
(0.109507,-0.176907)
(-0.0102213,-0.0306434)
(0.0463768,0.0145421)
(0.440739,0.156496)
(0.0246616,0.155465)
(-0.0356393,-0.0783614)
(0.0232068,0.0665268)
(0.000155618,-0.0830866)
(-0.0161045,-0.0456741)
(-0.139197,0.0248082)
(-0.108884,-0.0458519)
(0.216641,-0.0784732)
(0.876734,0.0175332)
(-0.0986701,0.0951867)
(-0.175212,0.00668404)
(-0.0348194,0.054081)
(-0.11558,0.0776648)
(-0.0433265,0.0448125)
(0.100643,0.0857864)
(-0.0798142,0.0147689)
(0.287136,0.0688124)
(-0.12272,-0.0663097)
(-0.101737,-0.0307735)
(-0.0157466,0.137023)
(0.0637072,-0.190568)
(-0.14488,-0.156259)
(-0.169843,-0.014854)
(0.0213326,-0.0841933)
(-0.0951668,-0.145222)
(-0.118558,-0.138104)
(0.0127588,-0.107175)
(0.252962,0.127972)
(0.0425846,-0.117881)
(-0.159664,-0.0925912)
(-0.106617,-0.0638346)
(-0.0896538,0.059555)
(0.0966897,0.0848547)
(-0.165684,-0.0283624)
(-0.155475,-0.0104936)
(-0.00261912,0.0195058)
(-0.0191683,0.0102881)
(-0.0187179,-0.0175055)
(0.0594209,-0.0283266)
(0.0142101,-0.0747512)
(0.00640112,-0.0160301)
(0.0603901,0.201097)
(-0.0385043,-0.0138279)
(-0.0463494,0.0658974)
(0.0120582,0.0166626)
(0.390641,0.0334876)
(-0.086355,-0.0358531)
(0.019642,-0.0687033)
(-0.0598762,0.0519205)
(-0.19386,-0.0294781)
(-0.0609794,0.0367604)
(-0.0287719,-0.042486)
(-0.042299,-0.0285924)
(-0.130779,-0.0825276)
(-0.107289,-0.114249)
(0.0100146,-0.0530585)
(-0.0773161,-0.0305621)
(0.00165613,0.10643)
(-0.0247533,0.0793276)
(0.180298,0.178919)
(0.127067,-0.0109359)
(0.348967,0.117821)
(0.0628719,0.154082)
(0.0918611,-0.0526153)
(0.0378132,0.00774477)
(0.0887689,-0.0954773)
(0.072887,-0.0740649)
(-0.035849,0.0570504)
(-0.0972677,0.0359024)
(-0.0159937,0.0852602)
(0.0341057,0.110826)
(-0.0582792,-0.131475)
(0.00487583,-0.0750556)
(-0.0163975,-0.0380521)
(0.0192328,-0.106107)
(-0.051004,-0.159673)
(0.0113347,-0.0481745)
(0.137672,-0.0886479)
(-0.0750833,-0.0250012)
(0.107344,-0.0145632)
(0.144539,0.0196235)
(-0.0362952,-0.0531472)
(0.0122715,-0.0427244)
(-0.0430066,-0.00955351)
(-0.0048659,0.00921644)
(0.0534582,0.103712)
(-0.123114,0.214708)
(-0.140623,-0.0210937)
(0.0728695,-0.14937)
(-0.095621,0.0079088)
(-0.0521339,-0.0960876)
(0.148475,-0.114251)
(0.154239,0.0781463)
(0.0142528,-0.10496)
(-0.0131587,-0.153042)
(0.0499957,0.0206918)
(0.0146887,0.0848401)
(-0.0390471,-0.0662576)
(-0.0116398,0.00196136)
(0.660888,0.065869)
(0.0497119,-0.0147897)
(0.111949,0.0300922)
(0.1316,0.0264301)
(0.00678592,-0.0412499)
(-0.0723918,0.0719288)
(0.0131607,0.159158)
(0.00145625,0.00218801)
(-0.0814272,0.0674427)
(-0.0150248,-0.13157)
(-0.0724201,0.073459)
(-0.00870917,0.134659)
(0.0407948,0.0152141)
(0.0333744,0.174306)
(-0.0174168,0.0129933)
(0.105885,-0.0637738)
(-0.0484644,-0.0690119)
(0.0640452,0.0188171)
(0.043147,-0.0672583)
(0.119181,0.0076781)
(0.0711461,-0.0726914)
(-0.025943,-0.177543)
(0.0642107,-0.0284074)
(0.100596,0.00713171)
(0.139683,0.00760943)
(0.60479,0.0303499)
(1.15628,-0.0908343)
(-0.0100418,0.145761)
(0.646407,0.000790248)
(0.0864785,0.0665497)
(0.384787,-0.03304)
(0.113795,0.0122962)
(-0.107363,0.022892)
(0.603526,0.0598141)
(0.922624,-0.350237)
(0.94612,-0.246865)
(-0.0146285,0.121821)
(-0.0280249,0.00458525)
(-0.0665858,0.0117603)
(-0.0746811,0.0836386)
(-0.105815,0.0365059)
(-0.0752411,-0.0830532)
(-0.13274,-0.131057)
(-0.0513208,0.00781035)
(-0.0429509,-0.0374276)
(0.0759447,0.0538723)
(-0.0216375,0.0122549)
(0.0671349,0.0673774)
(0.117074,0.0617421)
(-0.0652655,0.0659818)
(-0.085461,-0.0875005)
(-0.143208,-0.0955685)
(0.00132276,-0.04772)
(0.243686,0.0995499)
(-0.0557428,0.0707469)
(-0.181562,-0.00756042)
(6.71497e-05,-0.0601741)
(0.0182725,0.0794211)
(0.058078,-0.0179708)
(-0.107851,-0.04546)
(0.091258,0.0141382)
(-0.0178092,-0.0150021)
(-0.106307,-0.00770486)
(0.0531036,-0.0723172)
(0.150769,0.0757707)
(0.0635953,-0.116421)
(0.107898,0.0820595)
(-0.0651946,0.0296024)
(0.0265085,0.0358684)
(0.0189379,-0.0668448)
(-0.0787985,0.0476497)
(0.0272253,0.0219066)
(0.12907,-0.0456278)
(0.669838,-0.400383)
(0.0370114,-0.0254853)
(-0.0814338,0.06111)
(0.0451121,-0.00887954)
(-0.0167873,-0.014977)
(0.19837,0.0179343)
(0.0680371,-0.168818)
(0.650043,-0.219931)
(0.806463,-0.411907)
(0.543355,0.0857255)
(-0.03134,0.114667)
(0.555871,0.00231335)
(0.0736946,0.159289)
(-0.0785284,-0.124491)
(-0.0314417,-0.0546197)
(-0.0364491,0.171114)
(-0.101308,-0.00396305)
(-0.00523735,0.161465)
(-0.014292,-0.0444865)
(0.052052,-0.0259281)
(-0.184456,-0.00336739)
(0.045549,0.108814)
(0.059964,-0.0446205)
(0.453376,-0.0607302)
(0.166345,0.193997)
(0.0798261,-0.00848231)
(-0.0444053,0.110737)
(0.080637,-0.036285)
(-0.0111881,-0.0925417)
(0.106437,-0.0181042)
(0.0089554,-0.0278258)
(0.0866667,-0.0890114)
(0.0558139,-0.0199081)
(0.273167,-0.237353)
(0.0526991,0.0181386)
(-0.0534046,0.155266)
(-0.103287,-0.0200895)
(-0.072293,-0.103793)
(-0.0186905,0.0797109)
(-0.127042,0.00730887)
(0.00819269,0.0613154)
(-0.062519,0.0982587)
(-0.0226087,-0.0540969)
(0.0167839,-0.000404478)
(-0.0235703,-0.161871)
(-0.00797848,-0.00893473)
(0.0576786,-0.00575352)
(0.14701,-0.0299731)
(0.0274936,-0.194699)
(-0.0443719,0.0847339)
(0.18848,0.058578)
(-0.0850286,-0.134241)
(0.00739624,0.0406122)
(-0.105408,0.0291691)
(0.0127839,0.110369)
(0.131616,-0.0538549)
(0.0591883,0.0765846)
(0.0417015,0.0702365)
(0.120031,-0.0329102)
(0.0348956,-0.126458)
(0.0650814,0.0731468)
(0.0642894,-0.121722)
(0.0576848,0.0934996)
(0.126208,0.115198)
(0.176026,-0.090091)
(0.0848893,0.0294026)
(-0.168103,-0.0167108)
(0.0387421,-0.0689057)
(0.195467,0.0548395)
(-0.093092,0.0183272)
(-0.0753305,0.0687165)
(0.0342034,-0.0600423)
(-0.149575,0.0141162)
(-0.0121836,-0.0353818)
(0.409316,-0.102715)
(0.0646293,0.00311892)
(0.0251128,0.205229)
(-0.100553,-0.0848995)
(0.0677115,0.171908)
(-0.0349381,-0.279475)
(-0.14821,0.0425832)
(-0.03557,0.0491762)
(-0.047569,0.0356749)
(-0.154727,-0.0637912)
(-0.0343028,-0.125934)
(-0.0275222,-0.145125)
(0.0488817,-0.131575)
(0.0464612,-0.0927244)
(0.0691391,0.0053389)
(-0.0439518,-0.0418128)
(0.0961731,0.15343)
(0.0846277,-0.0614022)
(0.00884498,-0.177326)
(0.0594555,0.00414979)
(-0.160116,-0.0116443)
(-0.0209099,-0.0873911)
(-0.0652834,-0.109545)
(-0.181615,-0.0343143)
(0.588621,0.383925)
(-0.0330218,-0.162452)
(-0.0196082,-0.0672659)
(-0.01792,-0.0811123)
(-0.0113794,-0.0381663)
(0.122439,-0.0710343)
(-0.037879,-0.0711355)
(0.00574766,-0.0387379)
(-0.0112729,-0.0929102)
(-0.348452,0.0722734)
(-0.00618615,0.0256698)
(-0.0377856,-0.0391735)
(-0.00272822,0.114816)
(0.292232,0.453267)
(-0.119932,-0.0357731)
(-0.0752992,-0.085515)
(-0.039785,0.038196)
(-0.0914226,0.0940018)
(-0.00808681,-0.0563938)
(-0.0757294,-0.12274)
(-0.137453,-0.158768)
(0.136574,-0.110918)
(-0.0425834,-0.131398)
(-0.0978918,-0.0865713)
(-0.081275,-0.0610623)
(-0.0938131,-0.161321)
(-0.0826014,0.0616275)
(-0.0485598,-0.150386)
(0.181834,-0.096474)
(-0.0248544,-0.149754)
(-0.105703,-0.03287)
(0.00979426,-0.0510521)
(-0.188851,-0.101323)
(0.138902,0.176299)
(0.0987191,0.254497)
(0.326552,-0.227899)
(-0.0277129,-0.0601166)
(0.42895,-0.166375)
(-0.19575,-0.064459)
(-0.0956741,-0.171002)
(0.0214746,-0.08903)
(-9.77206e-05,-0.0305717)
(0.655214,-0.143924)
(0.0501525,0.0225429)
(0.261366,0.00626181)
(0.051741,0.0776562)
(-0.0152592,-0.0653438)
(-0.061358,0.0919676)
(0.272136,-0.161339)
(0.233115,-0.132081)
(-0.0874481,0.0803261)
(-0.0686014,-0.0252881)
(0.294052,-0.164775)
(0.11178,0.0783348)
(0.0483863,-0.0570683)
(0.220411,-0.0794062)
(0.0847756,-0.0277221)
(-0.00359711,-0.0539089)
(0.417906,-0.102971)
(-0.0223121,0.00391435)
(0.324425,0.10715)
(0.259053,-0.00487564)
(-0.0737123,0.246852)
(0.507608,0.131628)
(0.0706413,-0.261085)
(0.0135933,0.0162225)
(0.0165618,-0.00557784)
(0.0388657,0.0298168)
(0.0220401,-0.118947)
(-0.165135,-0.237583)
(0.0573469,-0.0669651)
(0.126387,0.0102527)
(-0.0920377,0.177076)
(0.146765,-0.064306)
(0.0276114,-0.012127)
(-0.16239,-0.103402)
(0.0376817,0.0407664)
(0.00927905,0.0431392)
(0.0300785,0.0818138)
(-0.0089756,-0.075324)
(0.00496731,0.110534)
(0.189185,-0.02886)
(-0.0764915,-0.0114504)
(-0.111012,0.013397)
(0.145424,0.0920573)
(-0.148331,0.20183)
(0.0482761,0.0153998)
(0.492522,0.297812)
(-0.0977183,0.0805375)
(0.390634,0.072728)
(-0.0102997,0.0778213)
(-0.175756,-0.140059)
(0.0915189,-0.0702585)
(-0.00275415,0.154637)
(-0.184988,0.00589148)
(0.265045,-0.103653)
(-0.0716142,0.107563)
(0.055958,0.260485)
(0.00711502,0.158298)
(-0.0534171,-0.175038)
(-0.182434,-0.0500292)
(0.00669701,0.176923)
(-0.120121,-0.0300638)
(0.0758347,0.0867127)
(0.0592091,0.186702)
(0.5736,0.160317)
(-0.0513715,-0.0589422)
(0.473262,0.316973)
(-0.12126,0.0665613)
(0.0662196,0.0638093)
(0.221675,-0.0333743)
(0.196584,0.135271)
(0.0233155,-0.0271105)
(-0.00599688,0.0880693)
(0.210557,-0.13108)
(0.00217112,-0.0615938)
(0.035147,-0.082682)
(-0.00939897,-0.113405)
(0.0157897,-0.0785882)
(0.0967328,0.112595)
(-0.166485,0.0521874)
(0.118628,-0.031244)
(0.00155856,0.0458278)
(0.0465808,-0.0398201)
(0.00545652,0.0002103)
(0.130077,0.0105115)
(0.116515,-0.122528)
(-0.0853754,-0.116911)
(-0.0641527,-0.151838)
(0.102498,-0.101285)
(0.00745278,-0.133698)
(-0.0110319,0.0628417)
(-0.0282355,0.177464)
(-0.170294,-0.0128322)
(-0.157632,0.0100222)
(0.066707,0.00422445)
(-0.0374984,-0.0277176)
(0.0616613,0.031177)
(-0.181702,0.103693)
(-0.0116736,0.0592354)
(-0.219826,0.062745)
(-0.0582027,0.133896)
(0.217851,0.0370976)
(-0.121591,0.03204)
(-0.0550984,0.0691588)
(0.0630974,-0.0676825)
(0.106677,0.183974)
(0.514001,-0.0376325)
(0.000982444,0.222556)
(0.0630708,0.0731815)
(0.126877,0.148949)
(0.599056,-0.165943)
(0.0403121,-0.000375501)
(-0.0045891,0.140671)
(-0.093941,-0.0642263)
(-0.0177295,-0.0643729)
(0.0181321,0.121992)
(-0.06356,-0.0327066)
(-0.01515,-0.00816053)
(0.991315,-0.632407)
(0.0342411,0.00356664)
(0.0602651,0.0402699)
(0.436637,-0.332269)
(-0.0299128,-0.0930321)
(-0.077033,0.0734085)
(0.0486001,-0.0747535)
(0.878527,-0.0696421)
(-0.013346,-0.0472485)
(0.12868,-0.0596828)
(0.136606,-0.00236558)
(0.0883394,-0.122828)
(-0.0677604,-0.0351878)
(0.0667796,0.119381)
(0.0132581,-0.0487617)
(0.0520675,0.0262607)
(0.329493,0.136843)
(0.190739,0.161809)
(-0.0088121,0.0711729)
(0.107591,-0.443272)
(0.0459246,-0.0563426)
(0.161901,0.145023)
(-0.018167,0.0869443)
(-0.0973979,-0.0972519)
(0.0651707,0.101208)
(-0.14786,-0.0289467)
(-0.13118,0.130437)
(-0.0840244,0.036168)
(0.0504196,-0.0610722)
(-0.109172,-0.039095)
(-0.0423495,0.0822636)
(0.567883,-0.0647614)
(-0.0624699,-0.0279432)
(-0.125235,0.0329207)
(-0.0767417,-0.0804311)
(0.0338766,-0.0323379)
(0.0474387,0.0235256)
(-0.0168897,-0.065871)
(0.133068,-0.0578448)
(0.320173,-0.0611906)
(0.126421,-0.0633446)
(0.173472,0.168337)
(0.172656,0.154375)
(0.719338,-0.186781)
(0.318252,0.0962139)
(-0.174693,0.0908921)
(0.471068,-0.812933)
(-0.0636052,-0.741387)
(0.0867493,-0.113442)
(0.0928326,0.0340989)
(0.050118,-0.0255938)
(-0.148146,-0.112731)
(-0.134011,-0.118256)
(-0.203106,-0.0383663)
(0.118474,-0.178006)
(0.0922797,-0.0961738)
(0.0978728,-0.0392303)
(-0.0976739,0.233395)
(-0.126994,-0.0540261)
(-0.0673053,-0.022445)
(0.180046,-0.204655)
(-0.110965,-0.0615378)
(-0.0196917,0.188777)
(-0.106309,-0.15269)
(0.224046,-0.356439)
(0.129392,0.102228)
(0.0159864,0.0875972)
(0.382235,-0.410147)
(0.83578,-0.149264)
(0.101139,0.145066)
(0.447385,-0.0645918)
(-0.0244302,0.127911)
(0.0240634,0.129708)
(0.777361,-0.138545)
(0.10268,-0.0840086)
(0.541692,0.0412463)
(0.529804,-0.164588)
(0.0525796,-0.0866462)
(0.724406,-0.366244)
(-0.0887036,-0.0109838)
(0.204558,-0.114798)
(0.084295,0.168241)
(0.38782,-0.0300879)
(-0.0387106,0.104973)
(0.160666,-0.0880949)
(0.0955239,-0.0727044)
(0.0699915,0.0375591)
(0.138702,-0.105245)
(-0.0144037,-0.0102195)
(0.114697,0.00680228)
(0.177697,-0.0239162)
(0.1011,-0.0562768)
(0.203412,-0.0743558)
(-0.0699633,-0.0671986)
(0.0597912,0.203251)
(-0.0251583,0.0307089)
(-0.0438343,0.0116189)
(-0.00987005,0.100201)
(0.537556,0.00522099)
(-0.0765851,0.0795535)
(-0.0455543,-0.0820396)
(-0.159419,0.0479746)
(-0.0437176,0.0236199)
(-0.123935,-0.0809053)
(-0.0300761,-0.199351)
(-0.100071,-0.0269782)
(-0.0207391,0.145937)
(0.698551,-0.167174)
(0.0221064,-0.0361596)
(0.315789,-0.197935)
(0.0721933,-0.0202957)
(0.0656068,-0.114965)
(-0.00863095,0.107021)
(-0.17317,-0.0639353)
(-0.0714592,-0.0861181)
(-0.104214,0.0667493)
(0.0937268,-0.0199945)
(0.133085,-0.100756)
(0.0300636,-0.0506871)
(0.106243,-0.025447)
(0.11408,0.0865851)
(0.0441039,0.0711117)
(0.191578,-0.134225)
(0.301588,-0.0600408)
(-0.130192,-0.0984768)
(-0.0783447,0.0354199)
(0.0704514,-0.0025776)
(0.03739,-0.000164686)
(0.38994,-0.172787)
(0.0189791,-0.0829837)
(0.0575048,0.0010102)
(0.0730927,0.0334846)
(0.0803081,0.00353849)
(0.151686,-0.0211883)
(-0.0387614,-0.0479729)
(-0.0309551,0.0545922)
(-0.10344,-0.0325324)
(-0.0261424,0.0145131)
(0.193519,-0.237296)
(-0.208357,-0.00365748)
(-0.141663,0.167357)
(0.0849955,0.0938803)
(-0.0859339,-0.0576408)
(0.0495688,-0.0734235)
(0.264649,-0.304897)
(0.348576,-0.188576)
(0.731484,-0.259258)
(-0.0784915,0.105533)
(0.00689219,0.000446207)
(0.362891,-0.13812)
(-0.00125481,-0.0666467)
(0.0164499,-0.0942355)
(0.364201,-0.139514)
(0.0791449,-0.0781818)
(-0.0740715,0.0485271)
(0.00139633,-0.0659752)
(0.0441936,-0.134669)
(0.106464,-0.129516)
(0.225828,-0.0764122)
(0.215872,0.0463699)
(0.315065,-0.0973995)
(0.416776,-0.0728951)
(0.544251,-0.218775)
(-0.0215749,-0.105843)
(-0.0267404,-0.128217)
(-0.0326019,-0.214165)
(-0.152427,-0.373458)
(0.750237,-0.0791808)
(0.945002,-0.206061)
(0.0102922,-0.149274)
(0.0342038,0.09245)
(-0.00777524,-0.139546)
(0.799227,-0.129671)
(0.040011,-0.0607675)
(0.112374,0.0770763)
(0.0564818,0.0811348)
(0.237461,-0.538238)
(0.141057,0.0183854)
(0.0932147,-0.00543286)
(0.632152,0.621807)
(0.817931,0.551962)
(-0.0414617,-0.0217238)
(0.061945,0.0575113)
(-0.0279304,-0.112393)
(0.131284,0.127076)
(-0.0141006,0.0777392)
(-0.124235,0.0383437)
(0.00586661,0.0157487)
(0.721216,-0.0999102)
(0.49449,0.09473)
(0.85883,-0.0544883)
(0.640288,0.042698)
(0.656561,0.308919)
(0.284518,-0.0729401)
(0.549496,-0.201196)
(0.313222,-0.144413)
(0.181325,-0.400816)
(-0.0681687,0.116005)
(-0.138121,0.00917909)
(0.459029,-0.113688)
(0.605155,-0.356402)
(0.909861,-0.392548)
(0.603147,-0.317153)
(0.370693,-0.549927)
(-0.114675,0.0851293)
(0.496415,0.181806)
(-0.135387,0.156938)
(-0.0334101,0.136021)
(0.159911,-0.061896)
(0.0240575,0.142603)
(-0.174105,0.0607898)
(0.085041,-0.0108775)
(-0.0452849,0.124718)
(-0.0520511,-0.0247302)
(-0.0809287,-0.0240705)
(0.560978,0.0292326)
(-0.0312209,-0.0226328)
(0.686112,-0.273083)
(0.315594,0.00974106)
(0.510507,-0.239764)
(-0.0100595,0.0857064)
(0.14929,-0.0172519)
(-0.171389,-0.155935)
(1.53799,-0.411924)
(-0.102264,-0.260214)
(0.177242,-0.0640442)
(-0.103046,-0.304587)
(0.348398,-0.176365)
(0.137491,-0.251367)
(0.366079,0.274657)
(0.878311,0.163233)
(0.684595,-0.120063)
(0.0557783,0.0946176)
(-0.0521838,0.115921)
(0.0356874,-0.0187282)
(-0.00323149,0.10359)
(0.11214,0.0268989)
(-0.0972662,0.0178992)
(-0.174028,0.0488059)
(0.328885,-0.01641)
(0.0414093,-0.134444)
(-0.0081855,0.00892422)
(0.18747,-0.101088)
(-0.00740927,0.0424428)
(0.421516,-0.0069872)
(0.652564,-0.415517)
(-0.0821064,-0.116898)
(0.0166154,-0.254132)
(0.00297782,-0.171681)
(-0.0175549,-0.0211906)
(0.393702,-0.161727)
(-0.0763471,-0.00944436)
(0.074427,0.0139021)
(0.0870798,0.0852649)
(0.224854,-0.117245)
(0.063549,0.0541228)
(0.603719,0.160907)
(-0.00536012,0.0391078)
(0.10481,0.00385458)
(0.126684,0.13063)
(-0.045683,-0.0851169)
(0.354196,-0.0754108)
(-0.00852283,-0.147888)
(0.56552,-0.0981633)
(0.285658,-0.0202769)
(0.0575578,-0.134626)
(0.620889,0.00618901)
(0.213404,-0.153705)
(0.555818,-0.175113)
(0.016771,-0.0268181)
(0.623582,0.00841662)
(0.049457,0.127858)
(-0.0200487,0.149879)
(-0.0602501,0.103196)
(-0.0141057,0.0406867)
(0.0846126,-0.0845524)
(0.0232927,-0.0213561)
(-0.141241,-0.0984602)
(0.335417,-0.1144)
(0.0045481,-0.058428)
(0.139377,0.266633)
(0.46702,-0.0958655)
(0.437618,-0.131003)
(-0.00765052,-0.0607128)
(0.0396433,0.156916)
(-0.0101008,-0.116154)
(0.608306,-0.36951)
(-0.0534601,-0.0179127)
(0.667289,-0.364657)
(0.401006,-0.155271)
(-0.0607985,-0.0637036)
(0.0192043,-0.0489511)
(0.468457,-0.100708)
(-0.0265795,-0.0661739)
(0.0794773,-0.13311)
(0.0184715,0.045063)
(0.588326,0.187457)
(0.412219,-0.267435)
(0.254156,0.0555027)
(0.372109,-0.164429)
(0.310056,-0.23378)
(-0.0231706,-0.11165)
(0.644042,-0.0154651)
(0.560041,0.0125117)
(-0.0672483,-0.0196474)
(0.337528,-0.135262)
(-0.0387011,-0.00275439)
(0.272235,0.00981774)
(-0.0804613,-0.120184)
(-0.0563739,0.16867)
(0.00148972,0.102837)
(0.0876207,-0.00112163)
(0.100575,0.0128904)
(0.115887,0.0305096)
(-0.0282944,0.0534967)
(0.0387989,-0.0590594)
(-0.0874808,0.165972)
(0.0636588,-0.0929038)
(0.0722217,-0.078489)
(0.0800018,-0.188009)
(0.097269,-0.0343081)
(0.0563262,0.00914102)
(0.0878126,-0.0107005)
(0.0482018,-0.00685041)
(0.507333,-0.066702)
(0.0276777,-0.031685)
(0.0553165,-0.0644132)
(0.670583,0.506674)
(0.279328,-0.171878)
(-0.0383453,0.0194076)
(0.167317,0.069648)
(0.142284,0.0631452)
(0.0913542,-0.0248633)
(0.0321969,-0.163992)
(0.089318,0.100734)
(0.211395,-0.138387)
(0.595561,0.169307)
(0.620836,-0.270766)
(0.0301909,-0.166351)
(-0.140565,-0.102863)
(0.692334,-0.0712313)
(-0.0329397,-0.0344347)
(0.111154,0.227234)
(-0.0324733,0.217377)
(-0.0547433,-0.250808)
(0.21826,-0.211772)
(0.283892,-0.0539105)
(0.165403,-0.084762)
(0.31091,-0.335487)
(0.147029,-0.153884)
(0.174604,-0.437411)
(0.477254,-0.306429)
(-0.0658918,0.0104721)
(0.0748715,0.0440725)
(0.102677,-0.0423258)
(-0.0184102,0.0589283)
(0.0202384,-0.245564)
(0.0261139,-0.0233324)
(0.415451,-0.474306)
(-0.00922256,-0.169821)
(0.417788,-0.48241)
(0.0690438,-0.0626882)
(-0.100766,0.0287219)
(0.0313483,-0.0607444)
(-0.0415718,-0.00763199)
(-0.110107,0.00984783)
(-0.0864873,0.00141895)
(-0.0060667,-0.0111952)
(-0.0395468,-0.0652786)
(0.105202,0.0244326)
(0.375836,-0.51427)
(0.014581,0.0128596)
(0.0321187,-0.00130002)
(0.372969,-0.397942)
(0.00934203,0.022121)
(-0.0211896,0.0985177)
(-0.119767,-0.0630589)
(-0.101543,0.0524302)
(0.00162592,0.0213887)
(-0.0162718,-0.0341041)
(-0.0886843,-0.001503)
(0.0571205,0.0631968)
(-0.041165,0.0721434)
(-0.109902,-0.170562)
(-0.00232918,0.0239272)
(0.271401,-0.0278454)
(-0.10184,0.195271)
(0.426838,-0.364154)
(0.263266,0.0643976)
(0.465094,0.0988948)
(-0.122876,-0.123914)
(0.443378,0.00643983)
(0.649088,-0.0780436)
(0.585863,0.0239803)
(-0.184138,0.0303239)
(0.075233,0.124186)
(-0.0150027,0.0330443)
(0.101352,0.111446)
(0.377663,-0.184444)
(0.359279,0.0342034)
(0.0400945,-0.113044)
(-0.0461966,-0.0850848)
(-0.100925,0.129961)
(-0.0567382,-0.00300257)
(0.188402,-0.15467)
(0.21043,0.155386)
(0.035748,0.122878)
(0.079216,0.192593)
(0.169728,0.151192)
(0.530335,-0.126103)
(-0.0578604,0.0663363)
(0.500345,-0.0943929)
(0.132786,0.0822578)
(-0.0602112,-0.0845093)
(-0.0253143,-0.084513)
(0.663749,-0.327257)
(0.0129907,0.177773)
(0.528919,-0.273383)
(0.300503,-0.331957)
(-0.0157587,0.0767129)
(0.00785271,0.110503)
(-0.00418898,0.046336)
(-0.00851905,0.104762)
(0.101083,-0.100456)
(-0.0146711,-0.0436414)
(0.631895,-0.11621)
(0.401145,-0.0476043)
(0.131112,0.0661053)
(0.122538,0.151796)
(0.0523494,-0.0804511)
(-0.0934882,0.0402545)
(0.133451,0.0282335)
(0.100093,0.00955567)
(0.515769,-0.142502)
(0.488621,-0.280612)
(0.641904,-0.17392)
(-0.128759,-0.00419503)
(0.40509,-0.163702)
(-0.0344894,0.0792674)
(0.00256046,0.0224975)
(0.0107504,-0.00601514)
(0.0267406,0.0898211)
(0.00753259,0.135464)
(-0.0259621,-0.084122)
(0.550006,0.015655)
(0.480935,0.0744364)
(0.0701274,-0.442)
(0.0974018,-0.00744444)
(-0.0819958,-0.370638)
(-0.0205012,-0.114735)
(0.776602,-0.156111)
(0.589198,-0.294892)
(0.0173227,-0.0637523)
(0.420929,-0.384414)
(0.702484,-0.189664)
(0.507528,-0.247339)
(0.532498,-0.181708)
(0.235941,0.0325243)
(0.0804674,-0.0177909)
(0.253563,-0.149437)
(0.209811,0.0316146)
(0.121212,0.131178)
(0.0251498,-0.0392523)
(0.0816516,0.102283)
(0.275495,-0.0138815)
(0.0604647,0.117399)
(0.0533876,0.0211292)
(0.206798,-0.038579)
(-0.0945607,-0.0605292)
(0.437622,-0.362465)
(-0.0782119,0.0130281)
(0.232826,-0.271332)
(-0.0210699,-0.195671)
(0.437638,-0.00929908)
(0.0276451,0.0249545)
(0.0625303,0.051668)
(0.650131,-0.173157)
(0.0673138,0.0787561)
(-0.0629165,-0.0994006)
(0.612091,0.256127)
(-0.0323824,0.000222567)
(-0.14157,-0.103856)
(0.00396256,-0.00843801)
(0.00721138,-0.0275292)
(0.0119915,-0.115205)
(-0.109524,-0.120487)
(0.467653,-0.0979267)
(0.352825,-0.109218)
(0.315963,-0.17558)
(-0.00902479,0.0113988)
(0.0421674,0.248745)
(0.341321,-0.378875)
(0.0872083,0.160364)
(-0.145753,-0.165854)
(0.0483802,0.0640224)
(0.00907459,0.135866)
(0.986525,0.0974264)
(0.833939,-0.0618174)
(0.484305,-0.282504)
(0.567476,-0.210241)
(0.316959,-0.113828)
(-0.0219578,-0.02423)
(0.288226,0.228654)
(0.175878,-0.0343218)
(-0.00634892,-0.0567659)
(0.247838,0.0866796)
(-0.0357251,-0.0438734)
(-0.0187487,0.0718257)
(0.0279693,0.170636)
(0.443781,-0.230961)
(0.0255273,-0.0655976)
(0.0922211,0.0519961)
(0.504267,-0.334498)
(0.0618878,0.0160501)
(-0.112908,-0.0862024)
(0.0396909,-0.0843087)
(-0.152724,-0.0575204)
(0.0590001,-0.0698904)
(-0.09454,0.162403)
(-0.0868809,0.134628)
(0.00314808,0.117594)
(0.582202,0.0904762)
(-0.00680136,0.00280794)
(0.0846137,-0.00793977)
(-0.0516448,0.0277647)
(-0.00339178,-0.0257754)
(0.0332286,-0.0463904)
(-0.0324382,-0.0361396)
(-0.136738,0.0264948)
(-0.0595554,-0.0312731)
(-0.0208337,0.142808)
(0.0115651,0.00468887)
(-0.00925387,0.0536975)
(0.326296,-0.0661691)
(0.0222743,0.0302305)
(0.416673,-0.0483175)
(-0.0404216,0.0372454)
(0.0324707,-0.0603539)
(0.0949361,-0.124866)
(0.332729,-0.0799618)
(0.5066,-0.0153501)
(0.0906801,0.0254963)
(0.0238475,0.096689)
(-0.0721815,-0.0680597)
(-0.097253,-0.0296881)
(-0.0670403,-0.00549615)
(0.0710147,0.0461272)
(0.27002,-0.213439)
(-0.0887514,0.0741915)
(-0.0581518,-0.320058)
(-0.130488,0.0834331)
(-0.0239743,-0.0322421)
(0.0149146,-0.183053)
(-0.0488296,0.0288852)
(-0.0933168,-0.0364136)
(-0.00473008,0.0202294)
(0.0723569,-0.0823439)
(0.189611,-0.00194682)
(0.142142,-0.0352189)
(0.053103,0.0922504)
(0.139831,-0.0261445)
(0.558968,-0.361158)
(-0.0228105,-0.0484598)
(0.708943,-0.0866443)
(-0.0623757,0.0208426)
(0.145808,-0.0469408)
(-0.108444,0.0117886)
(-0.057326,0.102829)
(-0.0271556,0.0588907)
(-0.0192142,0.0123896)
(-0.0361158,-0.0629483)
(-0.0175448,0.0144343)
(-0.00163316,0.143684)
(-0.121195,-0.0575632)
(0.546674,0.114474)
(0.42958,0.0709997)
(-0.0134478,-0.0262712)
(0.0835809,0.0425278)
(0.280347,0.0284797)
(0.698711,0.100649)
(0.00958817,-0.0572796)
(0.119875,-0.0120309)
(0.8589,0.0528637)
(0.0999558,-0.0496152)
(0.0879305,-0.0582036)
(-0.0771145,0.0582406)
(-0.111821,0.0173215)
(-0.139035,-0.048946)
(0.0563936,0.104334)
(0.288712,-0.229334)
(0.437761,-0.253703)
(0.00305508,0.0675346)
(0.0547618,0.0278057)
(0.168121,-0.0794615)
(0.0201663,-0.00100152)
(0.198114,-0.124314)
(-0.0279492,0.104739)
