1620
(-0.103514,-0.0430922)
(-0.00027514,-0.0249115)
(0.0787208,0.0208688)
(-0.215205,-0.126742)
(-0.0366573,-0.0830475)
(0.0464699,0.0553167)
(0.0910224,-0.0515711)
(-0.00272917,0.0222533)
(0.0678893,-0.0174514)
(-0.00427898,-0.0967068)
(0.054783,0.212669)
(0.161407,0.165591)
(0.0416787,-0.184021)
(-0.0554064,-0.0169148)
(-0.045158,0.0484406)
(0.0339356,0.0585064)
(0.0196741,0.0411137)
(-0.0461885,-0.131952)
(0.0537491,0.0330152)
(0.0669681,0.0752789)
(-0.110779,0.165124)
(0.0239357,-0.0635288)
(-0.0437594,-0.0348903)
(-0.0926043,0.00609121)
(0.05055,-0.0438479)
(0.0413612,-0.0942588)
(-0.0282236,0.0517684)
(0.1383,0.0623216)
(-0.116486,0.00521168)
(0.0300043,0.0600515)
(0.150903,-0.0568953)
(0.0204681,-0.0997649)
(0.162421,0.0723617)
(0.00737358,-0.0679652)
(0.063392,0.016949)
(0.0405865,0.00234922)
(-0.0602813,0.0172442)
(-0.015101,0.082309)
(-0.0301178,0.00979884)
(-0.0927001,0.0393681)
(-0.155557,-0.197894)
(0.138073,-0.0158206)
(0.0127232,0.052015)
(0.0858344,0.184947)
(0.0998121,0.0773746)
(0.208784,-0.130913)
(0.0997936,-0.146113)
(-0.0425208,-0.0635401)
(-0.0143438,0.0383575)
(0.0846654,0.0340613)
(0.0750756,-0.0539175)
(-0.0886454,-0.043474)
(-0.0425427,0.103172)
(-0.124359,0.049147)
(-0.0335158,-0.023896)
(-0.0369892,-0.110844)
(-0.0265009,-0.0300987)
(0.0103668,-0.109247)
(-0.0733188,-0.0140027)
(0.0588028,-0.0836237)
(-0.014142,0.0061633)
(0.0402992,-0.104035)
(-0.0686759,0.0398456)
(0.272261,-0.13372)
(-0.0497725,-0.016974)
(-0.0231617,0.054487)
(-0.00942421,-0.00440622)
(-0.0734248,0.0673433)
(-0.0455525,-0.0460104)
(-0.0560592,-0.0558817)
(0.0568823,0.0321046)
(0.0576207,0.0354258)
(0.176576,0.0777115)
(0.0440023,-0.000775311)
(0.207273,0.0870563)
(0.0727507,0.0913512)
(-0.02858,0.00692749)
(0.148328,-0.0285065)
(0.0812767,-0.0810913)
(0.269489,0.00180554)
(-0.014952,0.0358219)
(-0.0838967,-0.109206)
(0.0586271,0.0233255)
(-0.0632201,0.0763824)
(-0.0705824,-0.018609)
(-0.0239462,-0.144912)
(-0.0791546,0.0532518)
(-0.0286876,0.0988502)
(0.109962,-0.0379855)
(0.0205123,0.0948781)
(0.00752121,0.0289416)
(-0.0308639,0.0471681)
(0.335019,-0.213631)
(0.150515,0.0294269)
(0.195498,-0.0826465)
(0.455007,-0.21318)
(0.10207,-0.00329615)
(0.214016,-0.101738)
(-0.0207404,-0.0191815)
(0.0205097,-0.00698458)
(-0.000918359,0.0143424)
(0.0836895,0.115126)
(0.00876523,-0.0380493)
(0.046431,-0.148476)
(0.00609918,-0.0515028)
(0.483541,-0.197189)
(0.00690016,-0.0588149)
(0.0105641,0.00500586)
(-0.0425359,0.0804511)
(0.0522062,-0.0684888)
(-0.0475044,0.056204)
(0.511471,-0.217726)
(0.210578,-0.207964)
(-0.0304715,-0.0854808)
(0.259651,-0.205154)
(0.209791,0.178153)
(0.177282,0.126774)
(0.481949,-0.141265)
(0.0148328,-0.0317479)
(0.290464,0.14577)
(0.252211,-0.184455)
(-0.0161804,-0.0518254)
(0.609327,-0.192799)
(0.376144,-0.160934)
(0.497966,-0.211644)
(0.0186988,-0.071073)
(0.0928238,-0.041984)
(0.0555072,-0.00374271)
(0.442819,-0.243531)
(-0.00800494,0.00495246)
(-0.0329298,-0.0339586)
(0.039922,0.00884711)
(-0.0969014,0.0681359)
(0.0504438,-0.106229)
(0.0130945,-0.0816478)
(0.0535968,-0.083173)
(-0.00343707,-0.000749647)
(-0.00443898,0.0675365)
(0.518915,-0.14612)
(0.00971507,0.00999635)
(-0.0791585,0.0479658)
(0.000696707,0.0542635)
(0.0209361,0.0764029)
(0.0586034,-0.0452809)
(0.0818653,-0.0582269)
(0.0470612,-0.0654424)
(0.0867164,0.05246)
(0.314808,-0.126657)
(0.341064,-0.116997)
(0.0618668,0.0312632)
(-0.124709,0.123758)
(0.275743,-0.0893428)
(0.731145,0.0301778)
(0.460501,-0.149984)
(0.483045,-0.0593079)
(-0.0541916,-0.0639279)
(0.0589953,0.198763)
(0.499199,-0.240536)
(0.377512,-0.0700176)
(0.00285368,-0.062355)
(0.0145404,-0.0780396)
(-0.0458942,0.0850374)
(-0.0511832,0.0484592)
(-0.0789956,-0.0997902)
(0.0282591,0.0634122)
(0.0154519,0.0375369)
(0.00302524,-0.0229289)
(0.0152092,0.0301529)
(0.0188265,-0.0929352)
(0.0622754,-0.0898196)
(0.0209727,-0.035164)
(0.0547067,0.039495)
(0.358153,-0.115346)
(0.439906,-0.208122)
(0.31499,-0.238517)
(0.339283,-0.296639)
(-0.0289514,0.0279575)
(-0.0306478,-0.0261722)
(0.0572473,0.0560423)
(0.127302,0.00705441)
(0.00959687,-0.00169291)
(0.383304,0.0978615)
(0.318626,-0.096625)
(0.0585107,0.152768)
(-0.027581,0.0932071)
(-0.00169475,-0.0453543)
(-0.029647,-0.0269442)
(0.0402465,0.0144959)
(-0.00779583,-0.0159232)
(0.530475,-0.126271)
(0.6753,-0.128965)
(0.323604,-0.124514)
(0.414439,-0.229174)
(-0.00884517,-0.0853507)
(-0.0835925,-0.102296)
(0.060182,0.0788315)
(0.0253002,0.010772)
(0.00818667,-0.0228103)
(-0.0412966,-0.150379)
(-0.0200993,0.164279)
(0.0511338,-0.0419267)
(0.0982824,0.0107126)
(-0.0999311,0.022842)
(-0.0188978,-0.0487674)
(0.0649956,-0.0280806)
(-0.0444767,-0.0197301)
(0.443426,-0.140442)
(0.28472,-0.266401)
(-0.0457624,0.0753305)
(0.281792,-0.206236)
(-0.0569576,-0.0614305)
(0.406094,-0.209583)
(0.390072,-0.248049)
(-0.0593428,-0.0227344)
(-0.0809245,-0.126779)
(0.0607777,0.0416987)
(0.0659021,0.0247474)
(0.356462,-0.0755125)
(0.431353,-0.146238)
(-0.0132806,-0.0284499)
(-0.0106863,-0.0665499)
(0.0152681,0.043355)
(-0.0491911,0.0650615)
(-0.602821,0.0428001)
(0.0157848,-0.098839)
(0.00494787,-0.0624609)
(-0.426349,0.182476)
(-0.0499601,-0.0152257)
(0.0393206,-0.00835432)
(0.045794,-0.0951577)
(0.0500885,-0.0615253)
(0.452099,-0.13791)
(0.498295,-0.131446)
(0.779749,-0.208307)
(0.680225,-0.290429)
(-0.00905059,0.00103946)
(0.056586,-0.0213337)
(0.0149427,-0.0516398)
(0.00523688,-0.318702)
(-0.0973304,-0.0295656)
(0.114383,1.37422e-05)
(0.0458671,-0.0301129)
(0.0601668,0.0588586)
(0.133453,0.0122642)
(0.0330015,-0.025741)
(-0.0531423,0.118186)
(-0.061598,0.0823346)
(-0.0353602,0.0241235)
(-0.0897058,-0.0752605)
(0.0143151,0.0577417)
(0.0668012,-0.126491)
(0.0153475,0.0828364)
(0.0232968,-0.115462)
(-0.0338806,-0.0886284)
(0.0257846,0.0194675)
(-0.184244,-0.0806124)
(0.14412,-0.34823)
(0.00536625,-0.0103164)
(-0.0371573,0.0645224)
(-0.0351413,0.132133)
(-0.155792,0.0384698)
(0.0321548,0.112605)
(-0.0449826,0.112939)
(-0.0280334,-0.0589403)
(0.446004,0.00469329)
(-0.0117892,-0.0644521)
(0.0603813,-0.00721169)
(0.00300393,-0.0301719)
(-0.0182581,-0.0536091)
(-0.0244857,0.000531744)
(-0.0929367,0.0927013)
(-0.0412148,-0.0330763)
(0.0356428,-0.0380381)
(-0.0211381,0.0607437)
(-0.112013,-0.0960361)
(0.520325,-0.120315)
(-0.0462754,-0.0575867)
(0.0734419,-0.0212087)
(0.0142349,-0.0521668)
(-0.0193245,-0.062642)
(0.017984,-0.0420214)
(0.0390284,-0.0131523)
(-0.0195969,0.028673)
(0.000487702,0.0865501)
(-0.0272608,-0.198098)
(0.106175,-0.0230623)
(0.0564024,-0.0675457)
(-0.0394432,-0.143752)
(0.0462092,-0.0633784)
(-0.106185,-0.109182)
(-0.0157717,-0.0167269)
(-0.0210264,-0.00375925)
(0.00220598,-0.023971)
(0.0344171,0.0472353)
(0.0256023,-0.0358325)
(-0.104662,0.0357257)
(-0.109074,0.0832438)
(-0.0430691,0.0231886)
(-0.0164218,-0.0117806)
(0.0451522,-0.0349639)
(0.0499562,0.0565663)
(-0.0847702,-0.0210588)
(-0.05656,0.0232349)
(-0.0768033,0.0373054)
(-0.034394,-0.0503224)
(-0.0157052,-0.0403942)
(-0.0286648,-0.0218196)
(0.429002,-0.146773)
(-0.0201281,0.0461433)
(-0.0705469,0.037365)
(-0.037479,0.140349)
(-0.0341975,-0.0230585)
(-0.0432136,-0.109461)
(-0.182521,0.0826044)
(-0.00796096,0.0795105)
(-0.00137836,0.0184333)
(-0.164185,-0.108104)
(-0.099824,-0.14035)
(0.0263703,-0.00413383)
(0.38545,-0.104682)
(0.100976,0.158739)
(-0.018394,0.00450739)
(0.0640173,-0.0277002)
(0.0818915,-0.0613966)
(-0.0412262,-0.0519733)
(-0.0412768,0.0352119)
(0.0843135,0.035606)
(-0.0903011,-0.0148322)
(-0.00521778,0.0240744)
(-0.0666835,-0.111245)
(0.0470872,-0.142438)
(0.000642246,0.0201267)
(0.00483801,-0.0773749)
(0.0514774,0.0397618)
(0.0318103,-0.103087)
(0.325581,-0.178112)
(0.0207682,-0.0087747)
(0.0293283,-0.0467892)
(0.053208,-0.0492754)
(0.0441723,-0.0548017)
(-0.0368778,0.127181)
(-0.0112424,0.0262854)
(-0.0043495,-0.00843424)
(-0.000619929,-0.0528191)
(-0.0233695,-0.0535244)
(0.0948931,0.00286694)
(0.0479933,0.012789)
(0.0327806,0.10337)
(-0.0477066,-0.112558)
(0.04841,-0.303746)
(0.179178,-0.134909)
(0.308572,-0.174059)
(0.0553362,0.125056)
(-0.0175526,-0.0478979)
(0.537849,-0.0741343)
(0.00995952,0.115203)
(-0.0932618,0.0329436)
(-0.0170787,-0.00370882)
(-0.110829,0.0285632)
(-0.0404968,-0.0366268)
(0.284104,0.00248074)
(0.0457701,-0.108932)
(0.0206088,-0.00194871)
(0.0325718,-0.00716726)
(-0.0720111,-0.0174208)
(0.0754304,-0.285898)
(0.153326,-0.217557)
(0.0177037,0.00568583)
(-0.0509648,0.0273408)
(-0.0265206,-0.0305751)
(-0.0365782,0.119554)
(-0.00663946,0.0131882)
(-0.0209256,0.0626171)
(-0.0283645,0.0583716)
(0.226876,-0.188519)
(0.53249,-0.225153)
(-0.0280405,-0.0827762)
(0.00908773,2.34213e-05)
(0.0403157,0.0215889)
(0.0095796,-0.0775652)
(-0.0902825,0.00498682)
(0.176216,0.0331146)
(0.578674,-0.147896)
(0.0654825,-0.038477)
(-0.12985,0.0135931)
(-0.03592,0.0803616)
(-0.0118533,0.0238487)
(0.0298188,0.00491244)
(0.0353285,0.0538898)
(-0.0417497,0.0820452)
(-0.0523374,0.159028)
(0.0506054,0.0527075)
(-0.059053,0.054421)
(-0.0818878,0.0928328)
(0.0219883,0.000884396)
(0.041921,-0.0289889)
(-0.0868051,0.0238379)
(-0.0621,0.106024)
(0.0385536,-6.25611e-05)
(0.0111569,-0.0716093)
(-0.0139572,-0.0845114)
(0.0144611,0.0888303)
(0.0745822,0.234406)
(0.385058,-0.293935)
(-0.0464161,-0.136163)
(-0.0522518,0.0491217)
(-0.101103,-0.047309)
(-0.0637012,-0.0573043)
(-0.0500117,-0.00666105)
(-0.0631015,-0.0356391)
(0.044107,0.127674)
(-0.020511,-0.0359305)
(0.138181,0.121481)
(-0.106033,-0.0711114)
(0.262771,-0.231565)
(0.0953554,-0.00591491)
(-0.0708233,-0.0702414)
(0.123268,0.117617)
(-0.0478289,0.120063)
(0.0031263,0.0478441)
(0.0386365,-0.103905)
(-0.0736417,-0.027582)
(0.0593364,-0.212648)
(0.0937533,-0.0288646)
(0.187489,0.100399)
(-0.0292486,-0.120086)
(0.329347,-0.322678)
(-0.0387141,-0.0239869)
(-0.0288319,-0.0784686)
(-0.0312037,0.000124437)
(-0.0480634,0.0339894)
(-0.000986742,0.0769534)
(-0.00356093,0.0463648)
(0.0424781,-0.0605099)
(0.10666,0.022422)
(0.020288,-0.125861)
(-0.102998,0.0763632)
(0.0796488,0.043686)
(-0.0577143,0.103971)
(0.067762,-0.00271718)
(0.0588171,0.101956)
(-0.0974328,0.00501586)
(-0.124494,0.0260281)
(0.0308502,-0.00298127)
(0.00742314,-0.0318146)
(0.0722832,-0.030811)
(0.0887332,0.042572)
(0.0298977,-0.0544807)
(-0.0461752,0.113728)
(0.330358,-0.0350904)
(-0.113361,0.00600743)
(-0.0752103,-0.0522375)
(-0.0260717,0.18123)
(0.140266,0.0623368)
(-0.0374146,-0.0638813)
(-0.029578,-0.0526685)
(0.0377434,-0.0107071)
(-0.0522089,-0.0160325)
(0.0636312,0.13452)
(0.104828,0.147144)
(0.0883318,0.0296817)
(0.0270963,-0.0346527)
(-0.0350102,-0.0545253)
(-0.00933449,-0.086803)
(0.0145203,0.0314076)
(0.00677008,0.0431336)
(-0.0392968,-0.000493232)
(0.082385,0.0425807)
(0.374789,-0.287993)
(-0.0451951,0.0203156)
(0.520326,-0.295564)
(0.0313264,0.00968839)
(-0.00583195,-0.0100746)
(0.0777791,0.0196428)
(0.0700748,-0.0107673)
(0.0750575,-0.145599)
(-0.0769457,-0.0455485)
(0.0576769,-0.0175797)
(-0.0765796,-0.0543827)
(0.0449997,-0.0417039)
(-0.0890626,-0.157462)
(0.340351,-0.272616)
(0.135429,-0.00556458)
(-0.0218362,-0.0549337)
(-0.0621511,-0.00237455)
(-0.083737,-0.0515659)
(-0.022015,-0.0210855)
(0.316099,-0.299594)
(-0.0585097,0.0374743)
(-0.0300058,0.0594666)
(0.557045,0.0813835)
(-0.0331297,-0.087029)
(-0.0272421,0.00900174)
(-0.00717489,0.0403136)
(0.121774,0.10534)
(0.214889,-0.142738)
(0.26935,-0.0710451)
(0.323339,-0.149059)
(0.345716,-0.27296)
(-0.121699,-0.10488)
(-0.0540215,-0.138662)
(-0.103126,-0.0379031)
(0.0643357,-0.00197166)
(0.0212639,-0.0484671)
(0.0616773,0.0231009)
(0.0288086,-0.00172806)
(0.0355389,-0.0794225)
(-0.00451185,-0.025311)
(0.0697695,0.0553979)
(-0.0325002,0.00885933)
(0.00355456,0.0447013)
(0.0589258,0.00080507)
(0.0659729,0.0575637)
(0.0843757,0.0230276)
(0.0679544,-0.110696)
(0.0700272,-0.133428)
(-0.0239747,0.0227359)
(0.0817029,0.0115708)
(0.0189524,0.127963)
(0.0457647,-0.0890054)
(0.0111093,-0.0434797)
(0.114626,-0.0359028)
(-0.0503711,-0.113407)
(0.070399,0.00803223)
(0.142403,-0.0490907)
(0.0784877,0.0023273)
(0.228635,-0.0190805)
(-0.00635649,0.000162993)
(0.0696991,0.0960623)
(0.0592575,-0.0377916)
(0.138901,0.123791)
(-0.0174932,-0.0242153)
(0.432004,-0.181648)
(0.0283477,-0.0370809)
(0.717679,-0.0465907)
(-0.0342539,0.122243)
(0.0330765,-0.0399615)
(0.00539844,-0.0158066)
(0.0406919,0.047332)
(-0.0302798,-0.00620424)
(-0.0397699,0.0580232)
(0.0030305,-0.0156232)
(0.0577198,0.0598424)
(-0.000143826,0.0195272)
(0.0586145,0.242503)
(-0.0739851,-0.0208049)
(0.0133584,-0.0303123)
(-0.129484,-0.0233485)
(0.0507112,0.131887)
(-0.035502,-0.0728963)
(0.0473515,-0.02179)
(0.041313,-0.000709066)
(0.0741257,0.0017289)
(-0.0591693,-0.0172175)
(-0.140462,0.101911)
(-0.0330986,0.136297)
(0.237895,-0.0993913)
(0.0334521,0.01451)
(-0.113558,-0.0175358)
(-0.0266066,-0.0557336)
(0.102852,-0.0347666)
(0.469263,-0.225071)
(-0.0588703,0.170715)
(0.0543934,-0.123896)
(-0.0512984,-0.0594386)
(0.112978,-0.117461)
(-0.163787,0.138279)
(0.0707045,-0.04064)
(0.289212,-0.139087)
(0.49163,-0.309224)
(-0.102618,0.0272778)
(0.0271183,0.171143)
(-0.107644,0.0439009)
(0.173886,-0.138123)
(0.296888,-0.196065)
(-0.0737069,0.168319)
(0.0162606,0.0616385)
(0.0260325,0.0751899)
(0.0216142,0.0795911)
(0.0619987,-0.0797997)
(-0.00674903,-0.0562591)
(0.0709377,-0.104008)
(0.0247642,0.140939)
(-0.104836,0.110935)
(-0.0248266,0.139192)
(0.655195,-0.0732485)
(0.135322,-0.112584)
(-0.0452379,0.0719631)
(-0.0412994,0.117651)
(0.165564,0.0395667)
(0.12588,-0.0567806)
(-0.0493301,0.0346527)
(-0.0397147,0.0063293)
(0.0582565,-0.146158)
(0.00643835,0.104247)
(0.0343711,-0.0617708)
(-0.0283531,0.0900665)
(0.0913077,-0.0822408)
(0.0123388,-0.0168988)
(-0.036838,-0.0234356)
(0.0144151,0.0461883)
(0.13094,-0.121443)
(0.470838,-0.271765)
(0.0777635,0.0228167)
(0.0278359,0.0197356)
(0.0625503,0.0382723)
(-0.0367776,-0.0217135)
(-0.0113015,-0.026628)
(0.00724466,-0.0178171)
(-0.0374492,-0.0454883)
(0.00652468,-0.10858)
(-0.0101595,0.0625918)
(-0.0285647,-0.0142271)
(0.0355182,-0.0790917)
(-0.0535259,0.0189643)
(-0.308849,0.0968206)
(-0.111976,0.178431)
(0.0645042,0.00144963)
(-0.0731311,-0.0941843)
(-0.0741001,-0.0658185)
(-0.124344,-0.000474285)
(0.0492043,-0.134385)
(0.0362649,-0.167171)
(-0.0720206,-0.0619417)
(0.0237438,0.138832)
(0.0679779,0.00634926)
(0.0700708,-0.0994871)
(-0.0446556,-0.0173221)
(-0.0150509,-0.0233351)
(0.20545,-0.0790301)
(0.122002,-0.246642)
(0.0733589,0.10273)
(-0.0482882,0.0470893)
(-0.0595413,0.0115626)
(-0.0358508,-0.00372731)
(0.0982195,0.0387088)
(-0.0719901,0.0254513)
(0.0757099,0.0992135)
(-0.0103713,0.00141296)
(0.600866,-0.15)
(0.0677109,-0.0263024)
(-0.0681478,0.058706)
(-0.12185,0.0658603)
(0.0247479,0.0908707)
(0.0283781,-0.197348)
(0.0384937,0.0533484)
(0.0685576,0.0227652)
(-0.0975396,0.0442451)
(-0.00301704,-0.0109263)
(0.0211463,0.0729066)
(-0.00452892,0.0229648)
(0.0181831,0.0445534)
(0.0210973,0.071846)
(0.00461128,-0.097726)
(0.279332,-0.212227)
(0.202695,-0.174137)
(0.00945321,-0.189971)
(-0.053238,0.110437)
(-0.0420583,2.39533e-05)
(-0.0197475,-0.0513319)
(-0.0231922,0.0498244)
(-0.0094166,0.0380161)
(-0.0256719,0.00794018)
(0.0753279,0.044802)
(0.0353707,-0.117986)
(-0.108651,0.0509377)
(0.00166847,0.0732551)
(-0.0767056,-0.00646039)
(-0.000670574,0.0843962)
(0.0248846,-0.0144052)
(-0.0142177,-0.061722)
(-0.056209,0.0369836)
(-0.0596162,0.0008996)
(0.0567859,-0.0397818)
(0.0782032,-0.0634427)
(-0.0241537,-0.0820051)
(0.0244996,-0.0938192)
(-0.0961744,0.250202)
(-0.0503941,-0.0763228)
(0.0179997,-0.0522717)
(0.211665,0.0717709)
(0.0665519,0.261242)
(-0.00622839,0.014514)
(-0.098458,-0.0745555)
(-0.0467438,0.00604835)
(-0.020802,0.0152072)
(0.00195815,-0.001626)
(0.0324099,0.0933716)
(-0.0666321,0.056892)
(-0.0476044,0.0197309)
(0.0778248,-0.0379979)
(-0.00469224,-0.0270607)
(0.024776,-0.0754773)
(0.324211,-0.248136)
(0.0388756,0.00271275)
(-0.0740067,-0.0798696)
(-0.0703697,-0.124372)
(-0.0304387,-0.00965861)
(0.0286236,0.107947)
(0.0534401,-0.013975)
(0.0903456,0.0881897)
(-0.00907015,0.077454)
(-0.0130354,0.00463488)
(0.0468803,-0.0169022)
(-0.00711403,-0.0218331)
(-0.107836,-0.0596317)
(0.0786938,0.0182752)
(0.0610713,-0.000662704)
(-0.00980477,0.00535387)
(0.0171512,0.0778584)
(0.117093,0.0421917)
(0.0301866,-0.0202915)
(0.0339881,-0.00578771)
(0.0331098,-0.00366556)
(-0.0356005,0.0902128)
(0.0072162,0.00756626)
(0.0857623,-0.0579326)
(0.104607,0.0283306)
(0.285739,-0.217542)
(0.353268,-0.243431)
(0.0224345,0.0837091)
(0.325145,-0.0548866)
(0.0905437,-0.0298638)
(0.212814,-0.129958)
(0.292466,-0.303072)
(0.0240495,-0.0272045)
(0.149067,-0.123621)
(0.718201,-0.18155)
(0.436986,-0.104323)
(0.0336599,0.0443008)
(0.0360156,0.0229139)
(-0.00666124,0.0451594)
(0.0879992,-0.0169042)
(0.0270123,0.0535979)
(0.0206908,0.0541413)
(0.0500598,0.110697)
(0.031733,-0.0217894)
(0.0502491,-0.00536042)
(0.0267116,0.0612679)
(0.0136851,0.0791121)
(0.0519588,0.0129922)
(0.0447377,0.125821)
(0.0913417,0.0749314)
(0.0151496,-0.0187494)
(-0.0394906,-0.0933084)
(-0.0313038,-0.00129258)
(0.0319602,0.019818)
(0.0774758,-0.0543866)
(-0.149398,0.0180455)
(-0.174506,-0.0799795)
(0.00601079,-0.0289175)
(-0.0754503,-0.0580099)
(-0.138908,-0.000870344)
(0.0133599,-0.0366462)
(-0.10209,-0.0455228)
(0.145999,-0.0346827)
(-0.020346,0.10345)
(-0.0767316,0.0129444)
(0.0445162,0.0225175)
(0.00972704,-0.0294824)
(-0.0945304,0.0062414)
(-0.0557989,0.0172397)
(0.0112761,0.0504055)
(0.0287682,0.0473859)
(0.0131446,0.0915903)
(0.00585257,0.0878008)
(0.581819,-0.156781)
(-0.0490261,0.0784248)
(-0.0928645,-0.00771926)
(-0.0908069,0.034597)
(-0.0448128,0.0476625)
(-0.151393,0.0711134)
(-0.0127507,0.129444)
(0.0786223,0.0444805)
(0.141688,0.0338557)
(0.546321,-0.398232)
(-0.129442,-0.103614)
(0.269753,-0.152782)
(-0.135251,-0.00713899)
(0.0195588,-0.0620496)
(-0.0546271,0.059951)
(0.0395295,-0.0782406)
(0.273475,-0.330849)
(-0.00180514,-0.0300196)
(0.030303,-0.00367959)
(0.0670371,-0.0176812)
(0.229967,-0.253108)
(-0.00307827,0.0477225)
(-0.143576,0.0639607)
(0.245424,-0.0889683)
(-0.030674,0.0375784)
(0.101323,0.0169536)
(-0.0265225,0.0792021)
(0.0546368,-0.0120334)
(-0.0826562,0.0522343)
(0.0367832,-0.0583189)
(0.141197,-0.113412)
(-0.0752863,-0.143604)
(0.0876734,-0.0915554)
(0.174962,-0.14019)
(0.0306577,-0.0543087)
(-0.00710932,-0.0624438)
(-0.0527536,-0.0236433)
(0.0662419,0.0389785)
(-0.00627235,-0.0234397)
(-0.0702432,-0.0223296)
(0.0868644,-0.0550397)
(-0.0915353,-0.101985)
(0.064255,0.0650433)
(0.119582,-0.0662035)
(-0.04649,-0.00335199)
(0.0362419,-0.107191)
(0.024932,0.00652616)
(0.0182051,0.0615973)
(-0.0132871,-0.0589304)
(0.0138334,0.0516395)
(0.070516,-0.0798623)
(0.0721412,0.0268042)
(0.0393549,0.0239526)
(0.00694627,-0.0317844)
(0.0148619,0.124015)
(-0.0400117,0.0608394)
(0.13485,0.0427455)
(0.0671959,0.0992236)
(0.0310493,-0.0715707)
(0.136581,0.046266)
(-0.0739797,-0.047702)
(0.0133597,0.0366415)
(0.030696,-0.00255582)
(0.0449669,0.0946799)
(0.000962427,0.0218984)
(0.0588366,0.00989117)
(0.0432833,0.1007)
(0.0132467,0.0368995)
(-0.0262022,-0.00217902)
(-0.0250019,0.0701455)
(-0.0179082,0.13917)
(0.0871091,0.0242102)
(-0.0709485,-0.0576741)
(0.0502711,0.12723)
(0.208545,-0.139012)
(0.0367378,-0.146126)
(0.0930407,-0.0902462)
(-0.0154227,0.0457203)
(0.0481384,-0.0849453)
(-0.0490642,0.0429215)
(-0.159487,0.0298121)
(0.0576207,0.0120365)
(-0.0118216,0.109787)
(-0.0186226,0.00461532)
(0.0442495,-0.0344165)
(-0.0504175,-0.00697629)
(-0.0492414,-0.00931989)
(-0.0110857,-0.0392173)
(0.0497707,0.0185665)
(-0.0452152,-0.0869685)
(0.0639275,0.127767)
(0.0933209,-0.00565831)
(0.0389798,-0.0238897)
(0.0344945,0.101476)
(-0.0433988,0.0944192)
(0.0330972,-0.0173609)
(0.270044,0.111544)
(-0.0707637,-0.0918256)
(0.280016,-0.397966)
(0.124308,-0.00972451)
(-0.0315507,-0.0518974)
(0.137004,0.00362752)
(-0.0355761,-0.00264742)
(0.0556713,-0.0622832)
(-0.0144258,-0.0854412)
(-0.00723883,-0.0297555)
(0.000140055,0.101976)
(0.690148,-0.224012)
(-0.038078,-0.0562154)
(0.000910784,0.00794274)
(0.0200868,-0.0303526)
(0.496623,-0.469637)
(-0.0200376,-0.0146663)
(0.0277979,0.0351928)
(0.0231409,0.0346133)
(-0.0210835,-0.0030786)
(0.0638778,0.0778627)
(-0.0757695,0.00697831)
(-0.036386,0.00554492)
(0.190003,-0.157841)
(0.0795715,-0.0639418)
(-0.056712,0.0243937)
(0.107624,0.0227016)
(-0.0519738,-0.0330534)
(0.112375,0.0404993)
(-0.0404906,-0.0404608)
(0.185594,-0.174067)
(0.0385166,-0.0949427)
(0.0500919,-0.0280268)
(-0.0762363,0.0428695)
(0.0379259,-0.026856)
(0.00127706,0.0144292)
(-0.0639308,-0.00502684)
(0.565222,-0.273001)
(0.0354314,0.059851)
(0.405137,-0.354091)
(-0.0685133,-0.0225)
(-0.043361,-0.0169657)
(-0.00149532,0.0960418)
(0.106612,-0.0404256)
(0.54984,-0.351746)
(0.222198,-0.0468714)
(0.490045,-0.169572)
(0.131903,0.0176924)
(0.0281358,0.00510666)
(-0.0879077,0.211)
(0.270318,-0.145838)
(0.34855,-0.180376)
(-0.0756282,0.0403201)
(-0.0194762,0.0136301)
(0.132766,-0.170118)
(0.087836,0.0134593)
(0.0184946,0.140017)
(0.148764,-0.184718)
(0.0624606,0.0677697)
(0.0648635,0.00454729)
(0.438373,-0.189621)
(-0.027934,0.0552492)
(0.196334,-0.147148)
(0.356071,-0.165575)
(0.0520678,0.0613705)
(0.287231,-0.209641)
(-0.0685828,0.0109078)
(-0.021174,-0.0194212)
(0.00813385,0.0270905)
(-0.027875,0.110329)
(-0.0601848,0.0118897)
(-0.155825,0.0025419)
(-0.0479459,0.00727797)
(0.0552463,-0.175461)
(0.0922245,0.07799)
(-0.00925035,-0.173131)
(-0.000503603,-0.0247129)
(0.157515,-0.0042736)
(-0.0293542,0.00276722)
(0.0357392,-0.0720893)
(-0.0416818,-0.043255)
(0.0697267,0.0451523)
(-0.00624246,0.0487061)
(0.309736,-0.221343)
(0.186476,0.0997815)
(0.0757574,0.0443103)
(0.167481,-0.0441674)
(0.00595687,0.114773)
(0.0219125,0.278867)
(0.173264,-0.481558)
(-0.00463546,0.162846)
(0.450361,-0.518906)
(-0.0352348,0.139785)
(0.0623576,0.017292)
(0.400113,-0.075042)
(-0.0489367,0.10951)
(0.0788061,-0.0256876)
(0.395246,-0.129966)
(-0.0761551,0.0231876)
(0.172881,0.0716744)
(0.0537938,0.0161375)
(-0.0700373,-0.184762)
(-0.0829437,-0.128736)
(0.0188743,0.0632358)
(-0.0148396,-0.110562)
(0.0455726,-0.0107988)
(-0.0507185,0.139854)
(0.390119,-0.207143)
(0.0313748,-0.0266112)
(0.481019,-0.131132)
(-0.0196665,0.0140438)
(0.00772124,-0.00620005)
(0.483281,-0.251948)
(0.0123617,0.0170657)
(0.0394856,-0.00256725)
(0.0109681,0.037586)
(0.235858,-0.158955)
(-0.0684243,0.0911878)
(-0.117495,0.0965931)
(0.119815,0.0677553)
(0.0283129,0.0146825)
(0.180211,-0.0413668)
(-0.095639,-0.00482116)
(-0.0916472,0.026831)
(-0.0433905,0.0963115)
(-0.072197,0.0555855)
(0.00507118,-0.0502119)
(-0.011975,-0.00420954)
(-0.0599019,-0.0404343)
(-0.0187443,0.0410761)
(-0.0492805,0.0475866)
(0.00561118,-0.0941317)
(-0.0488799,-0.0189438)
(-0.0598471,0.0246629)
(-0.0648936,0.0483914)
(-0.0616054,-0.039913)
(0.00645133,-0.0737582)
(0.103164,-0.0171364)
(-0.0119466,-0.107844)
(0.0730893,-0.0472146)
(0.0464196,-0.0920367)
(0.0249966,0.119202)
(-0.0174538,0.0259603)
(-0.118206,0.0756289)
(0.00297653,0.0249461)
(-0.0403325,0.171695)
(0.0634491,-0.0719954)
(-0.0201433,0.00916078)
(-0.00490151,0.0384927)
(0.352365,-0.110249)
(-0.0472797,-0.0700606)
(0.0671059,0.0725269)
(-0.0333907,0.0508358)
(0.277049,-0.133802)
(-0.0699071,0.0388851)
(-0.0418325,-0.107393)
(-0.0346805,-0.0430282)
(0.0390867,-0.00490881)
(-0.0218549,-0.100137)
(-0.0523499,-0.116016)
(-0.00448815,0.00799645)
(0.050291,-0.166007)
(0.0551419,-0.0403986)
(-0.0640366,0.0589216)
(0.642274,-0.1966)
(0.0723306,-0.0438112)
(-0.026278,0.060792)
(0.0207212,-0.0706692)
(0.323923,-0.282792)
(0.0681048,-0.0270479)
(-0.0461664,-0.0540327)
(0.00207566,0.07152)
(-0.00369136,-0.111267)
(-0.127382,0.0313381)
(-0.0707681,0.0948442)
(0.0231049,0.0827153)
(0.054988,0.0484917)
(-0.0511366,-0.0933226)
(-0.137907,0.00587852)
(0.0359946,0.0592071)
(0.265298,-0.170793)
(0.0948872,0.0268441)
(0.0331489,0.0562495)
(-0.0174559,0.0375826)
(-0.0716814,0.0281938)
(0.0225402,0.0172265)
(0.138495,-0.0535926)
(0.203462,-0.00669166)
(-0.016817,0.00118219)
(-0.0342599,0.00756601)
(-0.00540914,-0.00773039)
(0.0680318,-0.0137773)
(0.305599,-0.259752)
(0.0261857,0.0339426)
(0.0510915,-0.0253602)
(0.0284452,-0.0669951)
(0.0499123,-0.0887171)
(-0.022109,0.0551975)
(0.0307454,-0.101162)
(0.0330523,-0.0508226)
(0.319908,-0.202945)
(0.105724,-0.139206)
(0.0681566,-0.048395)
(0.071682,0.0424823)
(0.444628,-0.232255)
(0.307528,-0.338566)
(-0.00879964,-0.0337494)
(-0.126748,0.0842781)
(0.0234346,0.121908)
(0.233459,-0.195022)
(0.126636,0.00267577)
(0.0748284,0.049889)
(0.194211,-0.0663338)
(0.261864,-0.225171)
(0.183117,-0.102142)
(0.0184164,0.120365)
(-0.0174436,-0.145549)
(0.150208,-0.0557755)
(-0.0529885,0.0107354)
(-0.0734286,-0.0193936)
(-0.0251646,0.0208484)
(0.772577,-0.183785)
(-0.00913605,0.0729964)
(-0.0585094,0.0104041)
(-0.0401701,0.0489687)
(0.515484,-0.124493)
(0.0438653,-0.0506413)
(0.0310863,-0.0906586)
(0.696654,-0.0269994)
(0.5004,-0.330328)
(0.00670843,-0.0344467)
(0.47011,-0.220889)
(0.0191992,-0.011077)
(0.00632601,-0.0103629)
(0.380369,-0.238106)
(0.152947,-0.159262)
(0.538267,-0.251702)
(0.43688,-0.281722)
(-0.0572533,-0.0511093)
(0.50224,-0.319352)
(0.0246752,-0.0140413)
(0.0489233,-0.048771)
(0.118236,-0.0666103)
(0.375281,-0.191054)
(0.0730664,0.0464287)
(0.288712,-0.113211)
(0.0267267,-0.0266649)
(0.0435654,-0.0727261)
(0.00837047,-0.0402486)
(0.184404,-0.0214095)
(-0.0301293,-0.0898823)
(0.0216041,-0.0376767)
(-0.05725,-0.0782192)
(0.0492986,-0.0513542)
(-0.047056,0.00151755)
(-0.089172,-0.0941631)
(0.0789247,0.129988)
(-0.025717,0.134674)
(0.0448537,0.0929263)
(0.579417,-0.0463749)
(-0.0426582,0.176919)
(-0.0581673,0.0670828)
(0.10192,0.0384239)
(0.00180521,0.0394802)
(-0.0117417,0.0761829)
(0.00685422,-0.0521092)
(-0.101206,0.0100279)
(0.0208902,0.118773)
(0.447281,-0.0964036)
(-0.0184355,-0.0214575)
(0.194539,-0.138616)
(-0.0472614,-0.0622038)
(0.0650712,-0.0432497)
(-0.0627341,0.0576392)
(0.0598189,-0.065267)
(-0.149947,-0.00241908)
(-0.071317,0.0191463)
(-0.0471923,-0.0810581)
(-0.0356958,-0.0597132)
(0.000949445,-0.0570281)
(-0.0219986,0.0391702)
(0.027788,0.0698602)
(0.0461302,0.0101814)
(0.330252,-0.15151)
(0.442916,-0.0832084)
(-0.114036,0.0229514)
(0.119351,0.0297036)
(-0.0825817,-0.0391005)
(0.222345,-0.0466704)
(0.346106,-0.178918)
(0.00572255,-0.078174)
(-0.00732757,-0.00999779)
(-0.0130729,0.034199)
(0.00758674,0.0232816)
(0.190613,-0.0954446)
(-0.0217667,-0.0628157)
(-0.0749521,0.0223254)
(-0.0701889,0.00882941)
(-0.0514374,0.0699851)
(0.37755,-0.132807)
(-0.0191452,-0.0095974)
(-0.0694585,-0.070378)
(0.0590525,0.0841514)
(0.00142528,-0.00888613)
(0.00546445,-0.0278155)
(0.426,-0.101461)
(0.494142,-0.0760571)
(0.781745,-0.306058)
(0.0624962,0.0200845)
(-0.0622705,-0.0507154)
(0.462968,-0.026757)
(0.0533452,-0.0152712)
(0.264926,-0.0903317)
(0.489952,-0.357101)
(-0.152386,-0.0341311)
(0.035252,0.146488)
(-0.0468232,0.131657)
(-0.15161,0.0206057)
(-0.0713521,0.128552)
(0.126254,-0.2123)
(0.0941204,-0.254549)
(0.113159,-0.188059)
(0.235818,-0.207018)
(0.567066,-0.0283918)
(-0.00756145,0.0973745)
(-0.0803412,0.0787561)
(-0.0662534,0.246735)
(0.22735,-0.0298128)
(0.44557,-0.133728)
(0.489708,-0.224676)
(-0.0815712,-0.0535168)
(-0.0453832,-0.0242329)
(-0.0706197,-0.0606764)
(0.278118,-0.158907)
(-0.0195475,0.153146)
(0.0466525,-0.0235464)
(-0.0702194,0.0110745)
(0.806183,-0.260996)
(0.057665,-0.00085997)
(-0.0519881,0.0845879)
(0.58102,-0.204163)
(0.312242,-0.243919)
(-0.00289781,-0.0367008)
(0.000985687,-0.144795)
(-0.0861258,0.011234)
(0.174908,0.107565)
(-0.0663337,0.0907818)
(-0.0199808,0.110505)
(0.0282641,0.0916596)
(0.529229,-0.10717)
(0.642846,0.0166178)
(0.619334,-0.130966)
(0.314335,-0.180525)
(0.664493,-0.255098)
(0.185912,-0.126144)
(0.262408,-0.0804774)
(0.200542,-0.163453)
(0.158528,-0.0250098)
(0.0561952,0.163976)
(-0.0956124,0.00159543)
(0.291636,-0.192606)
(0.492925,-0.345908)
(0.337928,-0.197183)
(0.369042,-0.126161)
(0.600257,-0.280629)
(0.0401443,0.0897436)
(0.715044,0.035658)
(0.0600591,0.0991105)
(0.0562751,-0.123323)
(-0.0184084,-0.102281)
(0.0461438,0.010982)
(-0.0437608,-0.0250783)
(0.0235678,-0.197862)
(0.003653,0.0351472)
(-0.0415528,-0.0428711)
(0.18542,-0.0060597)
(0.579536,-0.15291)
(-0.059821,-0.0261426)
(0.617163,-0.170283)
(0.25131,-0.0705442)
(0.596057,-0.221816)
(0.015372,-0.103703)
(-0.0361797,-0.0524488)
(-0.0804557,-0.0337739)
(0.355058,-0.352557)
(-0.0995925,-0.114439)
(0.108682,-0.0467599)
(0.245176,0.0107783)
(0.367099,-0.248377)
(0.32915,-0.114385)
(0.0757055,-0.136413)
(0.20171,-0.00301314)
(0.505263,-0.20133)
(-0.00623565,-0.0477182)
(0.0179594,-0.0563014)
(0.0466056,0.00279068)
(0.0434584,-0.0222083)
(0.0845945,0.0530443)
(-0.000882116,-0.0454026)
(-0.0171675,-0.0233379)
(0.318926,-0.288123)
(0.440335,-0.368251)
(0.0114483,-0.0432558)
(0.355232,-0.273894)
(-0.0411924,-0.097304)
(0.522168,-0.412552)
(0.550252,-0.173412)
(0.00487196,0.0135059)
(-0.124849,0.0172432)
(-0.149425,-0.0133705)
(0.0793453,0.0721293)
(0.638979,-0.159652)
(0.0309558,0.050036)
(0.452344,-0.0394787)
(0.0193725,0.0511496)
(0.280624,-0.143664)
(0.0193753,0.115659)
(0.338431,-0.184279)
(-0.027982,0.15435)
(0.0857266,-0.00468409)
(0.0218862,0.0613072)
(-0.0153807,0.0150245)
(0.640739,-0.21762)
(1.51904e-05,0.0696577)
(0.644913,-0.141905)
(0.471602,-0.199856)
(0.00409787,-0.060492)
(0.343843,0.00923207)
(0.212556,-0.17985)
(0.352055,-0.203337)
(-0.0328584,-0.0198198)
(0.591002,-0.0845318)
(0.0382171,-0.0178697)
(0.0370303,0.0778749)
(0.013552,0.116465)
(-0.0492334,-0.0501597)
(-0.0269112,-0.0342658)
(-0.0257456,-0.0236765)
(-0.0343533,0.0174828)
(0.324245,-0.00844274)
(-0.0142889,0.003341)
(0.345573,-0.150534)
(0.569042,-0.140218)
(0.570712,-0.140114)
(-0.041649,-0.0129817)
(0.141252,-0.106731)
(-0.0665506,-0.0213754)
(0.195203,-0.148306)
(-0.0797817,0.0443547)
(0.4355,-0.182378)
(0.219627,-0.147946)
(-0.0661581,0.00117478)
(0.0039527,-7.146e-05)
(0.537849,-0.158102)
(-0.0642809,0.0338586)
(-0.0510595,-0.0450281)
(-0.0130183,0.107964)
(0.521266,-0.161631)
(0.429889,-0.233021)
(0.108661,-0.118712)
(0.338662,-0.0695572)
(0.447031,-0.21976)
(-0.0954754,0.0421091)
(0.310402,-0.170461)
(0.405291,-0.182561)
(-0.0139173,-0.0122659)
(0.281157,-0.300156)
(0.0521647,0.138106)
(0.395263,-0.197519)
(0.0740138,0.0148752)
(0.00928286,-0.00594124)
(0.0326338,-0.0793675)
(0.10109,-0.0569068)
(-0.0504964,0.128849)
(-0.0490566,0.0765626)
(-0.00316337,0.0360591)
(-0.0663446,-0.0210834)
(0.224822,-0.0264319)
(0.0280135,0.0702084)
(-0.0265222,0.00661303)
(-0.0778064,0.00876528)
(-0.0211558,-0.0559795)
(-0.0156362,-0.0303068)
(0.0150387,-0.0337717)
(0.0850258,-0.0398699)
(0.141127,-0.026859)
(0.0114157,-0.0031457)
(-0.0168958,0.0113831)
(-0.265489,-0.285717)
(0.0359378,-0.0163545)
(0.0825885,0.0672259)
(0.0926637,-0.050616)
(0.125604,-0.00465234)
(0.0117836,-0.0566961)
(-0.0482543,-0.0112673)
(0.487405,-0.0636163)
(0.316207,-0.278759)
(0.72505,-0.0369586)
(0.63783,-0.379084)
(-0.00373035,0.0527944)
(-0.0150816,-0.00344897)
(0.597244,-0.30042)
(0.0745521,-0.0665577)
(0.115615,-0.00817014)
(0.0577517,0.0211879)
(0.322329,0.205318)
(0.060089,0.0449125)
(0.330529,-0.0853494)
(0.0147417,0.00560498)
(0.0982018,0.0151675)
(0.184185,0.10625)
(-0.128894,-0.073693)
(-0.0525834,-0.240375)
(0.0986672,0.211939)
(0.0394335,-0.0179205)
(0.326674,-0.216882)
(0.0495523,0.129599)
(-0.106713,0.10321)
(-0.116173,-0.00473874)
(0.397366,0.0118273)
(-0.12743,0.133886)
(0.397161,-0.0789675)
(0.0232258,-0.013962)
(0.0416621,0.0834059)
(-0.0185448,0.0637478)
(0.0137714,0.195341)
(0.029876,0.148039)
(-0.00852221,0.0111608)
(-0.0202082,0.0420324)
(-0.000444941,0.0421604)
(0.0162593,0.0400448)
(0.662981,-0.332445)
(0.14038,0.0294775)
(-0.0881233,-0.027025)
(0.740978,-0.17348)
(-0.128377,-0.0444903)
(-0.0228889,-0.0739238)
(-0.0737906,-0.0390473)
(-0.0751161,-0.051984)
(0.0741209,-0.0257483)
(0.16457,-0.0405809)
(0.0460179,-0.0746665)
(0.0369261,-0.0064025)
(-0.00259024,-0.0692436)
(-0.127948,-0.0678594)
(0.0943348,0.0740894)
(0.723301,-0.0848662)
(0.156853,-0.0719234)
(0.359918,-0.129477)
(0.476007,-0.232121)
(0.580488,-0.0548176)
(-0.0884016,0.299321)
(0.235239,-0.112857)
(0.053734,0.151536)
(0.155425,0.0883685)
(0.118946,0.144306)
(0.0444543,0.0285728)
(0.0308544,0.125093)
(0.0389769,-0.00367345)
(0.277798,-0.171939)
(0.513273,-0.208872)
(0.0240571,-0.00118618)
(0.0407888,0.0343475)
(0.000627377,-0.0340583)
(0.268618,0.0467731)
(0.343743,-0.155148)
(0.0693873,0.00510366)
(0.0513391,0.0614151)
(0.0270918,0.0611568)
(0.0941737,-0.0140578)
(0.416541,-0.185744)
(-0.113254,0.0141048)
(0.456685,-0.192379)
(0.0290959,-0.00667664)
(0.0662688,0.0397589)
(0.0418515,0.114015)
(0.55016,-0.0943489)
(0.0316133,0.0458895)
(0.300989,-0.144629)
(0.556661,-0.161033)
(0.043078,0.00315216)
(0.0098646,-0.0188717)
(-0.00671843,0.102193)
(0.0901976,0.246314)
(0.00512484,0.135083)
(-0.034357,0.0846684)
(0.393802,-0.227645)
(0.277294,-0.108621)
(0.0787893,-0.0839368)
(0.0644118,0.0983304)
(0.0673603,0.0541962)
(0.0706124,-0.0660861)
(0.0869288,0.0301543)
(0.0599801,0.0836035)
(0.536269,-0.201565)
(0.761887,-0.0983902)
(0.803997,-0.139334)
(-0.00940199,0.0723194)
(0.328518,-0.0606846)
(0.0450297,-0.00679354)
(0.0239288,0.121365)
(-0.00333265,0.0675862)
(0.00557833,-0.0151894)
(0.0407971,0.0315474)
(0.102746,0.016631)
(0.355985,-0.171647)
(0.344267,-0.180353)
(0.495995,-0.302122)
(0.0692534,0.0785197)
(0.613537,-0.275879)
(0.0197639,0.0532653)
(0.121876,-0.239229)
(0.229441,-0.236304)
(0.00505965,0.0481676)
(0.660105,-0.179502)
(0.196223,-0.235003)
(0.641284,-0.216362)
(0.442742,-0.13739)
(0.450882,-0.152366)
(0.0810042,-0.295386)
(0.240798,-0.206234)
(0.0839456,-0.311714)
(0.34265,-0.246998)
(0.00673455,-0.0258678)
(0.475557,-0.209293)
(0.397186,-0.336225)
(0.0411275,-0.00760483)
(-0.0885885,0.0499522)
(-0.0617518,0.0249101)
(0.00904755,0.0540166)
(0.287218,-0.0245364)
(0.145903,0.115411)
(0.513128,-0.118299)
(-0.0538906,0.169439)
(0.332673,-0.0977837)
(-0.0606912,0.0385479)
(-0.024524,0.00646226)
(0.29269,-0.153956)
(-0.013031,-0.0411661)
(-0.121122,0.00695433)
(0.259054,-0.198409)
(-0.0266218,-0.030574)
(-0.13913,0.0201367)
(-0.0363641,0.133659)
(-0.0318358,-0.0023993)
(-0.0682046,0.101298)
(-0.0922354,-0.00128039)
(0.64907,-0.318207)
(0.0415378,0.0717437)
(0.604909,-0.342078)
(-0.0578698,-0.0131246)
(-0.0238422,0.054681)
(0.398608,-0.0527666)
(-0.0282795,-0.0470267)
(-0.184473,-0.0709079)
(-0.019366,-0.0456415)
(0.00042501,-0.0470729)
(-0.108679,-0.252568)
(0.330645,-0.286887)
(0.167691,-0.210426)
(0.281426,-0.238822)
(-0.195222,0.0605538)
(0.0276796,0.0876621)
(0.471109,-0.0470659)
(0.347178,-0.0423287)
(0.00168062,0.0877605)
(0.419019,-0.269528)
(0.303462,0.0241064)
(-0.015339,0.012211)
(0.114009,-0.00029102)
(0.427098,-0.10049)
(0.050278,-0.0807584)
(0.124125,-0.0278014)
(0.349112,-0.109575)
(-0.0450099,0.0392494)
(-0.00536398,-0.0540152)
(-0.0174909,0.0746642)
(-0.0422627,-0.085789)
(0.612017,-0.167011)
(0.0246949,-0.0452758)
(0.00918177,-0.0521997)
(-0.019461,-0.0409424)
(0.286415,-0.0997305)
(0.0999462,0.0272682)
(-0.00505311,0.0437822)
(0.0928303,-0.0146841)
(0.168244,-0.0754245)
(0.00988368,-0.0280774)
(0.0851931,-0.0796664)
(0.0175063,0.0288943)
(0.123355,0.00481454)
(-0.0593875,-0.021988)
(-0.0324797,-0.0470228)
(0.0294081,0.0403381)
(0.403675,-0.279937)
(0.0650727,-0.0846582)
(0.39348,-0.242431)
(0.0381036,-0.0155494)
(-0.0116879,0.091183)
(0.103218,-0.087202)
(0.36864,-0.325326)
(0.241409,-0.187657)
(-0.0115114,0.13907)
(0.019339,-0.151786)
(0.0184962,-0.136341)
(-0.00593711,-0.0918931)
(0.116083,-0.0260592)
(-0.00614906,-0.0224403)
(-0.122651,-0.0432415)
(0.0612951,-0.0487594)
(-0.000600556,0.133391)
(0.0152314,-0.0155802)
(-0.0807739,-0.0964259)
(0.452753,-0.201241)
(-0.00979449,0.127452)
(0.0404991,0.0406216)
(0.14398,0.0686447)
(-0.0721703,0.0494537)
(0.144859,-0.24724)
(0.238921,-0.120829)
(0.0049489,-0.0668834)
(0.163452,0.0212536)
(0.394818,-0.0989652)
(-0.0213735,0.0414694)
(0.274847,-0.131451)
(-0.0380425,-0.00479367)
(-0.047435,-0.0081182)
(0.0728126,0.0655302)
(0.141887,0.0181895)
(0.0528465,0.0281081)
(0.024275,0.0539991)
(0.00277783,0.0276044)
(0.0477305,0.00874776)
(0.0220925,0.0954433)
(-0.0126299,-0.0890476)
(0.344241,-0.291956)
(0.563449,-0.452732)
(0.0246197,-0.0740346)
(0.262274,-0.127992)
(0.423997,-0.157823)
(0.457357,-0.209337)
(0.00930458,-0.0369304)
(0.0679843,-0.0894173)
(0.25296,-0.230754)
(0.146523,-0.0552705)
(0.017072,-0.117848)
(0.033875,0.0715012)
(-0.0366142,0.0293635)
(-0.0371959,-0.0476788)
(-0.0449013,-0.119856)
(0.257717,-0.277572)
(0.42474,-0.328332)
(0.07867,-0.0663303)
(0.103905,-0.0843203)
(0.126005,-0.13088)
(0.0886757,-0.0886384)
(0.141691,-0.127464)
(0.0754613,-0.0328747)
