1620
(0.0094523,-0.0501624)
(-0.171301,-0.154944)
(0.0697629,0.0632426)
(0.0199882,-0.0306271)
(-0.0543571,0.0912338)
(0.011848,0.0196507)
(-0.240359,-0.0732746)
(-0.103866,-0.00919166)
(0.0363399,0.00788674)
(-0.0140271,-0.0517086)
(0.0287221,-0.0126017)
(-0.0691764,-0.0646108)
(-0.0926137,0.0965581)
(0.0902909,0.248586)
(0.0607975,0.05883)
(-0.0972669,0.0551339)
(-0.0125587,0.0139782)
(-0.0585352,-0.0117992)
(0.171447,0.013563)
(-0.00928231,-0.0910016)
(0.0515158,0.106027)
(0.017638,-0.0125128)
(0.00943116,-0.0086865)
(0.154445,-0.0336083)
(0.0303741,0.0298572)
(0.0903624,0.0257961)
(-0.00288064,0.0945145)
(-0.0543553,-0.00569381)
(0.138278,-0.00257914)
(-0.0419421,-0.000577936)
(-0.0166314,-0.0240694)
(0.0535695,-0.0138249)
(-0.011212,-0.0290737)
(0.0688369,0.0991152)
(0.0206472,0.0948236)
(-0.0592635,0.0437183)
(0.075598,0.011367)
(-0.0130665,-0.00874428)
(-0.032171,-0.0649842)
(-0.0149797,-0.0295779)
(0.0104882,0.0547455)
(0.0558914,-0.0852098)
(-0.0846521,-0.013344)
(-0.0240362,0.000113483)
(0.0560582,-0.0179752)
(0.137319,-0.0569411)
(0.171209,0.0421206)
(-0.0470364,0.0201086)
(-0.0647128,-0.0310435)
(-0.079097,0.0599964)
(0.0168139,0.01212)
(0.0358546,0.0647617)
(0.133591,-0.00945141)
(0.0983425,0.0263209)
(-0.10046,0.0220141)
(-0.111581,-0.0416586)
(0.0359654,0.0526943)
(-0.0329156,0.0207475)
(0.00990677,0.0549456)
(-0.0019682,0.0445667)
(-0.00824454,0.141123)
(0.279197,-0.0283878)
(-0.00548223,-0.129912)
(0.475836,-0.115989)
(-0.0158214,-0.198161)
(0.0591888,0.0170831)
(0.0225601,-0.0279336)
(0.098735,0.0219086)
(-0.000495146,-0.0191469)
(0.0485352,-0.0415367)
(0.0404793,0.00818328)
(-0.0078178,-0.0680974)
(-0.106425,-0.0315529)
(-0.0817015,-0.0780585)
(-0.138881,0.00177109)
(-0.106474,0.0860007)
(0.0231239,0.0194524)
(0.180542,-0.0487647)
(-0.0326948,0.0855521)
(0.242853,-0.0697927)
(0.00101704,0.194536)
(-0.0740442,-0.12042)
(0.0965644,0.0281679)
(-0.00728851,-0.0378663)
(-0.102992,0.0163279)
(0.0522422,-0.147616)
(-0.00691538,-0.0783023)
(-0.0218902,0.0587637)
(0.18148,0.19345)
(-0.0348872,0.0310726)
(-0.00878723,0.0328184)
(0.00106536,0.0371045)
(0.490467,-0.202095)
(-0.0192581,-0.0749412)
(-0.115123,-0.0991195)
(0.547325,-0.0588451)
(-0.0199118,-0.0061464)
(0.408559,0.118034)
(-0.0146581,-0.0355189)
(-0.033995,0.00524202)
(-0.0500663,-0.0815514)
(-0.0714931,0.161054)
(0.0530205,-0.0556733)
(-0.100991,-0.0135668)
(0.0523539,-0.0509736)
(0.288225,-0.173787)
(-0.0053792,-0.051901)
(-0.015447,-0.0957475)
(0.00225367,0.0509047)
(0.0522525,-0.0921334)
(-0.00182209,0.0250585)
(0.810767,-0.17412)
(0.307806,-0.139229)
(-0.115538,0.0222984)
(0.553245,-0.0358827)
(0.02917,0.0589049)
(-0.108187,-0.00794516)
(0.672672,-0.200554)
(-0.0210218,0.00618918)
(0.371369,-0.0247471)
(0.625035,-0.113658)
(0.146341,-0.102441)
(0.330721,-0.147748)
(0.384394,-0.18029)
(0.24705,-0.139621)
(0.0736799,-0.00756925)
(-0.0463391,-0.124498)
(-0.0278369,-0.126806)
(0.493723,-0.151108)
(-0.0966289,-0.0410867)
(-0.0731617,-0.0306834)
(0.0826883,-0.0683301)
(-0.0747703,-0.112656)
(0.0119674,-0.0365593)
(0.067014,-0.00196104)
(0.101644,-0.0806214)
(-0.00751488,0.00605141)
(-0.0662135,0.0667174)
(0.431329,0.00218068)
(-0.0551006,0.100722)
(-0.0330756,0.183756)
(0.0821025,0.113877)
(-0.156006,0.0233301)
(0.0164204,-0.141062)
(0.112131,-0.0678495)
(0.051648,-0.107317)
(-0.0135086,-0.0172543)
(0.461469,-0.216668)
(0.47401,-0.250706)
(0.0203267,0.0186756)
(0.346482,-0.0502046)
(0.0548681,-0.0682377)
(0.734704,0.203564)
(0.531082,-0.0968495)
(0.336905,0.0364536)
(-0.107791,-0.26746)
(0.0646462,-0.0778311)
(0.603763,-0.133558)
(0.336909,-0.0265468)
(-0.0167637,-0.0960975)
(-0.0495877,-0.0863799)
(-0.0450816,-0.0918193)
(-0.0663506,-0.052808)
(-0.0590646,-0.000782341)
(0.0235125,-0.0952473)
(-0.0355317,-0.0716753)
(0.0240466,-0.0598495)
(0.013787,-0.034606)
(0.0227879,-0.0932787)
(0.0529604,-0.0752186)
(0.0237014,-0.0870744)
(0.0195236,-0.101371)
(0.536764,-0.0724251)
(0.611399,-0.0605721)
(0.440515,0.0837174)
(0.323313,0.0577326)
(0.0122395,-0.0201439)
(-0.018249,-0.0312992)
(0.0558211,-0.00497937)
(0.0313907,0.0514443)
(-0.0552924,-0.0719252)
(0.177395,-0.0773374)
(0.0600314,-0.111315)
(0.0292293,-0.0177532)
(-0.00268975,0.0553174)
(0.127664,-0.0207994)
(0.0755182,-0.0829523)
(-0.0237826,-0.091326)
(-0.0696637,-0.102868)
(0.236929,0.030517)
(0.342015,0.0437238)
(0.495284,0.157736)
(0.755037,0.0962967)
(-0.0506228,0.10906)
(-0.0540476,-0.00535405)
(0.11742,-0.0937414)
(0.103585,-0.0874027)
(-0.028197,-0.0412114)
(-0.0260374,0.0929013)
(0.0951019,-0.0632233)
(-0.00596655,-0.0397602)
(-0.0832229,0.0167147)
(0.00184441,-0.063402)
(0.0808532,-0.00710468)
(-0.0239759,0.083412)
(0.0818148,0.0231208)
(0.421709,-0.10747)
(0.515884,0.0591534)
(0.134163,0.0056758)
(0.414943,-0.0648276)
(-0.0315813,-0.0386689)
(0.395867,0.00779999)
(0.389832,0.0451344)
(0.00827981,0.00376865)
(0.0320916,0.00141113)
(-0.00245289,-0.0402322)
(-0.128015,-0.00918484)
(0.485662,-0.0549046)
(0.680515,-0.0226122)
(0.0677448,0.0590447)
(0.0267808,-0.00419816)
(-0.00472704,-0.0291883)
(0.0183248,0.0416331)
(0.509098,0.107179)
(-0.00991824,-0.0941573)
(-0.0263575,-0.127846)
(0.303184,-0.0301694)
(-0.0661767,0.0322949)
(0.0164666,0.0663813)
(0.0277789,-0.0327252)
(-0.0803379,0.0292682)
(0.270718,-0.145517)
(0.39693,-0.176263)
(0.499933,-0.197594)
(0.661169,-0.110019)
(-0.119281,-0.074946)
(0.0193855,0.000950973)
(0.0298144,0.0252989)
(-0.00841221,-0.149384)
(-0.0330826,-0.00162118)
(0.105545,0.0240465)
(0.00337995,-0.0983478)
(-0.0147203,-0.044814)
(0.0016795,-0.0581943)
(0.0700463,-0.0566755)
(-0.107379,-0.0187331)
(0.0935844,0.0818909)
(0.036407,-0.0385869)
(0.0373831,-0.0460261)
(0.0762122,-0.0474758)
(-0.0686612,0.0399159)
(-0.138046,-0.09205)
(-0.0893164,-0.0177313)
(-0.0588486,-0.0595678)
(-0.0705482,-0.128114)
(0.0527362,0.0238009)
(-0.0638569,-0.152715)
(0.0260701,-0.0282752)
(0.115017,0.03449)
(0.034841,-0.0185914)
(0.0504468,-0.0451438)
(-0.0430022,0.027195)
(0.0153106,0.068973)
(-0.0283395,-0.0432953)
(0.249289,0.0140118)
(-0.0353823,-0.0451945)
(0.0177475,-0.0418595)
(0.111751,0.00279762)
(-0.0481214,-0.0405758)
(-0.114876,0.00558022)
(0.0678663,0.0408937)
(-0.0316264,-0.0426)
(-0.0800415,-0.0735646)
(-0.0595834,0.105858)
(-0.0171102,-0.0712887)
(0.496772,-0.0472647)
(-0.0452136,0.0470683)
(-0.0727658,-0.0541127)
(0.0111805,0.0865825)
(0.0484248,-0.0118783)
(0.0973121,-0.0804039)
(0.220472,-0.0485889)
(-0.0927592,0.100592)
(-0.0885639,0.191262)
(-0.087323,0.00736452)
(-0.0080735,0.0963628)
(0.0185379,0.0588405)
(0.0769105,0.0172201)
(0.0437077,-0.0296525)
(-0.00239561,-0.0740613)
(-0.078477,-0.0424396)
(-0.0386196,0.0817401)
(-0.0697157,-0.0560207)
(0.0288842,0.0673578)
(-0.0537625,0.0449695)
(0.0236672,-0.0566615)
(0.121113,0.0591336)
(0.0429505,-0.0165525)
(0.0643658,0.0852008)
(-0.0359278,-0.0839911)
(0.0861598,-0.0711081)
(0.00588674,-0.0749013)
(0.051842,-0.0191286)
(0.0339968,-0.0399136)
(-0.0454985,-0.0408292)
(-0.10457,-0.0557929)
(0.0933171,-0.06449)
(0.20929,-0.0575577)
(0.053635,0.0785915)
(-0.00793091,0.0817102)
(-0.0184093,0.0563646)
(-0.109306,0.018946)
(0.0736621,-0.078455)
(0.0306811,-0.00812773)
(-0.0610373,-0.088671)
(-0.0687666,-0.0118931)
(0.0736552,0.0135917)
(0.0967034,0.00766976)
(-0.0744285,0.00896087)
(0.360724,-0.0932441)
(-0.0966787,0.0113789)
(0.00201595,-0.104826)
(-0.119078,0.0461483)
(-0.0236795,0.061298)
(-0.0312568,-0.0552831)
(0.0191975,-0.129203)
(-0.0436881,0.0170744)
(0.00718981,0.0304053)
(0.067371,-0.0407845)
(-0.0750732,-0.0312499)
(0.0999057,-0.0164273)
(0.0648439,-0.0737515)
(-0.0147743,-0.0225546)
(0.000978995,0.0428942)
(0.0826145,0.0206966)
(0.339487,-0.0351422)
(0.0210937,0.018652)
(0.0424092,0.0311745)
(0.0862418,0.0193813)
(-0.0467037,0.0214554)
(0.148163,-0.0921913)
(0.0565795,-0.054622)
(0.0647298,0.0157562)
(0.0165348,0.0375715)
(0.0040401,0.035771)
(0.0547722,0.0815562)
(0.0971458,0.00491483)
(0.0375584,-0.0445514)
(-0.0237797,0.0364093)
(-0.0157257,0.0145839)
(0.525094,-0.180767)
(0.529436,-0.317213)
(0.0287915,0.0191997)
(-0.0564682,0.0211194)
(0.115278,-0.0356557)
(0.0530577,-0.00119884)
(0.170678,0.072904)
(0.128948,-0.0277738)
(0.0354433,-0.022917)
(-0.0204023,0.0023404)
(0.061217,-0.025709)
(-0.0688456,-0.0476166)
(0.064686,0.114834)
(-0.0965536,-0.023442)
(0.0695335,0.0124725)
(-0.130683,-0.104721)
(0.359584,-0.414895)
(-0.0938397,0.0603495)
(-0.0196086,-0.00861872)
(0.0177264,-0.0767026)
(0.0568287,0.0226973)
(0.10214,0.00160974)
(0.0142705,-0.0657524)
(-0.029199,-0.00713496)
(0.290826,-0.371954)
(0.174867,-0.190176)
(0.103132,0.0126107)
(0.0227856,0.0570016)
(0.179479,0.0293083)
(-0.0682667,0.0207087)
(-0.102209,0.00993866)
(0.0995252,-0.12314)
(0.144019,-0.156999)
(0.0697077,-0.0109518)
(-0.116183,-0.0660521)
(0.00196019,0.105847)
(-0.0494526,0.0108731)
(-0.0220615,0.00574721)
(-0.0107964,-0.045335)
(-0.100356,-0.0231238)
(-0.136949,-0.0928329)
(0.050834,-0.0430172)
(0.032396,0.0662963)
(0.102756,-0.0220998)
(0.00874921,-0.0111942)
(0.0385313,-0.00196692)
(-0.0723067,-0.112233)
(-0.061394,-0.0794656)
(-0.0162044,0.0506183)
(0.00204136,-0.0244206)
(-0.0572424,-0.0541643)
(-0.0883742,0.0974193)
(0.118405,0.0388201)
(0.834891,0.0901031)
(0.0686041,0.00715677)
(-0.0572164,0.0140841)
(0.0025336,0.0144674)
(-0.00269334,0.0968621)
(-0.00990134,-0.0131663)
(-0.000540041,-0.0135151)
(0.108315,0.167513)
(0.182105,0.0157719)
(0.0314956,-0.0379907)
(-0.0303579,-0.0804695)
(0.344859,-0.0594205)
(-0.104406,-0.0275118)
(-0.0387655,0.00372678)
(-0.132932,-0.0801395)
(0.0428764,0.0245902)
(0.0784982,0.0194151)
(0.0330358,-0.151682)
(-0.0255958,0.00417774)
(0.0231094,0.0451402)
(-0.0345572,0.0151124)
(-0.147043,-0.0100522)
(-0.0847243,0.0381433)
(0.703851,-0.100462)
(-0.0608001,-0.0625632)
(-0.0609953,-0.0774992)
(-0.0605942,-0.0777104)
(-0.0988138,-0.0785287)
(-0.150656,-0.131727)
(-0.0399396,0.150675)
(-0.0251059,0.203858)
(-0.148061,0.104156)
(-0.147904,0.0409748)
(0.192866,-0.0703103)
(0.0527463,-0.0167192)
(0.130103,-0.113381)
(-0.0846411,-0.0911463)
(-0.0869268,0.0526791)
(-0.0200684,0.0943693)
(-0.0581833,-0.131339)
(0.141397,-0.130554)
(0.00931313,0.049434)
(-0.0317971,-0.104825)
(-0.113922,0.0916946)
(-0.0719941,-0.0556612)
(0.0218721,0.0174105)
(0.229206,-0.155036)
(-0.0213581,0.0532973)
(-0.0759767,0.0739488)
(0.0251607,0.00779623)
(-0.0225088,0.120765)
(-0.035674,0.0952053)
(0.00593642,0.115726)
(0.0219384,0.107392)
(-0.11236,0.0707888)
(-0.0223016,0.192604)
(0.037666,-0.129111)
(0.0143588,0.00596581)
(0.0129771,0.0722)
(0.0597689,-0.079412)
(-0.0173068,-0.0393565)
(0.0256788,0.0806048)
(-0.0899635,-0.00228928)
(-0.0538898,-0.0294248)
(-0.0413324,0.0259207)
(0.599493,-0.126709)
(-0.034839,-0.0229632)
(0.381359,-0.0207673)
(0.00153509,0.0971754)
(-0.0878714,-0.0159755)
(-0.0607976,-0.0172832)
(0.0529611,0.142904)
(-0.00962033,0.171942)
(0.0297824,0.0868313)
(-0.0212097,0.145934)
(-0.038338,-0.114002)
(0.208909,-0.0611856)
(-0.0603936,-0.0597055)
(0.616499,-0.110075)
(-0.0257133,-0.0169023)
(0.129852,0.0245961)
(0.124722,0.0807997)
(0.0546573,0.0661074)
(0.0474041,0.0887346)
(0.559336,-0.079203)
(0.0273673,-0.062129)
(-0.073288,0.0200224)
(0.475476,-0.419436)
(0.0586241,-0.07833)
(0.104667,0.0318183)
(0.0796932,0.105133)
(-0.0512188,0.040804)
(0.340326,0.131516)
(0.361532,0.0346081)
(0.507067,0.31762)
(0.354616,0.0742832)
(0.033142,-0.0622265)
(0.0857874,0.0109606)
(-0.0434996,-0.0788361)
(0.0480569,-0.00811046)
(0.136448,0.100285)
(-0.137771,-0.0791572)
(-0.172581,-0.0346779)
(0.0067233,-0.0031859)
(0.00463772,-0.0517875)
(0.00112965,-0.0261065)
(0.0401022,0.0714386)
(0.0171507,-0.0375637)
(0.0080645,-0.0359098)
(0.0323736,-0.0139318)
(0.0889647,0.0332967)
(0.0354247,-0.0277438)
(0.0371116,-0.04032)
(0.0275958,0.066928)
(0.0174644,0.0517483)
(0.0450312,0.143715)
(0.040233,-0.0490714)
(-0.0631111,0.0328167)
(0.00888397,-0.118495)
(0.0330762,0.0137835)
(-0.0360503,0.043735)
(0.0222421,0.262228)
(-0.0114205,-0.0382104)
(-0.0736965,0.196582)
(-0.00370885,0.0237301)
(0.0570792,0.0437486)
(0.149145,0.143631)
(0.00793695,-0.00368497)
(0.192426,0.129228)
(0.162171,-0.138228)
(0.153215,0.189397)
(0.308542,-0.38536)
(0.0170135,0.0466678)
(0.12259,0.0813757)
(0.0475808,0.152023)
(0.00331536,0.0301293)
(0.169753,0.0466648)
(0.0247949,-0.0987556)
(0.157563,-0.0380087)
(-0.00804647,-0.0242325)
(-0.0841762,0.0722929)
(-0.128497,0.0554508)
(-0.0346183,-0.0615373)
(-0.0044484,0.239171)
(0.00236815,-0.111766)
(-0.00955255,-0.026606)
(-0.00199222,-0.0612567)
(-0.0502833,0.0103978)
(-0.0326418,-0.0702439)
(0.00496479,-0.0392316)
(-0.000981473,0.247157)
(0.0466492,0.0339749)
(-0.124337,0.00592484)
(0.0515613,-0.076448)
(-0.0354626,-0.026788)
(-0.0471413,-0.0724069)
(0.00360931,-0.000293714)
(0.0450632,-0.00813633)
(0.301282,-0.295932)
(0.0641885,0.0137643)
(-0.0542966,-0.0210279)
(0.0191649,0.0705058)
(0.0322722,-0.0100118)
(-0.141802,-0.0309088)
(0.00348695,-0.0467434)
(0.170277,-0.0547579)
(0.515165,-0.217808)
(0.113521,-0.125294)
(0.0737925,-0.0313963)
(-0.0236376,-0.205444)
(0.125714,-0.079402)
(0.570831,-0.127673)
(-0.141113,0.0065877)
(-0.128083,0.0362101)
(0.0620705,0.0820162)
(-0.0792768,0.0486388)
(0.0192837,-0.00272234)
(-0.0303498,-0.0356854)
(0.0449847,0.0538632)
(-0.0754551,-0.00265821)
(0.0365691,0.0516549)
(0.0488439,0.109826)
(0.324858,-0.288333)
(-0.189558,0.134731)
(-0.0705679,-0.0423896)
(0.047978,0.0572772)
(0.0230909,-0.0110475)
(0.00195402,-0.0548009)
(0.12278,0.0398098)
(0.0980783,-0.0171845)
(0.492385,-0.0744813)
(-0.020842,-0.00970852)
(0.023127,-0.025437)
(-0.0551468,-0.0373231)
(0.0573497,-0.0650288)
(-0.0143951,-0.00364999)
(-0.0356586,-0.0442241)
(0.00239101,-0.0105345)
(0.312229,-0.0526576)
(0.353011,-0.0709469)
(-0.0792024,0.102075)
(-0.146668,0.0531964)
(0.150994,-0.047794)
(-0.0341458,0.0456147)
(0.00420219,0.0624021)
(-0.0274499,-0.0177272)
(-0.0391739,0.10491)
(-0.0315492,0.0551174)
(0.0164891,0.0767198)
(-0.0592446,0.0430088)
(0.119465,0.000928214)
(0.215777,0.0389274)
(-0.114378,-0.106156)
(-0.120157,0.0173569)
(0.0456241,0.00207641)
(-0.0348232,-0.0448204)
(-0.0070353,-0.024704)
(0.158799,0.0336838)
(0.151272,-0.0368782)
(-0.0258968,0.0510337)
(0.0909682,-0.030127)
(-0.108171,-0.0607627)
(-0.0491014,0.0209513)
(-0.0144469,0.112959)
(0.0196749,0.0211122)
(-0.0634927,-0.0185204)
(0.0693297,0.0554718)
(0.113874,-0.0227169)
(-0.0573538,-0.0117129)
(0.0203622,-0.0792744)
(0.0460045,-0.0832418)
(0.091746,0.104061)
(-0.0659938,0.057914)
(0.0110576,0.104942)
(-0.0511121,0.0933115)
(0.14469,0.0437178)
(0.565766,-0.238856)
(-0.0628488,0.0602885)
(0.0267365,-0.0318443)
(0.101879,-0.0411894)
(0.0390701,-0.0882298)
(-0.0573545,0.101509)
(-0.0617755,0.0376853)
(0.0617342,-0.128214)
(0.0647593,0.0151084)
(0.0171504,-0.024311)
(-0.100967,-0.0109917)
(-0.0300867,0.0922803)
(0.131942,0.00272136)
(0.061886,0.0126159)
(0.00280398,0.0408212)
(-0.044433,-0.116734)
(0.123322,-0.084506)
(-0.0206138,0.101738)
(0.0264957,-0.0275846)
(-0.0189498,0.00770854)
(0.0138281,0.0461214)
(0.116725,-0.063595)
(0.0589295,0.0734619)
(0.0559557,0.0429698)
(0.0282941,0.105692)
(-0.117806,0.00176272)
(-0.0331134,-0.150391)
(-0.00767189,0.011461)
(0.0382744,-0.0848114)
(-0.116008,-0.033798)
(0.114441,0.0440511)
(0.0834086,-0.0549704)
(-0.0717117,-0.012249)
(0.0821877,-0.164564)
(0.129839,-0.0016656)
(0.145973,-0.00172399)
(-0.0868473,-0.00782463)
(-0.0955661,0.0664885)
(-0.0531281,-0.0895816)
(-0.054478,-0.0213408)
(0.0144857,0.0399031)
(-0.154002,-0.0367054)
(-0.13035,-0.0799172)
(-0.00226207,-0.0116196)
(0.0188436,0.0199663)
(0.0704965,-0.0820046)
(-0.00656388,-0.0303998)
(-0.070151,-0.0114756)
(0.0244784,-0.062414)
(-0.0798622,-0.107763)
(0.101548,-0.0427898)
(0.061658,0.0132656)
(0.0338261,0.075239)
(0.122155,-0.031022)
(0.268318,-0.0611701)
(-0.00371688,-0.0117935)
(0.150789,0.0285043)
(0.212818,0.00372246)
(-0.0352814,0.00631705)
(0.0485116,-0.00810393)
(0.0354625,0.0767787)
(0.0647401,0.00994765)
(0.0400126,-0.0612267)
(0.0798863,0.0747781)
(-0.0737425,-0.0312215)
(-0.0196725,0.0219223)
(0.0743851,0.0338523)
(0.079086,0.0453907)
(-0.0452983,0.0439812)
(-0.0141781,0.00461036)
(-0.0204531,-0.0103445)
(0.0596219,-0.0478842)
(-0.110975,0.063115)
(-0.0270396,-0.0610179)
(-0.0859181,0.0079439)
(0.0502573,0.0113226)
(-0.0441037,0.00827812)
(0.038379,0.0426368)
(0.0422942,-0.0765634)
(0.364974,-0.0915942)
(0.380291,-0.18141)
(0.0480847,0.080148)
(0.359894,-0.220145)
(0.0792793,0.0362147)
(0.323758,-0.201736)
(0.0416466,-0.110479)
(-0.0527988,0.0880573)
(0.529437,-0.147963)
(0.34383,-0.152937)
(0.382922,-0.0112604)
(-0.000603604,-0.098093)
(-0.0734678,-0.0214527)
(0.117485,0.0559842)
(0.0715781,0.0365869)
(-0.0595658,-0.051173)
(-0.0615877,-0.0303319)
(-0.0861411,-0.00397722)
(-0.0957474,-0.0539313)
(-0.0558351,0.0622124)
(0.0435451,0.0241468)
(0.0173843,-0.0103613)
(0.0449315,0.0163347)
(-0.00957681,-0.163923)
(-0.0422184,0.10202)
(0.0309075,-0.0449909)
(-0.0522937,-0.105275)
(0.102321,-0.0885883)
(0.0376522,-0.249354)
(-0.111542,0.0871522)
(-0.067147,0.109929)
(0.0384483,-0.00353577)
(-0.0856983,0.101714)
(0.0486251,0.00795526)
(-0.00175191,0.0464321)
(0.164259,0.00854476)
(-0.0158697,0.0363134)
(-0.00239064,-0.0259376)
(-0.0121105,0.0119654)
(0.0238761,0.156891)
(0.0565884,-0.033519)
(0.158824,0.0330682)
(0.0755647,-0.104036)
(0.0356072,-0.122532)
(-0.00303952,-0.00965114)
(0.0110851,-0.0997012)
(-0.0454111,0.217626)
(0.0467003,0.129528)
(0.569304,-0.221649)
(0.0709864,-0.159041)
(0.0141369,-0.0872643)
(-0.0103052,-0.0546347)
(-0.0174237,-0.0195485)
(0.0906021,-0.0949356)
(-0.00853743,-0.103972)
(0.449518,0.295757)
(0.676378,0.393711)
(0.253026,0.0308109)
(-0.0250655,4.14262e-05)
(0.294336,0.174832)
(0.0315638,0.108083)
(0.0689355,-0.018574)
(-0.00951666,-0.00444887)
(0.0392828,0.0461509)
(-0.0270077,-0.177427)
(-0.00961446,0.111495)
(-0.0805665,-0.0240804)
(-0.0923093,-0.0303172)
(-0.117027,-0.116934)
(0.0644814,-0.0680701)
(-0.133225,-0.200799)
(0.5441,-0.105171)
(0.0726813,-0.0684272)
(-0.109086,-0.050301)
(-0.0504385,0.0827489)
(0.0169524,0.0231956)
(0.0481014,-0.0208047)
(0.082171,-0.00651947)
(0.105886,-0.0572455)
(0.177324,-0.0233615)
(-0.0386789,0.0146331)
(0.0566866,0.0204241)
(0.0556283,0.0867519)
(-0.0641953,0.178544)
(-0.0126671,-0.0455656)
(0.0629498,0.157497)
(-0.0699106,-0.0669074)
(-0.150674,0.11561)
(-0.0735575,-0.00196199)
(-0.115907,0.0556433)
(-0.0301793,0.070424)
(0.0711558,-0.0434407)
(0.100704,-0.0869786)
(-0.0394993,0.131423)
(0.0152076,0.103076)
(0.00814153,0.0662804)
(0.119351,-0.0463774)
(0.0772218,0.0422936)
(0.0164561,-0.0355591)
(-0.0163367,-0.130931)
(0.095169,0.0567615)
(0.103136,0.111552)
(-0.00598961,0.14355)
(0.0505136,-0.0258904)
(-0.0287191,-0.0499502)
(0.0732494,0.103568)
(0.046245,-0.00571554)
(-0.0526109,0.017255)
(-0.00748912,0.106772)
(0.00407381,-0.127897)
(0.0775296,-0.00935681)
(0.0619751,-0.0541833)
(0.0322992,-0.109361)
(0.0289294,-0.0289075)
(-0.111068,0.00759863)
(0.000858547,-0.0853716)
(-0.0582912,-0.0412574)
(0.00215156,-0.0139734)
(0.0461518,0.0586831)
(-0.0413851,-0.0451356)
(-0.0404781,0.10274)
(0.0349145,0.113701)
(0.0362644,-0.104464)
(0.13315,0.0480184)
(0.0565552,0.0168179)
(-0.00122986,0.106868)
(-0.0583163,-0.0339488)
(-0.0968406,0.218632)
(0.101665,0.0270802)
(-0.102521,0.0266963)
(0.0229577,0.124502)
(-0.154305,0.0830416)
(-0.0407057,0.0286943)
(-0.141151,0.0681505)
(-0.175313,0.165164)
(-0.0457962,-0.0567833)
(-0.0666321,-0.0567167)
(0.0698892,-0.0747257)
(0.0288096,-0.0190595)
(-0.0171581,-0.0498653)
(-0.00708809,0.00932422)
(0.100448,0.0403879)
(-0.106348,0.0307693)
(-0.0267799,-0.128995)
(-0.030426,-0.0434522)
(-0.0315711,0.00838122)
(0.44882,-0.107933)
(0.0307761,-0.0690054)
(-0.111588,-0.00387902)
(-0.0315744,-0.0922943)
(-0.00678812,0.0744977)
(0.0467193,0.138194)
(0.069819,0.0357268)
(-0.091419,0.0711725)
(-0.0441476,-0.101842)
(0.493428,0.0937975)
(-0.0359081,0.0328817)
(0.0446053,-0.113867)
(-0.0424665,-0.166762)
(0.599612,0.0722781)
(-0.0452312,0.0257239)
(-0.0551546,-0.031821)
(0.0887057,0.00221961)
(-0.0132256,0.0536221)
(-0.0156222,-0.0670996)
(-0.0744601,0.0106495)
(-0.0310855,-0.0111667)
(0.294175,-0.046249)
(0.155431,-0.108912)
(0.0465646,-0.141055)
(-0.0238061,0.0518365)
(-0.0525958,-0.0466744)
(-0.0649341,0.0684128)
(0.0580193,-0.102754)
(0.439887,-0.0595739)
(-0.0134533,-0.0679675)
(-0.0199511,0.0323025)
(-0.00369096,-0.171124)
(0.048982,-0.0430456)
(-0.0924024,-0.00186507)
(-0.0307337,-0.010798)
(0.393865,-0.0248752)
(-0.0738624,-0.0670389)
(0.373361,0.00797469)
(0.0727062,-0.0127946)
(0.159452,0.0372732)
(-0.161599,-0.0673638)
(-0.0907892,0.104684)
(0.450758,-0.0618193)
(-0.126879,-0.0443364)
(0.114092,-0.028887)
(-0.048033,-0.00443009)
(-0.0638386,0.0292479)
(0.105616,0.18004)
(0.0809899,-0.0619212)
(0.394532,-0.0905579)
(-0.049911,-0.0367512)
(-0.0250682,-0.0172854)
(0.323451,-0.215415)
(0.0110247,0.00476131)
(-0.0454126,-0.157873)
(0.256848,-0.118147)
(-0.0256108,-0.142311)
(-0.0328682,-0.0559348)
(0.574458,-0.133015)
(-0.0437591,-0.0578257)
(0.172536,0.0204596)
(0.235451,-0.170612)
(-0.0674176,-0.00352473)
(0.286991,0.00474729)
(-0.000645554,0.00137809)
(-0.0961616,-0.0607865)
(-0.0982917,0.0607855)
(-0.0703591,0.0361858)
(0.0811606,-0.0600016)
(0.117571,0.102023)
(-0.0640386,-0.106742)
(-0.0942064,0.0285869)
(-0.0121284,0.0709622)
(-0.0625213,0.085211)
(-0.0266292,-0.0485353)
(-0.107339,0.0615276)
(-0.0794724,0.0699736)
(-0.0337783,-0.0755041)
(0.0506582,0.0441606)
(-0.0506593,0.0598792)
(-0.0550984,-0.0319622)
(0.477441,0.0660108)
(0.0945268,0.157927)
(-0.103936,-0.0458187)
(-0.065993,-0.0256846)
(-0.0272207,0.130135)
(0.0736933,-0.0310073)
(0.810272,0.336738)
(0.132636,-0.0483555)
(0.710755,0.295087)
(-0.0473261,-0.128367)
(0.0537928,-0.0330885)
(0.15695,-0.0385073)
(-0.0116275,-0.0622417)
(0.0311275,-0.00412326)
(0.378801,-0.00956106)
(0.00292149,0.0284714)
(0.0287788,0.116256)
(0.00399201,0.0366876)
(0.0115449,0.0395153)
(0.0825235,-0.0158468)
(0.0683161,-0.0819641)
(0.0407875,-0.0707575)
(-0.04269,-0.0646743)
(-0.0906551,0.0768886)
(0.439031,-0.104202)
(-0.071192,0.123257)
(0.54517,-0.125986)
(0.0147125,-0.111535)
(-0.0411168,0.0114084)
(0.435835,0.0170159)
(-0.0199349,-0.0472759)
(0.0329399,0.0635017)
(0.000717853,-0.0719231)
(0.327026,-0.266669)
(-0.0682127,-0.0624044)
(-0.151281,-0.117233)
(0.0452028,-0.0676197)
(-0.0295155,-0.123364)
(0.0436856,0.0387189)
(0.0978674,-0.000285605)
(-0.0268336,-0.212648)
(-0.0288292,0.012875)
(0.0421408,-0.1102)
(0.0135596,0.0813961)
(0.0899195,-0.117655)
(-0.070643,0.0821032)
(0.0166636,-0.00280575)
(-0.00912076,0.0623114)
(0.153733,0.0692258)
(0.181362,0.0773483)
(-0.013307,0.0656056)
(-0.0262868,0.06252)
(-0.0306863,-0.0269308)
(-0.0127226,0.0461403)
(0.0721599,0.0365192)
(-0.00123991,0.00325132)
(-0.0112768,0.0230063)
(0.0640767,0.0945157)
(0.0286611,-0.11852)
(0.0213492,-0.0705887)
(-0.036645,0.0073168)
(0.0242695,0.0686981)
(0.128415,-0.0514609)
(0.0491315,0.0303351)
(0.0103586,-0.0323648)
(-0.0167271,0.0234982)
(0.296228,-0.0801184)
(0.0446197,-0.0293524)
(-0.0429582,-0.00642597)
(-0.111133,-0.122632)
(0.412004,-0.159786)
(0.0149812,0.0835401)
(0.0895115,-0.0364468)
(-0.0275381,0.0488692)
(0.0163929,0.0267343)
(0.0279322,-0.0364388)
(-0.0400068,-0.0245674)
(0.0158802,-0.0210727)
(0.309676,-0.0897771)
(-0.0609369,0.0807241)
(0.0722068,0.11478)
(0.391186,-0.179175)
(-0.0949057,-0.0124907)
(0.0314721,-0.0342348)
(0.0754128,-0.0662918)
(0.350827,-0.0591208)
(0.0180753,-0.0176177)
(0.0606519,-0.0332687)
(0.0574247,0.00938129)
(0.161984,0.123537)
(-0.0593581,-0.0868311)
(-0.0231757,0.0895005)
(0.0259078,-0.0796307)
(-0.102027,-0.125518)
(0.0813411,-0.212004)
(0.04403,-0.107668)
(0.0936191,-0.00778873)
(0.297816,-0.0214597)
(0.066101,-0.0283684)
(0.173507,0.0260747)
(0.0582302,0.111426)
(-0.0449856,-0.166858)
(0.00773596,-0.0490728)
(-0.115719,-0.0890842)
(0.0481735,-0.0527497)
(0.0508504,-0.0890783)
(0.0591017,-0.0967801)
(-0.0369893,-0.0730138)
(-0.102519,-0.0302466)
(0.349163,-0.0783093)
(0.0871452,-0.043541)
(0.0812086,-0.0611258)
(0.0199794,-0.0317243)
(-0.0470266,0.0719914)
(0.0290381,0.0196204)
(-0.0406826,0.103092)
(0.068119,-0.0320538)
(0.284323,-0.128969)
(0.179795,-0.0890594)
(0.12688,-0.155286)
(0.133162,-0.20344)
(0.356689,-0.263378)
(0.137855,-0.147081)
(-0.139047,0.0426599)
(0.297431,-0.0559814)
(0.341858,-0.00979547)
(0.23614,-0.112942)
(0.0369399,-0.00441778)
(-0.0164705,0.00137114)
(0.00598126,-0.121487)
(0.041493,-0.191443)
(-0.124787,-0.101039)
(0.0569509,-0.00800898)
(-0.0470421,0.108151)
(0.133722,-0.0718436)
(-0.076472,-0.0132217)
(-0.0602306,0.0672818)
(0.0537414,0.012941)
(0.555911,-0.158507)
(-0.0308336,0.0604795)
(-0.0890104,-0.063537)
(-0.0769876,0.0472931)
(0.519484,0.080403)
(-0.0209704,0.0599678)
(0.153213,0.0329785)
(0.568118,-0.0956116)
(0.358909,-0.219822)
(0.171309,0.131059)
(0.410185,-0.210891)
(-0.0812223,0.0338299)
(-0.0858597,0.011931)
(0.39361,-0.0978312)
(0.309954,-0.0738698)
(0.214847,-0.153863)
(0.503621,-0.148441)
(0.0571663,-0.077841)
(0.587881,-0.169298)
(0.0899373,-0.0129229)
(0.0282105,0.0347318)
(0.0420187,-0.0232169)
(0.301301,-0.0279784)
(0.0580963,-0.0095322)
(0.203012,0.0817568)
(0.0871883,0.0025819)
(0.0327818,-0.0152607)
(0.145554,0.0151279)
(0.089309,0.144822)
(0.00449821,-0.0680898)
(-0.00290742,-0.0113144)
(-0.0577645,-0.041339)
(0.0611703,-0.0944909)
(-0.071512,0.0938017)
(0.00206249,0.00160524)
(-0.00921535,0.0663137)
(-0.0271168,0.108492)
(0.0826233,-0.157852)
(0.593584,-0.262836)
(0.00784395,0.037517)
(0.0727941,0.0875312)
(0.0594691,0.0373542)
(-0.0497316,0.0330899)
(0.0398451,0.0747241)
(0.0981268,-0.0130874)
(0.00246763,0.139785)
(0.0489526,-0.123381)
(0.727591,-0.213021)
(0.0473717,-0.0178003)
(0.327756,-0.053535)
(-0.0627132,-0.01029)
(0.0109394,0.0182611)
(0.0715075,-0.0532053)
(-0.0400461,0.0183826)
(-0.0145455,-0.0813963)
(-0.0387299,0.0281519)
(0.0513633,-0.0597519)
(0.0775354,-0.0191183)
(-0.0222916,-0.0110034)
(0.111902,-0.0665638)
(0.0521778,-0.00337712)
(0.0195543,0.0327519)
(0.33231,-0.0653407)
(0.301605,-0.261499)
(0.0132683,-0.0950022)
(-0.0197812,-0.049209)
(-0.0602027,-0.0569956)
(0.0950966,-0.0456685)
(0.433175,-0.0300426)
(0.0215355,-0.0220068)
(-0.0624119,-0.0193816)
(-0.0750648,-0.0567469)
(-0.04975,-0.0596573)
(0.188052,-0.160087)
(0.0544278,-0.0212548)
(0.0242762,-0.00711657)
(0.00204064,-0.00292854)
(0.00418632,0.0572166)
(0.358894,-0.110937)
(-0.00742342,-0.128016)
(-0.110052,-0.0148712)
(-0.0311531,-0.0491603)
(-0.0429302,-0.0545351)
(-0.0943445,-0.053245)
(0.351186,-0.308375)
(0.420396,-0.113469)
(0.525282,0.0161541)
(-0.0672625,-0.115472)
(-0.0312159,-0.0334884)
(0.458506,-0.0631479)
(0.0523735,0.0181077)
(0.0971706,-0.082031)
(0.28771,-0.180019)
(-0.0587873,-0.120173)
(-0.15764,0.0372152)
(-0.132941,-0.0607553)
(-0.128934,-0.0870128)
(-0.0792782,0.000778359)
(0.308226,-0.0856919)
(0.331566,-0.177172)
(0.309956,-0.249284)
(0.382814,-0.104445)
(0.32007,-0.178572)
(-0.0170742,-0.041368)
(-0.0567973,0.0383033)
(-0.0024217,0.0631779)
(-0.248391,0.0110524)
(0.740811,-0.242202)
(0.696015,-0.264054)
(-0.0305348,0.00188701)
(0.0614882,-0.137016)
(-0.0870759,-0.000437447)
(0.498791,-0.0421071)
(-0.0793983,-0.0813656)
(0.0477061,0.0891204)
(0.0492338,-0.097301)
(0.607673,0.407796)
(-0.00421913,0.0690693)
(0.0147707,-0.0983754)
(0.67003,0.0777397)
(0.62338,0.082582)
(-0.0341563,0.00373266)
(0.0244341,-0.0765804)
(-0.00120302,0.0304055)
(0.0640905,-0.00147459)
(-0.0175547,-0.123171)
(0.0177567,0.0130524)
(0.0193417,-0.0819413)
(0.662321,-0.148216)
(0.660344,-0.121178)
(0.711069,-0.147919)
(0.545157,-0.0984991)
(0.264432,-0.275122)
(0.110818,-0.020091)
(0.247896,-0.117123)
(0.223228,0.0162076)
(0.0796766,-0.148166)
(-0.0406342,-0.00878356)
(-0.101937,-0.0622365)
(0.358289,-0.014894)
(0.335527,-0.00858046)
(0.455443,0.022717)
(0.480917,0.0262988)
(0.481999,0.138963)
(-0.0160297,0.0657013)
(0.546084,-0.204907)
(-0.0527617,0.123562)
(0.0986075,-0.0753643)
(0.00203778,-0.105828)
(0.0404198,0.0612565)
(-0.0969775,0.116923)
(0.0923532,-0.203133)
(0.0820587,0.000920886)
(0.0727236,-0.0162193)
(0.0933009,0.127833)
(0.230998,-0.189352)
(-0.0123523,-0.00307125)
(0.631699,-0.243895)
(0.506658,-0.0703459)
(0.507741,-0.31209)
(0.00384635,0.051441)
(-0.00218072,0.0516936)
(0.125961,0.0391961)
(0.449062,-0.220726)
(0.136822,0.0973581)
(0.0648043,-0.0619926)
(0.208224,-0.168734)
(0.186665,-0.161066)
(0.422187,-0.142748)
(0.516485,0.0627545)
(0.688779,0.0833817)
(0.19189,-0.0298314)
(0.0204795,-0.0166502)
(0.0432954,-0.0810506)
(-0.031283,-0.0344885)
(0.0321584,0.117527)
(-0.063838,0.0205922)
(-0.00231682,-0.0472891)
(0.00381489,0.0382529)
(0.222293,-0.129714)
(0.171194,-0.273444)
(-0.0523319,0.0131417)
(0.249581,-0.21821)
(0.0415981,-0.07083)
(0.289655,-0.0310362)
(0.273553,0.108994)
(0.0585177,-0.0697379)
(-0.0209129,0.057204)
(-0.0759565,0.109809)
(-0.0146225,-0.0484665)
(0.390671,0.171369)
(-0.00636739,-0.0019285)
(0.0951424,0.095111)
(0.0917847,-0.0818435)
(0.0945759,-0.122346)
(0.0268848,-0.0990973)
(0.188336,0.00423758)
(-0.0474968,-0.0599463)
(0.0844531,0.0429238)
(-0.0341131,-0.0105929)
(-0.157367,0.0432069)
(0.301473,-0.0743677)
(-0.098601,-0.0142343)
(0.446338,-0.167792)
(0.259142,-0.113336)
(0.0352642,-0.011926)
(0.321679,-0.148422)
(0.612519,-0.131821)
(0.353972,-0.168734)
(-0.0984333,0.0416589)
(0.619743,-0.176917)
(0.065562,0.0164552)
(-0.000244151,0.0122477)
(-0.058422,0.0493484)
(0.00162162,0.0871829)
(0.0648872,0.0485073)
(-0.0535778,0.0195715)
(0.133973,-0.0708645)
(0.671526,-0.287729)
(0.00662956,-0.00213791)
(-0.0134259,0.0633547)
(0.524458,-0.273116)
(0.579984,-0.328984)
(0.0778387,-0.0347451)
(0.17905,0.0294294)
(0.0906388,0.0125762)
(0.475437,0.25722)
(-0.066782,0.00125509)
(0.489836,0.236232)
(0.372664,-0.255168)
(-0.0391494,0.0396546)
(0.0283359,0.011412)
(0.656914,-0.164491)
(0.0436535,0.0243636)
(0.0829559,0.0246505)
(0.00757177,0.143634)
(0.714278,-0.186129)
(0.248894,0.0798323)
(0.108008,-0.125107)
(0.196876,-0.0101716)
(0.345566,0.241412)
(-0.0605925,-0.0261444)
(0.701757,-0.221693)
(0.608962,-0.0816001)
(0.0299426,-0.0346899)
(0.647101,-0.0681693)
(-0.11794,0.0150934)
(0.628331,-0.119494)
(-0.0493131,-0.051645)
(0.0149306,0.0261494)
(0.0484371,0.0271419)
(0.0403913,-0.020479)
(-0.11198,0.0762261)
(-0.0419566,0.127037)
(-0.105083,0.066219)
(-0.0633028,0.0588861)
(0.219904,-0.0112345)
(-0.00607108,-0.0312189)
(0.0613857,-0.0345105)
(0.00816209,0.0478642)
(0.119719,0.0246977)
(0.123136,-0.0127965)
(0.117278,0.055798)
(-0.0283758,-0.00659744)
(-0.0161484,-0.0587452)
(0.00748606,-0.0688622)
(0.0620119,-0.0630651)
(0.685846,0.307398)
(0.368971,-0.172135)
(0.0115231,0.0547545)
(-0.056715,0.0329858)
(-0.0746388,0.0551437)
(0.0100438,-0.0366131)
(-0.0393167,-0.061699)
(0.152948,-0.102554)
(0.0915996,-0.121862)
(0.651735,-0.15847)
(0.433742,0.0285215)
(0.0357828,0.0196919)
(0.0957386,-0.0507039)
(0.551709,-0.0238171)
(-0.0163216,-0.00650697)
(-0.061512,-0.0376766)
(-0.0892167,-0.129194)
(0.35685,0.055081)
(-0.0227415,-0.0852272)
(0.267435,-0.193072)
(-0.0532198,-0.096489)
(0.0302287,-0.0652427)
(-0.0164112,-0.103367)
(0.0927079,-0.0284023)
(0.223044,0.116058)
(0.000640478,-0.101053)
(-0.0729688,-0.111651)
(0.130381,-0.0327903)
(-0.0300511,-0.0638164)
(0.0197581,0.0131092)
(-0.0293884,0.0228952)
(0.428496,0.0375504)
(-0.0129296,-0.0136687)
(0.267807,0.0887723)
(0.0405693,-0.0331138)
(0.0140549,0.064547)
(-0.00909275,-0.0180852)
(0.0427554,-0.0300595)
(-0.12897,0.0131526)
(-0.0799556,0.0470371)
(-0.0180227,0.0593547)
(-0.0584424,0.0144501)
(-0.036892,0.0806362)
(0.565892,0.168204)
(-0.0655771,0.0302956)
(-0.0881184,0.0256261)
(0.554482,0.015766)
(-0.129777,0.00261679)
(-0.0463978,-0.0727136)
(0.04519,-0.0880537)
(0.0077665,-0.0809345)
(-0.0118334,0.0701457)
(0.058323,-0.106385)
(-0.0462503,0.102563)
(-0.00678245,-0.0040834)
(0.107546,-0.0262012)
(0.00674481,0.119834)
(-0.112282,0.00308461)
(0.53513,-0.00384592)
(-0.174391,-0.10265)
(0.733098,0.251337)
(0.529938,-0.245231)
(0.65248,-0.00192762)
(-0.0709269,-0.08193)
(0.282024,0.0885114)
(0.428924,0.120392)
(0.313393,0.0100296)
(-0.133876,-0.126048)
(0.144003,-0.0237255)
(-0.0223998,0.0211125)
(0.0420054,0.0944956)
(0.69174,-0.0331025)
(0.510601,-0.144584)
(-0.0478734,0.00749182)
(0.046307,0.0489796)
(-0.0590179,0.0744515)
(0.0783456,-0.0621563)
(0.23891,-0.00450724)
(-0.0347371,0.00370658)
(-0.0702573,0.0357344)
(-0.0872281,0.0256458)
(-0.00805219,0.0192388)
(0.361725,0.00722414)
(0.0171923,-0.0357497)
(0.402351,0.0459875)
(-0.0395295,0.0198622)
(-0.0176681,0.0019866)
(0.0357953,0.00579319)
(0.429581,-0.119211)
(-0.0411006,0.0405331)
(0.0943283,-0.0126708)
(0.351142,0.0405726)
(-0.031693,0.0186996)
(0.0157467,0.125657)
(-0.0324029,-0.0242988)
(0.131526,-0.0361327)
(-0.102998,-0.0193393)
(0.00916188,-0.0123036)
(0.537984,-0.153037)
(0.295098,-0.149442)
(0.140923,0.0685841)
(0.103739,-0.0630525)
(0.0109838,-0.0436696)
(-0.00373419,0.0803193)
(0.0664765,-0.0102719)
(0.113178,-0.119281)
(0.473476,-0.162803)
(0.504543,-0.135484)
(0.468282,-0.151494)
(-0.0148262,0.0728507)
(0.521599,0.230386)
(-0.0450126,0.0589974)
(-0.073686,-0.0415361)
(-0.102774,-0.0559953)
(-0.00604056,0.0519815)
(0.0271558,0.0280347)
(0.0614209,-0.0231368)
(0.413957,-0.123916)
(0.578634,-0.0569035)
(0.35762,0.081845)
(0.0613964,-0.0868549)
(0.410098,0.167386)
(0.0760442,-0.173261)
(0.257232,-0.272826)
(0.259214,-0.291802)
(0.0550485,-0.0229319)
(0.536989,0.11283)
(0.22959,-0.2882)
(0.61382,0.0636542)
(0.459917,-0.0318719)
(0.400478,0.0330535)
(0.155664,-0.153288)
(0.145818,-0.200659)
(0.265916,-0.126471)
(0.362989,0.0604725)
(0.136207,0.0141438)
(0.364651,0.076769)
(0.236345,-0.0739604)
(0.0887338,0.108051)
(0.0501407,-0.0600776)
(-0.0176928,-0.0631725)
(-0.0156242,-0.150589)
(0.337271,-0.020851)
(0.0181907,-0.0792623)
(0.435987,-0.0224065)
(0.0718377,0.0040703)
(0.344686,-0.208116)
(0.0316493,-0.0727476)
(0.0534691,-0.0385599)
(0.54385,-0.36979)
(0.0157602,0.0981616)
(-0.0930252,0.0912287)
(0.475911,0.0347937)
(0.135792,-0.0185412)
(0.0312818,-0.127728)
(0.104517,-0.0112737)
(0.0645099,-0.0293182)
(0.102924,0.0210353)
(0.0876818,-0.0638604)
(0.524872,0.0752642)
(0.390595,-0.0413169)
(0.344469,0.0243411)
(-0.0407357,-0.0257987)
(-0.131733,-0.011923)
(0.228215,0.000333265)
(-0.0990374,-0.0805992)
(0.0764347,-0.0750249)
(0.0405554,-0.057046)
(0.0930884,-0.0317211)
(0.44523,-0.0503347)
(0.41432,0.0550579)
(0.576758,0.094149)
(0.462633,0.0975408)
(0.430879,0.0887319)
(0.0389151,-0.106053)
(0.457629,0.044629)
(0.221938,0.027322)
(0.0509123,-0.0357665)
(0.282561,-0.111491)
(0.343105,-0.124994)
(0.0561499,-0.0501697)
(-0.0417647,0.230087)
(0.452079,0.0281504)
(0.0684333,-0.000943237)
(-0.0700024,0.127833)
(0.401524,0.131962)
(0.20231,-0.0598771)
(-0.1128,-0.0582404)
(0.107292,0.0058518)
(-0.0536419,-0.0400985)
(0.323289,0.0969433)
(0.0585,0.157964)
(0.00597872,0.192961)
(0.0594691,0.17632)
(0.244568,-0.0441006)
(-0.122522,0.00620118)
(0.0482506,-0.0251994)
(-0.0924212,0.0917073)
(0.0675279,-0.0953837)
(0.0207356,-0.0529091)
(-0.00228684,0.00481053)
(-0.0187153,0.0247885)
(-0.0374012,-0.0450832)
(-0.0437265,0.0179452)
(-0.118732,0.05637)
(-0.050032,0.0502791)
(0.332346,0.0245208)
(-0.0639856,-0.054042)
(0.378051,0.0603618)
(-0.115112,0.0112966)
(0.0843371,-0.0372223)
(0.241714,-0.112438)
(0.476101,0.0209004)
(0.490493,-0.12613)
(0.00452493,0.0424265)
(-0.0468076,0.128566)
(-0.0548742,0.0732942)
(-0.0725999,0.105688)
(-0.13929,-0.00435969)
(-0.102607,0.0568033)
(-0.0879334,-0.29054)
(-0.0233706,0.0543528)
(-0.163522,-0.12807)
(-0.0372443,0.11512)
(0.0108522,-0.00252537)
(0.139208,0.0735109)
(-0.116359,0.0110089)
(-0.0235766,-0.0531332)
(-0.118127,-0.0830575)
(0.0353168,0.0642051)
(0.280691,-0.0784442)
(0.202389,-0.0864276)
(-0.0490482,0.0817451)
(0.0531713,-0.170715)
(0.395491,0.121195)
(-0.0501678,-0.0252729)
(0.353521,0.0523679)
(-0.0282292,-0.0909394)
(-0.0584217,0.0791333)
(0.0793057,-0.0545783)
(0.0738181,-0.0855267)
(0.0912586,-0.0332315)
(0.00223977,0.0271131)
(0.0367721,-0.143671)
(-0.0545201,-0.0219377)
(0.0181445,0.0295719)
(-0.00862795,-0.0996224)
(0.231205,-0.0727993)
(0.203272,-0.150103)
(-0.00306547,0.00953005)
(0.117722,-0.18854)
(0.24983,-0.150662)
(0.528134,-0.0854025)
(0.0588701,0.0166506)
(-0.0334663,0.00576188)
(0.326762,-0.14931)
(0.0264703,0.0072928)
(0.0830732,-0.0868357)
(0.0375113,-0.101511)
(0.00952433,-0.177556)
(0.0571456,-0.0368448)
(0.0210374,-0.0916832)
(0.43189,-0.073782)
(0.264414,-0.156119)
(-0.0143808,0.022615)
(-0.102394,0.0448633)
(0.14997,-0.0164271)
(0.0529973,-0.0132569)
(-0.00727494,0.029507)
(0.03031,0.0187359)
