1620
(0.110975,-0.286293)
(0.0898238,0.0570823)
(-0.0375249,-0.0884068)
(-0.0985166,-0.154446)
(0.0333501,0.0114868)
(-0.108132,0.100073)
(0.176203,-0.0911224)
(0.150563,-0.155552)
(-0.0768222,0.163016)
(-0.0341594,-0.0296185)
(0.0766297,-0.022196)
(0.0327643,-0.0715645)
(0.182747,0.0528776)
(0.108104,0.0979787)
(0.0740444,-0.048569)
(0.052784,0.00372295)
(0.00541497,-0.107229)
(0.0211718,0.16173)
(0.0740623,-0.0537887)
(-0.0194323,0.0570985)
(-0.086319,0.0651707)
(-0.0752885,0.0193537)
(-0.13604,-0.082783)
(0.155267,0.225934)
(0.000521143,0.23096)
(0.0849257,0.209689)
(0.0201264,0.290198)
(0.161074,-0.0866092)
(0.00852527,0.255204)
(0.20549,-0.00973628)
(0.0892848,-0.205611)
(-0.306368,0.213471)
(-0.0596608,0.0364089)
(-0.0352268,0.111051)
(-0.0086536,-0.0333217)
(-0.0343323,-0.0155584)
(0.0216996,-0.197419)
(0.0316159,-0.016012)
(-0.0712624,0.0244064)
(0.323296,-0.0184379)
(-0.00940923,-0.13925)
(0.138937,-0.121126)
(0.0317726,-0.0329644)
(0.0519965,0.165471)
(0.0619399,-0.022354)
(0.392693,-0.0854822)
(0.154692,0.0858183)
(-0.123459,-0.127283)
(0.260669,0.127974)
(-0.0901646,-0.155727)
(0.0400048,-0.035738)
(-0.266371,0.135826)
(0.0424959,-0.0404466)
(0.0285492,0.0599049)
(-0.136202,0.0253569)
(-0.214507,-0.0564362)
(-0.0712551,0.0109988)
(-0.239517,-0.183456)
(-0.233609,0.0699776)
(0.10043,0.174546)
(-0.103946,0.124806)
(-0.0372476,-0.311465)
(-0.0357964,-0.048812)
(0.446221,-0.457623)
(-0.103078,-0.0679234)
(0.0656328,0.0722956)
(0.0521189,0.0556886)
(0.29064,0.139592)
(0.03514,-0.0345401)
(-0.00482293,-0.00161896)
(-0.0204362,0.14099)
(0.0327707,0.0493712)
(0.114434,0.172505)
(-0.0752512,0.0513422)
(0.063184,0.113795)
(0.246646,0.162429)
(-0.0834572,0.248296)
(0.23479,0.116269)
(-0.153594,-0.155872)
(0.406165,-0.099591)
(0.0177309,-0.0429977)
(-0.183164,0.0303342)
(0.14537,0.126398)
(0.0356004,0.122838)
(-0.21204,0.0515928)
(-0.161758,-0.0657145)
(0.150956,0.00274993)
(-0.00811456,-0.0136519)
(-0.159957,0.124377)
(0.0893101,0.132906)
(-0.0528218,-0.027156)
(-0.0419675,0.0455316)
(0.3219,-0.256621)
(-0.0884973,0.294128)
(0.0286579,0.265333)
(0.31239,-0.19811)
(0.0254052,0.082539)
(0.564333,0.103757)
(0.136808,-0.188441)
(0.0142016,-0.190741)
(-0.00874265,-0.0603166)
(-0.0250462,0.213061)
(0.0870845,0.0125615)
(-0.122461,-0.14841)
(0.00997401,0.0045422)
(0.389237,-0.228578)
(-0.232197,0.0517009)
(-0.0521305,-0.132614)
(0.186948,-0.0473814)
(-0.185445,-0.13307)
(0.164359,0.0543009)
(0.874335,0.494177)
(0.554945,-0.192559)
(-0.0503241,-0.00245491)
(0.115594,-0.285858)
(-0.0921861,0.0765825)
(-0.0298184,0.158109)
(0.632688,0.345644)
(0.0416273,0.155013)
(0.528551,-0.383701)
(0.113214,-0.335332)
(-0.0501353,-0.154168)
(0.371356,0.0667611)
(0.471736,-0.462344)
(0.405597,-0.148723)
(-0.0596831,-0.120425)
(0.0430169,-0.140916)
(0.054166,-0.154249)
(0.290765,-0.201856)
(-0.11139,-0.0426586)
(-0.0483085,-0.170199)
(0.171814,-0.258313)
(0.144671,-0.0592678)
(-0.0887729,0.0790815)
(-0.120408,0.108891)
(0.0125249,-0.234515)
(-0.115893,0.0243327)
(0.121596,-0.281619)
(0.095107,0.00318675)
(-0.251178,0.0211378)
(-0.170111,0.0962165)
(-0.121095,-0.156993)
(0.118521,-0.293346)
(0.0800226,-0.103232)
(0.133087,-0.0311895)
(0.104453,-0.0494142)
(-0.0188145,-0.0631805)
(0.756162,-0.187404)
(0.643825,0.0187127)
(-0.0392448,-0.162986)
(0.54535,0.160119)
(0.132108,-0.0152224)
(0.238599,-0.00753261)
(0.232617,0.165053)
(0.0608189,-0.520453)
(0.0288369,0.136174)
(0.199993,0.0123689)
(0.108505,-0.228304)
(0.384675,-0.224782)
(-0.0194348,-0.0978818)
(-0.0201925,-0.118721)
(0.0792647,0.0635301)
(0.162952,-0.065628)
(-0.181579,-0.01869)
(-0.0244777,-0.0868754)
(-0.041663,-0.129164)
(0.0823175,-0.0735376)
(0.121812,-0.107567)
(-0.052796,-0.0474492)
(-0.151307,-0.127997)
(0.0724038,-0.024426)
(0.146501,0.0631487)
(0.456999,-0.23492)
(0.431188,-0.410065)
(0.875135,0.0360285)
(0.762214,0.0496329)
(-0.0982504,-0.074048)
(-0.0775172,-0.210628)
(-0.0588811,0.0754706)
(-0.14267,0.0571192)
(-0.168911,-0.0991632)
(-0.00471706,-0.284179)
(0.0436727,-0.347145)
(-0.144303,0.16076)
(-0.125023,0.172427)
(-0.0599473,-0.0634902)
(-0.0722596,-0.032326)
(0.0212899,0.195432)
(-0.158519,0.0434742)
(1.00562,0.119945)
(0.586219,-0.0832309)
(0.401269,-0.101936)
(0.595849,0.048102)
(-0.102058,0.0580015)
(-0.0212127,-0.0966734)
(-0.0768353,0.0817425)
(-0.201299,0.0224604)
(-0.213286,0.0352836)
(-0.16806,-0.145064)
(0.0721226,0.0185475)
(0.130231,-8.65062e-05)
(0.0194563,-0.102173)
(-0.0627746,-0.202815)
(0.0654083,0.0656422)
(-0.0222683,0.147766)
(0.0404968,0.0862732)
(0.586026,-0.529456)
(0.439112,-0.498056)
(-0.000270991,-0.0456441)
(0.365076,-0.00679955)
(-0.0652558,-0.0353199)
(1.13257,-0.392503)
(0.915449,-0.228063)
(-0.104766,0.150622)
(-0.141721,-0.0119131)
(0.183801,0.123764)
(0.170035,-0.226112)
(0.72726,0.111577)
(0.63354,0.315771)
(0.0134785,-0.251847)
(0.0472423,-0.0546612)
(0.0870824,-0.0722467)
(0.0464315,0.0588803)
(0.0681864,0.226062)
(-0.226298,0.159834)
(-0.138034,0.0700653)
(0.503929,0.385361)
(-0.0979342,-0.102187)
(-0.03031,-0.0714257)
(-0.0066181,-0.127598)
(-0.0499669,-0.221795)
(0.430033,0.0472517)
(0.484714,-0.120398)
(0.556327,-0.484448)
(0.549159,-0.737893)
(-0.173973,-0.0526309)
(-0.0600472,0.111446)
(0.0486868,0.0187294)
(0.0134572,-0.267154)
(0.19667,0.0761983)
(0.10248,0.0123682)
(-0.229225,0.00284476)
(0.0577799,0.0452254)
(0.015529,0.25074)
(-0.209238,-0.142322)
(0.0363292,-0.033033)
(0.152585,0.0566299)
(-0.0150051,-0.151155)
(0.0228026,-0.118895)
(-0.00587382,-0.112558)
(-0.0536405,-0.300547)
(0.106662,-0.0178588)
(-0.158607,-0.243579)
(-0.0902046,-0.109415)
(0.15675,0.0345832)
(-0.161842,-0.158727)
(-0.0364068,-0.254677)
(0.162238,-0.0468117)
(-0.0237057,-0.0437692)
(-0.0767919,-0.0603999)
(-0.00413875,-0.100759)
(-0.171934,0.0380812)
(0.0268094,0.0655129)
(-0.0653357,0.0468628)
(0.317337,0.0069769)
(-0.0325671,-0.0246573)
(0.0318812,-0.0221124)
(0.102988,0.0732396)
(-0.00800364,0.00692374)
(-0.0222737,0.105842)
(0.24434,-0.00433879)
(-0.0212129,-0.05081)
(0.0107529,0.0113963)
(0.0266448,-0.356168)
(-0.250844,-0.160103)
(0.854427,-0.412888)
(-0.222323,-0.0669918)
(0.151876,-0.0346861)
(-0.247598,0.252412)
(0.114324,-0.0409721)
(-0.126607,0.10218)
(-0.238809,0.123156)
(-0.00312598,-0.0225905)
(0.00378351,-0.0670211)
(-0.215567,0.0173681)
(-0.0200726,0.02033)
(0.0550216,-0.0344689)
(-0.0300935,-0.0491898)
(0.0750336,0.247049)
(-0.0268845,0.119104)
(-0.00557599,0.0149624)
(0.0460452,0.00540997)
(0.0237051,-0.1749)
(0.0943584,0.0988365)
(-0.217206,0.0110555)
(0.035051,0.0457177)
(0.0223884,-0.148264)
(0.0413292,0.140182)
(-0.00239328,0.0324609)
(-0.109434,0.105495)
(-0.0227073,0.121116)
(-0.0781686,-0.0267284)
(0.174072,-0.074435)
(0.135486,-0.0547731)
(-0.101125,-0.0860133)
(0.0598711,0.0466768)
(0.0470406,-0.0898937)
(0.154777,0.10475)
(-0.185587,0.138384)
(-0.110169,0.105534)
(-0.13027,-0.147015)
(0.0545031,0.0782691)
(-0.0952727,-0.0767167)
(0.169687,-0.0395563)
(-0.152497,0.103784)
(-0.0462746,0.0784984)
(-0.00563778,-0.17446)
(-0.0850536,-0.138505)
(0.0293009,0.0527235)
(0.134338,-0.0531362)
(0.0636774,-0.0649203)
(-0.0568144,0.0549886)
(-0.0144104,-0.27993)
(-0.00891159,0.0416926)
(0.00570418,0.0197156)
(-0.0211058,0.0162281)
(-0.0259731,0.0594211)
(-0.136005,0.0609918)
(0.048078,0.0176356)
(-0.0259388,-0.0486199)
(0.0539564,-0.130638)
(-0.224983,-0.157153)
(-0.210025,-0.106293)
(0.0168693,0.0553104)
(0.0342078,0.0423355)
(0.319986,-0.130889)
(-0.0199437,0.0368742)
(0.0802778,-0.0728428)
(0.073328,-0.0429375)
(0.0780894,0.0785918)
(-0.214295,0.203688)
(-0.0915616,-0.0346769)
(0.0824184,-0.00494524)
(0.0375566,-0.0329981)
(-0.0396048,0.0158634)
(-0.0630133,-0.228588)
(0.0150311,0.135173)
(-0.0489353,0.0474842)
(-0.128134,0.122422)
(0.210375,-0.0436234)
(0.317484,-0.516204)
(0.527841,-0.294913)
(0.131009,0.151832)
(0.193894,-0.0041538)
(0.182417,-0.570748)
(-0.102561,-0.0330704)
(-0.150993,-0.127199)
(0.104737,0.0668026)
(0.116737,0.0103613)
(0.16791,-0.0676229)
(0.181024,-0.227292)
(0.239164,-0.0293396)
(0.0932952,-0.258463)
(-0.118505,0.0345153)
(0.0494945,-0.0206409)
(-0.00684419,-0.0884053)
(0.27717,-0.00550285)
(-0.0606408,-0.15524)
(0.0259767,-0.0420738)
(-0.126642,0.0584623)
(0.0430184,0.110365)
(0.0989733,0.152125)
(0.00206101,0.105019)
(0.088942,-0.00715855)
(0.28458,-0.0312287)
(0.365191,0.142481)
(0.0386477,0.0580006)
(-0.0785657,-0.165087)
(-0.153674,0.134508)
(0.118407,-0.0633667)
(-0.10712,-0.00915027)
(0.443399,-0.179967)
(0.432032,-0.49057)
(0.0604161,-0.0283615)
(-0.290069,-0.0791937)
(-0.0100304,0.0199185)
(0.10448,0.112282)
(0.17866,0.0297943)
(-0.03228,0.0361442)
(0.216325,0.0918845)
(-0.0352322,-0.0264845)
(-0.019648,0.072295)
(-0.111659,-0.165715)
(-0.0633856,-0.110065)
(0.162158,0.00792142)
(0.144174,-0.0438145)
(0.108599,-0.0646661)
(-0.213989,0.179774)
(0.09395,0.0226354)
(-0.0969269,0.0869092)
(-0.110396,0.0062953)
(-0.0247698,-0.118134)
(-0.0379877,0.036009)
(-0.114833,-0.411552)
(-0.0933373,-0.011346)
(0.208891,0.0652658)
(-0.0743785,-0.193894)
(-0.0653882,-0.195373)
(0.211893,0.0230405)
(-0.0486388,0.00689602)
(-0.142629,-0.104134)
(0.0705097,0.0672745)
(-0.0381479,0.248599)
(-0.207342,0.0697995)
(0.166626,0.100785)
(0.224561,0.0735808)
(-0.0874057,0.0644296)
(-0.00199346,-0.0643122)
(0.201144,0.0518674)
(0.0635676,0.143268)
(-0.0341729,-0.0354673)
(0.21173,0.108982)
(0.0191648,-0.190757)
(0.142913,0.0288162)
(-0.0790131,-0.0908957)
(-0.123679,0.0648472)
(0.459338,-0.101731)
(-0.121797,0.0380103)
(-0.172393,-0.0669449)
(-0.0318139,-0.0543837)
(-0.170381,-0.0143547)
(0.000492761,-0.0405367)
(-0.0397711,-0.143906)
(0.0718895,0.167934)
(0.036616,0.0923596)
(-0.285632,-0.00759731)
(0.282653,0.0271586)
(-0.00423295,-0.126609)
(0.212782,-0.082899)
(-0.182853,0.106725)
(-0.20918,-0.0104673)
(0.114209,0.11765)
(0.0551477,0.0708883)
(0.117368,-0.231869)
(0.0892195,-0.033554)
(-0.248488,0.0893258)
(-0.170472,-0.249737)
(0.0300334,-0.00495079)
(-0.00155802,-0.0224954)
(0.463723,-0.0775321)
(0.0581677,0.105287)
(0.0514393,0.0392226)
(-0.0975119,-0.0323087)
(-0.0379538,-0.0380384)
(-0.0443015,0.0109142)
(-0.091153,-0.0999375)
(0.19337,-0.0818355)
(0.044042,0.0291693)
(0.0489044,-0.259927)
(0.0870121,0.069675)
(0.133835,-0.046275)
(0.0225736,-0.0160733)
(-0.0832637,-0.102345)
(0.0229088,-0.0874207)
(0.115719,0.0563555)
(0.0364756,0.0787149)
(-0.0857158,-0.0946095)
(0.0621902,0.13533)
(0.497039,-0.577776)
(-0.120899,-0.13568)
(0.456007,-0.0254142)
(0.104188,-0.219469)
(0.0688442,0.0390312)
(-0.134688,-0.106867)
(0.151973,-0.12567)
(0.16043,-0.174652)
(0.107274,0.0921897)
(0.212089,-0.0164139)
(-0.126389,0.0141967)
(-0.107872,-0.17118)
(-0.0293039,0.116292)
(0.229729,-0.541243)
(0.105799,0.159687)
(0.101279,0.145734)
(-0.0858352,0.203122)
(-0.111067,0.109622)
(-0.0572583,0.0132818)
(0.541753,-0.296651)
(-0.0521654,-0.0853144)
(0.00256602,-0.126404)
(0.590287,-0.373472)
(0.133769,-0.147294)
(-0.00308347,0.0116627)
(0.098393,0.147866)
(0.243171,-0.142532)
(0.473364,-0.0811366)
(0.304823,-0.429438)
(0.0325937,-0.0549757)
(-0.411166,-0.508733)
(-0.236859,-0.167703)
(-0.133066,-0.0144343)
(-0.167531,-0.152768)
(0.0924782,-0.0787649)
(0.0774469,0.020192)
(0.154851,-0.211017)
(0.120196,-0.173314)
(0.204478,0.0565242)
(-0.0223398,0.120663)
(0.0455855,0.0777331)
(-0.0064447,0.0547399)
(-0.0397227,-0.0275285)
(-0.00142076,0.137486)
(-0.0567204,0.0530711)
(0.0428956,0.059169)
(-0.0404863,0.0231721)
(-0.0688281,0.0311472)
(0.00678883,0.0932604)
(-0.0889635,0.159583)
(0.168768,0.064958)
(-0.0894656,-0.043841)
(0.0416681,-0.0341782)
(-0.128457,-0.0109006)
(0.0573869,-0.084489)
(-0.00976822,-0.194599)
(-0.11152,-0.184454)
(-0.240036,-0.0988713)
(-0.138071,-0.215704)
(-0.198359,-0.118865)
(0.106799,-0.126387)
(-0.180938,0.0225225)
(0.141126,-0.141895)
(-0.274265,-0.125984)
(0.467406,0.0712982)
(-0.24649,-0.0678749)
(0.46136,-0.425337)
(-0.0945313,0.216889)
(0.118282,0.05608)
(0.0114269,0.0572823)
(-0.174583,0.045429)
(-0.144896,-0.0375008)
(-0.133347,0.0307447)
(-0.208596,0.0773159)
(0.0164625,-0.0140323)
(-0.131324,0.0899914)
(0.173968,0.0471462)
(0.0400281,0.0980824)
(-0.0649538,0.0129441)
(-0.128213,0.0188475)
(-0.104441,0.0223841)
(-0.0783745,-0.128793)
(-0.104464,-0.0128575)
(0.0252676,-0.0592342)
(0.0307837,-0.0386356)
(-0.00922893,0.0115465)
(0.276498,0.376838)
(0.0101941,0.0805791)
(0.169784,-0.16787)
(0.0482185,-0.0718924)
(0.0619769,-0.0512786)
(0.0250936,-0.0445854)
(0.105102,-0.052725)
(0.508899,0.0368842)
(0.108227,0.210705)
(-0.227943,0.0191487)
(-0.120737,0.0700055)
(-0.231753,-0.16619)
(0.215592,0.180981)
(-0.00217678,-0.234063)
(0.404494,-0.06394)
(0.544661,-0.193092)
(0.131185,0.120062)
(0.0613538,0.0173632)
(0.161429,0.0449252)
(0.318063,-0.08837)
(0.079158,-0.351255)
(0.136743,-0.0545858)
(-0.013713,-0.118208)
(-0.136483,0.0372828)
(-0.0256534,0.115022)
(0.000774292,0.155679)
(0.0185964,0.0322321)
(0.0831506,0.136577)
(-0.115144,0.415089)
(-0.214255,0.150587)
(0.20896,-0.0723863)
(0.36989,-0.141685)
(0.0738722,-0.213788)
(-0.300656,0.170798)
(0.232764,0.0185307)
(0.30059,0.179623)
(0.148902,-0.0604631)
(0.0197429,0.130288)
(-0.0471127,0.100939)
(0.00361426,0.00364158)
(0.139807,-0.0916976)
(-0.101571,0.0454324)
(0.103207,-0.0483558)
(-0.0547223,0.0198113)
(-0.195713,0.111452)
(-0.0744928,-0.16577)
(-0.122921,0.176231)
(0.311399,0.0525278)
(0.518611,-0.337562)
(-0.0723563,-0.267405)
(0.0833459,-0.157628)
(0.00887566,-0.128728)
(0.0618905,0.0267036)
(0.0221069,0.0706796)
(0.0611506,0.0338243)
(-0.429412,0.155076)
(-0.184617,-0.00345455)
(0.197442,0.0238878)
(-0.264599,0.285853)
(-0.00774021,0.073057)
(0.160797,0.0954376)
(0.06102,-0.211969)
(-0.089024,-0.162902)
(-0.0822456,0.10879)
(-0.0642614,-0.0134316)
(0.0189725,0.051749)
(0.0667983,0.0749023)
(0.230357,-0.0892472)
(-0.0863498,-0.150467)
(0.0851824,0.098009)
(-0.080981,-0.138394)
(-0.149966,-0.152386)
(-0.218702,0.0362939)
(0.0419315,-0.0298743)
(0.0379544,-0.107854)
(-0.0843089,0.0755246)
(-0.152541,0.102479)
(0.136552,0.145875)
(-0.255473,0.0712845)
(-0.167084,-0.0444965)
(-0.0749825,0.0474667)
(0.00315775,-0.165725)
(-0.0839584,0.0212753)
(0.12071,-0.0921813)
(-0.0219212,0.0833273)
(0.171093,-0.241777)
(0.338692,-0.131023)
(-0.330511,0.106081)
(-0.361574,-0.0162125)
(0.0262894,0.368551)
(0.139431,-0.0573762)
(0.022295,0.0439176)
(0.0149206,0.235448)
(0.197022,-0.0360195)
(0.160634,-0.11015)
(0.0777379,0.0429949)
(-0.118577,-0.00659258)
(-0.0601867,0.124691)
(-0.00657035,0.0963273)
(-0.0430256,-0.156223)
(0.158461,0.424939)
(0.02223,0.45269)
(0.00406636,-0.12997)
(0.12669,-0.161853)
(0.168192,-0.11526)
(0.0165968,0.101771)
(-0.105821,-0.00784849)
(-0.16805,0.026405)
(-0.079512,-0.129303)
(0.0112327,-0.224837)
(-0.253662,-0.140582)
(0.141942,0.0451476)
(-0.0126773,-0.14455)
(0.0634974,-0.123518)
(0.154755,-0.0500079)
(-0.127085,0.0264817)
(0.127223,0.0767342)
(-0.0775434,-0.146129)
(0.26517,-0.150595)
(0.00872737,0.116549)
(0.0237609,0.0640414)
(0.0603945,0.123202)
(0.186783,-0.103613)
(-0.0408486,0.0258396)
(-0.115249,0.218397)
(-0.081591,0.259781)
(-0.0254547,0.0989319)
(-0.0471628,0.118782)
(-0.0462209,0.0595692)
(0.292945,-0.29765)
(-0.128857,0.00411108)
(0.028925,0.0241725)
(0.132838,0.05039)
(-0.0587433,-0.118575)
(-0.0510673,0.0139341)
(-0.0403236,0.107228)
(0.0514402,0.108592)
(-0.077161,0.0600562)
(0.17476,0.0416556)
(0.338444,-0.222222)
(-0.0258934,-0.0114671)
(-0.100481,0.064151)
(-0.0550488,0.000456236)
(0.0342182,-0.0173275)
(-0.0505363,-0.0533534)
(-0.136772,0.131297)
(-0.101633,0.0445612)
(-0.0451391,-0.0516307)
(0.0505296,0.115543)
(-0.0143014,-0.0789611)
(-0.100973,-0.151626)
(-0.0841428,0.00359454)
(-0.000597387,0.0337068)
(0.150584,0.133786)
(-0.0603166,0.191492)
(0.0586164,0.0273941)
(0.17795,0.0438231)
(0.0935505,-0.0901795)
(-0.0340796,0.151002)
(0.0186836,-0.0583687)
(-0.0530527,0.289203)
(-0.0114611,0.222552)
(0.182493,-0.0551969)
(0.0793429,0.10016)
(0.508581,-0.220433)
(0.559953,-0.480233)
(-0.103047,-0.0305309)
(0.598424,-0.300024)
(0.108183,0.0875421)
(0.524673,-0.0254721)
(0.338333,-0.00250613)
(0.201696,-0.104927)
(0.480013,-0.0763199)
(0.578146,0.360487)
(0.221359,0.0991137)
(0.00664875,-0.113605)
(0.0173761,-0.0405907)
(0.0236202,-0.0860634)
(-0.0751268,-0.166883)
(0.160123,0.107057)
(0.108957,-0.0225166)
(0.0882571,-0.082163)
(-0.0160382,0.0228819)
(0.0123499,-0.145682)
(0.136385,-0.0642211)
(0.0332611,-0.0109266)
(0.0900668,0.0672492)
(-0.00338778,0.0727583)
(0.0258194,-0.0502501)
(-0.147407,0.0885616)
(-0.02084,0.00801239)
(0.0645443,-0.0615828)
(-0.0411315,0.0570644)
(-0.1489,-0.153862)
(-0.13995,0.185363)
(0.137777,-0.0574579)
(-0.154867,-0.127775)
(0.128391,-0.0576611)
(-0.0804934,0.1149)
(-0.163984,-0.0705773)
(-0.135394,0.0450916)
(0.174325,0.584453)
(0.0399628,0.177642)
(0.117449,-0.0420947)
(-0.0244443,-0.172445)
(-0.103959,0.0285653)
(0.193421,0.134745)
(0.0325332,0.1048)
(-0.058908,0.0181015)
(-0.0705253,-0.0720051)
(-0.0731202,0.0901031)
(0.0920293,-0.149489)
(0.388087,-0.214526)
(0.238771,-0.0801524)
(0.272353,0.0245592)
(0.0522422,-0.035742)
(-0.211807,0.166941)
(0.116647,0.155251)
(0.0914769,0.00599881)
(0.52465,-0.000783651)
(0.523572,0.0628223)
(0.636092,0.0717412)
(-0.00345712,0.0688395)
(0.664341,0.0328018)
(0.139834,0.05044)
(0.0164968,-0.183244)
(0.126209,0.00942968)
(-0.0668633,0.141967)
(0.309996,-0.246563)
(-0.0964358,0.087255)
(0.0416867,0.0241712)
(0.12553,-0.0160674)
(0.248429,-0.155066)
(-0.0503581,-0.0275933)
(0.0941317,-0.0331789)
(0.4856,-0.0427812)
(-0.106978,0.0300837)
(0.160765,-0.087804)
(0.0150449,0.0768648)
(-0.0678203,-0.0741421)
(-0.201185,0.144611)
(0.00917246,-0.0550707)
(0.149373,-0.0925705)
(-0.0347344,0.0694234)
(0.0589573,-0.214174)
(0.275848,-0.208362)
(-0.0968338,0.264173)
(-0.0673104,0.219605)
(-0.126218,0.069504)
(0.0106747,0.154922)
(-0.0998805,0.0619291)
(-0.184701,0.186898)
(-0.00048869,-0.0847757)
(-0.192438,0.00388494)
(0.0612688,-0.0194849)
(0.097535,-0.16187)
(0.0221871,0.102062)
(-0.197222,-0.21435)
(0.0112396,0.185432)
(0.0365659,0.0902623)
(0.00137387,0.176414)
(-0.131508,0.203489)
(-0.218066,-0.0660938)
(0.121665,0.13177)
(-0.157444,0.0460877)
(0.100427,-0.178327)
(-0.101681,-0.0888903)
(0.149898,-0.0639709)
(0.134911,0.256213)
(0.150289,0.149019)
(-0.101774,0.0580695)
(0.0522616,-0.028669)
(0.0841667,0.0221464)
(0.214279,0.00795972)
(-0.03375,0.0394538)
(-0.00462641,0.145303)
(0.0733628,-0.0551699)
(0.0136177,-0.177643)
(0.0812355,-0.0744664)
(0.209119,-0.0231149)
(0.0963241,0.0381388)
(0.203698,-0.0878772)
(0.259554,-0.0515455)
(-0.121636,-0.0670235)
(-0.0265915,-0.0460988)
(0.113616,-0.0895408)
(0.500752,-0.265698)
(0.158074,-0.137392)
(0.13232,-0.0839476)
(-0.121301,0.101478)
(0.0702161,-0.18706)
(-0.0975232,0.0557249)
(-0.104648,0.0389294)
(0.127618,0.197838)
(-0.105539,-0.104728)
(-0.0141201,-0.126328)
(0.107843,0.0692778)
(-0.124311,-0.153767)
(-0.0963188,-0.174219)
(-0.13516,0.0480459)
(-0.157267,-0.106233)
(-0.247652,0.0606917)
(0.0126326,0.189815)
(0.154003,0.279245)
(0.0806662,0.0439734)
(0.173771,-0.0824985)
(-0.0377074,0.0290897)
(-0.132077,-0.152568)
(-0.0290249,-0.157414)
(0.140251,0.0957323)
(-0.0193767,-0.732041)
(0.073938,0.0785913)
(-0.0424817,-0.169352)
(0.0791354,-0.0524742)
(-0.100575,0.142678)
(-0.17035,-0.031939)
(-0.151801,-0.00914231)
(0.122992,-0.0232292)
(0.193996,0.0731025)
(1.01359,-0.270266)
(-0.232662,0.0360039)
(-0.0575363,0.160424)
(0.0670035,-0.250631)
(0.855518,-0.44935)
(-0.0624416,0.0833406)
(-0.0154954,0.147924)
(-0.150135,0.179828)
(-0.0121669,-0.0257996)
(-0.108661,0.0134157)
(0.161539,-0.0913465)
(-0.0448594,-0.0725605)
(0.20446,-0.209687)
(0.140254,-0.0747309)
(0.0322155,0.0296432)
(-0.122784,-0.0536133)
(0.00507307,-0.0862214)
(-0.206037,0.0778315)
(0.109817,0.0213305)
(0.431744,-0.00639227)
(-0.125868,-0.075933)
(0.166904,-0.0248469)
(-0.0979038,-0.111085)
(0.193758,0.0594876)
(-0.104125,0.0567359)
(-0.158084,-0.030354)
(0.609558,-0.244111)
(0.0457622,0.272597)
(0.0959534,0.232446)
(-0.0786971,0.0961612)
(-0.111994,0.115221)
(-0.190261,-0.0632173)
(0.108642,-0.16277)
(0.084913,-0.251951)
(0.145487,-0.249328)
(0.139265,-0.525518)
(-0.0548513,-0.228764)
(0.0687096,0.154713)
(-0.0137907,0.053825)
(0.213283,0.0578534)
(0.174947,-0.439258)
(-0.0715279,0.121418)
(-0.217315,0.0948055)
(0.461415,-0.178393)
(0.0192359,0.182542)
(-0.147624,0.0936462)
(0.246983,-0.132954)
(0.0446809,0.13876)
(-0.256947,-0.00836798)
(0.3241,-0.506416)
(0.046749,0.178838)
(0.547312,0.0757786)
(0.496877,-0.291362)
(0.0380056,-0.0523117)
(0.665657,0.00480905)
(-0.281963,0.168964)
(-0.0991847,0.117946)
(0.260413,0.138083)
(0.26856,0.162181)
(-0.0123878,0.0382731)
(0.0193221,0.284569)
(-0.211772,0.00799791)
(-0.144423,-0.11176)
(0.246114,-0.028365)
(-0.226385,-0.00451385)
(0.0653599,-0.0562796)
(0.348314,-0.00575349)
(-0.0301608,-0.0769004)
(0.00190881,0.0322137)
(-0.209221,0.0642977)
(0.0337072,-0.0629836)
(-0.0881436,-0.00695075)
(0.344343,-0.0820448)
(-0.138173,0.0497479)
(0.0897143,0.234256)
(0.0669642,0.0675757)
(0.23317,-0.0505774)
(0.022985,0.033548)
(0.928775,0.0621893)
(-0.0365988,-0.0732222)
(1.30707,0.113495)
(-0.0567833,0.183568)
(-0.00128974,0.056933)
(0.0276112,-0.427725)
(0.0115981,0.0413244)
(-0.114201,0.00481829)
(0.457524,0.31727)
(0.137442,-0.192007)
(0.114999,0.0591529)
(0.0781265,-0.0318055)
(-0.00488573,-0.146242)
(-0.117298,-0.0987896)
(-0.0978675,0.11687)
(-0.0518898,-0.0423151)
(0.11186,-0.111225)
(0.0521967,0.151626)
(0.550483,-0.353294)
(0.164281,-0.0361142)
(0.638796,-0.253644)
(0.141544,-0.275374)
(-0.0782344,-0.135801)
(0.836317,-0.0505229)
(-0.000213355,-0.418593)
(0.138766,-0.022497)
(-0.0211072,-0.198499)
(0.489996,-0.0527972)
(-0.0602668,-0.0402491)
(-0.0509525,0.00191201)
(-0.022759,-0.149645)
(0.227196,0.00172244)
(0.204667,0.0653328)
(-0.226011,-0.0485741)
(0.10297,-0.0342974)
(-0.0521241,0.1101)
(-0.00176688,-0.168874)
(0.114451,-0.184762)
(-0.0352207,-0.0983748)
(-0.0869955,0.107489)
(0.00456455,0.0802189)
(0.0257861,0.119166)
(-0.0188089,-0.101673)
(-0.0996703,0.100331)
(-0.0465218,-0.0729573)
(8.11558e-05,-0.0556058)
(-0.291728,-0.126909)
(-0.293925,-0.0248728)
(-0.147997,0.0305366)
(0.0336744,0.172131)
(-0.152657,0.0898238)
(-0.0854285,0.291498)
(0.121287,-0.0679337)
(-0.132382,0.0828369)
(-0.15393,0.0595043)
(0.295034,-0.296136)
(0.180353,0.0748796)
(-0.0684203,-0.0927534)
(-0.223217,0.152399)
(0.0523614,-0.183146)
(0.220279,0.0172568)
(-0.189979,-0.126217)
(0.119754,-0.220606)
(-0.188806,-0.166221)
(0.703038,-0.11821)
(-0.178325,0.051577)
(0.0928873,0.129923)
(-0.0272485,-0.0915899)
(0.0779352,0.0920236)
(0.0810341,0.163764)
(0.0203168,0.0457278)
(-0.0604488,-0.0622848)
(0.0856926,-0.125841)
(-0.0455002,-0.102615)
(0.0395244,0.172838)
(0.102321,-0.0605657)
(0.16276,0.272869)
(-0.0524277,0.036259)
(-0.168179,0.0668149)
(0.706753,-0.227624)
(-0.02748,0.0926569)
(-0.136826,-0.07262)
(0.130421,-0.176331)
(-0.047398,0.0616784)
(-0.0174486,-0.0487242)
(-0.0130179,0.0899731)
(0.207216,0.0610076)
(0.0514404,0.0273643)
(-0.155651,-0.0997115)
(-0.194892,-0.139001)
(-0.00262986,0.192736)
(0.220704,-0.0925184)
(-0.0661054,-0.100746)
(-0.0882591,-0.107909)
(0.035179,-0.144437)
(0.250737,-0.134438)
(0.0518708,0.0268945)
(0.0375718,0.0243687)
(-0.0336504,-0.105898)
(-0.0501553,-0.0662164)
(0.0437758,0.0888015)
(-0.0464689,-0.00831149)
(0.118599,-0.040177)
(0.839438,-0.075702)
(-0.0406553,-0.128749)
(-0.0808001,0.00634499)
(-0.277391,0.0582934)
(0.136001,0.12724)
(-0.300723,-0.0800151)
(0.134721,0.0232616)
(0.343979,0.34446)
(0.465867,-0.0716175)
(0.715146,0.179146)
(-0.0901597,-0.146483)
(-0.0667994,-0.0773161)
(0.0534979,0.0549365)
(0.335762,-0.223961)
(-0.0165985,-0.0774325)
(0.148279,0.0401185)
(0.218501,-0.0546797)
(0.384665,-0.133088)
(-0.0930618,-0.208782)
(-0.165022,-0.110704)
(0.170598,-0.178279)
(0.271074,-0.140797)
(0.151969,-0.102066)
(-0.0485897,-0.134743)
(0.202944,-0.219865)
(0.0164483,-0.144207)
(-0.0962298,-0.151981)
(-0.0585909,-0.0245698)
(-0.0244892,0.0377715)
(0.878888,-0.60364)
(-0.149366,0.0622007)
(-0.011422,0.152831)
(-0.142112,-0.036452)
(0.587675,-0.298804)
(-0.0751973,-0.0345475)
(0.249558,-0.0604861)
(0.857344,-0.668602)
(0.289818,-0.550239)
(0.280509,-0.0731956)
(0.712822,-0.462245)
(0.0371279,0.00752602)
(0.0860363,0.0300263)
(0.387599,-0.221147)
(0.338086,0.00738081)
(0.547991,0.0683318)
(0.669255,-0.320131)
(0.00646274,-0.123084)
(0.445407,-0.0875768)
(0.0897573,-0.0776294)
(-0.152694,0.318251)
(-0.0408653,0.132358)
(0.158427,-0.251239)
(-0.0136968,0.0154837)
(-0.0523622,-0.0838233)
(0.049301,0.119897)
(-0.012656,0.0463496)
(0.0871145,0.109914)
(-0.118625,0.102651)
(-0.0347789,0.00429981)
(-0.0751861,0.000272619)
(-0.0754516,0.136857)
(0.174863,-0.0438501)
(0.0678164,-0.238861)
(-0.221197,-0.176665)
(0.0999716,0.131154)
(0.0234704,0.148703)
(0.0752316,-0.271126)
(0.50991,-0.229972)
(-0.126371,-0.15221)
(0.0626446,0.0681307)
(0.0121466,-0.103001)
(0.0479933,0.0570275)
(0.0727502,0.0395274)
(0.0953022,0.164778)
(-0.180285,0.218355)
(0.125656,-0.187623)
(0.647151,-0.320822)
(-0.166559,-0.0307637)
(0.377227,-0.192372)
(-0.112298,0.037113)
(-0.0719814,0.0116709)
(-0.104866,0.00913036)
(0.0607412,-0.0547615)
(0.00933948,-0.164856)
(-0.0884285,-0.0675644)
(0.0919422,-0.132966)
(-0.220517,0.0787369)
(0.0063613,0.0547265)
(-0.0528549,0.147836)
(-0.1193,0.215553)
(-0.230651,0.149342)
(0.272576,-0.382362)
(0.641938,-0.367374)
(-0.0845163,-0.119673)
(0.142139,0.154804)
(0.00754706,-0.0200304)
(0.15249,0.122881)
(0.354416,0.59028)
(0.0719696,0.0989118)
(-0.0483404,-0.0178436)
(-0.0122994,-0.0416974)
(-0.0236586,-0.0410869)
(0.442825,-0.264145)
(0.0562919,-0.00583258)
(-0.00443294,-0.0830278)
(0.0784867,-0.0562275)
(0.103679,-0.140331)
(0.336756,-0.295399)
(0.107289,0.04311)
(-0.0523092,0.153038)
(-0.0626453,0.0162106)
(0.0546487,-0.104145)
(-0.013753,-0.0957168)
(0.572312,-0.300676)
(0.516155,-0.242226)
(0.453714,0.152727)
(0.196003,0.194497)
(-0.0384274,-0.111348)
(0.523996,-0.3367)
(0.00697108,0.108802)
(-0.0325214,0.31158)
(0.309951,0.276054)
(0.140441,-0.039877)
(0.164614,0.0655289)
(0.204553,0.108618)
(0.0761623,0.138673)
(0.0252498,0.202151)
(0.197666,-0.129386)
(0.225683,-0.199645)
(0.351151,-0.210553)
(0.280975,-0.156664)
(0.331829,-0.276174)
(0.0434893,0.100549)
(-0.0338767,0.187255)
(0.232807,-0.120957)
(0.181722,0.000866482)
(0.732394,-0.0511056)
(0.830789,-0.167136)
(-0.0842261,0.00142035)
(-0.124749,0.0531421)
(-0.0622021,-0.0838566)
(0.408532,0.347461)
(-0.0521523,0.103586)
(0.175979,0.191206)
(-0.162575,0.0250148)
(0.776764,0.620765)
(0.0743619,0.0125069)
(-0.204406,0.0965088)
(0.461887,0.166097)
(0.661696,-0.0385737)
(0.321913,-0.0949171)
(0.217923,-0.173824)
(-0.160889,0.179504)
(0.340382,0.219741)
(-0.193013,-0.0578146)
(-0.0212017,0.0128199)
(-0.185579,-0.0557378)
(0.614332,-0.253567)
(0.573237,-0.232649)
(0.948419,-0.417114)
(0.751007,-0.252667)
(0.468557,-0.411227)
(0.2586,0.129659)
(0.0974905,-0.294513)
(0.295951,0.168686)
(-0.091056,-0.167914)
(0.0422733,0.411482)
(-0.305952,-0.0339947)
(0.401548,0.0564404)
(0.666244,0.386213)
(0.389099,0.330705)
(0.178169,0.10211)
(0.799501,0.363502)
(-0.0446953,-0.0633362)
(0.402013,-0.102303)
(-0.266158,-0.091757)
(0.00918545,0.211542)
(0.270331,0.0628978)
(-0.127019,-0.176364)
(-0.058826,-0.0073291)
(0.175273,0.250978)
(0.120383,-0.133367)
(0.0997644,-0.00184414)
(-0.0996363,0.371887)
(0.540255,0.148624)
(0.0688866,0.017733)
(0.529521,-0.234885)
(0.442941,-0.0337207)
(0.561337,-0.0799416)
(-0.180957,-0.0197812)
(-0.327972,0.155182)
(0.0293377,0.0445778)
(0.293166,-0.63536)
(-0.071993,0.134427)
(0.257091,-0.24362)
(-0.0376887,0.179501)
(0.626859,-0.261651)
(0.167302,0.305507)
(0.640631,0.120247)
(0.0988993,-0.565573)
(0.434802,0.00918121)
(-0.030391,-0.025924)
(-0.0842107,-0.119638)
(0.0286401,-0.20183)
(-0.0190582,0.268064)
(0.0537103,-0.13928)
(-0.0210886,-0.186456)
(-0.0158976,0.177579)
(0.1988,-0.22587)
(0.380392,-0.0446572)
(0.0889808,-0.0219718)
(0.233511,-0.142407)
(0.130485,0.0365566)
(0.297845,-0.188812)
(0.613199,0.161376)
(0.0221407,0.0920698)
(-0.0351443,0.382137)
(-0.152802,0.490639)
(0.198818,0.100247)
(0.475545,-0.0708169)
(0.124456,-0.0221124)
(0.194141,0.0479596)
(-0.0425414,-0.0741537)
(0.0609443,-0.14284)
(0.073838,0.0968549)
(-0.0258629,-0.18645)
(0.0389677,0.206996)
(0.0212591,-0.116042)
(0.20226,0.0384943)
(-0.153184,-0.0291204)
(0.765728,0.232071)
(-0.0314547,-0.198083)
(0.806222,-0.209793)
(0.72713,0.338118)
(0.140199,0.224689)
(0.750857,-0.110307)
(0.290974,-0.105394)
(0.468679,0.0625445)
(-0.159776,-0.0599605)
(0.487986,-0.0679219)
(-0.0500163,-0.0677214)
(0.045036,-0.142177)
(0.0473901,-0.0565714)
(-0.258819,-0.0421897)
(-0.0448014,0.0902392)
(-0.0463594,-0.119712)
(0.0664462,0.0719917)
(0.532296,0.00841755)
(-0.107304,0.00508502)
(0.158364,0.0451524)
(0.514898,-0.0941462)
(0.567069,-0.22734)
(-0.101343,0.00303162)
(0.30602,0.196765)
(-0.0792718,0.14954)
(0.662483,-0.141663)
(-0.087896,0.135888)
(0.661265,-0.188167)
(0.362464,-0.165466)
(-0.0763278,0.121256)
(-0.0142027,0.185736)
(0.944099,-0.486928)
(-0.0044723,0.134637)
(-0.113131,0.159425)
(-0.033629,-0.312242)
(0.694382,-0.0198126)
(0.608237,-0.174346)
(0.232715,-0.276242)
(0.240588,-0.353483)
(0.779079,0.166215)
(0.17545,0.198048)
(0.266665,0.156018)
(0.190869,-0.0215566)
(0.227703,0.0856151)
(0.532779,-0.0183327)
(-0.042891,-0.0406751)
(0.54296,0.235478)
(-0.0405598,0.00804137)
(0.100471,-0.0462905)
(0.0883862,-0.0573933)
(0.236043,0.0119514)
(-0.0636165,0.267978)
(-0.251775,0.153382)
(0.00813411,0.0119045)
(-0.0548003,0.023642)
(0.339363,-0.0491846)
(-0.0452612,0.26407)
(-0.233727,-0.0244405)
(-0.00765219,0.0933183)
(-0.10375,-0.111355)
(-0.0408043,-0.157548)
(-0.111271,-0.227406)
(0.135652,-0.00749099)
(0.143291,0.124652)
(0.0298798,0.0135084)
(-0.0636358,-0.107612)
(0.523732,0.0343431)
(0.830709,0.0152553)
(-0.0265326,-0.154156)
(0.253053,-0.0886099)
(0.275786,0.0271975)
(-0.00372363,-0.205377)
(0.0780614,-0.190294)
(-0.137172,0.0160523)
(-0.00947321,-0.0946009)
(0.407865,0.0577029)
(1.23294,-0.28175)
(0.0833154,0.283253)
(0.573091,0.146955)
(1.77343,-0.0978621)
(0.133503,0.0113484)
(-0.0820893,-0.254587)
(0.128408,-0.338886)
(0.113516,-0.0955225)
(0.000566243,0.141741)
(0.269762,-0.281491)
(-0.115329,0.074574)
(0.208674,0.203855)
(0.0630103,0.0190692)
(0.178581,-0.179937)
(0.512044,-0.129896)
(0.0157177,0.0595442)
(-0.133436,-0.0348548)
(0.388311,0.115313)
(-0.112704,0.0775183)
(0.108854,0.0735384)
(-0.076628,-0.031965)
(0.473306,-0.285981)
(0.0566303,0.0335781)
(0.381993,0.0534718)
(-0.281152,-0.02065)
(0.181854,0.190765)
(-0.128087,0.0403409)
(-0.114174,0.0669535)
(0.113858,0.184198)
(0.170254,0.106499)
(0.137507,0.114102)
(0.052896,0.0970024)
(-0.00741226,-0.313004)
(0.849952,0.348817)
(-0.0705443,-0.118358)
(-0.12732,-0.360153)
(0.0531476,0.100344)
(-0.0636931,-0.308958)
(0.0569923,-0.122004)
(0.0758035,0.0324652)
(0.213934,-0.0299065)
(-0.190397,-0.132079)
(-0.0408846,-0.0070302)
(-0.428921,-0.106255)
(-0.158257,-0.000871042)
(0.125768,0.0494784)
(-0.0409507,0.234562)
(-0.0763386,-0.0336339)
(0.0272109,-0.229781)
(-0.0134437,0.010365)
(0.100223,-0.292605)
(0.800028,-0.260439)
(-0.0159907,-0.399911)
(0.0965672,0.0528123)
(0.606832,-0.106728)
(0.408605,-0.288974)
(0.787422,-0.193479)
(0.115232,-0.0183512)
(0.173539,-0.266028)
(-0.149765,0.113065)
(0.230941,-0.0291072)
(0.926713,0.0323319)
(0.918649,0.148615)
(0.0724967,0.27811)
(-0.10151,-0.0572207)
(0.179504,-0.0670165)
(-0.133844,0.24082)
(0.336485,-0.0698049)
(-0.070436,-0.0674556)
(-0.0528856,-0.107433)
(-0.0969147,-0.14286)
(-0.0498591,-0.0996924)
(0.561141,0.0517544)
(-0.221029,0.0978349)
(0.470353,-0.0770606)
(0.058631,-0.065204)
(0.0582693,0.0937587)
(0.128827,0.0275779)
(0.31691,-0.222637)
(0.0174431,-0.0603786)
(0.722359,0.163839)
(0.615444,-0.0381365)
(-0.0909227,0.0325087)
(0.189218,-0.136278)
(-0.109815,0.0815241)
(0.0335941,-0.100175)
(-0.18317,0.236378)
(-0.078548,0.0766508)
(0.251144,-0.387514)
(0.269148,-0.147526)
(0.247161,-0.127886)
(-0.0502619,0.0223167)
(0.0734109,0.263003)
(0.0535062,0.0736125)
(0.0637682,0.0596946)
(0.0105684,0.0899759)
(0.245223,-0.106057)
(0.557322,-0.740333)
(0.397461,-0.558038)
(-0.0207466,-0.0163788)
(0.401561,-0.118973)
(-0.14484,0.0502331)
(0.0870863,0.18771)
(0.0370424,0.133843)
(0.210757,0.0386914)
(0.00109616,-0.0146426)
(0.0636218,-0.0545821)
(0.255046,-0.504215)
(0.452585,0.0337145)
(0.637493,0.261284)
(0.0178303,0.112365)
(0.981517,0.264872)
(0.121221,0.0797218)
(0.216109,-0.0861343)
(0.185286,0.121914)
(-0.0872621,-0.0417179)
(0.725306,0.657825)
(0.0713052,0.0512366)
(0.415842,0.308774)
(1.06462,0.340221)
(0.726393,-0.502056)
(0.204637,0.0425956)
(0.214819,-0.121967)
(0.374097,0.0139627)
(0.449251,0.0178349)
(-0.0706283,-0.15588)
(0.361356,-0.280019)
(0.609263,0.214359)
(0.0586191,-0.0148576)
(-0.185066,-0.0313668)
(-0.0104768,0.00768931)
(0.167595,0.0451195)
(0.158006,-0.149358)
(0.207167,-0.200347)
(0.251952,-0.10738)
(0.237396,-0.0113226)
(0.347314,-0.349)
(-0.0409695,0.0463347)
(-0.118441,0.0660819)
(0.333169,-0.102384)
(-0.399915,0.0526783)
(-0.0542737,0.555859)
(0.654557,-0.286661)
(0.0848414,0.0259052)
(0.0409314,0.185093)
(0.128175,-0.0237018)
(0.0786702,0.0456499)
(0.171737,0.0273564)
(-0.0330971,0.123553)
(0.236882,-0.342742)
(0.822395,-0.346992)
(-0.162505,-0.67392)
(0.0395719,0.068899)
(-0.0210854,-0.224797)
(0.767867,0.0787876)
(-0.084746,-0.160462)
(0.121951,0.205345)
(0.0453223,-0.0643077)
(0.0419819,-0.0632798)
(-0.374836,-0.425996)
(0.180481,-0.0201092)
(0.729558,0.182969)
(0.26618,0.179511)
(0.537673,0.271887)
(0.125206,0.197558)
(0.187996,-0.540292)
(0.38295,-0.245022)
(0.00448566,0.191592)
(-0.0300925,-0.822572)
(0.465297,-0.816848)
(-0.0032137,0.0515184)
(-0.250944,-0.0616406)
(0.655239,-0.356569)
(-0.0663712,-0.0329841)
(-0.229576,-0.0987275)
(0.45409,-0.222216)
(-0.0609462,0.264285)
(0.0360478,-0.0802402)
(0.0897715,0.24008)
(-0.11398,-0.178284)
(0.184177,-0.0522114)
(0.25055,-0.0570774)
(0.0892107,0.0297442)
(0.197169,-0.0789072)
(0.318802,-0.206075)
(0.0371401,-0.291142)
(-0.0559585,0.142194)
(-0.188171,-0.285107)
(0.0228961,-0.103335)
(0.0210059,0.0205679)
(-0.163689,-0.075955)
(-0.160443,-0.112229)
(-0.104815,0.167815)
(-0.14123,0.0610458)
(0.219536,-0.095032)
(-0.25086,0.0849958)
(0.211201,-0.292075)
(-0.139536,0.0406427)
(0.456644,-0.216372)
(0.00378592,-0.227434)
(-0.0668962,-0.0917606)
(0.136114,-0.276753)
(0.326779,0.538022)
(0.185825,-0.567026)
(0.153049,-0.0928201)
(-0.0462989,-0.0958291)
(0.174102,-0.0246355)
(0.087223,-0.111079)
(-0.00587928,-0.216531)
(-0.136376,-0.221126)
(-0.024612,0.143168)
(-0.123942,-0.0155769)
(-0.000541453,0.165697)
(0.227223,-0.171288)
(0.168942,-0.192305)
(0.0861381,0.0842507)
(0.0255299,0.279656)
(0.0115233,0.197309)
(0.0727728,-0.0876062)
(-0.0239012,0.141933)
(0.301027,0.0459589)
(0.268057,0.0663728)
(0.0543364,-0.141834)
(0.369274,0.0119124)
(0.710211,0.0446309)
(-0.228002,0.238124)
(0.480851,0.0333965)
(-0.17,0.139025)
(-0.123911,0.0394109)
(0.0386179,0.0197918)
(0.0466561,-0.043822)
(0.0320498,0.0241594)
(0.0434763,0.0386109)
(-0.123461,-0.141305)
(-0.0958238,0.0556154)
(0.110546,-0.052487)
(-0.122413,0.125817)
(0.518326,0.0321312)
(0.626457,0.102025)
(-0.0407689,0.194296)
(0.639338,0.202949)
(0.546778,-0.155351)
(0.929387,-0.124888)
(0.0273252,0.100836)
(0.0993476,0.154612)
(0.476807,-0.263737)
(0.139679,0.13663)
(0.196784,-0.255528)
(0.145745,-0.153061)
(0.185382,-0.0695623)
(0.10117,-0.266442)
(0.0556828,-0.0814755)
(0.459351,-0.095277)
(0.551876,-0.102562)
(-0.00361615,0.0467057)
(0.106349,0.161643)
(0.21928,0.0761781)
(0.0723871,0.0244701)
(0.227586,0.0577462)
(-0.0542894,-0.0560447)
