1620
(-0.00523269,0.00246353)
(0.0657613,-0.0574632)
(0.135504,-0.12921)
(-0.0580153,-0.309962)
(-0.0057683,0.0169865)
(-0.0473706,-0.0805703)
(0.284208,0.0634505)
(0.0964282,-0.163489)
(0.0137925,-0.116824)
(-0.0916074,0.18479)
(-0.253746,-0.0221005)
(-0.251252,-0.00579911)
(0.108249,0.0531945)
(0.30433,0.201484)
(0.0175718,0.0600209)
(-0.199188,-0.0396211)
(-0.139638,-0.108348)
(0.0144677,-0.0487759)
(0.132297,-0.0333176)
(-0.0582163,-0.00166513)
(0.123399,0.074067)
(0.05579,0.0967739)
(-0.00164247,0.0507031)
(-0.295939,0.106688)
(-0.276784,0.443096)
(0.160633,-0.129037)
(-0.0524461,0.0549193)
(0.215844,0.152113)
(-0.294296,0.00120864)
(0.090576,0.221696)
(-0.00223299,-0.0684844)
(-0.254284,0.0458843)
(-0.174445,-0.0669059)
(-0.221814,-0.050523)
(0.140136,0.0860271)
(0.006239,0.133138)
(0.328927,-0.228536)
(0.0843239,0.0473405)
(0.184961,-0.0515271)
(0.135351,0.0608687)
(0.251325,0.274411)
(0.0740701,-0.089016)
(0.131849,-0.1456)
(-0.0103149,-0.0757548)
(-0.101575,-0.0407638)
(0.0664059,-0.197203)
(-0.0876673,0.225003)
(0.125513,-0.184256)
(-0.316326,-0.232318)
(0.122248,-0.0624513)
(0.0756667,-0.1132)
(-0.0268831,-0.0417083)
(0.140483,-0.00645248)
(0.112002,0.00747638)
(-0.0129198,0.0428636)
(-0.0211121,0.112267)
(-0.0487447,-0.11982)
(-0.04427,-0.0777335)
(-0.123896,-0.0576527)
(-0.0101436,0.21303)
(-0.0663133,0.0946136)
(0.550094,-0.208253)
(0.14328,-0.428609)
(0.536774,0.175326)
(0.284353,-0.411647)
(0.0351784,-0.0141012)
(-0.141975,-0.0168611)
(-0.113331,-0.103272)
(0.0762365,0.161592)
(0.0634362,-0.194623)
(0.0574142,-0.159347)
(0.00846088,-0.212958)
(-0.140637,0.285695)
(0.048498,0.0686302)
(-0.240218,0.320162)
(-0.271914,0.0218038)
(0.198289,0.0361779)
(-0.0231255,0.0101172)
(-0.309711,-0.186343)
(0.11398,0.102759)
(-0.0774721,-0.123219)
(0.384199,0.371271)
(-0.0616376,0.236336)
(-0.081937,0.109933)
(-0.279384,0.0617851)
(0.0616968,0.276301)
(-0.0847838,-0.0813498)
(0.262447,0.0905196)
(0.121803,0.132856)
(0.133547,0.0860401)
(0.0354032,0.104841)
(0.151226,0.115505)
(0.560299,0.177629)
(-0.0509788,0.211713)
(0.0587267,0.116432)
(0.672129,-0.175613)
(0.0805317,0.00234605)
(0.434161,-0.0463159)
(0.0517441,-0.162936)
(-0.0394855,-0.192813)
(-0.0158142,-0.0261966)
(-0.228048,-0.0929378)
(-0.0649006,0.067476)
(-0.243483,0.162262)
(0.0328876,-0.260941)
(0.707049,-0.356607)
(0.0291482,-0.103635)
(0.0818886,-0.144123)
(0.135154,0.117069)
(0.0167142,-0.0132866)
(0.120578,0.211686)
(0.98511,-0.00305808)
(0.682065,0.320349)
(-0.0512618,-0.0340347)
(0.659155,-0.413917)
(-0.0158667,-0.106201)
(-0.12126,-0.0337563)
(1.05409,-0.00527363)
(0.00402095,0.0447266)
(1.05782,0.401193)
(0.602697,-0.248636)
(0.0160183,-0.094366)
(0.145503,-0.248769)
(0.236677,-0.0636052)
(0.313291,-0.186557)
(0.0439429,0.0154992)
(-0.0899171,0.0465958)
(-0.275798,0.245243)
(0.542257,-0.175516)
(0.0743691,0.0506092)
(0.0567304,0.106993)
(-0.0469662,-0.189882)
(-0.0368754,-0.152608)
(-0.0576659,0.149939)
(0.0113475,0.211417)
(-0.0731772,-0.0610268)
(-0.0540772,0.0333606)
(-0.0291938,-0.0744378)
(0.49667,0.0568903)
(0.232534,0.016463)
(0.268729,-0.193676)
(0.00096072,-0.114389)
(-0.0837712,0.053245)
(0.0845701,-0.0742676)
(0.194498,-0.126981)
(0.219121,-0.103648)
(0.0946239,-0.253823)
(0.32286,-0.048095)
(0.558002,0.0295434)
(-0.0522856,0.121342)
(0.655443,0.504702)
(0.268941,-0.0231919)
(0.717368,0.368696)
(0.722614,-0.0673724)
(0.63166,-0.639999)
(0.0513511,-0.136632)
(0.0102354,0.0810326)
(0.621495,-0.257368)
(0.532709,0.0447109)
(0.150586,0.281997)
(0.205458,0.0560267)
(0.0106414,0.215509)
(0.118011,0.227533)
(0.231351,0.24934)
(-0.0181037,0.0333627)
(0.0210099,-0.0533632)
(0.116554,0.120743)
(0.23783,0.115669)
(-0.115953,0.133209)
(-0.251933,0.0608861)
(-0.082789,0.148595)
(-0.196707,0.0600566)
(0.386012,0.0648572)
(0.674035,-0.136481)
(0.378487,-0.0602359)
(0.327624,-0.470322)
(-0.0501377,-0.0575753)
(-0.00260461,-0.00930432)
(-0.0756639,-0.024978)
(0.0249241,0.0616802)
(0.110218,-0.0340073)
(0.288822,-0.0920545)
(0.394793,-0.10076)
(0.0369033,-0.135594)
(0.0726892,-0.18492)
(0.256187,0.262296)
(0.131321,0.00411968)
(-0.215962,-0.382026)
(-0.0274077,-0.415281)
(0.70684,0.414258)
(1.20805,0.422751)
(0.67047,-0.325574)
(1.29757,-0.502414)
(0.0148065,0.207263)
(-0.0685703,0.18664)
(0.18051,-0.11461)
(0.0464241,-0.111102)
(0.0546217,-0.261613)
(0.0214789,0.267522)
(0.07273,-0.0505191)
(-0.252299,0.156234)
(-0.27515,0.203604)
(0.339843,0.110484)
(-0.207247,0.142321)
(-0.0680879,0.23699)
(-0.221241,0.217429)
(0.653095,-0.638068)
(0.995091,-0.707067)
(-0.15985,-0.121169)
(0.75885,-0.154391)
(0.03923,0.0489396)
(0.0347037,-0.11907)
(0.122869,-0.0762424)
(-0.38326,0.104535)
(-0.247796,0.00381229)
(0.0555694,-0.0177806)
(-0.0693261,0.0294299)
(0.309015,-0.342404)
(0.845917,-0.618267)
(-0.088038,-0.0136314)
(0.0815149,0.00822216)
(0.238947,0.0307557)
(0.16375,0.072774)
(-0.0961913,-0.922863)
(-0.0847828,0.224297)
(-0.138926,0.123792)
(-0.153987,-0.568177)
(-0.0617478,0.165462)
(0.217842,-0.26359)
(0.0175521,0.00958482)
(-0.0317321,0.0877843)
(0.17636,0.156467)
(0.351317,-0.20197)
(0.739052,0.149376)
(1.06354,-0.331876)
(-0.14501,0.233923)
(0.0813178,0.0311604)
(0.109227,0.0490213)
(0.202861,0.151931)
(-0.188709,-0.0408049)
(0.131812,0.10345)
(-0.123607,0.0441991)
(-0.193472,-0.0762895)
(-0.232453,-0.00168915)
(-0.05646,0.0126192)
(0.173976,0.155958)
(-0.246606,0.0719817)
(0.0474565,-0.168518)
(0.163064,-0.200652)
(0.109395,0.0752545)
(0.0613296,0.0431719)
(0.152725,0.168574)
(0.104471,0.00322166)
(0.0126313,0.00916539)
(0.0569753,0.0733715)
(-0.0185302,-0.190658)
(0.214633,-0.142991)
(0.180636,-0.105763)
(-0.101639,0.0627387)
(-0.00242522,0.0262388)
(0.0523764,-0.177256)
(-0.136653,0.102819)
(0.0340288,-0.158319)
(-0.00590838,0.00367692)
(-0.0422216,-0.110625)
(0.0166657,-0.00417774)
(-0.0329488,-0.0228247)
(0.140215,0.0427332)
(-0.27915,-0.0910178)
(-0.1956,0.0668896)
(-0.0106579,0.025333)
(-0.206617,-0.00513698)
(-0.0813688,0.0905016)
(-0.209675,0.0660684)
(-0.0527274,0.121262)
(0.511207,-0.0617107)
(-0.13053,0.146838)
(-0.0940751,-0.00248647)
(-0.0321158,0.149107)
(-0.0163486,0.00824456)
(-0.0595304,0.06214)
(-0.112269,0.00997148)
(0.142973,-0.00271087)
(0.00435595,-0.196424)
(0.122307,0.00958656)
(0.0461296,0.120995)
(0.037645,-0.0155223)
(0.116754,-0.154132)
(-0.0766291,-0.299655)
(-0.0304593,0.0700346)
(-0.191236,-0.112087)
(0.0145756,-0.0364858)
(-0.171594,-0.113303)
(-0.0502417,-0.0352087)
(-0.189368,0.0465685)
(-0.169321,0.176078)
(0.0625877,-0.262839)
(-0.122788,0.0915334)
(-0.0125134,0.0951913)
(0.112949,0.169668)
(0.302586,0.0896579)
(-0.210132,0.121847)
(-0.0492199,0.109713)
(0.00328801,0.0937128)
(0.110445,0.0397705)
(0.0205907,-0.0538339)
(-0.0443093,0.0565142)
(0.615129,-0.262353)
(-0.0544278,-0.0161488)
(-0.024591,0.0618039)
(-0.0339364,-0.0186778)
(-2.89478e-05,0.191268)
(-0.0983872,-0.0264774)
(-0.0808112,-0.0591097)
(-0.24284,-0.164544)
(-0.15065,0.0070581)
(0.143516,-0.268186)
(0.0704518,-0.222502)
(-0.0463684,0.124688)
(0.49902,-0.40221)
(0.116207,0.0247393)
(0.192168,-0.225674)
(-0.0177276,0.079763)
(0.16825,0.234177)
(0.116374,0.0651774)
(0.192222,-0.254122)
(-0.0634604,0.0784415)
(-0.131023,-0.0719615)
(-0.107133,0.007268)
(-0.313906,-0.0524576)
(-0.0787252,0.0607134)
(-0.00364673,-0.0900712)
(-0.0895866,-0.0104265)
(-0.0247762,0.0569774)
(0.0573337,-0.0871756)
(0.495653,0.0277832)
(-0.0291408,-0.0147913)
(-0.157228,0.23971)
(-0.107359,-0.189916)
(0.0110554,0.0991259)
(-0.192547,0.231043)
(-0.010544,-0.0146803)
(-0.187169,0.226105)
(-0.0838393,-0.0849419)
(-0.0585755,-0.0876853)
(0.00357111,-0.289731)
(-0.0707179,0.408786)
(-0.285387,0.0765474)
(-0.204255,0.128908)
(0.0429171,-0.279653)
(0.657381,0.05099)
(0.317476,0.0255985)
(-0.164713,0.0540433)
(0.0251567,-0.173021)
(0.658763,-0.291505)
(-0.405308,-0.156497)
(-0.121578,-0.117198)
(0.157477,-0.0672296)
(-0.18299,-0.128719)
(0.0455487,-0.0714643)
(0.102949,-0.015067)
(0.193138,0.075856)
(0.0306792,0.0214946)
(-0.0971204,0.196217)
(-0.0415837,-0.220177)
(0.139121,-0.286141)
(0.0225396,-0.293574)
(0.00884083,0.0557997)
(-0.290004,0.190718)
(-0.171373,0.111769)
(-0.220372,0.0827166)
(0.0214045,0.167963)
(-0.0238699,0.107244)
(-0.156621,0.00512174)
(-0.00767183,-0.151087)
(0.620384,-0.0606494)
(0.148965,-0.0345277)
(-0.0337939,0.0656898)
(-0.0105452,0.0775564)
(-0.151394,0.00629249)
(-0.112512,0.116671)
(0.351244,0.182406)
(0.685656,-0.0989454)
(0.142561,0.000768608)
(-0.0583112,0.0263419)
(0.118494,-0.154365)
(-0.0872907,0.173555)
(-0.161935,-0.156147)
(0.0500047,-0.0157666)
(-0.268941,-0.0521877)
(-0.210487,-0.0464829)
(0.0574651,-0.0512812)
(0.120349,0.0326115)
(0.163904,0.0994303)
(-0.127521,-0.147858)
(-0.169797,-0.162454)
(0.16909,-0.16071)
(-0.0535927,-0.0987607)
(-0.1821,-0.110556)
(-0.00721663,0.0648914)
(-0.00251062,0.0359766)
(-0.0596295,-0.00783483)
(-0.166875,-0.0621644)
(0.818503,-0.169291)
(0.0421681,-0.159643)
(-0.143761,0.0810007)
(-0.0446203,0.154525)
(0.030078,0.22999)
(-0.00987376,-0.0984859)
(-0.0318279,-0.0791638)
(-0.0111099,0.0715986)
(-0.0736394,-0.0769573)
(-0.212071,0.100529)
(0.0121213,0.0329977)
(-0.201877,-0.0305459)
(0.143124,-0.0528207)
(0.138139,-0.0799235)
(-0.0166579,0.0501148)
(0.151093,-0.04257)
(0.195199,0.112315)
(0.0702389,0.0148435)
(-0.179066,-0.239738)
(0.0558067,0.166053)
(-0.0217927,-0.138283)
(-0.156866,0.0761923)
(0.0693099,-0.0870688)
(0.965669,0.213591)
(0.116909,0.0394118)
(-0.062475,-0.0290664)
(-0.0725505,-0.0157969)
(0.0489378,0.0755091)
(-0.133056,-0.0188091)
(0.207509,-0.240591)
(-0.227237,-0.0304036)
(0.00728532,-0.282933)
(0.22434,-0.161229)
(0.0275336,0.117014)
(0.110297,-0.254216)
(0.0790738,0.078669)
(-0.024772,0.00216806)
(-0.274124,0.0138051)
(-0.0963641,0.051355)
(0.0080349,-0.0742017)
(0.0315046,0.0508181)
(0.0347361,0.0491945)
(-0.0236061,0.0483135)
(-0.304064,0.201276)
(0.027288,0.0315047)
(-0.173968,-0.046914)
(0.597246,-0.234823)
(-0.0266159,-0.0172725)
(0.0690628,0.0186617)
(-0.270099,0.0025256)
(-0.00508901,-0.163406)
(-0.0227142,-0.0464987)
(0.0890546,-0.236004)
(-0.189057,-0.174245)
(-0.0451793,0.00651265)
(0.0457415,-0.194421)
(0.055659,0.119064)
(-0.19072,0.0389296)
(-0.0542438,0.057396)
(0.0133549,-0.156637)
(0.087245,-0.186177)
(-0.110137,0.00924867)
(-0.249922,0.112124)
(-0.0112337,0.257239)
(0.150309,-0.0452697)
(0.242279,-0.0882019)
(-0.0504505,-0.0816157)
(-0.230214,-0.452899)
(-0.0443993,0.0537665)
(-0.111068,0.176167)
(-0.161346,0.2902)
(0.115513,-0.0037979)
(-0.279697,-0.0305788)
(-0.0120111,-0.343126)
(0.104431,0.0139855)
(0.205984,-0.119026)
(0.0584406,-0.0602154)
(-0.0334323,0.0100161)
(0.436976,-0.0383272)
(-0.0951428,-0.175187)
(-0.0669322,-0.102852)
(0.140539,0.0941933)
(0.0926719,-0.194145)
(0.0411796,-0.0281283)
(0.0872502,-0.160366)
(-0.093725,0.00949392)
(0.000759497,0.133253)
(0.808585,-0.177559)
(-0.0823313,0.0829843)
(0.0416719,0.133202)
(0.00728957,0.187768)
(0.0540454,-0.043378)
(0.746548,0.222282)
(0.729832,-0.476232)
(-0.0639489,0.425015)
(-0.421605,-0.433837)
(0.0438795,0.0122794)
(-0.0419891,-0.0627959)
(0.0530188,0.0811707)
(-0.0135686,-0.0661604)
(0.0739694,0.245383)
(0.0756573,0.11257)
(0.0635088,0.0335701)
(0.0406628,0.254928)
(-0.0199665,-0.131137)
(0.0355244,0.248828)
(0.045708,-0.0918924)
(-0.121786,-0.0887663)
(-0.212578,-0.227283)
(-0.128161,-0.106254)
(0.169461,0.102257)
(0.126419,0.122392)
(0.23578,-0.0337662)
(-0.0147297,-0.205234)
(0.0630907,0.189183)
(-0.138426,-0.31128)
(0.0171761,0.240877)
(-0.121567,0.0121871)
(-0.127757,0.397666)
(0.0012016,-0.090167)
(-0.147801,0.099162)
(0.0324143,0.0449366)
(-0.183763,0.239795)
(0.036898,0.0970245)
(-0.0783549,0.19617)
(-0.318866,0.134878)
(-0.0173345,0.11278)
(-0.363619,-0.0546595)
(-0.119875,-0.0333526)
(0.457219,0.283271)
(-0.0210266,-0.00991559)
(1.13133,-0.000383635)
(-0.0662439,-0.222472)
(0.0754297,0.0192165)
(-0.12482,0.14181)
(-0.0946106,0.305214)
(-0.0966525,-0.275879)
(-0.296359,0.0597228)
(-0.15114,-0.114953)
(0.176903,-0.0877689)
(0.0765358,-0.13364)
(-0.141571,-0.07524)
(0.0502201,-0.0735235)
(0.285427,0.0095303)
(0.0918067,-0.0732503)
(-0.213234,0.237248)
(0.0314921,0.174707)
(-0.0891981,0.0569205)
(0.00305665,-0.0564561)
(-0.0120192,-0.0640482)
(0.259172,-0.169525)
(0.0507613,0.197767)
(0.0126624,-0.179988)
(0.156209,-0.0638358)
(0.0766152,0.100375)
(0.17318,-0.191996)
(0.231019,-0.0325262)
(0.173857,0.102099)
(0.401714,-0.163156)
(-0.0470188,0.00608987)
(0.110617,0.0168161)
(0.175606,-0.00527828)
(-0.100154,0.0996125)
(-0.184928,-0.319157)
(-0.0320274,0.0141723)
(0.154176,-0.122077)
(0.677657,0.0294324)
(0.0430803,0.132302)
(-0.115562,-0.0954837)
(-0.0380666,-0.0281354)
(0.0937339,-0.193417)
(0.442528,0.107993)
(-0.431761,-0.06126)
(-0.0136005,0.0665877)
(0.0301664,0.0337839)
(0.021313,0.0598065)
(0.156094,0.157796)
(0.111721,0.100025)
(0.209252,0.119061)
(0.0503948,-0.148931)
(-0.0289233,-0.300008)
(0.171609,-0.0172627)
(0.825255,0.175106)
(0.186735,0.0326209)
(0.10486,0.0272452)
(0.128389,0.129971)
(-0.200563,0.0109786)
(-0.0963367,0.284361)
(0.0530382,-0.0871229)
(-0.0389735,-0.0711355)
(0.400596,-0.588313)
(-0.100425,0.0332089)
(0.00798361,0.0494325)
(-0.119249,0.0341497)
(0.156543,0.0934717)
(-0.0515276,0.103372)
(-0.0450299,0.0953415)
(0.00450057,0.0972616)
(0.229252,0.011829)
(0.574633,0.66476)
(0.0286817,-0.0605594)
(0.0406976,-0.0091853)
(0.0965311,-0.0289327)
(0.0859268,-0.0628434)
(0.0497479,-0.00236944)
(-0.0151753,0.0427667)
(-0.0936861,0.0251664)
(-0.162493,-0.0676719)
(0.0635586,0.087171)
(0.00521223,0.0825136)
(0.00398793,0.0715479)
(0.233922,0.0331047)
(-0.400624,-0.362144)
(-0.391743,0.0146263)
(0.0160219,0.145293)
(0.0790755,-0.0353455)
(-0.0618678,0.064796)
(0.122039,0.0114665)
(0.190254,-0.157066)
(0.0241226,0.191857)
(-0.180342,0.273941)
(0.0318844,0.136858)
(0.147827,-0.0269329)
(0.0102554,-0.147237)
(0.0909835,-0.0772102)
(0.0959533,-0.0335828)
(-0.220483,-0.0360896)
(-0.507244,0.249723)
(-0.0407664,-0.10675)
(-0.128688,-0.0616328)
(-0.0967027,-0.108258)
(0.0964457,-0.0135115)
(0.0400327,0.033597)
(0.108136,0.112609)
(0.0502112,0.112834)
(0.0283743,-0.089193)
(0.806508,0.216305)
(0.0453057,-0.0881888)
(0.265458,0.0251517)
(0.197879,-0.0299216)
(0.106135,0.0426336)
(0.150042,-0.0330769)
(-0.0500008,-0.121024)
(0.226886,0.0439197)
(-0.105983,-0.133917)
(0.0961606,-0.193526)
(0.044519,-0.162768)
(-0.0637152,-0.00270939)
(0.0353947,-0.161356)
(0.202281,-0.109117)
(-0.121489,-0.322123)
(-0.0625782,-0.138687)
(-0.0873528,-0.246467)
(0.0782611,-0.249449)
(0.0632295,-0.0712169)
(0.0331124,-0.0285636)
(-0.0333754,-0.0371884)
(0.0356159,0.0901189)
(-0.0130601,-0.0179941)
(0.0506941,0.121245)
(0.0723806,0.0968285)
(0.206903,-0.0556145)
(-0.0371268,-0.0385708)
(0.00523434,-0.120664)
(0.282579,0.0335169)
(-0.0310218,-0.270331)
(0.0272714,0.195285)
(0.180786,0.0501457)
(0.0703701,0.0764949)
(0.214294,-0.084847)
(0.0397733,0.136273)
(-0.155177,0.136908)
(0.108215,-0.0322387)
(0.19596,-0.125813)
(0.114713,-0.159705)
(0.0154105,0.043862)
(0.0295258,0.0946069)
(-0.157437,-0.49063)
(-0.0638898,-0.381407)
(0.0498455,-0.0178114)
(0.0664537,-0.0436179)
(-0.168318,0.0141416)
(0.00513129,-0.0263268)
(-0.0571464,-0.0546402)
(-0.0774441,-0.0423832)
(-0.194572,0.12914)
(-0.014159,-0.080556)
(0.17005,-0.0728977)
(0.0999784,-0.0182674)
(0.0964967,-0.0561317)
(0.542626,0.284423)
(0.0268901,-0.0220882)
(-0.0716141,-0.0277796)
(0.0435249,0.0459872)
(0.161038,0.0166371)
(0.0203019,-0.0299823)
(0.0360931,0.089622)
(-0.0593605,0.0197914)
(0.0172046,-0.153642)
(-0.0182852,0.0358279)
(0.0643799,0.157248)
(-0.043203,0.0063629)
(-0.0748835,-0.00460084)
(0.0634547,0.0810318)
(-0.295085,0.188516)
(-0.0611379,-0.010709)
(0.0175925,0.107628)
(0.0698106,-0.0677796)
(-0.0525527,0.00904219)
(0.0346207,-0.0621349)
(0.0315437,-0.121918)
(0.0196428,0.0375328)
(0.0159367,-0.0682919)
(0.113873,-0.0790853)
(0.106237,-0.0970204)
(0.0189413,0.00870416)
(0.271322,-0.504065)
(0.125137,0.10439)
(0.398753,-0.334948)
(0.118537,0.0532188)
(0.23206,-0.0726072)
(-0.0174337,-0.314771)
(0.0400385,0.0439752)
(0.146751,-0.352942)
(-0.0152367,-0.458774)
(0.0502585,-0.795694)
(-0.154439,0.000824131)
(-0.108414,-0.0544012)
(-0.146035,0.0206592)
(-0.0865103,0.108896)
(0.051406,-0.102587)
(0.078991,0.10092)
(-0.0777407,0.221123)
(-0.0399735,0.0758623)
(-0.0774577,0.255308)
(0.0425054,0.0200566)
(0.0383757,0.0195596)
(0.00116128,0.0629754)
(-0.192462,-0.179625)
(0.0977081,0.18117)
(0.0921016,0.0810992)
(-0.074529,-0.0425304)
(-0.317932,-0.0669742)
(-0.0845655,-0.20409)
(-0.207129,-0.0907218)
(0.055662,0.0737348)
(0.234736,0.02231)
(-0.136167,-0.0273453)
(0.159036,-0.139126)
(-0.00741148,0.0176893)
(-0.110856,0.0664334)
(-0.172633,-0.0376922)
(0.0382519,-0.299524)
(-0.342001,0.00684824)
(0.11009,-0.00449066)
(0.0224898,0.0164762)
(-0.0607818,0.133648)
(-0.153297,0.288789)
(-0.0443671,0.130281)
(-0.277495,-0.0595976)
(-0.109902,-0.44678)
(-0.165536,-0.136896)
(0.0869001,-0.0835028)
(0.671051,-0.48035)
(0.143025,-0.0352794)
(-0.0025739,0.363258)
(0.0610178,-0.117788)
(-0.00728774,0.305031)
(0.172834,0.155049)
(0.143182,0.0530459)
(0.231418,-0.100148)
(0.332876,-0.225765)
(0.451344,0.177734)
(0.0393567,0.0805614)
(0.370022,0.090263)
(0.0816392,0.0464039)
(-0.21635,-0.0854919)
(0.0530596,0.155235)
(-0.133575,0.105689)
(0.25336,-0.198637)
(-0.0642133,0.0847357)
(-0.0644248,0.056685)
(-0.112856,-0.018627)
(0.187214,-0.257828)
(0.0793032,0.00431815)
(-0.0683838,-0.248189)
(0.295804,0.0166601)
(-0.0943517,0.31099)
(-0.157357,-0.166643)
(0.184282,0.048843)
(0.185613,-0.019512)
(0.105399,-0.273682)
(0.138619,0.0900603)
(0.0421547,0.0923565)
(0.141768,0.0373383)
(0.185219,-0.124696)
(0.356448,-0.0712791)
(-0.0770264,0.105887)
(0.233446,0.0947896)
(0.0432765,0.0596534)
(-0.174831,-0.00159366)
(0.0610621,0.0107965)
(-0.0472561,0.0354906)
(-0.050074,-0.100775)
(-0.294331,0.415577)
(0.022104,0.097853)
(-0.0122364,0.19694)
(-0.0469605,-0.0671166)
(-0.329815,-0.0882759)
(-0.092792,-0.0452706)
(-0.191993,-0.105922)
(-0.0329869,-0.105912)
(-0.0895948,-0.0529111)
(0.000691265,-0.112335)
(-0.0276839,-0.110131)
(-0.0615881,-0.133668)
(0.109025,0.194157)
(0.190545,-0.101078)
(-0.127577,0.119051)
(0.117284,-0.189669)
(-0.184342,0.072882)
(-0.0212654,-0.104815)
(0.0646652,0.13198)
(0.100734,0.0063369)
(0.0872405,0.0226281)
(0.0559685,0.0153074)
(-0.0474216,0.155463)
(0.148681,0.092243)
(-0.0882473,0.117216)
(0.0314435,-0.0276452)
(-0.0015871,-0.100573)
(-0.0162382,0.0332961)
(-0.06259,0.013098)
(-0.0616353,-0.0611249)
(-0.157542,-0.212775)
(-0.0894691,-0.109603)
(0.0131066,-0.133729)
(0.0270376,0.00630876)
(0.000589277,-0.00416178)
(0.103942,0.119788)
(-0.137796,-0.0257845)
(-0.0123265,-0.0245765)
(-0.169851,-0.128053)
(0.150774,-0.0030148)
(0.386663,-0.1306)
(0.48281,-0.0496926)
(0.367665,0.258524)
(-0.0725483,-0.0382574)
(0.0363079,-0.121206)
(0.173951,-0.247238)
(0.0754401,0.214563)
(0.0636419,-0.057847)
(-0.0304944,-0.131101)
(-0.0338019,0.0165585)
(0.00407925,0.320699)
(-0.0647632,-0.0812332)
(-0.0884307,0.0440914)
(0.0183831,-0.0841776)
(0.0675166,0.230473)
(-0.256832,0.0651564)
(0.133341,-3.68225e-05)
(0.19272,-0.717867)
(0.0802868,-0.0890359)
(-0.00177764,-0.0870106)
(0.0823639,-0.154743)
(-0.0596283,0.115838)
(0.0927232,0.201083)
(0.159587,0.0373128)
(0.0291251,0.0778609)
(-0.0246529,-0.12264)
(0.935822,0.377507)
(0.0291426,0.137435)
(-0.055882,0.0564498)
(0.0379054,0.037791)
(0.742695,-0.210354)
(-0.117016,0.0168972)
(-0.08988,-0.13489)
(-0.121238,-0.0817039)
(0.0630382,-0.0411129)
(-0.0412245,-0.347898)
(-0.0831164,-0.0251297)
(-0.0843829,-0.0223105)
(0.255982,-0.229502)
(0.136539,0.0739469)
(-0.0356187,-0.0279354)
(0.0384688,-0.00158002)
(-0.0822663,-0.0768404)
(0.0841497,0.119579)
(-0.0578165,-0.132992)
(0.274831,-0.157661)
(0.0790942,0.083558)
(0.0631757,0.0777543)
(-0.0283496,-0.0400414)
(0.0609958,0.0338879)
(-0.179475,0.0284864)
(-0.169131,-0.0416888)
(0.530535,-0.0842318)
(-0.0211685,0.0201513)
(0.685655,-0.421969)
(0.054785,0.12448)
(0.0269477,0.0949659)
(-0.369311,-0.0775161)
(0.154323,0.0749929)
(0.701274,-0.401325)
(0.191866,-0.0314835)
(0.352549,-0.0886391)
(-0.242641,0.114569)
(0.00643801,-0.000879999)
(0.0607036,0.0924847)
(0.414353,-0.360703)
(0.0969158,-0.0569444)
(0.0752069,-0.0676485)
(-0.155971,0.17032)
(0.190907,-0.0274238)
(0.0474053,0.0763746)
(-0.0651641,0.0769811)
(0.0502573,-0.106647)
(0.0367727,0.0501493)
(-0.256598,0.101663)
(0.392774,-0.155955)
(0.0315268,0.0124132)
(0.10367,-0.181298)
(0.0843842,-0.194913)
(0.167012,-0.239589)
(0.181699,-0.161737)
(0.0237431,-0.0385197)
(0.0108713,-0.0570031)
(-0.0572877,0.0450127)
(-0.0263254,0.0442919)
(-0.0373252,-0.0578002)
(-0.077141,0.0584438)
(0.00719155,-0.0513634)
(-0.105339,-0.0947575)
(0.051041,0.0254865)
(-0.131861,-0.0783377)
(-0.109573,-0.153267)
(0.158231,0.0668835)
(0.00104321,-0.0141448)
(-0.0963462,0.0129346)
(0.0117699,0.20554)
(0.0489442,0.0930885)
(-0.0238894,-0.161143)
(0.560479,-0.0348123)
(0.039372,-0.114777)
(-0.13697,-0.049083)
(0.00739482,-0.212007)
(0.108825,0.0737758)
(-0.268504,-0.105549)
(0.984637,0.0324973)
(0.0630532,-0.0344805)
(0.793303,0.155789)
(0.0483365,-0.0204845)
(-0.12282,0.0402291)
(-0.00679258,0.057453)
(0.0177242,0.0147019)
(-0.281771,0.130704)
(0.640324,0.215115)
(0.0348996,-0.0811105)
(0.195061,0.220284)
(0.231738,0.0844153)
(-0.0651829,-0.198107)
(0.131843,-0.154575)
(-0.183628,-0.144337)
(0.210371,0.103719)
(-0.163141,0.0373312)
(-0.178345,-0.124983)
(0.373835,-0.0733417)
(0.0156996,0.0991128)
(0.391214,-0.156526)
(0.0964961,-0.155443)
(-0.0171465,-0.178253)
(0.4339,0.0359541)
(0.0286831,-0.0263416)
(0.0428595,0.146276)
(0.00515439,-0.103741)
(0.260559,-0.0967006)
(-0.117978,-0.199469)
(-0.256288,-0.228174)
(0.00296989,-0.102376)
(0.0730419,-0.0176579)
(0.119901,0.072854)
(0.0750385,-0.175215)
(-0.0516109,-0.110433)
(0.0347285,0.212558)
(-0.0209531,-0.0292751)
(0.115337,-0.163733)
(-0.0194106,0.00571145)
(-0.0188744,-0.161138)
(0.0311452,-0.0328199)
(-0.0467565,-0.0243531)
(0.00747673,-0.0643257)
(0.0298078,0.000680552)
(0.116504,-0.175977)
(-0.0397025,0.0325546)
(-0.0187522,-0.0470145)
(0.0328751,-0.0155526)
(-0.0141057,0.228261)
(0.181792,0.146401)
(0.038501,0.293704)
(0.0229113,0.0519105)
(0.0319559,0.0450495)
(-0.0640778,-0.0735936)
(-0.100935,-0.184221)
(0.111718,-0.0972729)
(0.00819982,0.13634)
(-0.119296,-0.0750538)
(0.0936493,0.277411)
(-0.126995,-0.148867)
(0.636966,0.20205)
(0.00415615,0.144616)
(-0.0969503,-0.0327248)
(0.0864746,0.159988)
(0.462791,-0.28131)
(-0.0428841,-0.184594)
(0.0817257,-0.116723)
(-0.187955,-0.110492)
(0.0546135,-0.00982717)
(-0.102307,-0.230458)
(-0.298968,-0.203057)
(0.202399,-0.0394561)
(0.0440186,-0.049347)
(0.0453254,-0.0813164)
(0.0283181,-0.0629116)
(0.722526,-0.125805)
(0.0236801,0.182463)
(0.159746,-0.0676878)
(0.0135436,-0.013159)
(0.110335,-0.577073)
(0.0810966,0.123956)
(-0.0496565,-0.0646584)
(0.166859,-0.00814498)
(-0.0122404,0.0598696)
(0.0643776,-0.23955)
(-0.00613939,-0.148629)
(-0.0260302,-0.102564)
(-0.0776764,-0.102517)
(0.127074,-0.0880667)
(0.0489876,-0.0283485)
(-0.0481516,-0.030457)
(0.65619,0.36725)
(-0.0921482,-0.00305034)
(-0.0455163,-0.0117312)
(-0.0394483,-0.104858)
(0.112605,-0.134904)
(-0.0771019,-0.0232115)
(0.226135,0.0214562)
(0.281568,0.261767)
(0.140292,-0.150853)
(-0.0572603,-0.100327)
(0.161481,-0.0301883)
(-0.0863433,-0.140121)
(0.471653,-0.461871)
(-0.115445,0.144825)
(-0.202771,0.174085)
(-0.462034,0.0439364)
(-0.00915442,0.178724)
(-0.274516,-0.302431)
(-0.0587062,-0.0205033)
(0.382374,-0.0265308)
(0.351217,-0.13557)
(0.40372,0.00586938)
(0.0514835,-0.0624983)
(-0.0210434,-0.139744)
(0.500258,0.054507)
(0.309808,0.059657)
(0.0082681,-0.0769125)
(0.388567,0.355961)
(0.832581,0.618636)
(0.0937466,-0.0421507)
(-0.197318,0.0869354)
(-0.231719,0.0240936)
(0.276306,-0.143792)
(0.278456,-0.157518)
(0.297625,-0.123762)
(0.0641572,-0.0275875)
(-0.0380577,-0.244219)
(-0.0479789,0.0187445)
(-0.132698,-0.0200796)
(0.072047,-0.048438)
(0.0997622,-0.130437)
(0.535155,0.35873)
(-0.0868205,-0.0609103)
(0.0961636,-0.0529082)
(-0.0691583,-0.0604015)
(0.54998,-0.159268)
(0.00202791,-0.0486997)
(0.121656,0.0829307)
(0.305413,-0.026751)
(0.86312,-0.138455)
(0.166133,0.149527)
(0.154637,-0.209206)
(-0.0689061,-0.0877497)
(-0.0182133,-0.0723169)
(0.547685,-0.195249)
(0.183654,-0.0585828)
(0.347885,-0.027703)
(0.23362,-0.295137)
(0.0103696,-0.0741828)
(0.705069,-0.429169)
(-0.0313924,0.0402833)
(-0.234683,-0.0332988)
(-0.016306,-0.156451)
(0.103274,-0.314038)
(-0.0466263,-0.0461822)
(0.0427942,-0.0729107)
(0.12626,0.136553)
(0.0479034,0.157121)
(0.167785,0.126904)
(0.0992017,-0.0733726)
(0.104249,0.0586454)
(-0.23742,-0.125584)
(0.145546,-0.0852887)
(0.101103,0.427682)
(0.0738281,-0.202851)
(-0.273577,0.0194279)
(-0.0394358,0.110107)
(0.0588561,-0.088154)
(-0.130306,-0.0334691)
(0.0295679,-0.0235619)
(-0.286396,-0.155256)
(-0.108195,0.0296149)
(0.011615,0.191142)
(0.0596317,-0.0547332)
(-0.0729283,0.0766461)
(0.0133367,-0.038656)
(0.103811,0.0600528)
(-0.0468325,0.0653035)
(0.321588,0.150019)
(0.0678009,0.222747)
(0.264565,0.00827678)
(-0.101375,0.405418)
(0.103477,-0.0384412)
(0.0877611,0.0585636)
(0.308563,-0.086338)
(-0.174565,-0.185636)
(0.150939,-0.203462)
(0.0308499,-0.132414)
(0.00233209,-0.106003)
(0.0250193,0.0335491)
(0.02636,0.00656702)
(0.0679458,0.0983348)
(0.121441,0.206608)
(0.595646,-0.0426472)
(0.345812,-0.242594)
(-0.208294,-0.088678)
(0.190276,0.0138178)
(0.173648,-0.0124348)
(0.115067,-0.0667122)
(0.522063,-0.0516124)
(-0.0233868,0.0342884)
(0.105303,0.0813101)
(0.0151622,0.0624638)
(0.014796,0.00987382)
(0.390376,-0.0469796)
(0.0627212,0.100405)
(0.255588,-0.0351613)
(0.279789,0.16769)
(0.154729,-0.0169036)
(0.511419,0.0432339)
(0.0123288,-0.00627616)
(-0.117511,0.417275)
(-0.105646,0.297738)
(0.0918003,0.0878264)
(0.187631,0.270956)
(0.334182,-0.0753797)
(0.920695,-0.646723)
(0.397698,-0.800355)
(0.203486,0.311046)
(0.13016,0.0201685)
(0.62604,-0.567841)
(0.04346,-0.124833)
(0.0699029,-0.0652076)
(0.544464,-0.0529715)
(0.0320187,-0.318803)
(0.0438205,0.307454)
(-0.0771016,0.13968)
(0.0803438,-0.313386)
(-0.18655,0.0185061)
(0.113115,0.393065)
(0.225892,0.35378)
(0.299502,0.145744)
(0.259967,0.315978)
(0.613549,-0.453156)
(-0.0913673,-0.0820423)
(0.00680868,-0.271558)
(-0.0988199,-0.218461)
(0.376452,0.500637)
(0.358538,-0.121978)
(0.729493,-0.125433)
(0.193501,-0.0557364)
(0.110424,-0.0226117)
(0.236663,0.0739051)
(0.246358,0.503775)
(0.00408295,0.170371)
(0.12046,0.0167888)
(0.18201,-0.146481)
(0.335248,0.842638)
(0.184529,-0.0179296)
(-0.0428028,-0.173704)
(0.730009,0.387419)
(1.33322,-0.131833)
(-0.0714356,-0.17369)
(-0.104269,-0.0545346)
(0.169523,-0.309217)
(-0.0814067,-0.0829928)
(0.210694,-0.142686)
(-0.0746402,-0.0740123)
(0.214748,-0.28846)
(0.571899,-0.124784)
(0.494706,-0.667763)
(0.922254,-0.0575759)
(1.02278,0.411898)
(0.934622,-0.111505)
(0.0451972,-0.134815)
(0.478982,0.145468)
(0.00685042,0.113677)
(0.340683,0.223408)
(-0.0410319,-0.178207)
(-0.0386977,0.0506954)
(0.140365,0.193229)
(-0.0303429,0.123268)
(-0.369505,-0.275692)
(-0.332156,-0.0604845)
(-0.221206,0.36049)
(-0.039355,0.180389)
(0.158485,-0.478625)
(-0.0424004,0.295388)
(-0.101159,0.12281)
(0.00576417,-0.23895)
(-0.0477652,0.00241141)
(-0.0503437,-0.0250968)
(0.083943,-0.0221857)
(-0.0341899,0.0599638)
(-0.0240759,0.107633)
(0.0767929,-0.264464)
(0.273096,-0.046732)
(0.0628181,0.147977)
(0.644206,-0.374666)
(0.286198,-0.162531)
(0.420735,-0.254987)
(-0.32631,-0.0669885)
(-0.0919112,0.0663399)
(0.0256783,-0.132779)
(0.402319,-0.413934)
(0.106976,-0.162634)
(-0.089946,0.21862)
(0.576572,-0.084274)
(0.126224,-0.253433)
(0.612466,-0.243124)
(0.808459,0.228613)
(0.822634,-0.93673)
(0.746956,0.548202)
(-0.0928567,-0.134325)
(0.17131,-0.0076421)
(-0.0982774,0.0243697)
(0.118646,0.13218)
(0.207209,0.146586)
(0.233235,0.115538)
(0.039672,-0.00386084)
(0.234632,-0.150613)
(0.298975,-0.0610611)
(-0.154814,-0.0670605)
(0.14497,-0.0659466)
(0.085977,0.000537431)
(0.558911,-0.147761)
(1.08502,-0.20422)
(-0.160552,-0.141113)
(-0.0264901,0.102944)
(-0.0662399,0.135465)
(-0.112686,0.0680732)
(0.00828792,0.236189)
(0.107245,0.172432)
(-0.423593,0.142365)
(-0.282196,-0.130966)
(0.624391,0.0352991)
(-0.169422,-0.152084)
(0.695294,-0.37704)
(0.130251,-0.178328)
(-0.00222915,-0.181801)
(0.0852285,-0.175369)
(-0.313958,-0.0902728)
(0.0971742,-0.0703832)
(-0.265866,-0.0699065)
(0.482393,-0.231057)
(0.0569714,0.527708)
(-0.0896294,-0.0597431)
(0.491216,-0.245555)
(0.0919021,-0.00962168)
(0.34888,0.0705641)
(-0.345782,-0.148739)
(0.251224,-0.10713)
(-0.0393479,-0.229954)
(0.289628,-0.20193)
(0.233335,-0.201142)
(-0.154207,-0.0131748)
(-0.354358,0.0738466)
(-0.193716,-0.262998)
(-0.0955234,-0.135686)
(0.247027,-0.10212)
(0.0142453,0.0461023)
(-0.375391,-0.354981)
(0.0769986,-0.0888821)
(0.0239946,0.0413216)
(-0.103824,-0.138842)
(0.0122968,0.0232191)
(-0.100216,-0.186395)
(0.495724,-0.197393)
(0.232761,-0.00348971)
(0.338023,-0.169682)
(0.455567,0.1224)
(0.123286,0.040261)
(-0.0334767,0.172766)
(0.478206,-0.145798)
(0.00957986,0.000932481)
(0.0832106,-0.187169)
(-0.0181158,-0.252546)
(0.35801,-0.134913)
(0.377438,0.108055)
(0.0558096,-0.0739012)
(0.457895,-0.303179)
(0.605189,0.649895)
(0.0137125,-0.211299)
(0.78977,-0.132245)
(1.02078,-0.323173)
(-0.153892,-0.0365125)
(0.0173773,-0.160661)
(0.215753,0.278045)
(0.277991,-0.221045)
(0.102431,0.233025)
(0.324583,-0.200566)
(0.222672,0.00633394)
(0.0539002,0.00797203)
(-0.132307,0.092707)
(-0.172309,0.0668303)
(-0.14418,-0.258731)
(-0.393645,-0.039963)
(0.249589,-0.221795)
(-0.0108224,-0.142244)
(0.195915,0.220695)
(-0.348453,0.191128)
(0.0930346,-0.134358)
(-0.0159753,-0.238756)
(0.0941835,0.0903315)
(-0.0928533,0.0669069)
(0.0146635,-0.588495)
(-0.0671671,0.0049028)
(-0.0463706,-0.0697582)
(0.761572,-0.550555)
(0.245413,-0.417607)
(0.0199676,0.197713)
(-0.0761412,0.00610511)
(-0.164707,0.0265867)
(-0.0253724,-0.0367239)
(-0.118536,-0.0160461)
(-0.0261233,-0.121853)
(-0.000225003,0.00340479)
(0.390805,-0.340548)
(0.277836,-0.0912967)
(-0.0410018,0.215661)
(0.245297,0.214415)
(0.00532309,-0.223195)
(-0.0575698,0.174819)
(0.0512145,-0.0196123)
(0.104061,0.041589)
(0.468771,0.573051)
(-0.339316,-0.0891271)
(0.376057,-0.00108042)
(-0.164296,-0.22743)
(-0.318404,-0.0125215)
(-0.305852,-0.0234644)
(0.477348,0.36128)
(0.453839,-0.0409464)
(-0.237615,-0.0763995)
(0.0154977,-0.204539)
(0.138077,-0.247672)
(-0.154885,-0.242648)
(-0.0862633,0.403421)
(-0.279989,0.104463)
(0.267135,-0.333221)
(-0.0594211,0.267162)
(0.597221,-0.392837)
(0.0195881,0.309892)
(0.0131572,0.0181268)
(0.0842543,0.0355222)
(0.120412,-0.0849199)
(0.0478044,0.355626)
(0.000664864,-0.204967)
(0.0355044,-0.0928152)
(-0.102077,-0.082455)
(0.109514,0.0214254)
(0.10563,0.278965)
(-0.100908,-0.325872)
(0.0178425,0.0315328)
(0.330714,0.149323)
(-0.0706476,0.0889436)
(0.223199,0.059455)
(-0.0252925,0.39675)
(0.0879228,0.354456)
(0.0921965,0.00434535)
(0.134292,0.0453434)
(-0.0106184,-0.115695)
(-0.274716,-0.190438)
(-0.145589,-0.0154373)
(-0.137859,0.0145298)
(-0.146581,-0.229997)
(0.775704,0.188558)
(0.137454,-0.435587)
(0.468463,-0.187302)
(0.612275,0.332387)
(0.357117,-0.133834)
(0.17421,0.0746234)
(0.508612,-0.0847882)
(0.401644,-0.56894)
(0.48355,-0.352132)
(0.384678,-0.16206)
(-0.0493075,-0.242235)
(-0.0501278,-0.295245)
(0.0330694,-0.179075)
(0.0789819,0.425573)
(0.232858,0.754476)
(-0.0245514,0.00488783)
(0.0481848,0.181584)
(0.0325872,-0.060309)
(-0.0392224,-0.10773)
(0.290659,-0.197523)
(0.146406,-0.267146)
(0.227163,0.0751274)
(0.219373,-0.093546)
(0.235155,-0.106575)
(0.204673,-0.00645151)
(-0.222651,-0.115049)
(0.329713,-0.166131)
(-0.140507,-0.335458)
(0.0287251,0.179641)
(0.124122,0.188036)
(0.288915,0.0189525)
(0.0788613,-0.181572)
(0.221628,-0.269833)
(0.952425,0.216906)
(0.0260911,-0.00806949)
(0.0463308,-0.0905342)
(0.0017504,-0.0719593)
(0.236149,0.0251418)
(-0.142124,-0.0208831)
(-0.115216,-0.0685882)
(0.66503,-0.134399)
(0.573872,-0.0877056)
(0.117768,-0.180365)
(0.104882,0.0497392)
(-0.211457,-0.107447)
(0.0108296,0.29221)
(0.252568,-0.112337)
(0.0723962,0.0694993)
(0.422518,-0.0543074)
(0.537492,-0.245271)
(0.595969,-0.0202599)
(0.160839,0.162722)
(0.652824,-0.154791)
(0.0364077,0.0372326)
(0.128852,-0.126113)
(0.230732,-0.0193045)
(0.0194923,0.0689387)
(-0.00101935,0.00937474)
(0.0102706,0.265776)
(0.126132,-0.251524)
(0.884642,0.122644)
(0.349782,0.558611)
(0.111504,-0.114851)
(0.291391,0.620156)
(0.0444403,-0.0477554)
(-0.00698043,-0.168986)
(-0.00133375,-0.00295689)
(-0.0308831,-0.0693099)
(0.0704506,-0.145142)
(0.0228734,-0.0501)
(0.504623,-0.717627)
(0.0443515,-0.250168)
(0.23848,-0.0196604)
(-0.0906295,0.436898)
(0.392868,0.0468159)
(0.249627,0.473664)
(0.208075,-0.138675)
(-0.0940636,0.120162)
(0.371284,0.0711732)
(0.515341,-0.339804)
(-0.228175,0.0409459)
(0.0799247,0.042067)
(0.0371848,0.049061)
(-0.0587964,0.134211)
(0.214476,-0.232659)
(0.517041,0.162558)
(0.679573,0.0979667)
(0.203935,0.511865)
(0.237797,-0.250407)
(-0.0713652,-0.140805)
(-0.164803,-0.144961)
(0.385215,-0.297694)
(-0.116559,0.0371763)
(0.0607438,0.112055)
(1.27125,-0.361047)
(-0.105901,0.0116329)
(0.0608444,-0.201293)
(0.0872253,0.249089)
(-0.128619,0.209451)
(0.0193151,0.422692)
(-0.203247,0.213557)
(0.697475,-0.93226)
(1.24848,0.0456566)
(0.0179086,-0.854382)
(-0.0491239,0.182502)
(0.327501,-0.0641128)
(0.152923,0.405777)
(0.287224,-0.273949)
(0.143328,-0.0606724)
(0.179435,0.0279974)
(0.114294,-0.107788)
(-0.263034,-0.78035)
(0.360267,-0.617617)
(-0.0639613,0.0912658)
(0.0528118,-0.381376)
(0.135284,0.0961465)
(-0.152698,0.172909)
(0.638808,-0.170532)
(0.323953,0.142116)
(-0.174431,-0.00821844)
(0.195481,-0.800582)
(0.888977,-0.42802)
(-0.141697,0.0189466)
(0.255949,0.222794)
(0.398617,-0.161091)
(-0.0358195,0.217949)
(0.105258,0.212675)
(0.461813,-0.207018)
(0.0354385,-0.0844953)
(0.0219768,-0.0152665)
(0.0261545,0.126542)
(-0.161522,0.0235233)
(0.457871,0.397972)
(0.112465,-0.170763)
(0.162347,0.0206295)
(0.12185,-0.215373)
(0.434771,0.0890929)
(0.161136,0.0382091)
(-0.0607446,0.122809)
(0.0837599,-0.111025)
(0.0436756,-0.0506843)
(-0.130358,0.206076)
(0.0335524,-0.119637)
(-0.119661,0.122909)
(0.214827,0.0983589)
(-0.135746,0.192829)
(-0.121689,0.0844398)
(-0.0217415,0.0963401)
(0.647066,-0.151297)
(0.276255,0.00817963)
(0.724982,-0.0911382)
(0.0161088,-0.20573)
(0.014267,-0.074669)
(0.0110142,0.123718)
(0.411136,-0.350273)
(0.12412,-0.155017)
(0.0533378,0.017804)
(0.112172,-0.143296)
(0.125173,0.105973)
(0.1309,0.0575252)
(-0.0381041,-0.247171)
(-0.0561865,-0.0920329)
(0.133819,-0.130736)
(-0.218694,0.0548102)
(-0.109336,-0.0633193)
(0.0149778,-0.00711456)
(0.0987108,0.0635232)
(0.695061,0.254135)
(0.0309977,0.217147)
(0.145407,0.157998)
(-0.0839685,-0.0450396)
(-0.0796208,-0.014207)
(0.307424,0.167786)
(0.262854,-0.0805107)
(0.345222,-0.174457)
(0.345604,0.261418)
(0.899109,-0.492142)
(0.270915,0.0073367)
(0.711754,-0.116335)
(0.291425,0.0283732)
(-0.0442975,-0.190478)
(0.110895,0.0258714)
(0.232021,0.117549)
(0.114065,-0.0786666)
(-0.0681191,-0.0626748)
(-0.121063,0.0843006)
(0.00370774,-0.0349796)
(-0.111033,-0.0381589)
(0.0212916,0.0301289)
(0.325185,0.176518)
(0.361154,0.224547)
(-0.074788,0.311938)
(0.360238,-0.280597)
(0.356477,-0.363792)
(0.462186,-0.0800172)
(0.0332806,0.11074)
(0.199417,0.20876)
(0.214449,-0.104389)
(0.308803,0.0325954)
(-0.0171717,-0.122786)
(-0.0713375,-0.0203401)
(-0.010952,-0.0806681)
(-0.128339,0.0037612)
(-0.0763595,-0.020299)
(0.303622,-0.269901)
(0.392642,-0.566953)
(0.160805,0.02152)
(0.216946,-0.121098)
(0.199658,-0.00367493)
(0.0928476,0.0371496)
(0.205198,-0.105162)
(0.136098,0.145071)
