1620
(0.0144534,-0.103506)
(-0.195711,-0.00996276)
(0.0357283,-0.104227)
(-0.00830581,-0.0595867)
(0.0676733,-0.0988071)
(-0.0387018,0.0118713)
(-0.149612,0.0496582)
(0.0586918,-0.222583)
(-0.119946,-0.0967091)
(0.00727438,0.057043)
(0.0901118,0.0333824)
(-0.0217698,0.0155649)
(0.0561436,-0.0853487)
(0.0207968,0.0360087)
(-0.132213,-0.0601385)
(-0.182876,-0.086151)
(-0.119067,-0.00721645)
(-0.0497242,0.0515562)
(0.0961316,-0.00124128)
(0.0752921,-0.0731026)
(0.0924584,-0.0799673)
(0.123037,-0.0799267)
(0.0794685,0.0111651)
(-0.152676,-0.0844123)
(0.188829,0.074263)
(0.123278,0.0707398)
(0.212084,-0.0305972)
(-0.170739,-0.121932)
(-0.141802,-0.0977418)
(-0.0582775,-0.135403)
(-0.212857,-0.0189435)
(0.0522276,0.14173)
(-0.133891,0.0122354)
(0.0856707,0.063155)
(0.0862658,0.0334876)
(0.0514244,0.0216236)
(0.0374579,0.0245042)
(-0.00885368,0.0447064)
(-0.129052,-0.0494368)
(0.0374176,-0.044571)
(-0.129731,0.0807535)
(-0.1057,-0.0726187)
(0.104956,-0.0243698)
(0.170949,-0.111548)
(-0.0896044,0.0364797)
(0.316956,-0.115099)
(0.0381006,-0.0206845)
(-0.0645782,-0.107774)
(0.11956,0.110265)
(0.0528024,-0.0118564)
(0.0470052,-0.0308639)
(-0.0663753,0.0124594)
(0.0716065,-0.0359017)
(0.0247504,0.0280311)
(-0.17451,-0.0177833)
(-0.0715202,-0.039623)
(-0.143526,0.0822861)
(-0.202227,0.0429445)
(-0.0874565,-0.0432552)
(0.107639,0.001156)
(-0.0598321,0.000932536)
(0.149138,0.0126891)
(-0.153038,0.139629)
(0.775112,-0.0186618)
(-0.20667,0.061828)
(-0.0892066,-0.0308768)
(-0.0265265,0.110069)
(0.0735928,0.167444)
(-0.0156123,0.0298681)
(-0.0272098,0.0204799)
(0.0356086,0.0829547)
(0.0756379,0.0548396)
(-0.0139221,0.081985)
(-0.137936,-0.136541)
(0.0183017,0.30805)
(0.0133512,0.100019)
(0.0755254,-0.0331873)
(0.112497,-0.0653746)
(-0.0252357,-0.0185139)
(0.162156,-0.0937909)
(0.131109,0.150159)
(-0.0205976,0.0058723)
(-0.0763937,-0.00812966)
(0.0692963,-0.0850505)
(0.0565494,0.148591)
(-0.0507566,0.153051)
(0.126921,-0.0150044)
(0.0561608,0.0356615)
(0.202059,0.0486097)
(0.095107,-0.0103116)
(-0.130029,-0.122295)
(0.119529,-0.016559)
(0.491127,0.0220658)
(-0.167449,0.012411)
(-0.191959,0.0683957)
(0.587508,-0.0228859)
(0.0504381,-0.0257915)
(0.656595,-0.038139)
(-0.0631496,0.0561137)
(-0.0798722,0.0369698)
(0.0165938,-0.0575389)
(-0.100175,0.210712)
(0.0694704,-0.100672)
(-0.065625,-0.143928)
(0.0319395,-0.106886)
(0.725499,-0.0895106)
(-0.105222,0.0112948)
(0.0133442,-0.0387864)
(0.220254,0.012577)
(-0.0618588,-0.11901)
(0.226287,0.0591654)
(0.886484,-0.141742)
(0.55019,0.0371418)
(-0.0715845,0.200105)
(0.523455,-0.184397)
(-0.0496791,0.0163374)
(-0.11356,0.0684695)
(0.691864,-0.0131103)
(0.0402049,-0.0301826)
(0.556111,-0.657126)
(0.681994,-0.157334)
(-0.0340561,-0.116244)
(0.109323,-0.02414)
(0.393088,-0.2958)
(-0.0158919,-0.102712)
(0.00507155,-0.168817)
(-0.0427062,-0.169)
(0.039528,-0.0940699)
(0.458842,-0.16154)
(-0.145375,0.124068)
(-0.0417847,0.0783678)
(0.00827043,0.0163772)
(-0.0758761,-0.192301)
(-0.0718993,0.0502597)
(0.0525639,0.012001)
(-0.0749395,0.0768548)
(0.00791332,0.0139812)
(-0.051814,0.0246366)
(0.345984,-0.499894)
(0.0138957,0.0204105)
(-0.0761456,0.0845348)
(0.109238,0.0233137)
(-0.131133,0.065771)
(-0.0800595,0.00628867)
(0.144209,0.0365526)
(0.0966804,-0.0532889)
(-0.0211767,-0.0158162)
(0.514015,-0.164439)
(0.512561,-0.101267)
(-0.0521257,0.0255516)
(0.356777,-0.627159)
(0.0975121,-0.152723)
(0.653859,0.00194405)
(0.559151,0.219763)
(0.0796362,0.0871698)
(-0.219205,-0.0698877)
(0.231556,0.0471262)
(0.455126,0.0674154)
(0.501592,0.0518715)
(-0.130457,-0.165734)
(-0.199024,-0.0856988)
(-0.083992,0.112015)
(0.00425134,0.0878807)
(-0.0260727,-0.0906407)
(0.0885858,0.0323658)
(0.0424833,0.0034581)
(-0.0242675,-0.0643903)
(-0.0613804,-0.0287551)
(0.081411,-0.0571474)
(0.0448837,0.0319441)
(0.0845079,-0.0683609)
(0.159439,-0.0395203)
(0.427958,-0.267015)
(0.102159,-0.324935)
(0.848584,0.106377)
(0.563132,0.275572)
(0.0349386,-0.0169413)
(0.0659051,-0.00956619)
(-0.00364279,-0.0510759)
(-0.0970128,0.0353575)
(-0.114353,-0.157804)
(-0.234071,0.0115947)
(-0.211072,0.0433381)
(-0.104648,-0.00763081)
(-0.0736419,0.0471788)
(-0.0565105,0.0138973)
(-0.0733063,-0.0582555)
(0.0141403,0.236412)
(-0.119459,0.141889)
(0.728745,-0.0261266)
(0.85045,-0.327574)
(0.410917,0.0528361)
(0.574761,0.428588)
(0.0186337,-0.123561)
(-0.137039,0.0215435)
(0.0295797,0.0492745)
(0.122324,-0.0108108)
(-0.0470179,0.0576168)
(0.00708289,-0.131067)
(0.113899,-0.0974933)
(0.138712,0.00437859)
(0.0666973,0.061029)
(0.0739713,-0.22052)
(0.144354,0.0368759)
(0.0912223,-0.0813235)
(0.119858,0.0318502)
(0.450248,0.0352351)
(0.189757,-0.00538479)
(-0.245591,0.0719101)
(0.371793,-0.0566101)
(0.0371487,-0.0388157)
(0.47275,-0.660643)
(0.289731,-0.562971)
(-0.0652877,0.0690209)
(0.0303224,-0.0879608)
(-0.0679247,-0.0326829)
(-0.191376,0.0171599)
(0.737987,0.0791723)
(0.875072,0.568126)
(-0.00170173,-0.0123159)
(-0.06294,-0.0596116)
(0.0457824,-0.0972151)
(0.0324575,0.0199824)
(0.808387,0.337423)
(0.0651258,-0.0657716)
(0.0818968,-0.154198)
(0.552276,-0.0568125)
(-0.0602682,0.0462731)
(-0.0634549,0.0575346)
(-0.0289127,-0.052417)
(-0.126449,0.00999052)
(0.308015,-0.202779)
(0.395609,-0.167028)
(0.276852,-0.149009)
(0.0988663,-0.190338)
(0.0617136,-0.139313)
(-0.0877602,0.0469742)
(-0.11586,0.00216656)
(0.289759,0.206378)
(-0.0367054,0.0598687)
(-0.0778469,-0.0214708)
(-0.0641617,-0.0207883)
(-0.0775837,-0.0285709)
(-0.103406,0.0505832)
(-0.0218073,-0.1732)
(-0.0385781,0.00294863)
(0.074125,0.187352)
(-0.0254767,-0.0361773)
(-0.0134766,0.0704758)
(-0.0186877,0.0566458)
(-0.0517376,0.00638845)
(-0.0970013,-0.0347707)
(-0.0427217,-0.0577805)
(0.0482225,-0.102234)
(-0.163472,-0.0195468)
(-0.022556,-0.0965663)
(0.00267278,0.126799)
(-0.0802789,-0.0773492)
(0.0157603,0.165642)
(0.136209,0.01896)
(-0.024602,-0.0278655)
(0.0560261,0.0635637)
(-0.0680204,0.0796765)
(-0.131287,-0.0524295)
(0.516976,0.0675064)
(-0.0983351,-0.141149)
(-0.143167,0.00181211)
(-0.0103667,0.0544631)
(-0.110818,-0.073783)
(0.0948711,-0.0100408)
(0.089405,0.0600473)
(-0.0908703,-0.0495102)
(-0.034839,-0.221876)
(-0.047358,-0.0882617)
(-0.0558173,-0.0720574)
(0.611185,-0.15983)
(-0.128625,0.0482432)
(-0.0551517,-0.233147)
(-0.0977421,0.205129)
(-0.0212424,0.0691535)
(-0.0441842,-0.0279756)
(0.0465156,-0.0700375)
(-0.150625,0.0110395)
(-0.262182,0.0440643)
(-0.00248882,0.107288)
(0.0850103,0.0270511)
(0.0564609,-0.0227789)
(-0.0164455,-0.0108004)
(0.141911,-0.0312538)
(0.136962,-0.0406349)
(0.0700707,0.076751)
(-0.00916343,0.118298)
(-0.0853646,0.0204471)
(0.0019302,0.088423)
(0.0640754,0.00323377)
(-0.0696614,0.0356355)
(0.00949256,-0.000670477)
(0.0168205,0.0256462)
(-0.082056,0.0573759)
(-0.0299853,-0.101442)
(0.0385154,0.00917388)
(-0.103918,0.041778)
(-0.035192,0.0102107)
(-0.0109814,0.0171523)
(-0.0508502,-0.00546954)
(0.0659474,-0.0626248)
(-0.042306,-0.00776372)
(0.467645,-0.0334515)
(0.0235975,0.0790534)
(0.131455,0.0396117)
(0.0317153,-0.11641)
(0.02354,-0.0813658)
(-0.0291925,-0.0494024)
(0.0468116,0.161132)
(-0.01421,0.124636)
(0.00417339,0.032844)
(-0.0264671,-0.0133605)
(-0.0162778,-0.0306017)
(-0.00574604,0.00313718)
(0.483495,-0.0458057)
(0.160065,-0.0299773)
(-0.0977757,-0.0626155)
(-0.150353,0.0316356)
(0.103021,-0.0178841)
(-0.00582022,-0.0493866)
(-0.000503553,-0.112521)
(0.00846298,-0.00787647)
(-0.0957965,0.018144)
(0.145675,-0.034148)
(-0.212696,-0.0985034)
(0.165894,-0.0482374)
(0.0698921,-0.0762305)
(-0.00623141,-0.117465)
(0.0430768,0.0474718)
(-0.0484044,0.123566)
(0.458257,-0.163941)
(-0.265905,0.0582652)
(0.0716239,0.00917554)
(0.00420492,0.0906757)
(-0.109568,-0.0913285)
(-0.02745,0.000859307)
(-0.294111,0.153693)
(0.0826425,-0.0214806)
(0.0698455,0.0285439)
(0.0782857,0.0106294)
(0.0305585,-0.12479)
(0.172853,0.0688645)
(0.0930356,0.0336721)
(-0.0295667,0.0963895)
(0.10587,-0.0534623)
(0.653105,-0.310957)
(0.574514,-0.532467)
(0.0433114,-0.12265)
(-0.0187607,0.0932987)
(0.143074,-0.245175)
(0.0436764,0.105035)
(0.00704199,0.121686)
(0.073359,0.0535823)
(0.12658,0.0577913)
(-0.0371443,0.0200136)
(0.404884,-0.228067)
(0.177429,-0.159842)
(0.0386589,0.100063)
(0.0324969,-0.0215323)
(0.0807425,0.0116289)
(-0.0261649,0.0587755)
(0.486562,-0.318293)
(-0.0732198,0.0477157)
(0.198822,0.0128658)
(0.072292,-0.13014)
(-0.0313406,0.0465211)
(-0.0425245,0.0324352)
(-0.0428949,0.00340567)
(0.0115195,0.0569357)
(0.367968,-0.137331)
(0.39888,-0.11208)
(0.159214,0.137973)
(-0.00738366,0.203707)
(0.148003,-0.0591889)
(0.103891,-0.121323)
(0.106286,0.195549)
(0.15731,-0.106253)
(-0.00853893,-0.232247)
(0.0897676,-0.0355119)
(-0.0655436,-0.0416604)
(-0.112619,0.00466807)
(0.0640444,-0.0744449)
(0.0639254,0.051838)
(-0.112145,-0.00899789)
(0.0067024,0.103582)
(-0.07221,0.0279796)
(-0.0277969,0.0499661)
(-0.0156162,-0.0841789)
(0.0120399,-0.0413529)
(0.140704,0.0122389)
(0.186734,-0.0662577)
(0.0613073,-0.248906)
(-0.0430983,-0.0824242)
(-0.036015,0.0546089)
(0.11589,-0.0588295)
(0.0801328,-0.168578)
(-0.0175294,-0.136352)
(0.152006,-0.0458491)
(0.500358,-0.130442)
(-0.0519129,-0.0125861)
(-0.021456,0.10793)
(-0.224822,0.0559943)
(-0.122511,0.163759)
(-0.0494751,0.13962)
(-0.04696,-0.0786106)
(0.190026,0.0723782)
(0.0974388,-0.0514273)
(-0.0285114,-0.0232853)
(0.00830144,0.0263077)
(0.425938,-0.0966478)
(0.0638793,-0.0141062)
(0.0462075,0.116251)
(0.00197203,-0.0945202)
(0.0769796,0.101362)
(0.084633,0.0632918)
(-0.0532653,-0.168172)
(0.0435474,0.0436032)
(-0.0430982,0.0236283)
(-0.0685313,0.0930793)
(-0.088531,1.63137e-06)
(-0.0125648,0.0838943)
(0.373771,-0.272552)
(-0.184851,-0.0654664)
(0.049398,-0.165262)
(0.021533,-0.0557972)
(-0.186962,-0.0852914)
(0.0803716,-0.162034)
(-0.0777041,0.0777308)
(0.0057111,-0.139023)
(0.020723,-0.16218)
(-0.125261,0.101646)
(0.201772,-0.0540221)
(0.0167371,-0.0398545)
(0.0683869,-0.119073)
(0.0509995,-0.0421875)
(-0.0253654,-0.000239251)
(0.167939,0.235963)
(0.204835,-0.249908)
(0.148733,-0.150551)
(-0.0992138,0.0186773)
(-0.0517335,0.00307627)
(-0.143973,0.116899)
(-0.0324799,-0.218474)
(-0.0907758,-0.047424)
(0.203239,-0.106404)
(-0.0871545,-0.041836)
(-0.0428031,-0.0848847)
(-0.0798224,-0.0477518)
(0.0341319,-0.281459)
(0.0224037,-0.0660125)
(0.0250038,0.000406638)
(0.0573673,0.117315)
(0.0634315,0.162775)
(0.240066,-0.241486)
(0.135463,-0.0567504)
(0.0343887,-0.04412)
(-0.0912971,0.0142717)
(-0.0450048,-0.076583)
(0.00195589,-0.126571)
(-0.0294267,0.0797894)
(-0.0737536,-0.123932)
(0.046063,-0.178377)
(0.0426174,-0.141009)
(0.413936,-0.330229)
(-0.0214872,0.105471)
(0.546605,-0.0515115)
(-0.0531178,0.118669)
(-0.0304807,-0.0640287)
(-0.0796235,-0.130467)
(-0.0464749,-0.123681)
(0.0354157,0.160235)
(0.0977988,0.0466448)
(0.159591,-0.186082)
(-0.108365,-0.0170528)
(0.0847567,-0.220981)
(0.0964594,-0.0213441)
(0.420592,-0.211276)
(-0.0732765,0.12796)
(0.0432858,-0.0333016)
(0.101334,-0.0340317)
(0.108222,-0.00736749)
(0.0439359,-0.0115591)
(0.331815,-0.32345)
(-0.0245299,0.0580114)
(0.0179368,0.0631679)
(0.566478,0.230698)
(-0.0520669,-0.110088)
(0.00297222,-0.0666488)
(0.0799062,-0.0534433)
(0.137656,-0.0912754)
(0.172996,-0.279673)
(0.299071,-0.324717)
(0.471874,0.216579)
(0.393381,0.197387)
(-0.114123,-0.141151)
(-0.0521639,0.00293363)
(-0.120451,-0.126384)
(-0.0106163,-0.206493)
(-0.00879542,0.129762)
(0.0801071,-0.191676)
(0.058599,-0.0977323)
(-0.00522314,0.0100184)
(-0.135592,0.0311916)
(0.0224319,-0.0206324)
(-0.00334625,0.120912)
(0.047476,-0.0426672)
(0.0601122,-0.0462348)
(0.0907643,0.0127633)
(0.13788,-0.0556572)
(0.0877559,-0.217825)
(-0.0402342,-0.264127)
(0.0863342,0.070871)
(-0.0555157,0.111124)
(0.0583375,0.188149)
(0.100467,-0.105592)
(0.0615982,0.00909026)
(0.0303286,0.0197428)
(0.040423,0.0757748)
(-0.10081,0.111108)
(0.161369,0.152978)
(-0.0119931,0.119675)
(0.123794,0.152682)
(0.0888114,-0.00356761)
(0.0109983,-0.134425)
(0.0899518,0.055288)
(0.0175165,-0.217626)
(0.0139947,0.118747)
(0.407158,-0.0810255)
(0.0734007,0.0663743)
(0.794272,-0.00350873)
(0.0122527,0.213235)
(0.0565624,0.139049)
(-0.10893,0.148204)
(-0.016552,0.148861)
(0.122592,-0.0323898)
(-0.0282836,0.0395618)
(0.0610862,-0.0760973)
(-0.137341,0.0323372)
(-0.0418786,0.0430159)
(0.236291,-0.126401)
(0.105344,0.0265623)
(-0.0276733,0.130061)
(0.0748165,-0.0412953)
(-0.0750497,-0.0743377)
(-0.0289231,-0.00362284)
(-0.119041,-0.0199071)
(-0.0311261,-0.135286)
(-0.0561184,-0.0782142)
(-0.0320941,0.108853)
(0.0355079,0.223351)
(0.142752,-0.12424)
(0.211134,-0.0808677)
(-0.096665,0.0111444)
(0.0307186,-0.249466)
(0.0656721,-0.176709)
(-0.154494,-0.0120925)
(0.288755,-0.261824)
(0.0878235,0.201051)
(-0.0368559,-0.0716968)
(0.0946827,0.117416)
(-0.0360552,0.000408436)
(-0.166641,-0.0498916)
(0.145939,-0.0219784)
(0.330387,-0.0198129)
(0.452592,-0.23454)
(-0.0103582,-0.0134854)
(0.0842088,-0.0734102)
(0.029537,-0.0952031)
(0.177849,-0.0311335)
(0.339029,-0.0889909)
(-0.107692,0.0501719)
(-0.0422596,0.0906456)
(0.152845,0.0238777)
(0.0949681,0.0810367)
(-0.114827,0.0117394)
(-0.107997,-0.109373)
(-0.0733538,0.0326816)
(-0.0767389,0.0965867)
(-0.0961311,-0.0443317)
(0.366152,0.0770433)
(0.68724,-0.141505)
(-0.0132925,-0.0842173)
(-0.10479,0.0704486)
(0.284369,0.139738)
(0.135159,0.0351019)
(0.188774,-0.057351)
(0.140502,0.159675)
(-0.0423566,0.0759218)
(0.218539,0.111932)
(-0.00978722,-0.00214821)
(0.0579824,-0.0202535)
(0.008731,0.0661992)
(-0.0196324,-0.0662284)
(0.0735175,0.0118049)
(0.0028183,0.216178)
(0.0649714,0.027539)
(0.345938,0.0811414)
(0.789799,-0.270916)
(-0.0477759,-0.122219)
(0.0522016,-0.0463851)
(0.0635815,-0.0553105)
(0.0174896,-0.116614)
(0.078676,-0.0463062)
(-0.0286428,0.0315898)
(-0.222369,0.110609)
(0.110672,-0.0278661)
(0.101583,0.0584193)
(-0.102988,0.166966)
(-0.0610509,-0.146563)
(0.0915105,0.104461)
(-0.143395,-0.158833)
(-0.128135,0.0684862)
(-0.00495142,0.11503)
(-0.136402,-0.119605)
(-0.0993195,0.0198976)
(0.0315713,0.0975654)
(0.123093,-0.0324106)
(2.40594e-05,0.0995918)
(0.151381,-0.0243123)
(0.10206,-0.0129519)
(-0.0991393,-0.140458)
(-0.214721,0.117051)
(0.0418689,-0.129168)
(-0.079775,-0.203176)
(-0.17596,-0.246304)
(-0.259871,0.0664511)
(0.103652,-0.0232133)
(-0.0565482,0.0332298)
(-0.0513321,0.0100815)
(0.126117,-0.0198402)
(0.0350774,-0.0361355)
(0.0923005,0.0299025)
(0.076103,0.0198566)
(0.128181,-0.0217944)
(0.65369,-0.16217)
(0.0654424,0.0512904)
(0.0968234,0.0111334)
(-0.0335427,0.162681)
(0.000914199,-0.0546763)
(-0.0539111,-0.0798602)
(0.0302589,-0.000837367)
(-0.0725297,-0.131922)
(0.0505763,-0.00420818)
(-0.00985319,-0.176791)
(0.0152394,0.00491419)
(0.0111303,0.0310041)
(0.116614,0.0335454)
(0.01922,0.0430027)
(-0.11082,0.0937542)
(-0.00268867,0.0999042)
(-0.0362964,0.204397)
(-0.157606,-0.0192629)
(0.0361063,0.0300525)
(-0.0559514,0.0231302)
(0.00686046,-0.0347505)
(0.0776947,-0.0701933)
(-0.0710747,0.0805433)
(-0.080779,0.083001)
(0.114037,0.011689)
(-0.134249,0.0405751)
(-0.167043,-0.0945424)
(-0.0397959,0.0935148)
(0.0699246,-0.0534819)
(-0.0312605,0.000617518)
(0.0360942,-0.0602063)
(0.0692753,0.0438321)
(-0.110466,-0.00443741)
(0.0512157,0.0737529)
(0.116007,0.00737088)
(0.18979,-0.0374086)
(0.131584,0.0732754)
(0.161219,-0.0207249)
(-0.0452428,0.0468431)
(0.0648712,0.157024)
(0.0360101,0.207542)
(-0.0909836,0.155581)
(-0.0373187,0.173673)
(0.11211,-0.0290016)
(-0.0564634,-0.0387317)
(-0.0326439,-0.110964)
(0.0874634,0.0375025)
(0.00331941,0.0449453)
(0.0484796,-0.102688)
(0.0150224,-0.0897804)
(-0.112187,0.0102981)
(-0.0820454,-0.0975869)
(0.125505,0.0131983)
(-0.0455637,-0.019112)
(0.596191,-0.328552)
(0.0330553,-0.0127375)
(0.0882262,0.110992)
(0.0841555,0.0662397)
(0.00543098,-0.118392)
(0.116934,0.0365975)
(-0.0655882,0.0469077)
(0.126807,0.106606)
(0.0881814,-0.0656002)
(0.117557,0.114661)
(-0.0526117,0.00157773)
(0.00727928,-0.0391268)
(-0.0186331,0.059121)
(-0.0444397,-0.0299554)
(-0.0585596,0.107452)
(0.111059,-0.0415093)
(-0.123785,0.0826728)
(0.0526807,-0.153527)
(-0.147231,-0.0266088)
(0.0208457,-0.0555747)
(-0.0818181,-0.110109)
(-0.0456215,-0.165345)
(-0.00430387,-0.158855)
(0.0724338,0.0153496)
(0.0259124,-0.10009)
(0.663732,-0.0949726)
(0.6533,0.10611)
(-0.10831,0.117301)
(0.436741,0.0906729)
(0.0244232,0.06412)
(0.35704,-0.186657)
(0.328946,-0.0772016)
(-0.113044,0.0668556)
(0.509413,-0.0444112)
(0.224622,0.252637)
(0.142039,0.573849)
(0.11798,-0.0287887)
(-0.0942653,0.159406)
(-0.161053,0.00350052)
(-0.081154,-0.00777328)
(-0.000592287,-0.0740585)
(0.0193588,-0.144856)
(0.0564129,-0.111237)
(-0.123687,-0.17294)
(-0.104429,-0.024833)
(0.0304654,0.0680743)
(-0.0642222,0.0569563)
(0.0480196,0.0623965)
(-0.0392736,-0.0650457)
(0.139235,0.0916013)
(-0.158855,-0.0503032)
(0.135272,-0.130109)
(0.103622,0.049971)
(-0.0952568,-0.141176)
(0.000976934,0.137261)
(-0.0744505,-0.0164815)
(-0.0405357,0.0836033)
(-0.0301972,0.131882)
(0.00971509,0.014494)
(-0.0477462,0.0168762)
(-0.0339754,0.120182)
(-0.0613929,0.0262627)
(-0.166359,0.200674)
(-0.00750964,0.0119831)
(0.0232234,0.0577125)
(-0.0155364,-0.179443)
(0.0110274,0.0740646)
(-0.0723767,0.0244899)
(-0.113799,-0.0145728)
(0.0448325,0.0964526)
(-0.0800709,0.254367)
(-0.0675893,0.1888)
(0.0127571,-0.044843)
(0.544644,-0.0634803)
(0.0480487,0.0181143)
(-0.0196728,0.0485584)
(-0.0574429,0.0266961)
(0.0889208,0.0307947)
(-0.0162636,-0.100907)
(-0.0306685,-0.118362)
(0.793558,0.159976)
(0.848091,0.181388)
(0.629941,0.107152)
(0.101041,0.0178598)
(0.659445,0.0307322)
(0.108651,0.0900045)
(0.154883,-0.0708424)
(-0.0394076,-0.0185774)
(0.0401151,0.165151)
(0.18396,-0.0428114)
(0.0393083,0.198905)
(-0.161888,-0.0887396)
(-0.16709,-0.133668)
(0.0469942,-0.0482739)
(-0.053396,0.0625437)
(0.0836692,-0.291049)
(0.633539,0.0236753)
(-0.0313799,0.137599)
(-0.225969,-0.0226724)
(0.0875019,0.0661472)
(-0.0496328,0.0251146)
(-0.0205359,-0.0466869)
(0.0278159,0.0478635)
(0.0646694,-0.0501219)
(0.12047,0.0641448)
(-0.0682228,0.0853416)
(0.224791,0.225554)
(0.0415713,0.137889)
(-0.140448,-0.0195465)
(-0.123814,0.0272344)
(0.110343,0.106675)
(-0.116691,0.0439154)
(-0.149801,-0.00993688)
(0.108024,-0.174473)
(-0.0872218,0.108682)
(0.0373784,0.0314482)
(0.0138376,-0.0558041)
(0.0261228,-0.0098158)
(-0.0391409,-0.0377996)
(-0.0248688,0.127851)
(-0.0473301,0.0899423)
(0.0188833,-0.0211757)
(0.0252516,0.0765862)
(-0.0289315,0.028805)
(0.138184,-0.0786362)
(-0.118987,0.116712)
(-0.0574972,-0.0253924)
(-0.133416,0.0702294)
(0.0135781,-0.0189156)
(-0.0865781,0.148852)
(0.0314961,0.228657)
(0.0129784,-0.0313637)
(-0.0850381,-0.0528273)
(-0.108032,0.056915)
(-0.129203,-0.0761716)
(0.0254972,-0.144632)
(0.0651315,-0.00803755)
(-0.11471,-0.139053)
(-0.0921297,0.0212632)
(0.000550161,0.106044)
(-0.0879631,-0.0622349)
(-0.00110954,0.0871694)
(0.0034905,0.035905)
(0.0300492,0.0704501)
(-0.0644262,-0.0316927)
(0.00839581,-0.0958746)
(-0.0295662,0.0273981)
(0.28452,-0.273613)
(0.167401,0.0770488)
(-0.149532,0.0755722)
(0.0432125,-0.0425492)
(-0.148879,0.0754943)
(0.110174,-0.0423344)
(-0.143137,0.0168141)
(0.00303181,0.0579108)
(0.0196526,0.0222371)
(-0.183329,-0.164527)
(0.136427,-0.125349)
(0.0745029,0.169025)
(0.129595,0.139189)
(-0.0670036,-0.14167)
(-0.00011259,-0.054532)
(-0.0738325,-0.119846)
(0.0831165,-0.0887696)
(0.0706521,0.0464792)
(0.162898,-0.101606)
(0.0401562,0.0555327)
(-0.0453195,-0.00842207)
(-0.0302295,-0.187789)
(-0.0507044,0.0357948)
(-0.0535111,0.0508166)
(0.623791,0.25005)
(0.0863656,0.0981006)
(-0.028717,0.135378)
(0.044966,0.0268935)
(0.0667005,0.10087)
(0.166513,-0.0421678)
(0.0417471,-0.154199)
(-0.0955636,-0.0264135)
(-0.00229461,0.0642898)
(0.804376,-0.197078)
(-0.0348197,0.214775)
(-0.014411,0.219833)
(-0.205301,-0.0276968)
(0.806996,0.253973)
(0.0794581,-0.0311348)
(0.0603485,0.0524353)
(-0.0376877,0.173574)
(0.116453,-0.174161)
(-0.0352169,0.0235632)
(0.115139,0.00888948)
(0.0441054,0.159323)
(0.184009,-0.235527)
(0.048176,-0.0869497)
(0.0422789,-0.0414533)
(-0.159288,0.0499048)
(-0.00810595,0.106871)
(-0.119201,0.17239)
(-0.0264645,-0.0162468)
(0.436614,-0.0809129)
(-0.122727,-0.0598913)
(-0.0645795,0.0528232)
(0.0471767,-0.148435)
(-0.0170574,0.050117)
(0.0333945,-0.00392444)
(-0.00573053,0.0350866)
(0.228461,-0.354109)
(0.0509414,0.123599)
(0.448366,0.00254708)
(-0.0847247,0.00317599)
(0.00901327,-0.0615542)
(0.0813838,-0.206831)
(-0.0562774,0.0137033)
(0.340615,-0.0292056)
(-0.0916285,-0.0303609)
(0.0638205,-0.057482)
(-0.170925,0.0604675)
(0.0908435,-0.100392)
(0.189467,-0.0260813)
(0.199423,-0.0659134)
(0.2862,-0.0236042)
(-0.00514579,0.0293108)
(0.0561769,0.00388572)
(0.325962,-0.169764)
(-0.0045553,0.0762743)
(0.077038,0.0701492)
(0.180639,-0.129194)
(0.0903453,0.068414)
(-0.0141588,0.0367698)
(0.469977,-0.0271111)
(-0.0930076,0.0356831)
(0.410438,-0.00250229)
(0.409985,-0.264807)
(0.137036,-0.0617586)
(0.508246,0.0273417)
(-0.0195155,-0.168003)
(0.0578997,-0.150767)
(0.053617,-0.0901499)
(-0.0340815,-0.0319961)
(0.0454888,-0.00606316)
(0.088071,0.174016)
(0.0396055,-0.186275)
(-0.278935,0.26548)
(0.0495129,-0.153325)
(-0.21746,0.292177)
(-0.129195,-0.0213808)
(-0.00315864,-0.00775399)
(-0.0854842,0.0213017)
(-0.156465,0.0215206)
(0.07722,0.0153019)
(-0.0499082,0.0140915)
(-0.145397,0.102871)
(0.0449068,-0.329229)
(0.0153929,0.0638129)
(-0.13814,0.12604)
(-0.0378936,-0.162604)
(0.140379,-0.121475)
(0.15748,-0.0180777)
(0.157823,-0.117822)
(0.0999916,-0.131727)
(0.570696,0.0137058)
(-0.107664,0.138931)
(0.0641876,0.0111692)
(0.0728712,0.00627733)
(-0.0494733,0.0403041)
(0.0668601,0.0576303)
(0.39774,0.118738)
(-0.0109175,-0.0146678)
(0.130049,0.0466015)
(0.0827233,-0.0811868)
(0.076785,-0.142512)
(0.0672074,0.00183779)
(0.0970158,0.0654293)
(-0.00111465,0.0519842)
(-0.133199,0.0672401)
(-0.0115403,0.120044)
(0.439712,-0.101214)
(0.0343755,0.0586821)
(0.524284,-0.165257)
(-0.0104154,0.0832911)
(-0.00863132,0.0452648)
(0.271837,-0.354421)
(-0.103268,-0.15665)
(0.0383918,0.0298915)
(0.0270728,0.053293)
(0.312174,-0.372211)
(-0.0960062,-0.120393)
(0.0750579,-0.260876)
(-0.213312,0.123528)
(0.127736,0.00888563)
(0.0826238,0.10258)
(-0.033991,0.114428)
(0.0101058,-0.116303)
(0.0853904,0.0178422)
(0.0306114,-0.108956)
(0.0696697,0.0181367)
(-0.0596689,0.0450188)
(0.0542128,0.079709)
(0.140056,0.143899)
(0.107219,0.0693451)
(0.158997,-0.0670538)
(0.0827102,-0.0708171)
(-0.0223521,0.0488789)
(0.0387509,-0.0343685)
(-0.100544,-0.00492122)
(-0.124769,0.114836)
(0.0136019,-0.0185519)
(-0.00351367,0.0519157)
(-0.0478296,-0.0276822)
(7.39188e-05,0.226687)
(0.0780826,0.0508367)
(-0.022303,-0.0852648)
(-0.118209,0.107546)
(0.137258,-0.00615902)
(-0.0467729,-0.0756304)
(0.077291,-0.109994)
(0.100934,0.053206)
(0.0107295,0.0568942)
(0.555229,0.149285)
(0.0802873,-0.0124297)
(0.139759,0.0335072)
(-0.123465,-0.136908)
(0.319811,-0.170324)
(-0.109637,-0.0360163)
(0.210661,0.0559356)
(-0.0461008,-0.116378)
(0.197285,-0.140852)
(0.130418,-0.0599534)
(-0.0317983,-0.153003)
(-0.0416198,-0.0522814)
(0.442082,-0.149846)
(-0.0222118,-0.115654)
(0.118106,-0.0212558)
(0.323033,0.104179)
(0.0994167,0.0620379)
(-0.109802,0.0436785)
(0.1021,-0.0930027)
(0.524723,-0.0851453)
(0.158247,0.0218663)
(0.138405,-0.070226)
(0.195538,0.0730729)
(-0.0509456,0.0910875)
(-0.143938,-0.167103)
(0.0299615,0.0552735)
(-0.020797,-0.0336572)
(-0.115591,-0.0284655)
(-0.0329604,-0.110654)
(-0.0188879,-0.0405119)
(0.0403673,-0.0143025)
(0.506671,-0.486768)
(-0.0979116,0.0755717)
(0.152883,-0.135425)
(0.149069,-9.99032e-05)
(0.0327887,-0.220745)
(-0.0373705,-0.0492872)
(-0.262963,0.0860251)
(0.0924676,-0.0698727)
(-0.169739,-0.251358)
(-0.0062127,-0.0795194)
(-0.244084,-0.00620045)
(-0.141221,-0.00959332)
(0.447439,-0.279117)
(-0.00669696,-0.13926)
(0.0293036,-0.031486)
(-0.283245,0.257493)
(-0.00634654,-0.0358301)
(-0.349768,-0.0320856)
(-0.0509509,-0.0274778)
(0.243303,0.133039)
(0.209584,-0.115501)
(0.233992,-0.00393381)
(0.00362897,-0.131354)
(0.00339561,-0.179692)
(0.565005,0.0640022)
(0.48603,-0.182003)
(-0.235311,-0.149907)
(0.362751,-0.475729)
(0.445198,-0.68518)
(0.268702,-0.184686)
(-0.133137,0.0648249)
(-0.0410415,-0.0300191)
(-0.197739,0.198286)
(-0.00440004,0.202826)
(-0.21215,0.106901)
(-0.0446043,-0.114698)
(0.0664735,-0.135203)
(-0.121066,0.155123)
(-0.114814,-0.013764)
(-0.127635,-0.0375149)
(0.0629176,0.145905)
(0.203372,-0.0480461)
(0.0618694,0.0516261)
(0.220662,-0.0918917)
(0.0922155,0.130401)
(0.184429,-0.127246)
(0.0386756,-0.0682863)
(-0.0422197,0.0826276)
(0.366833,0.0372545)
(0.808619,-0.314344)
(0.0153068,0.0765318)
(0.551495,-0.398781)
(-0.122416,-0.021565)
(-0.0638017,-0.030822)
(0.486895,-0.0134639)
(0.31341,-0.0764111)
(0.647968,-0.163104)
(0.54399,-0.377278)
(-0.0285139,-0.11705)
(0.633359,-0.232556)
(-0.00979969,0.144678)
(-0.0380258,0.420683)
(-0.132467,-0.0909845)
(0.0707768,-0.119568)
(-0.0648443,0.0622366)
(0.0935266,0.0251498)
(0.116851,-0.0220146)
(-0.027823,0.0637919)
(0.0675625,0.0719926)
(0.0394375,0.0921012)
(-0.0271621,-0.0914144)
(0.0411334,0.238818)
(-0.0815026,-0.0950089)
(0.119495,0.232466)
(0.0296166,-0.129193)
(-0.0435081,-0.103885)
(0.0590401,0.0283711)
(-0.131868,0.0755374)
(0.00700214,0.00869071)
(0.589232,-0.285898)
(-0.0460468,-0.046258)
(-0.0559028,-0.0448603)
(0.00750459,-0.038781)
(0.169605,-0.106301)
(0.0369387,-0.0125535)
(0.00644074,-0.0143737)
(0.197221,0.185077)
(0.00248148,0.0195725)
(0.947361,-0.103895)
(-0.00558564,0.0261035)
(0.329922,0.145797)
(-0.0645688,0.190181)
(-0.0283911,0.0270544)
(-0.15347,0.0777143)
(-0.104874,-0.107076)
(-0.0518067,-0.135936)
(-0.114681,0.046252)
(0.0129446,-0.122294)
(0.056191,0.101534)
(-0.0500427,-0.0277026)
(0.0490515,-0.0847991)
(0.0537239,-0.0135021)
(-0.0328731,0.0909406)
(0.526409,-0.0902762)
(0.300511,0.0706135)
(-0.0569757,-0.0898361)
(0.000431342,-0.132499)
(-0.0312051,-0.043799)
(-0.0584956,-0.192559)
(0.396505,0.154398)
(-0.0477412,-0.0156468)
(-0.0315844,0.0879849)
(-0.000671691,0.0698018)
(0.0229924,0.018324)
(0.348605,0.0486461)
(-0.0287883,-0.0480249)
(-0.00233112,-0.241597)
(0.194312,-0.1778)
(0.117966,-0.134503)
(0.528714,0.0114737)
(0.0446991,-0.00594304)
(-0.0376815,0.0914496)
(0.00256823,-0.107065)
(0.00609332,-0.221714)
(-0.0256632,-0.264207)
(0.472213,0.120428)
(0.379033,-0.159372)
(0.905256,-0.4774)
(0.0269736,-0.00778387)
(-0.160131,-0.0533605)
(0.423219,-0.11349)
(0.0434693,0.054374)
(0.11997,0.0214984)
(0.441527,-0.197468)
(-0.036616,-0.154157)
(0.105997,0.100075)
(-0.117572,-0.0616566)
(-0.111745,-0.134868)
(-0.283994,-0.0753646)
(0.118089,-0.00957338)
(0.0759092,-0.153889)
(0.253991,-0.142518)
(0.31505,0.0707096)
(0.387954,0.0221515)
(0.113592,-0.0302625)
(-0.0858679,0.134157)
(0.165357,-0.115477)
(0.100416,0.31779)
(0.210636,-0.175035)
(0.378698,-0.300517)
(-0.00260469,0.0365215)
(-0.166075,-0.219637)
(-0.0805802,-0.166507)
(0.40766,-0.363077)
(-0.208431,0.216735)
(0.124459,0.11165)
(-0.228681,-0.237896)
(0.924466,0.274707)
(0.0440669,0.0111084)
(-0.358191,0.01316)
(0.357123,-0.162956)
(0.280557,0.0364855)
(0.0732998,0.109137)
(0.103599,0.0605463)
(-0.107362,0.0241353)
(0.0992516,-0.0451361)
(-0.251027,0.0704811)
(-0.0703626,-0.0465255)
(-0.12584,0.0298515)
(0.539568,0.0905997)
(0.56749,-0.245388)
(0.786816,-0.00742127)
(0.778661,0.0530001)
(0.823457,-0.222726)
(0.0858261,-0.0337083)
(0.191766,0.0162442)
(0.153057,0.0447079)
(0.190295,-0.0728982)
(-0.00117678,-0.00781061)
(-0.0599086,-0.00215042)
(0.353838,0.106481)
(0.741064,-0.0231415)
(0.596684,0.396527)
(0.563785,0.060413)
(0.750146,-0.0859149)
(-0.0714512,0.0254678)
(0.421505,-0.268478)
(-0.0763521,0.206085)
(0.0340254,0.0656077)
(0.0994966,-0.0152928)
(-0.0315903,-0.0825519)
(-0.229729,-0.0198918)
(0.0202571,-0.0568865)
(0.160004,-0.0294136)
(0.0466211,-0.0665229)
(-0.0867582,0.112552)
(0.544158,-0.0768487)
(0.0634228,-0.105167)
(0.47873,-0.0035738)
(0.492172,-0.0730218)
(0.348733,-0.189376)
(-0.0602019,0.0590609)
(-0.172805,0.0292101)
(0.185687,-0.00562143)
(0.832201,-0.0211503)
(0.163952,0.180943)
(0.0936877,-0.148495)
(0.382169,-0.123547)
(0.433682,-0.326751)
(0.375358,-0.120175)
(0.262434,-0.283549)
(0.718526,-0.213886)
(0.554749,-0.102543)
(0.0218591,-0.0853506)
(0.00246265,-0.303804)
(0.224898,0.0366415)
(0.00749236,0.220497)
(0.0031412,-0.0887383)
(0.213425,-0.256942)
(0.0679576,0.0466055)
(0.0997814,-0.017563)
(0.144842,0.351042)
(-0.0613798,-0.0818133)
(-0.0441248,0.293967)
(0.119358,0.000625087)
(0.423562,-0.171281)
(0.562493,-0.212539)
(0.0092293,0.0715603)
(-0.0920817,0.182802)
(-0.141879,0.197489)
(0.139046,-0.0547902)
(0.432078,-0.0845528)
(0.0148342,-0.0286291)
(0.118731,0.188078)
(-0.039817,0.108389)
(0.500213,0.191487)
(0.0762648,0.0465168)
(0.385701,0.0329389)
(0.0174055,-0.00175847)
(-0.130579,0.0227401)
(0.170223,-0.0917497)
(-0.0878249,0.000419003)
(0.462573,-0.487375)
(0.0260789,-0.0124003)
(0.505478,-0.254368)
(0.321469,-0.340711)
(0.00114778,0.000643397)
(0.587002,-0.0863198)
(0.100983,-0.0341679)
(0.494492,-0.15142)
(-0.0505758,-0.0031937)
(0.430711,-0.00777766)
(-0.0364901,0.15266)
(-0.0867855,0.100335)
(0.0277888,0.0618944)
(-0.0261061,0.0412727)
(0.079966,0.094131)
(-0.108108,-0.00735098)
(0.0926919,0.0666636)
(0.117074,0.0658614)
(-0.051877,0.00612464)
(-0.00706683,0.102612)
(0.339355,-0.236499)
(0.524829,-0.427661)
(-0.0304879,-0.0810303)
(0.200867,0.0854957)
(-0.071086,-0.101915)
(0.522504,-0.326728)
(-0.0569884,-0.0602)
(0.470972,-0.32745)
(0.382831,-0.0682585)
(-0.0846963,-0.0705751)
(0.0147072,-0.0665066)
(0.691124,-0.170033)
(-0.156317,-0.0283979)
(0.00125758,-0.0889983)
(0.0381678,-0.258148)
(0.376555,-0.193725)
(0.250429,-0.415988)
(0.0295046,-0.02455)
(0.152589,-0.214035)
(0.362452,-0.26602)
(-0.135156,-0.0471711)
(0.831429,-0.0882108)
(0.618946,-0.0377499)
(0.000483884,0.0242989)
(0.199707,-0.229503)
(-0.0478918,0.230171)
(0.328167,-0.195784)
(0.0353201,0.309208)
(0.108939,0.0258472)
(-0.0516814,0.083671)
(0.137277,0.101682)
(-0.16751,-0.0103359)
(-0.142919,-0.0587796)
(0.102128,-0.0640237)
(0.00556472,-0.0759806)
(0.43214,-0.157179)
(-0.0558732,0.0718737)
(-0.0802828,0.0547299)
(0.0136775,-0.0167415)
(0.0604848,-0.0248655)
(0.00787895,-0.0545103)
(0.110682,0.0933387)
(-0.0635935,0.0575596)
(-0.0192281,0.331319)
(-0.123449,0.061901)
(-0.00951864,-0.0329774)
(0.337597,0.170916)
(0.552105,-0.0835888)
(-0.0465061,0.00962539)
(0.173692,-0.0531178)
(0.0542735,0.0197659)
(0.10747,-0.0572407)
(0.0617796,-0.0074638)
(-0.042057,0.144162)
(0.280496,0.244088)
(0.50624,-0.103417)
(0.509424,-0.744442)
(0.146083,0.295073)
(0.105838,0.0403845)
(0.919106,-0.749124)
(-0.0678106,0.0747021)
(-0.0730015,-0.00767801)
(-0.170903,-0.0475309)
(0.695897,0.144699)
(0.166326,0.0516545)
(0.334277,-0.14415)
(-0.0665038,0.0758228)
(0.250151,0.0998625)
(0.413583,-0.0859301)
(0.479711,0.0553556)
(0.460041,-0.219205)
(0.247688,0.0451143)
(-0.226487,0.00746684)
(0.477053,0.0115253)
(-0.0876412,0.0950018)
(-0.0567008,-0.0782391)
(-0.054835,-0.0865039)
(0.414966,-0.00119746)
(-0.0956564,-0.0713427)
(0.477463,-0.0579125)
(0.097805,0.115799)
(0.183974,-0.136696)
(0.0604048,-0.090503)
(-0.0832693,-0.0932252)
(0.0900277,0.190682)
(-0.0536543,0.1594)
(-0.00460679,0.114912)
(-0.0655239,0.0638312)
(-0.121649,-0.0162902)
(0.615063,-0.316595)
(-0.0134394,-0.0504988)
(-0.102386,-0.0250011)
(0.609339,-0.631896)
(-0.0489316,-0.0633885)
(-0.127586,-0.0313706)
(-0.0959521,-0.111984)
(-0.0696878,-0.0274108)
(-0.131378,0.0531224)
(0.0749367,0.00339276)
(-0.248563,0.00470456)
(-0.118493,-0.0087625)
(0.0439666,0.0809565)
(0.0495326,0.327709)
(-0.0623757,-0.0560732)
(0.782207,-0.556383)
(-0.14463,0.0714465)
(0.437834,0.0301865)
(0.368025,-0.13201)
(0.664332,-0.326073)
(-0.159274,-0.0272274)
(0.535376,-0.196406)
(0.726584,-0.0415619)
(0.645823,-0.15369)
(-0.24448,0.0015296)
(-0.0210849,-0.00182418)
(-0.0651332,0.130377)
(-0.00665246,-0.0538844)
(0.726952,-0.187809)
(0.464496,-0.298508)
(0.0696576,0.0262672)
(-0.0262345,-0.0122176)
(0.00907829,0.021093)
(-0.0426587,0.0536955)
(0.222485,-0.223845)
(-0.0444398,0.0906571)
(-0.00108706,0.0580972)
(-0.0375754,0.0590568)
(0.0268755,0.0260701)
(0.49866,0.0454426)
(-0.115072,0.059853)
(0.488914,-0.080727)
(0.0977483,-0.0490547)
(0.0906436,0.251654)
(0.0849834,0.253162)
(0.445838,-0.0880392)
(0.107889,-0.0955186)
(0.286524,0.30142)
(0.848178,-0.191147)
(0.030026,-0.0811429)
(0.0281266,0.0211328)
(-0.0902803,0.132198)
(-0.124829,-0.134487)
(-0.130216,0.14665)
(0.00590232,0.0360704)
(0.52268,-0.161832)
(0.403618,-0.0537335)
(0.172243,0.0348681)
(-0.0616434,0.128817)
(0.0288769,0.0895111)
(0.116681,0.0341359)
(-0.0108509,0.176466)
(-0.00600946,0.0279878)
(0.443053,-0.167903)
(0.428159,0.0679455)
(0.390918,-0.0196427)
(0.0163099,0.0352242)
(0.480357,-0.114074)
(-0.0350372,-0.0693855)
(0.0695425,-0.0182356)
(0.0306595,0.000660705)
(0.160625,-0.0387972)
(0.00819846,-0.0618112)
(0.152435,0.115992)
(0.337927,-0.212014)
(0.632077,0.0261284)
(0.708057,-0.318594)
(-0.0494793,0.0297027)
(0.755726,-0.147422)
(0.0371754,-0.0261747)
(0.469109,-0.361138)
(0.360767,-0.16992)
(0.0220532,-0.0661965)
(1.08211,0.393173)
(0.409407,-0.188578)
(0.930625,0.609621)
(0.891051,-0.0893052)
(0.476133,-0.527133)
(0.0801222,0.220146)
(0.495657,0.179611)
(0.21454,0.134098)
(0.278463,-0.349248)
(0.050434,0.0374005)
(0.423355,-0.375197)
(0.469946,-0.296847)
(-0.0248253,0.115068)
(-0.111256,0.18921)
(0.00590323,0.133799)
(0.125284,-0.122492)
(0.387476,-0.0239867)
(-0.252569,-0.071001)
(0.592476,-0.383296)
(-0.0897346,-0.117477)
(0.349911,-0.102508)
(-0.159901,-0.100553)
(-0.138604,-0.00297959)
(0.668621,-0.182868)
(-0.198252,0.014461)
(-0.0338884,0.25262)
(0.264794,-0.210719)
(0.0869898,-0.0532605)
(0.0420745,-0.134541)
(0.0545433,-0.125843)
(0.177757,-0.0547324)
(0.0547139,-0.0861019)
(-0.0846289,-0.105464)
(0.516057,0.203983)
(0.370227,-0.786936)
(0.347814,0.0264858)
(0.10477,-0.0952981)
(-0.0379091,0.084007)
(0.739462,-0.115096)
(-0.146501,0.0638489)
(0.125902,-0.0500831)
(-0.080119,-0.0529989)
(-0.0930863,0.0575517)
(0.64249,0.35745)
(0.549514,0.0782379)
(0.744112,-0.0324232)
(0.597451,-0.0899583)
(0.351916,-0.140689)
(0.0984413,-0.0798438)
(0.492165,-0.283058)
(0.546771,-0.269361)
(0.0411242,-0.0215935)
(0.349307,-0.182678)
(0.489278,-0.709809)
(0.103876,-0.0199866)
(-0.0392663,0.216216)
(0.555877,-0.254927)
(0.0911301,-0.0385397)
(0.0349275,0.115209)
(0.408378,-0.155578)
(-0.213585,0.0435315)
(-0.0261643,0.0530524)
(0.0638061,0.220578)
(0.0582695,-0.0805536)
(0.56605,-0.0228512)
(0.177129,-0.0503425)
(0.0630222,0.0281378)
(0.0837675,0.0414107)
(0.528479,-0.0132484)
(-0.0205331,-0.186254)
(0.0728903,-0.0435345)
(-0.148475,-0.130332)
(0.0789654,-0.0750097)
(0.210715,-0.0757766)
(-0.0682425,-0.022304)
(0.105045,-0.0171942)
(-0.0743268,-0.0649389)
(-0.0967937,0.0985276)
(0.0489785,-0.10252)
(-0.0336921,-0.0455852)
(0.48389,-0.282356)
(-0.0294858,-0.119611)
(0.57746,-0.315799)
(-0.0297694,-0.0908426)
(-0.0216585,-0.076263)
(0.19464,-0.0650836)
(0.373468,-0.0949394)
(0.462961,-0.237599)
(-0.0831079,-0.0413551)
(-0.166499,0.0181518)
(-0.0377585,-0.0203818)
(-0.0673831,0.00267411)
(-0.000480138,0.00941928)
(-0.0765915,0.0206023)
(-0.159705,-0.0350186)
(0.0339224,0.125946)
(-0.0785116,0.184846)
(-0.0800004,0.0964682)
(-0.0818714,-0.117668)
(0.554392,0.203319)
(-0.0542904,0.103643)
(-0.0703216,0.0260407)
(-0.0945784,-0.0169264)
(0.0157793,-0.0432929)
(0.137094,0.0150899)
(0.0280518,-0.114324)
(0.041006,0.100338)
(0.14883,0.0461009)
(0.401922,-0.298867)
(0.124111,-0.0837672)
(0.521817,-0.276006)
(0.00936026,0.0174216)
(0.0427437,0.0379303)
(0.181307,0.143292)
(0.150509,0.0201233)
(0.133994,0.146093)
(0.0593852,0.0144729)
(0.021901,-0.109572)
(0.0645866,-0.0589464)
(0.0493106,-0.0405621)
(0.00253286,-0.0386375)
(0.624839,0.0599613)
(0.602489,0.289228)
(0.138582,-0.00177153)
(0.0622739,0.247772)
(0.0783363,0.0625742)
(0.697235,-0.319216)
(0.0833614,-0.0863255)
(0.194357,-0.0786312)
(0.619492,-0.350451)
(0.199517,-0.0852513)
(0.0603605,-0.0618657)
(-0.107779,-0.110778)
(-0.100716,-0.15736)
(0.1094,0.000294552)
(0.00340157,0.0729892)
(0.448103,-0.00561433)
(0.473244,-0.167926)
(-0.0555825,0.133177)
(-0.0645295,0.198261)
(0.177249,0.183963)
(0.0158468,0.0801388)
(0.086227,0.264933)
(-0.0692279,0.0901331)
