1620
(0.0463013,-0.14756)
(-0.0140762,-0.0623425)
(-0.0037075,0.0211894)
(-0.00420894,-0.10307)
(0.0921227,0.0378985)
(-0.100176,0.180389)
(-0.0466477,-0.0783849)
(-0.099806,-0.0768221)
(-0.112454,0.125194)
(-0.104979,-0.00201204)
(-0.0733383,0.0111142)
(0.0908528,0.165427)
(0.0458181,0.0566135)
(0.070376,-0.0169106)
(0.0927001,0.0522243)
(-0.0039837,0.0245869)
(0.0308886,-0.027773)
(0.0268951,0.178543)
(4.77254e-05,0.163042)
(-0.0608054,-0.0030691)
(-0.0313741,-0.0133261)
(-0.00472672,0.0122423)
(0.0604299,-0.0232091)
(0.0501701,-0.0994244)
(-0.245296,0.162515)
(0.130569,0.0963516)
(0.136264,-0.0151493)
(0.123601,-0.0335041)
(-0.0996936,0.0703023)
(0.0772274,0.0503578)
(-0.105508,-0.0245956)
(0.181934,0.00447256)
(-0.212551,0.0340752)
(0.0401747,0.372892)
(0.149337,0.0610114)
(0.11816,0.00467193)
(0.132691,-0.0694234)
(-0.083934,-0.029603)
(-0.00911046,-0.0532701)
(0.0905737,-0.112448)
(-0.0626104,-0.257549)
(0.0130363,0.0511883)
(-0.0962214,-0.0860141)
(0.0564301,0.0473244)
(-0.187641,0.0844145)
(0.334354,-0.274674)
(0.224021,-0.0567279)
(0.0449873,-0.234366)
(-0.0905901,0.145661)
(-0.120913,-0.16915)
(0.0963842,-0.0896763)
(-0.00968472,-0.072919)
(0.0100193,0.072737)
(-0.049779,0.0291192)
(-0.00918554,0.0621273)
(0.0719321,0.0297366)
(0.0358161,0.00291262)
(-0.194269,-0.0343354)
(-0.0369515,-0.0223761)
(-0.170991,-0.200814)
(-0.0256766,-0.0456309)
(-0.102496,0.120022)
(-0.143988,-0.183264)
(0.506719,-0.0623176)
(-0.0486155,-0.00530856)
(-0.0560511,-0.0134271)
(-0.040423,-0.156539)
(-0.0549184,-0.0591908)
(-0.0194489,0.0464651)
(-0.0190793,-0.0162901)
(-0.207181,0.211776)
(-0.103659,-0.0160302)
(-0.0172827,0.0858309)
(0.0362316,-0.0545098)
(-0.453381,0.014609)
(0.0510749,0.162832)
(0.0906006,0.0771597)
(0.0169081,0.166645)
(-0.144486,-0.209896)
(0.283205,0.209013)
(-0.176669,-0.042947)
(0.136521,-0.0297944)
(-0.080677,0.0199706)
(0.0111367,0.193931)
(0.0396158,0.169355)
(0.132427,0.168933)
(-0.0497282,0.143827)
(0.186628,0.284822)
(-0.0873141,-0.0664609)
(-0.0506677,0.0488097)
(-0.00430565,-0.00694595)
(0.105547,0.18818)
(0.402817,-0.234576)
(0.109498,0.293642)
(0.252438,0.200279)
(0.203451,-0.183301)
(0.0590044,0.252135)
(0.394834,0.179068)
(0.0196188,-0.190941)
(0.0285386,-0.190988)
(0.131899,-0.0317048)
(0.00472697,0.13143)
(-0.0132611,-0.0782587)
(-0.0920175,-0.108228)
(-0.0515883,-0.0673432)
(0.740719,-0.328197)
(0.0217946,-0.098705)
(-0.109862,0.0462773)
(0.0119701,0.282192)
(0.113915,-0.0813443)
(-0.10139,0.354121)
(0.650478,0.411177)
(0.734221,-0.211397)
(-0.133504,0.0268816)
(0.14364,-0.0478226)
(0.112374,0.0192733)
(0.211409,0.0446273)
(0.222169,0.23214)
(-0.0147223,0.0327739)
(1.06825,0.0859941)
(0.411066,-0.0768368)
(-0.0311261,-0.0405503)
(0.393137,-0.576935)
(0.177216,0.0514454)
(0.429049,-0.33386)
(0.00090281,-0.00718191)
(0.101879,-0.00477979)
(0.197712,0.0812733)
(0.556645,-0.0202795)
(-0.160466,0.0368053)
(-0.143849,0.0437481)
(-0.202614,-0.0649123)
(0.0845607,-0.123912)
(-0.110323,0.0170961)
(-0.0433089,0.114969)
(-0.132392,0.120782)
(0.106269,0.0665002)
(0.183335,-0.00844708)
(0.681708,-0.00730127)
(-0.0860045,0.195715)
(0.00660345,0.433248)
(0.117803,0.146551)
(0.148267,-0.067489)
(0.0358452,0.131903)
(-0.00129435,0.0744344)
(0.0413652,0.127721)
(-0.0204341,-0.0582004)
(0.4192,-0.312428)
(0.281705,-0.137557)
(0.122146,0.199812)
(0.206725,0.244519)
(0.173835,0.101778)
(0.272015,0.0547112)
(0.0341906,-0.127001)
(0.620622,-0.404699)
(0.0726728,-0.218322)
(0.10399,0.142956)
(0.217034,-0.333364)
(0.132875,0.0681606)
(-0.154925,0.245888)
(0.110196,0.182327)
(0.00232922,-0.282073)
(0.0512779,0.0290639)
(-0.00945967,0.0521701)
(-0.072648,-0.0265123)
(-0.284548,0.061062)
(0.0159021,0.0348088)
(0.0886274,0.159123)
(0.0118041,-0.157942)
(0.0928803,-0.239293)
(-0.0386628,-0.0112938)
(-0.0989424,0.0393297)
(0.928236,0.235423)
(1.2699,0.0619731)
(0.148201,0.18356)
(0.141484,-0.139806)
(-0.136323,0.123052)
(-0.186786,0.0302303)
(0.154185,0.170676)
(0.293398,0.013488)
(0.164243,0.19935)
(0.203198,-0.0811414)
(0.16877,-0.0879829)
(0.188264,0.16459)
(0.161113,0.331715)
(0.176349,-0.0913166)
(-0.0694328,-0.0913828)
(0.241696,-0.149257)
(0.278297,0.021639)
(0.282468,-0.298678)
(0.46543,-0.201363)
(0.906964,-0.563431)
(0.685547,-0.736823)
(0.00450827,0.082665)
(0.0312013,-0.162623)
(0.0745414,0.0893872)
(0.0172793,0.139952)
(-0.0181547,0.0223782)
(-0.0990017,0.0135783)
(0.0551847,-0.00378817)
(-0.13204,0.0109051)
(-0.184608,-0.0989289)
(0.0919479,0.196108)
(-0.102942,0.0157911)
(-0.0106943,0.144028)
(-0.146625,-0.0190813)
(0.512213,0.212169)
(0.834329,-0.28361)
(0.112817,0.0637653)
(0.308908,-0.494438)
(0.0901944,-0.023005)
(0.39127,-0.297482)
(0.677199,-0.095089)
(-0.187272,0.242128)
(-0.0592295,0.0650765)
(0.00449083,0.00596695)
(0.0597243,-0.0792546)
(0.108282,-0.651505)
(0.140302,-0.728521)
(-0.211211,-0.0903069)
(-0.0400144,-0.0987542)
(0.126314,0.283971)
(0.0147861,-0.0756608)
(0.467534,-0.970874)
(0.172447,0.128847)
(0.144014,0.130399)
(0.621654,-0.54008)
(-0.0934957,-0.0289846)
(-0.198355,0.247395)
(-0.0130881,-0.167157)
(-0.097396,-0.0646074)
(0.524623,-0.0459207)
(0.766518,0.104871)
(0.690196,-0.169249)
(1.3286,-0.189497)
(0.142273,-0.0703774)
(-0.137113,-0.0339491)
(-0.13672,-0.11355)
(0.23435,0.0214658)
(-0.120309,-0.00928928)
(-0.0243871,0.00222317)
(-0.0555168,-0.074345)
(-0.163587,-0.111296)
(-0.142951,0.0123867)
(-0.066632,-0.0741284)
(0.069719,0.0452726)
(0.0111976,-0.0839568)
(0.0107912,-0.256339)
(0.0846952,0.0434286)
(-0.0388149,0.148124)
(0.225509,-0.243347)
(-0.047128,0.0189741)
(0.107755,-0.21658)
(0.0285414,-0.0898905)
(-0.188215,-0.0172125)
(-0.133599,0.096019)
(0.247393,-0.0802087)
(-0.0530558,-0.101206)
(-0.0423632,-0.128585)
(0.135811,-0.0989067)
(0.0276361,-0.063577)
(0.118785,0.0805765)
(-0.05619,-0.039687)
(-0.0167217,0.113014)
(0.474361,-0.166653)
(0.11207,0.297512)
(-0.0856337,0.0506101)
(0.0915949,0.106425)
(0.0379383,-0.0505491)
(0.0337974,-0.215697)
(0.161915,-0.0243563)
(0.0791265,-0.087785)
(-0.0338113,-0.00213513)
(0.0797504,-0.0218497)
(-0.16066,-0.106916)
(0.424757,-0.00463539)
(0.00127441,-0.0607074)
(-0.0735053,-0.0784936)
(0.0346523,-0.00996272)
(-0.104578,-0.401158)
(-0.0650601,-0.262398)
(-0.0316194,-0.0799743)
(-0.0781664,-0.133584)
(-0.0747282,-0.0950431)
(0.0658119,-0.195558)
(0.214835,0.106108)
(0.152698,0.0554894)
(-0.103348,-0.210034)
(0.0795217,-0.00891259)
(-0.0469176,-0.0715707)
(0.0584981,-0.194592)
(-0.169055,-0.248266)
(0.193975,-0.128073)
(-0.123626,0.00974127)
(-0.00788031,0.0155373)
(0.0798621,0.140412)
(0.230834,-0.258758)
(-0.0475073,0.152441)
(-0.202861,0.157662)
(0.128898,0.0708754)
(0.153627,0.146724)
(0.0720739,0.0184397)
(-0.173576,-0.00672293)
(-0.02875,-0.0191252)
(0.0464329,-0.0676269)
(0.10108,-0.0243903)
(-0.0597005,-0.0435192)
(0.839235,-0.411228)
(-0.0694654,0.0254581)
(-0.125616,0.0108049)
(0.040939,-0.0664511)
(0.275915,-0.121372)
(0.0372432,-0.155098)
(-0.291755,-0.0334801)
(-0.0337857,0.0405557)
(-0.0321651,0.120472)
(-0.127785,-0.0688477)
(-0.117592,-0.0421638)
(0.158099,-0.0225149)
(0.985167,-0.247041)
(-0.344825,-0.239517)
(0.0946543,-0.0837214)
(-0.0804747,-0.0680093)
(-0.102759,-0.0620187)
(0.0603228,-0.237009)
(0.18511,-0.175407)
(0.0713508,-0.0537239)
(-0.032504,-0.0101639)
(0.0576783,0.0400869)
(-0.0124841,0.00378864)
(-0.0361163,-0.19148)
(-0.0212631,0.200863)
(-0.00147069,0.121211)
(0.0596539,0.015002)
(-0.167054,-0.0912579)
(0.356059,-0.027922)
(-0.0990854,-0.018005)
(0.0715803,-0.0396299)
(-0.249132,-0.139887)
(-0.117245,-0.19321)
(0.21729,0.0632724)
(-0.0668014,0.150071)
(-0.109692,0.0315957)
(0.0053215,0.0601942)
(-0.051072,-0.0152214)
(-0.0406523,-0.0794828)
(-0.114918,0.0852709)
(0.0838117,0.174423)
(-0.0835199,0.0118764)
(0.202432,-0.129007)
(0.711205,0.236465)
(0.997211,0.126165)
(-0.148902,-0.189376)
(0.0840919,-0.103511)
(0.704297,-0.150686)
(-0.126728,0.086368)
(-0.0243784,-0.329369)
(0.190417,0.1152)
(-0.140733,0.141638)
(0.00217838,-0.160801)
(0.371619,-0.0839135)
(0.319027,0.0443334)
(-0.0186469,0.138593)
(0.153679,0.059053)
(-0.0866613,0.0793002)
(0.274397,-0.0917921)
(0.542162,-0.414791)
(-0.10296,-0.0653368)
(0.130717,0.317679)
(0.160742,0.181946)
(-0.166568,-0.0314814)
(-0.080221,0.0167296)
(-0.231323,-0.0647511)
(0.0712302,0.0655401)
(0.380813,-0.295184)
(0.695715,-0.294897)
(-0.0134127,-0.0936397)
(-0.0865984,-0.0684979)
(-0.0465018,0.0537105)
(0.0318967,-0.00141557)
(-0.0779166,0.0447081)
(0.203793,0.0883709)
(0.596698,-0.168299)
(-0.00868079,-0.155524)
(-0.0822266,-0.119046)
(-0.13737,-0.10671)
(-0.0193132,-0.0159844)
(0.0712749,0.131695)
(0.0273313,-0.0602165)
(-0.15594,-0.0378195)
(-0.0328086,-0.190552)
(0.0168015,-0.0407331)
(-0.0258382,0.152497)
(0.03509,0.227859)
(0.104297,0.132074)
(0.109742,0.094938)
(0.121515,0.284053)
(-0.17099,0.0572206)
(0.019022,0.105286)
(-0.0414037,-0.0741935)
(0.0589888,-0.108091)
(0.0814371,0.0482387)
(0.00742066,0.0945125)
(0.290402,-0.203374)
(0.0444723,-0.157511)
(-0.18716,-0.0134829)
(0.00811546,0.210458)
(-0.0489088,0.0190348)
(0.0461129,-0.278074)
(-0.0282932,-0.264277)
(-0.137255,0.0159817)
(-0.0046741,0.107678)
(0.0193647,0.19)
(-0.158222,-0.020464)
(-0.0488254,-0.216643)
(0.179897,0.128617)
(-0.102331,-0.120914)
(0.18673,-0.0778782)
(-0.0426286,-0.0304742)
(0.0390975,0.0849292)
(-0.233938,-0.147841)
(-0.0586065,0.16896)
(0.1001,-0.0493029)
(0.114574,0.017978)
(0.174298,0.0554426)
(0.056866,-0.195389)
(0.534304,0.0780114)
(-0.0395835,0.00642113)
(0.155235,0.0219916)
(0.171082,0.0140335)
(-0.0105269,-0.00778367)
(0.0128333,0.0360021)
(-0.153035,-0.237565)
(-0.0291571,-0.173246)
(-0.08429,-0.0263877)
(0.000331184,-0.0926422)
(0.269786,-0.0369085)
(0.0128191,-0.0417841)
(0.0427124,-0.0169198)
(0.0616991,0.0581363)
(0.165183,0.125738)
(-0.0136768,-0.0376311)
(-0.0600043,0.0314638)
(0.269244,-0.0821284)
(-0.149689,-0.107493)
(-0.0304336,0.00864097)
(-0.0741255,0.0541559)
(-0.0117364,-0.23142)
(-0.0366305,0.145774)
(0.702955,-0.0619658)
(-0.0154688,0.0911574)
(0.158782,0.0068894)
(-0.00331826,0.238001)
(0.0657998,-0.0454526)
(-0.245524,0.0416983)
(0.117451,0.020686)
(0.155199,0.124447)
(-0.110282,-0.0564368)
(0.16917,0.013933)
(-0.0929393,-0.0255569)
(0.201455,0.0277431)
(-0.163619,-0.00289859)
(-0.00784602,-0.0145695)
(0.0571417,0.058629)
(-0.120421,0.0261061)
(-0.0419135,-0.0309394)
(0.0741143,0.0733243)
(0.0675647,0.0847107)
(0.549004,0.229722)
(0.136766,-0.0168312)
(0.327352,-0.511054)
(-0.119696,0.00119505)
(0.199992,0.110172)
(0.104438,0.143197)
(-0.0356464,-0.0816861)
(0.283541,0.115639)
(0.11097,0.327815)
(0.0167667,-0.117146)
(-0.0540903,0.0794801)
(-0.00825731,0.110771)
(0.0538713,0.13886)
(0.795596,0.269736)
(0.324132,0.109085)
(-0.0589212,0.0566105)
(-0.0412231,0.0981713)
(-0.00560071,0.08857)
(-0.157001,-0.0380996)
(0.504839,0.124012)
(-0.013001,0.0161787)
(0.11483,0.11773)
(0.198337,0.00309839)
(0.0664324,-0.0915506)
(-0.213091,0.0688756)
(-0.224307,0.0626519)
(-0.0525184,0.00431173)
(0.664299,0.0219136)
(0.680232,-0.297902)
(0.864537,0.182837)
(0.618966,-0.277526)
(0.405371,0.138923)
(0.198441,0.108616)
(0.194113,-0.0378915)
(0.166057,-0.104769)
(0.356356,0.017604)
(0.0355034,-0.209865)
(-0.0642704,-0.179366)
(-0.0757682,-0.00332252)
(0.0089056,0.0325946)
(0.238137,-0.0480864)
(-0.0850943,-0.0397594)
(0.0805678,-0.0328762)
(0.0727752,0.0180688)
(0.0654265,0.0681006)
(0.0119522,0.105743)
(-0.0875277,-0.0982511)
(-0.111467,-0.173321)
(0.0128051,0.0213398)
(0.192131,-0.032594)
(0.169301,0.131065)
(-0.0646576,-0.143796)
(-0.106984,0.125776)
(-0.104404,-0.166377)
(-0.0617449,0.186769)
(-0.116656,-0.0743548)
(0.152473,0.118388)
(-0.0502867,0.105213)
(-0.068008,0.0982138)
(0.0781377,0.0103808)
(-0.159553,0.0948065)
(-0.139514,-0.0671622)
(0.0968244,0.0461998)
(-0.158523,-0.250816)
(0.481951,-0.0838598)
(-0.144488,-0.208045)
(0.418351,-0.0282736)
(0.0507136,0.137268)
(0.1834,-0.00915979)
(0.1719,0.0785453)
(-0.267165,-0.133337)
(0.0427808,0.17174)
(-0.26166,-0.0812134)
(0.0389803,0.0777906)
(0.0651599,-0.142076)
(-0.107115,0.147503)
(-0.229663,0.409399)
(-0.0780011,0.0546614)
(-0.172309,0.17805)
(-0.268512,0.00767994)
(0.181433,0.271039)
(-0.143789,0.137028)
(0.162711,-0.00837144)
(0.0262934,-0.103786)
(-0.0502276,-0.0416342)
(-0.0461308,0.385449)
(-0.0614522,0.017669)
(-0.125961,0.215239)
(0.151784,-0.0641816)
(0.0870556,0.051672)
(0.149615,0.158901)
(0.0976471,0.161524)
(-0.0214983,0.00493616)
(0.551685,-0.151586)
(0.0274214,0.119625)
(0.105242,-0.168388)
(0.0332916,-0.0358655)
(0.13227,-0.271869)
(0.0119681,0.136043)
(0.0293823,-0.0668628)
(0.248655,-0.199365)
(0.539063,-0.218731)
(-0.0709963,-0.0288122)
(0.0193411,-0.0146267)
(-0.0672648,0.0143738)
(0.119432,-0.248805)
(1.02053,0.150623)
(-0.06319,-0.0872994)
(0.00264254,-0.0321926)
(0.0165635,0.141641)
(-0.032809,0.0674367)
(0.203402,0.158064)
(0.0787066,-0.0839028)
(0.224348,0.264089)
(-0.374747,0.0505739)
(0.0231884,-0.0293941)
(0.0678058,0.23112)
(0.465855,-0.251536)
(-0.0937807,-0.0677078)
(-0.272854,-0.128864)
(-0.0441652,0.292772)
(-0.00578587,0.222595)
(0.145629,0.0319502)
(-0.0230528,0.163295)
(-0.0389446,0.0448692)
(0.00691576,-0.0444666)
(0.0979122,0.0790458)
(-0.0330082,0.0947163)
(0.135873,0.0735204)
(-0.0245524,0.0378606)
(-0.0381059,0.0768552)
(-0.0228959,-0.0318713)
(-0.00460812,0.0931263)
(0.180743,-0.253882)
(0.259122,0.330539)
(-0.14534,-0.06385)
(-0.123881,-0.151082)
(0.07519,0.128038)
(-0.103307,-0.0866899)
(-0.0527913,-0.0352644)
(-0.0104561,0.0687932)
(-0.174253,0.183716)
(-0.0818579,-0.0583717)
(0.0995757,0.03813)
(-0.198007,0.151877)
(0.165866,0.0445616)
(0.0215081,0.0734821)
(0.220204,-0.219949)
(-0.0189997,-0.265586)
(0.0903037,0.117464)
(0.0755708,-0.230102)
(-0.00217147,-0.0967785)
(-0.01804,0.0188264)
(0.2414,-0.0534165)
(0.187487,-0.207833)
(-0.158975,0.0170759)
(0.171786,0.0591451)
(0.120661,-0.171843)
(0.0455535,-0.306042)
(-0.0758673,-0.0895854)
(-0.0829903,-0.0607987)
(0.00221842,-0.0459643)
(-0.161968,0.0951701)
(-0.123881,-0.0680655)
(-0.0228875,-0.0269757)
(-0.0241903,-0.0231499)
(-0.147785,-0.0565282)
(-0.045615,-0.0956221)
(-0.143269,-0.0727409)
(0.0303324,-0.0727853)
(-0.0522352,-0.0144992)
(0.919874,-0.103604)
(0.279709,-0.0527535)
(-0.109371,-0.00101018)
(0.0076659,0.0836284)
(-0.0347013,0.124124)
(0.126325,0.103851)
(-0.073723,-0.146716)
(-0.0819711,0.0205507)
(0.19772,-0.0371747)
(0.367997,0.308352)
(0.0903592,-0.355075)
(-0.104885,0.0817133)
(-0.0168286,-0.0715288)
(0.026887,-0.167198)
(0.0592955,-0.162551)
(0.32799,0.0329542)
(-0.12181,-0.0639618)
(0.194587,-0.0113177)
(-0.0817312,-0.0476522)
(-0.0818345,-0.179909)
(-0.168529,0.191106)
(0.189378,0.0151691)
(-0.0603289,-0.0329921)
(-0.0388845,-0.0813573)
(-0.117222,-0.0107775)
(0.0512291,-0.158469)
(0.261079,-0.195059)
(-0.0788043,-0.0313125)
(-0.0146381,-0.000352319)
(0.145876,-0.474144)
(-0.218921,-0.0720845)
(0.110031,-0.0962553)
(0.117797,-0.121821)
(0.0820719,-0.179542)
(0.0844034,-0.0383868)
(0.0179196,-0.147328)
(0.0711006,-0.028322)
(0.127614,-0.185288)
(0.104966,0.0636114)
(-0.000444381,0.00173649)
(0.0378223,-0.0090831)
(0.0383765,-0.0638887)
(0.0310391,-0.128115)
(-0.0220712,0.0755886)
(0.168383,-0.127555)
(-0.24205,-0.00390623)
(0.0544761,0.12087)
(0.0209052,0.0755292)
(0.0665981,0.107904)
(-0.0981702,0.161332)
(-0.0447121,0.0391056)
(0.10992,0.0456387)
(-0.0144281,-0.0372029)
(0.0449393,-0.0694546)
(0.132717,0.271147)
(0.0164526,-0.0157968)
(-0.0201047,0.148472)
(-0.153078,0.253401)
(-0.035106,-0.0703195)
(0.0155806,0.0249745)
(0.0316372,0.00436277)
(0.0549257,0.136898)
(0.115647,-0.0632085)
(0.0820955,0.130077)
(0.046807,-0.0218422)
(0.0610416,-0.0657767)
(-0.0285714,-0.0620459)
(0.0188819,0.0247294)
(-0.048613,0.247863)
(0.128583,-0.000266473)
(-0.0612292,0.0279775)
(0.0700523,-0.0409302)
(0.0106302,-0.319784)
(0.0390942,-0.0807007)
(-0.0331569,-0.180631)
(0.115414,-0.180343)
(0.144665,-0.109321)
(-0.0845711,-0.170536)
(0.0418776,-0.0113314)
(0.47955,0.0212416)
(0.192238,-0.193005)
(0.110448,0.12443)
(0.0313135,-0.0618623)
(-0.0281152,-0.0572165)
(0.633088,-0.0071973)
(0.628056,-0.133985)
(0.034212,-0.232006)
(0.531933,-0.0570131)
(0.177165,-0.958666)
(0.0547473,-0.777835)
(0.224145,0.0692284)
(0.0408774,0.0358116)
(0.0222298,-0.0342651)
(0.0630139,-0.123517)
(-0.0678454,-0.252042)
(-0.115195,-0.145257)
(-0.203281,-0.0547429)
(-0.0621606,-0.0668467)
(-0.00436872,0.117193)
(0.00690586,0.0142979)
(0.00654159,0.000248372)
(-0.072377,-0.0769778)
(0.0258357,0.0741122)
(-0.138016,-0.0109637)
(0.0585346,0.13768)
(-0.102049,-0.00426002)
(0.0450146,-0.0858934)
(0.120105,-0.0344325)
(-0.00405224,-0.0624521)
(-0.100699,0.00273081)
(-0.285815,-0.205972)
(0.0746168,-0.0579351)
(-0.178311,-0.0853358)
(-0.0953052,-0.00977003)
(-0.213603,-0.0621648)
(-0.100125,-0.0563482)
(0.137323,0.208891)
(-0.219221,-0.164069)
(0.281518,0.0811891)
(-0.0115739,-0.164491)
(-0.16632,-0.0195331)
(-0.00149527,-0.144913)
(0.0750597,-0.295012)
(-0.1057,-0.222567)
(-0.088873,-0.295934)
(-0.180136,0.0307231)
(0.142417,-0.10389)
(0.940544,0.0230921)
(0.0300751,-0.0167314)
(-0.0464355,0.116751)
(-0.0828614,-0.0936489)
(0.0234421,0.107191)
(0.0298096,-0.0352992)
(0.161732,-0.134356)
(0.564659,0.279571)
(0.691457,0.0249598)
(0.253555,0.111753)
(0.228315,0.110229)
(0.438134,0.32956)
(0.351098,0.106373)
(0.14148,-0.00961963)
(0.0721251,0.0498516)
(0.104034,0.138481)
(0.333043,-0.357352)
(0.152026,0.147509)
(-0.129461,-0.0764152)
(-0.14306,-0.115197)
(0.519907,-0.24738)
(0.0620256,-0.0296742)
(-0.0380283,0.28759)
(0.472009,-0.272826)
(-0.028069,-0.0868172)
(-0.0626199,-0.14672)
(0.193979,0.209763)
(0.0630102,0.0950871)
(0.0458894,-0.0562779)
(-0.053358,0.175868)
(0.209129,-0.0627515)
(-0.0745574,0.270987)
(-0.375392,-0.127064)
(-0.184064,-0.235804)
(-0.0013642,0.0116345)
(0.0382807,0.0933938)
(-0.0840778,-0.110173)
(-0.100345,0.395907)
(-0.0627482,-0.0857854)
(-0.098916,0.0535218)
(-0.114698,-0.18937)
(-0.0380063,-0.0609298)
(0.0235055,-0.0359277)
(0.258312,0.0450185)
(0.0395216,0.234617)
(-0.13546,-0.179361)
(-0.11606,-0.00666447)
(-0.171944,0.0482533)
(-0.0282083,0.301458)
(0.0146759,0.13537)
(-0.0349894,0.0617145)
(-0.302673,0.0140335)
(-0.0315639,0.0770855)
(-0.00885802,-0.0245473)
(0.0678629,0.0973332)
(-0.0256577,-0.0325809)
(-0.239524,0.0906158)
(0.0322254,0.0993886)
(-0.0691815,0.146938)
(0.071677,-0.0379106)
(0.163513,0.146114)
(-0.142927,0.022088)
(0.0162064,0.0868314)
(0.000211764,-0.115319)
(0.0185386,-0.00727965)
(0.142798,0.205078)
(-0.139194,-0.0145752)
(-0.1156,-0.0246245)
(0.0589661,0.114851)
(-0.11726,-0.0761254)
(0.0200369,-0.097691)
(-0.0304684,0.0458589)
(0.0174252,0.05668)
(0.00113706,-0.144143)
(0.506384,0.00697139)
(0.114796,0.0662078)
(0.0189752,0.14407)
(0.0175474,0.0160478)
(-0.109171,-0.0179873)
(-0.053412,-0.167709)
(0.12286,0.285985)
(0.00829288,-0.331014)
(0.0817673,0.0402611)
(0.189025,0.0268394)
(-0.0401191,0.0377397)
(-0.164322,-0.0621519)
(-0.095676,-0.102032)
(0.120099,-0.0333673)
(-0.256794,0.182829)
(-0.139779,-0.130186)
(0.194917,0.0819765)
(-0.135804,-0.132038)
(0.00180502,0.0678017)
(-0.0927482,-0.0257388)
(-0.0141812,0.0235209)
(-0.401508,0.163977)
(0.13183,0.115054)
(0.0377594,-0.0792777)
(0.418754,-0.448512)
(-0.161214,-0.0511749)
(-0.175861,-0.0755379)
(-0.139979,-0.0393324)
(0.123994,0.10074)
(-0.229107,-0.0563474)
(-0.0486378,0.0707784)
(0.120636,-0.296212)
(0.287224,-0.168577)
(0.483231,0.411533)
(0.0843721,-0.0420537)
(0.314612,0.125629)
(0.0357639,-0.204133)
(0.112306,0.143923)
(0.0593147,0.0827468)
(-0.0542989,0.0545917)
(0.0890618,0.173761)
(-0.0653623,-0.0278377)
(-0.105865,0.0790032)
(0.0512636,-0.0588157)
(-0.167563,0.0269446)
(0.242205,-0.0506075)
(0.287,0.0527708)
(0.0946661,0.133681)
(-0.18415,-0.043805)
(-0.180902,-0.111422)
(-0.00371704,0.167493)
(-0.0650616,-0.232651)
(0.178942,-0.0998983)
(-0.271709,-0.0192938)
(0.0811355,-0.106004)
(0.090345,0.0137152)
(0.0507822,0.10021)
(0.0769454,-0.191163)
(0.0470164,-0.147125)
(0.631968,0.0674614)
(-0.120739,-0.0492223)
(0.36519,-0.641799)
(-0.0988564,-0.0258371)
(-0.140953,-0.0448028)
(-0.11611,0.239745)
(0.0268705,0.0545164)
(0.381866,-0.459059)
(0.22592,0.101805)
(0.537533,0.0307781)
(0.0544439,0.104949)
(-0.116685,0.00373294)
(-0.026313,-0.0719647)
(0.0595668,0.0675749)
(0.463882,-0.287478)
(0.070291,-0.0245666)
(0.0726449,0.131338)
(0.302885,-0.47083)
(0.00992304,-0.104458)
(0.058314,0.00613549)
(0.166331,-0.443916)
(0.0545229,-0.0565625)
(0.0330649,0.137239)
(0.435489,-0.317168)
(-0.131736,-0.121784)
(0.37065,-0.23701)
(0.319995,-0.330276)
(0.238674,0.132721)
(0.453374,-0.286734)
(0.107578,-0.168679)
(0.137665,-0.0909709)
(-0.0894187,0.0796694)
(-0.10819,0.145645)
(0.0222771,0.172505)
(0.0934947,4.11043e-05)
(0.118196,-0.123966)
(-0.225549,0.0792969)
(-0.0215107,-0.201005)
(-0.226322,0.0508639)
(-0.214201,-0.128046)
(0.214601,-0.00374337)
(-0.165174,-0.129043)
(-0.238876,-0.0441786)
(-0.039315,0.227076)
(-0.0124102,-0.0819666)
(-0.0650551,-0.140869)
(0.722606,0.0712115)
(-0.0824322,0.0833778)
(0.210664,0.0839867)
(-0.0639246,-0.0762406)
(-0.0718129,-0.235232)
(-0.0518344,0.0158114)
(0.413143,0.135015)
(0.0516465,0.0413622)
(-0.0490873,0.410371)
(-0.0121008,-0.0446275)
(-0.0713308,-0.000563331)
(0.486194,0.0531089)
(0.129038,-0.0436368)
(0.0183533,0.0472946)
(0.570018,0.445124)
(0.176563,-0.0156103)
(0.102984,0.26524)
(0.129037,0.243725)
(0.163937,-0.0326612)
(0.190928,-0.0744334)
(0.0520679,0.0899129)
(0.0977126,-0.155061)
(0.189842,-0.067858)
(-0.00477422,0.158972)
(0.596409,0.0137503)
(-0.0465269,0.0564549)
(0.586215,-0.112569)
(0.0261275,-0.225947)
(0.00701695,-0.223567)
(0.803601,0.267475)
(-0.17594,-0.0767967)
(-0.10791,0.102247)
(-0.028262,-0.165351)
(0.735334,0.00996019)
(0.0560289,-0.0502097)
(-0.0692462,0.177526)
(0.151725,-0.26426)
(0.0821547,-0.052191)
(0.080191,-0.0935543)
(0.106681,0.0127229)
(-0.138264,0.18643)
(-0.0380402,0.0300889)
(9.14665e-05,0.0782724)
(0.202141,-0.161328)
(-0.181237,0.0931297)
(-0.0156226,-0.186055)
(-0.14835,0.0398154)
(-0.0948488,-0.0131352)
(0.0331863,-0.183782)
(-0.0438326,-0.0213129)
(0.0721785,-0.0706601)
(0.0288499,-0.0402761)
(-0.0687561,-0.174203)
(-0.0560198,-0.190568)
(0.059793,0.0548384)
(0.110894,-0.0471252)
(0.109897,0.0760916)
(-0.172146,-0.0431192)
(-0.0310733,0.0743163)
(-0.111957,0.0442079)
(-0.11345,0.0462622)
(0.156528,0.0481579)
(-0.0861529,-0.1244)
(-0.09269,0.125215)
(0.0364149,0.111919)
(-0.0366274,-0.12073)
(0.398037,0.388972)
(0.0243931,-0.137156)
(-0.126106,-0.0343809)
(0.052669,0.017283)
(0.104785,-0.180412)
(0.016152,-0.0283727)
(-0.0238567,-0.174468)
(-0.0529071,0.0174092)
(-0.0109355,0.00808041)
(-0.00587893,-0.134481)
(-0.0476805,-0.0777516)
(-0.150004,0.00252691)
(0.145583,-0.154012)
(-0.037577,-0.115867)
(0.110654,0.105538)
(0.666949,-0.0117158)
(-0.118909,-0.0601173)
(0.0671158,0.0812443)
(0.00453568,-0.0583553)
(0.321982,-0.395622)
(0.0585812,0.109993)
(0.0823801,-0.0384865)
(0.223406,0.122831)
(-0.127819,0.110725)
(0.144128,-0.0403885)
(0.0528642,0.0681977)
(0.0456896,0.0535536)
(0.0495966,0.0998516)
(0.305348,-0.0822378)
(0.14912,0.110362)
(0.0375833,0.201766)
(0.56913,0.160694)
(-0.00342061,-0.0443485)
(0.0417821,0.0474864)
(0.032951,0.0308321)
(0.13916,-0.0170437)
(0.0282498,-0.0558007)
(0.309763,0.00662775)
(0.0175531,0.153963)
(0.00184178,-0.0687842)
(0.0626679,-0.225185)
(0.164201,-0.00542702)
(-0.306762,-0.250282)
(0.378478,-0.303369)
(0.0682342,-0.0449842)
(0.0446764,0.0244785)
(-0.275863,0.00118486)
(-0.139471,-0.19105)
(0.0103171,-0.15363)
(-0.0200737,-0.111999)
(-0.0214129,0.139138)
(0.339659,-0.112021)
(0.179298,-0.00279033)
(0.20815,0.0386365)
(0.175824,0.00331348)
(0.440649,0.118564)
(0.170864,0.044396)
(-0.171902,-0.0355242)
(0.316704,0.0455927)
(0.779769,0.184094)
(0.269602,-0.11407)
(-0.0351405,0.103508)
(-0.0629751,0.144701)
(0.325629,-0.458412)
(0.202036,-0.518945)
(0.427719,-0.234026)
(0.0418928,-0.0254047)
(0.156989,-0.0911056)
(-0.0276385,-0.112784)
(0.124405,-0.147906)
(-0.106356,-0.0823133)
(-0.186942,-0.0238306)
(0.191279,0.193021)
(-0.0793625,0.0823854)
(0.148356,-0.136861)
(-0.140305,0.0146507)
(0.315354,-0.57871)
(-0.142776,0.0242792)
(0.040918,0.068993)
(0.453577,0.236019)
(0.611207,0.00471655)
(0.052264,0.0116155)
(0.327722,-0.221874)
(-0.0953873,0.0257072)
(-0.0760471,0.00480229)
(0.510405,-0.36504)
(0.161407,-0.157743)
(0.0719663,-0.273179)
(0.372907,-0.100654)
(0.0625581,-0.0870477)
(0.432663,-0.245154)
(-0.0892511,0.154982)
(-0.335707,-0.230499)
(-0.210763,-0.0567881)
(0.1359,-0.149469)
(-0.130729,0.210853)
(-0.0189446,-0.149759)
(0.022422,0.0624943)
(0.0245567,-0.00134558)
(0.0500944,0.0398774)
(-0.162487,0.00680871)
(-0.00416948,-0.134794)
(-0.177513,-0.128714)
(0.000301624,-0.116938)
(0.325878,0.125637)
(0.0850247,-0.107766)
(-0.105898,0.155285)
(-0.0271608,0.17358)
(-0.015173,0.0932722)
(-0.347565,-0.234793)
(0.642811,-0.15007)
(-0.0686022,0.136998)
(-0.0737051,-0.0036633)
(-0.00849686,0.0134356)
(0.0960141,-0.0330692)
(-0.0728206,0.0174898)
(-0.0585677,0.278921)
(0.0235362,-0.0751208)
(-0.347837,-0.118598)
(0.883933,-0.228243)
(0.0764772,0.149407)
(0.318265,0.114167)
(0.00205553,0.00669927)
(-0.0582134,0.00843368)
(0.117619,0.00639015)
(0.036898,-0.146789)
(0.112306,-0.144712)
(0.00595376,-0.0901215)
(0.160348,-0.0854992)
(0.00117364,0.152284)
(0.00131557,0.0139225)
(0.230322,-0.115621)
(0.294946,0.099167)
(0.200295,0.193302)
(0.60851,-0.276839)
(0.383245,-0.0578926)
(-0.0426665,-0.129909)
(0.170116,0.102694)
(0.0482744,0.0102486)
(0.189807,-0.00459603)
(0.241248,-0.0549289)
(-0.0344782,0.0515943)
(0.116083,0.0328186)
(0.160743,0.0397268)
(0.122574,0.000273238)
(0.649591,-0.260826)
(-0.0669941,0.0926913)
(0.159879,0.276683)
(0.0329939,0.474881)
(0.130258,0.247617)
(0.524316,-0.0878407)
(0.114753,0.0596478)
(0.0621188,0.0673623)
(0.223249,0.222284)
(0.05247,-0.00262884)
(0.156986,0.031864)
(0.519118,-0.104452)
(0.710186,-0.386708)
(0.332858,-0.455342)
(0.333161,0.18064)
(0.0952194,0.035978)
(0.623597,-0.167527)
(0.236795,0.248736)
(0.336569,0.0172782)
(0.603781,-0.212409)
(0.18239,0.0791916)
(-0.0824341,0.00508316)
(0.102563,-0.0655563)
(0.152312,0.194073)
(0.0792564,-0.0301489)
(0.512446,-0.0670545)
(0.542313,-0.176019)
(0.343975,-0.367593)
(0.50809,-0.117553)
(0.652705,-0.4166)
(0.0128205,0.0797353)
(-0.0743265,0.241468)
(0.0215573,0.145797)
(-0.356054,-0.123263)
(0.383954,-0.476914)
(0.306324,-0.363132)
(-0.136144,-0.121041)
(0.19638,-0.237595)
(-0.0343252,-0.104899)
(-0.245907,0.286229)
(-0.0518595,-0.429196)
(0.0480363,0.0141401)
(0.180537,-0.0684583)
(0.112657,0.594513)
(0.05349,-0.0135839)
(0.0406602,-0.309961)
(-0.0759325,0.314816)
(0.332463,-0.0560497)
(0.210468,0.0111298)
(0.0932713,-0.128601)
(-0.192439,0.192687)
(0.057497,0.305769)
(-0.024165,0.0315208)
(-0.00862578,0.0526573)
(-0.216554,0.0195465)
(-0.0117207,0.217814)
(0.603146,-0.310863)
(0.559734,0.220866)
(0.538302,-0.137525)
(0.410105,-0.0856218)
(0.0494341,-0.165992)
(0.356282,-0.133881)
(0.217879,-0.0935306)
(0.253651,-0.0820279)
(-0.205054,0.213459)
(-0.115586,-0.142459)
(0.43616,-0.109601)
(-0.174053,-0.0965623)
(-0.388618,-0.32097)
(-0.222953,-0.127798)
(-0.288983,0.32044)
(-0.0494773,0.186109)
(0.280199,-0.288612)
(-0.242776,-0.246545)
(0.0519735,0.104588)
(-0.13316,0.0298409)
(-0.0198048,0.0505246)
(-0.0964221,-0.0216869)
(-0.136194,0.00330857)
(0.125225,-0.042058)
(0.0349729,0.152693)
(-0.0934349,0.133039)
(0.0960214,-0.49764)
(0.0782379,0.0485577)
(0.326924,0.103999)
(0.378161,-0.168891)
(0.255096,-0.0629459)
(-0.135976,-0.15125)
(-0.0472089,0.0629297)
(-0.0437278,-0.0846693)
(0.417447,-0.180883)
(-0.0870865,-0.112061)
(0.317004,0.0551436)
(0.182116,-0.00172944)
(0.435994,-0.0520212)
(0.197313,-0.0370732)
(0.945653,0.0338396)
(0.553225,-0.313003)
(0.249518,-0.00765406)
(-0.0310171,-0.153634)
(0.193645,-0.0411656)
(-0.16795,0.0989355)
(-0.035973,0.014808)
(0.045055,-0.0747968)
(0.0247857,0.330691)
(-0.0190916,0.119004)
(0.173124,-0.556802)
(0.0191538,-0.555997)
(0.00196689,-0.0430489)
(-0.0126579,-0.49697)
(-0.0144493,-0.140302)
(0.274534,-0.415791)
(0.513035,-0.688986)
(-0.252539,-0.11242)
(-0.0861775,-0.0626791)
(-0.140536,0.0401007)
(-0.159307,0.112491)
(0.384552,0.597574)
(-0.0240596,0.257374)
(-0.391851,0.375305)
(0.100261,-0.0537808)
(-0.00792734,0.0416824)
(-0.0107308,0.0454922)
(0.276339,-0.190757)
(0.00127332,0.0798568)
(-0.0865639,0.0296112)
(0.000274945,-0.169865)
(-0.13032,0.0426107)
(0.399857,-0.11734)
(-0.0871339,0.121834)
(0.767519,0.159563)
(0.141103,-0.0259223)
(-0.0388875,0.0527436)
(0.368058,-0.131542)
(0.864676,-0.0810542)
(0.278476,-0.0312946)
(-0.122862,-0.0659263)
(-0.316415,0.0616163)
(0.137907,-0.226786)
(0.311277,-0.0307226)
(0.330521,-0.01969)
(-0.161922,0.04676)
(-0.114128,-0.224528)
(-0.185637,-0.273866)
(0.0116053,-0.0356577)
(0.43582,-0.315627)
(-0.0310337,-0.041476)
(-0.178865,0.0493622)
(0.0496651,-0.0215975)
(0.598104,-0.0396494)
(-0.0321696,-0.0545748)
(0.0141377,0.0160402)
(0.0376071,0.00579862)
(0.775659,-0.350008)
(0.048691,0.115288)
(1.05393,-0.0701723)
(0.280462,-0.265)
(0.0748232,0.157847)
(-0.0342167,0.174295)
(0.570025,-0.303739)
(0.0738178,0.194663)
(0.165733,0.0127594)
(0.219096,0.0695442)
(0.579938,-0.391508)
(0.171758,-0.167922)
(0.389954,-0.423592)
(0.492192,-0.34572)
(0.277859,0.158986)
(-0.0823673,0.0778353)
(0.60082,0.0917671)
(-0.00267442,0.0539113)
(-0.136626,0.0620201)
(0.699531,-0.0427226)
(-0.0279575,-0.207251)
(0.494692,-0.169212)
(-0.203122,0.00173345)
(0.268958,0.149023)
(0.10178,0.127685)
(0.0560062,-0.0914757)
(-0.0784634,0.0892232)
(-0.0974081,0.00396582)
(0.140619,-0.27807)
(-0.109901,-0.255474)
(0.324879,0.178953)
(-0.335378,0.0426835)
(-0.0456673,-0.159581)
(-0.18798,-0.190244)
(0.215171,-0.00183553)
(0.132369,-0.107879)
(0.120756,0.135907)
(0.0561821,-0.163149)
(0.508848,-0.195782)
(-0.0622044,-0.236705)
(-0.142553,-0.0757936)
(0.457449,-0.451955)
(0.418643,0.153014)
(-0.0234696,0.140811)
(0.104773,-0.177121)
(0.118097,-0.105951)
(-0.110484,-0.13641)
(-0.137961,0.103247)
(0.203302,-0.197998)
(0.211185,-0.145043)
(-0.321608,-0.22211)
(0.131344,-0.231638)
(-0.324845,0.16197)
(0.0610966,0.0261058)
(-0.144678,-0.395832)
(0.0535779,-0.00905408)
(-0.00657063,-0.118839)
(0.0470084,-0.276916)
(0.32268,0.225227)
(0.0838359,-0.190046)
(-0.00186335,0.104445)
(0.143878,-0.104026)
(0.101498,-0.218788)
(0.184932,-0.164426)
(0.336669,0.0677093)
(0.469303,-0.229135)
(0.148032,-0.00359717)
(0.248308,-0.00816528)
(0.577672,-0.265267)
(0.244162,0.00324011)
(-0.240815,0.0214711)
(-0.168977,0.000601013)
(0.741907,-0.294957)
(-0.16885,0.0832939)
(0.802046,-0.650002)
(0.027882,0.152381)
(0.0883425,-0.128695)
(0.0612862,0.14463)
(0.197537,0.169684)
(-0.0413112,0.0854484)
(-0.0229619,-0.0493739)
(-0.0675154,-0.0534121)
(-0.124925,0.0971926)
(0.168485,0.0207109)
(-0.0618799,0.301223)
(-0.108223,-0.201767)
(0.0929542,-0.176425)
(0.44785,-0.0957476)
(0.0738632,-0.13866)
(0.12514,0.272434)
(-0.238608,0.295179)
(-0.0587066,0.30862)
(0.160265,-0.0960607)
(-0.129751,0.0251562)
(-0.163198,0.0788914)
(-0.100772,-0.229996)
(-0.114643,-0.00555719)
(-0.0501798,0.0310908)
(-0.0883997,-0.240522)
(0.566097,-0.242003)
(0.258597,-0.0643713)
(0.343356,-0.483082)
(0.280854,0.45998)
(0.434766,-0.308315)
(-0.0130649,0.157229)
(0.344639,0.136821)
(0.397242,-0.0320304)
(0.367572,0.0193124)
(0.169305,0.0459173)
(0.0603344,-0.187952)
(0.150117,0.191224)
(0.141496,0.0149477)
(0.423311,0.486341)
(0.244758,0.112778)
(-0.0609456,0.0471821)
(-0.124442,0.00877607)
(-0.0154186,0.0354158)
(0.22467,-0.0191265)
(0.256162,-0.0362053)
(0.370865,-0.0210671)
(0.166978,-0.0394225)
(0.326025,0.0775904)
(0.241513,-0.0560923)
(0.435579,-0.192276)
(-0.181511,0.0469954)
(0.338563,-0.181453)
(-0.0155924,-0.0502858)
(0.0771881,0.226375)
(0.093636,0.227407)
(0.722695,-0.115588)
(0.10889,0.0426035)
(0.24274,-0.311276)
(0.462723,-0.00697776)
(0.0544778,0.0277321)
(0.0255512,0.132806)
(-0.152288,0.201274)
(0.19813,0.115589)
(-0.198101,0.194766)
(-0.0706916,0.191532)
(0.536115,0.210778)
(0.117957,0.201882)
(0.331152,0.325272)
(0.0946807,-0.260668)
(-0.304693,0.134608)
(-0.113908,0.0326062)
(-0.12552,-0.21124)
(0.0374228,-0.0271039)
(0.580931,-0.244752)
(0.486922,0.344267)
(0.551467,-0.052398)
(0.0317654,0.355562)
(0.736226,-0.374596)
(0.0604323,0.0129732)
(-0.0357264,-0.0922243)
(0.108134,-0.241316)
(0.144333,0.0427835)
(0.0305998,0.0290936)
(0.115012,-0.0799959)
(0.430144,-0.261207)
(-0.0275437,-0.389634)
(0.201207,0.285099)
(-0.00748581,0.171102)
(0.0146275,0.515084)
(0.159183,0.17348)
(0.363986,-0.278722)
(0.200253,-0.182359)
(-0.0439994,0.175831)
(-0.399769,0.0837603)
(0.205631,-0.172074)
(-0.118602,-0.167441)
(-0.339216,-0.329361)
(0.972075,-0.326859)
(0.120134,0.0997412)
(0.200043,0.0230518)
(0.400579,-0.16788)
(0.787294,-0.245382)
(0.173752,-0.029191)
(1.15103,-0.082168)
(0.624367,-0.352412)
(0.177212,0.129818)
(0.0311003,0.188477)
(0.07928,0.179322)
(0.236245,-0.053248)
(0.731755,-0.171925)
(0.0320057,0.0500178)
(0.802412,0.0685456)
(-0.211602,0.114632)
(0.409931,-0.164438)
(0.00215402,-0.0749226)
(-0.0509273,-0.110335)
(0.703297,-0.247969)
(-0.0925325,0.175554)
(-0.190134,0.155609)
(0.581009,0.0538938)
(0.0550436,0.181725)
(-0.0155659,-0.194878)
(0.0127511,0.135074)
(-0.0427687,0.079395)
(-0.162556,0.108229)
(-0.267634,0.155965)
(0.473173,-0.0945708)
(0.919264,0.140788)
(0.684565,-0.228492)
(0.212309,0.100737)
(0.365476,0.272288)
(0.335306,-0.268073)
(0.36449,0.318381)
(0.00795315,-0.000710764)
(0.0155923,-0.04644)
(0.0155789,-0.077032)
(0.464003,-0.73896)
(0.06833,-0.143531)
(-0.00176863,0.395648)
(-0.122955,-0.0190542)
(1.04152,-0.183224)
(0.351993,0.00786276)
(0.671933,-0.197117)
(0.467539,-0.109957)
(0.158223,0.155957)
(0.854335,-0.424558)
(1.37694,-0.30223)
(0.100597,0.171297)
(-0.296732,-0.0502125)
(1.01345,-0.578573)
(-0.182465,-0.0845849)
(-0.233986,-0.0493998)
(1.15873,-0.396962)
(-0.211994,0.0777127)
(-0.0568797,-0.00670133)
(-0.237171,0.176047)
(0.0444126,-0.104467)
(0.778063,0.365314)
(0.131791,0.295221)
(-0.0668874,0.185077)
(0.139167,0.373487)
(0.224143,0.164776)
(-0.0504144,-0.1636)
(-0.127669,0.0709204)
(-0.156236,-0.0490415)
(0.021667,-0.121062)
(-0.0379764,0.0673151)
(0.00155956,-0.0691618)
(-0.0283229,-0.0399388)
(0.0323686,0.252967)
(-0.114958,0.142742)
(0.0354347,0.0148448)
(-0.0782925,0.0926281)
(0.423274,-0.296102)
(0.12264,0.070744)
(0.420745,-0.0359652)
(-0.0344223,-0.160253)
(-0.0894854,0.213118)
(0.385751,-0.144299)
(0.564145,-0.480534)
(0.55101,-0.296287)
(0.0302086,0.260922)
(0.211011,-0.0287977)
(0.0639226,0.122837)
(0.168835,0.13713)
(-0.108191,-0.117374)
(0.0844149,-0.176853)
(0.179949,-0.426736)
(0.0288475,0.0376509)
(-0.138325,-0.339829)
(-0.0769195,-0.0890802)
(0.171793,-0.00659583)
(0.18012,-0.166085)
(-0.0407595,0.177782)
(0.0721131,0.211692)
(0.153921,0.190958)
(-0.112491,-0.0393682)
(0.324723,-0.259598)
(0.338043,-0.115639)
(0.104084,0.0693641)
(0.647429,0.164637)
(0.390547,-0.618624)
(-0.200865,-0.148267)
(0.205922,-0.00788577)
(-0.0846499,-0.277297)
(-0.0309516,-0.236729)
(-0.173072,0.151647)
(-0.0642185,0.201794)
(-0.153493,0.0774918)
(-0.0200772,0.0356627)
(-0.416377,-0.0446223)
(0.0522738,0.0452188)
(0.0370688,0.0579968)
(-0.129491,0.227778)
(0.187381,0.216883)
(0.0829924,-0.0248057)
(-0.115675,0.172762)
(0.366009,0.161742)
(0.199737,0.055454)
(0.622173,0.148522)
(-0.00724758,0.026352)
(0.138407,0.123667)
(0.447681,-0.0770106)
(0.128224,0.124807)
(0.0485978,-0.228319)
(0.0392076,0.00482685)
(0.00499121,-0.202858)
(0.0158478,-0.153187)
(0.000884778,-0.0731041)
(0.0715709,0.0464891)
(0.124707,0.00818904)
(0.0831862,-0.101233)
(-0.046227,-0.293312)
(0.05651,-0.279088)
(0.0785442,-0.121577)
(-0.127063,-0.323903)
(0.184829,0.0412657)
