1620
(-0.162351,0.112786)
(0.174401,0.117072)
(0.0841703,-0.0156)
(-0.154008,0.0745209)
(-0.0171374,0.133126)
(0.0824958,0.04811)
(0.333225,0.0509592)
(0.0374459,0.0925122)
(0.130565,-0.0186372)
(-0.0649937,0.0667125)
(-0.0122721,0.163079)
(0.0843152,0.127565)
(-0.0600341,0.175958)
(-0.177354,-0.00794984)
(-0.00829895,-0.0689798)
(0.00387614,-0.00382611)
(0.0187203,-0.0326717)
(-0.00824616,0.0514338)
(-0.189954,-0.118713)
(-0.00882238,0.0372576)
(-0.126542,0.141867)
(0.120689,-0.0123809)
(0.0804793,0.0988836)
(-0.162846,0.194662)
(0.0398279,-0.0346014)
(0.0220329,-0.00870429)
(-0.0414898,-0.0312433)
(0.0420765,0.0105306)
(-0.195625,0.0510484)
(0.0206772,0.0426433)
(-0.0601958,0.0817301)
(-0.168425,-0.0588029)
(0.105638,0.106134)
(0.11125,0.0610225)
(0.0562865,-0.0636934)
(0.108768,-0.0413393)
(0.0875803,-0.0385027)
(-0.0343954,0.036096)
(-0.0826618,0.0144385)
(-0.020796,-0.0885584)
(0.0549046,-0.0168147)
(0.0156528,0.107786)
(0.00529367,-0.0324778)
(0.00933054,-0.0195652)
(-0.00778552,0.0927465)
(0.15149,-0.174113)
(0.212047,-0.161077)
(0.0171784,-0.0296859)
(-0.0490585,0.0604364)
(-0.0398544,-0.0417272)
(0.0717414,-0.053109)
(0.0790215,-0.0374126)
(-0.105412,0.0210265)
(-0.0411997,-0.00128667)
(-0.068165,0.0615389)
(-0.10233,0.0897527)
(-0.0472599,-0.0602646)
(-0.00909777,0.0332837)
(-0.0671088,0.0500198)
(0.0200522,-0.0852056)
(-0.0566818,0.0839912)
(0.254691,-0.21939)
(0.0417231,-0.0792564)
(0.350651,-0.303084)
(0.0668309,-0.0744796)
(0.0223492,-0.0338468)
(-0.0727926,-0.0467456)
(-0.111872,-0.00208007)
(-0.0134241,0.00984897)
(-0.0183412,-0.106673)
(0.0268972,0.0224972)
(0.0483829,0.00356944)
(0.0757585,0.101499)
(-0.00133845,0.0886254)
(0.461877,0.112676)
(-0.00416833,-0.0286627)
(-0.102324,-0.13451)
(0.200429,-0.251061)
(0.0523132,0.040965)
(0.236604,-0.2845)
(0.0183546,-0.0150307)
(-0.0421984,-0.129825)
(-0.115453,-0.0497297)
(-0.0929479,0.104784)
(-0.161026,0.130719)
(0.028432,-0.184129)
(-0.02383,-0.12683)
(0.0186652,0.0473074)
(0.0361382,-0.159729)
(-0.0984767,-0.0917913)
(-0.0810393,-0.0693147)
(-0.0202541,-0.0129993)
(0.372965,-0.299284)
(0.197191,0.160586)
(0.215363,0.122256)
(0.444938,-0.259815)
(0.0658666,-0.0154899)
(0.669745,-0.2622)
(0.104927,-0.0776345)
(0.0342047,-0.0714642)
(0.0269488,9.15503e-05)
(0.118417,0.104977)
(0.0397474,-0.0293168)
(-0.0474433,0.0308977)
(-0.057516,-0.144897)
(0.598838,-0.285297)
(-0.00943205,0.151754)
(-0.204826,0.0798873)
(-0.0857222,0.0326329)
(-0.0439402,0.0798224)
(-0.0841815,0.0182676)
(0.369151,-0.222811)
(0.46484,-0.173305)
(-0.049164,0.056657)
(0.369194,-0.146816)
(0.157226,0.128346)
(0.166084,0.129965)
(0.309562,-0.202687)
(-0.0664362,0.0430739)
(0.387231,-0.436589)
(0.376323,-0.11084)
(-0.0257538,-0.0417114)
(0.456443,-0.205436)
(0.163661,-0.239607)
(0.447275,-0.199883)
(-0.0690153,-0.0455578)
(0.1485,-0.155694)
(0.0688806,-0.0549827)
(0.412771,-0.223815)
(0.0348279,0.0408869)
(0.0345926,0.00433164)
(0.150953,0.0229701)
(-0.033034,0.0751158)
(0.0410561,-0.0969989)
(-0.00975947,-0.12433)
(0.1461,-0.0854331)
(-0.0618761,-0.0448609)
(-0.00513711,0.0810325)
(0.467794,-0.468202)
(0.154808,0.151073)
(0.226468,0.118694)
(-0.0218207,0.0632171)
(0.00573089,0.110429)
(0.0363075,0.0537749)
(0.098709,-0.0145724)
(0.0490188,-0.0201918)
(-0.0225212,0.0460992)
(0.236869,-0.265516)
(0.216894,-0.236123)
(-0.0565675,-0.0479901)
(0.263011,-0.450876)
(0.0642172,-0.175788)
(0.806797,-0.646755)
(0.624048,-0.229771)
(0.716052,-0.344686)
(0.13631,0.194565)
(0.280937,0.0248161)
(0.575014,-0.227685)
(0.426615,-0.175974)
(-0.100483,0.243087)
(-0.00366197,0.263973)
(0.137781,0.207371)
(0.148427,0.190873)
(0.0148853,-0.0216959)
(-0.052808,-0.02176)
(-0.201411,0.105925)
(0.0376103,0.0209779)
(0.0565189,0.0331199)
(0.019357,0.0303135)
(0.0212305,0.0185808)
(0.0415441,0.0383986)
(0.0520572,0.0692629)
(0.431062,-0.510011)
(0.456566,-0.551496)
(0.589523,-0.451029)
(0.751345,-0.354433)
(-0.00334932,-0.0414986)
(0.0301031,-0.0284025)
(-0.0534934,-0.00408916)
(-0.0282864,0.0911886)
(-0.0171728,0.125375)
(0.261699,0.101577)
(0.244216,0.13406)
(0.195624,0.0347852)
(0.228358,0.0386032)
(-0.126632,-0.0548784)
(-0.119491,-0.010854)
(0.368405,-0.0773567)
(0.223512,0.0672889)
(0.660366,-0.341538)
(0.604936,-0.403519)
(0.492523,-0.429548)
(0.5586,-0.613175)
(-0.0357922,0.0848817)
(-0.0386023,0.0244772)
(0.14336,0.0981314)
(0.0732014,0.0335619)
(-0.0799956,0.164479)
(0.0468817,0.0307788)
(0.00112553,0.126483)
(0.00903334,0.0695315)
(-0.00268536,0.115057)
(-0.0475345,-0.0994579)
(-0.071414,0.0261643)
(-0.101402,0.10826)
(-0.11982,0.0443472)
(0.351638,-0.47267)
(0.419521,-0.555332)
(0.0583112,0.0531047)
(0.417807,-0.189765)
(-0.0163754,-0.0416396)
(0.337579,-0.486945)
(0.344966,-0.416356)
(-0.00241123,-0.0380133)
(-0.00272607,-0.0479087)
(0.0190356,-0.0269635)
(0.0231441,0.00202737)
(0.396797,-0.484325)
(0.474176,-0.559333)
(0.117019,0.0558283)
(-0.0350484,0.0316538)
(-0.226046,-0.0486823)
(0.0327686,0.069733)
(0.448059,-0.675223)
(-0.140134,-0.0235857)
(-0.17737,-0.0713341)
(0.288011,-0.514986)
(-0.0462515,0.0289817)
(-0.0383035,-0.0675946)
(-0.0495751,0.00431117)
(-0.0178949,-0.0437588)
(0.370252,-0.315368)
(0.363079,-0.31853)
(0.418984,-0.502834)
(0.478004,-0.612403)
(0.0994259,-0.129673)
(-0.0390429,0.0773664)
(-0.0125377,0.0591885)
(0.533057,-0.204415)
(0.0572029,0.0595792)
(0.12385,-0.00933182)
(-0.105621,-0.0225881)
(0.0280997,0.158568)
(0.0920182,0.155246)
(-0.079367,-0.0975488)
(-0.00636366,0.118313)
(0.0310439,-0.156672)
(0.0115986,-0.123832)
(0.0741834,0.0558077)
(-0.324662,-0.152736)
(0.0505011,-0.0117447)
(0.0356909,0.102319)
(0.012581,-0.0427764)
(-0.00101579,-0.0394063)
(0.073819,0.0512162)
(-0.0339234,0.0710853)
(0.35796,-0.0304893)
(-0.0182713,-0.109348)
(-0.125965,-0.196732)
(-0.135171,0.00233401)
(-0.129712,-0.0612673)
(-0.0470211,-0.00612581)
(-0.00560751,0.0928461)
(-0.029574,0.0595383)
(0.736974,-0.382241)
(0.0415446,0.138355)
(-0.0494732,-0.0995023)
(-0.109818,-0.024296)
(-0.0601995,0.00514324)
(0.0588388,0.0280429)
(-0.0922306,-0.0555592)
(-0.0452296,0.0074453)
(-0.108116,0.0145537)
(0.00197132,-0.0609456)
(-0.0371984,-0.0586105)
(0.406799,-0.272988)
(-0.0227477,0.00398372)
(-0.0957685,0.0441131)
(0.0484601,0.0923517)
(-0.0694894,0.0442439)
(-0.103978,0.00319188)
(-0.0974892,0.00167944)
(-0.0502051,0.0149155)
(-0.00337593,0.0662582)
(0.101332,0.0160056)
(0.00603786,-0.133314)
(-0.0559238,-0.0817415)
(0.0129643,-0.139226)
(-0.0396757,-0.00111121)
(0.105612,0.0197841)
(0.0699846,0.0300973)
(-0.0473341,0.0171171)
(-0.0176473,-0.0425083)
(0.0122703,0.0441584)
(0.0132877,0.000267312)
(-0.0701214,0.131179)
(0.105502,-0.135551)
(0.00176205,0.0914012)
(0.00103505,-0.129523)
(-0.0161475,0.0737262)
(0.11907,0.133954)
(-0.100517,0.110038)
(-0.0393197,-0.101318)
(-0.0529075,-0.126427)
(-0.0182802,-0.103081)
(-0.0260785,-0.0158097)
(-0.00271119,0.0222408)
(0.436883,-0.231573)
(0.00738338,0.0133323)
(-0.00724622,0.101923)
(-0.0954373,0.074828)
(-0.0496981,0.0449628)
(-0.103788,0.0738067)
(0.135352,-0.0294658)
(0.0254424,-0.109436)
(-0.0492453,-0.100844)
(-0.107378,-0.0683735)
(-0.117899,-0.00240625)
(-0.0740881,-0.0358843)
(0.420228,-0.276924)
(-0.0424144,-0.0430575)
(-0.0809246,-0.0332284)
(0.00869149,-0.0396846)
(-0.0634983,0.0170096)
(-0.0497683,-0.000354387)
(-0.0707011,-0.0379409)
(-0.0502139,-0.026026)
(-0.112772,0.0252218)
(-0.0992633,-0.00550821)
(-0.077862,0.0149769)
(0.0129273,-0.0368447)
(0.0571314,0.00794009)
(-0.00651394,-0.0476243)
(-0.0457931,-0.00877478)
(0.0719232,-0.108812)
(0.479219,-0.244372)
(-0.026653,-0.0755172)
(0.143283,0.031176)
(0.0462003,-0.1965)
(0.0294535,-0.0715488)
(-0.148736,0.0427626)
(-0.0888219,-0.074)
(0.116905,0.000947169)
(0.0812787,0.0579487)
(0.0530684,0.0485474)
(0.0547732,0.0334216)
(0.0389231,-0.0252571)
(-0.135899,-0.0288439)
(0.12649,0.0246146)
(0.482977,-0.218718)
(0.369045,-0.327138)
(0.338312,-0.260747)
(-0.0263254,-0.113305)
(-0.0849182,0.00566114)
(0.664231,-0.310307)
(-0.106527,-0.150522)
(-0.0594233,-0.210921)
(-0.112153,-0.03381)
(0.0950434,-0.062373)
(-0.0295016,0.0449114)
(0.424929,-0.193204)
(0.0966344,-0.133705)
(0.0545775,-0.00444573)
(0.0283474,-0.177702)
(0.0261798,-0.068289)
(0.316204,-0.0307319)
(0.380332,-0.119124)
(-0.0216524,0.0167462)
(0.159906,-0.063915)
(0.0163366,-0.0813569)
(-0.0387445,0.0180147)
(-0.0971025,-0.0832389)
(-0.0436994,-0.139516)
(7.32235e-05,0.00066718)
(0.47979,-0.154294)
(0.439831,-0.214398)
(0.0268907,-0.0238566)
(-0.01438,-0.0189988)
(-0.0927962,0.0606667)
(-0.0350482,0.0765683)
(-0.132896,0.123483)
(0.377613,-0.0934565)
(0.644166,-0.287387)
(-0.0382699,0.00168662)
(0.0273696,0.0692657)
(-0.0439363,0.0629304)
(0.0467173,0.0489952)
(0.0663585,-0.0435052)
(0.0664055,0.0648429)
(-0.0269832,0.0631031)
(-0.0875063,0.0719267)
(0.0861896,0.0399935)
(0.0311936,0.0433468)
(-0.0278666,0.07055)
(0.0596302,0.00148083)
(0.0589022,0.0208479)
(-0.265779,0.107141)
(0.0884109,-0.012675)
(0.0560738,-0.0655573)
(0.00852205,-0.024381)
(0.0146354,-0.0400688)
(-0.000516121,0.0394138)
(0.0474078,0.14381)
(0.555176,-0.642582)
(0.0534873,-0.0910512)
(0.0201481,0.0647716)
(-0.0768672,0.0389048)
(-0.0507694,0.0530842)
(-0.00795991,-0.0977095)
(0.0684604,-0.117206)
(0.000282676,0.113714)
(-0.0498095,-0.0265749)
(0.129195,0.152091)
(-0.00797897,-0.0313514)
(0.300251,-0.292328)
(0.042102,-0.0406177)
(0.0172007,-0.0266928)
(-0.0229917,0.209437)
(0.0259175,0.0997028)
(0.0417397,0.0973568)
(-0.0554124,0.0153478)
(0.00729438,0.0472158)
(0.0433196,-0.0482734)
(0.0513275,-0.028309)
(0.155103,0.204847)
(-0.0395357,-0.0260983)
(0.419644,-0.570062)
(-0.0821811,0.0535038)
(-0.00694692,-0.0490452)
(0.00334327,-0.0139524)
(-0.0850953,0.092638)
(-0.149085,0.289883)
(-0.121124,0.0744204)
(0.140326,0.00677517)
(0.0440024,0.0293085)
(0.0562385,-0.0390695)
(-0.0946638,-0.108885)
(-0.00278379,0.0369443)
(-0.199131,-0.0634223)
(-0.089041,0.10677)
(-0.0526421,-0.0636009)
(-0.0587404,0.0250095)
(0.119819,0.0380713)
(-0.101427,-0.0231526)
(0.0178749,0.0357766)
(-0.108358,0.0635207)
(-0.0148376,0.086066)
(0.0705111,-0.0647972)
(0.00942018,0.0196733)
(0.214195,-0.224008)
(0.0387419,0.0901018)
(-0.046493,0.0947351)
(-0.054735,0.0145394)
(0.109322,0.184019)
(0.0279475,0.0750608)
(0.0207259,-0.0176233)
(0.0958924,0.0698359)
(-0.0628559,0.0418431)
(-0.0177556,0.233812)
(0.0724734,-0.0790403)
(0.131133,0.0566591)
(0.0185027,-0.00777363)
(-0.0254411,-0.0327035)
(-0.0420599,-0.0560075)
(0.0187732,-0.000911331)
(-0.0360953,-0.032492)
(-0.0457932,-0.040933)
(0.130264,0.0804701)
(0.255803,-0.228114)
(0.0434851,0.18366)
(0.52374,-0.334063)
(0.0407908,0.0457639)
(-0.124116,0.0574739)
(-0.112349,0.0911107)
(0.0557235,-0.0107405)
(0.0925797,0.0669963)
(0.000603242,0.0286711)
(0.000474686,0.0357534)
(0.0836057,-0.0917516)
(-0.0202948,-0.100532)
(-0.0067259,0.00807359)
(0.324507,-0.212618)
(0.0892637,0.058868)
(-0.0995501,-0.00998667)
(-0.000822992,-0.0696729)
(0.0144383,-0.0433138)
(-0.0414908,-0.0128028)
(0.23174,-0.170691)
(0.030435,0.0169071)
(0.102272,0.0307152)
(0.332215,-0.341776)
(0.164303,-0.227063)
(0.0046414,0.0300821)
(0.0131022,0.0275582)
(-0.188403,-0.0550218)
(0.314785,-0.420953)
(0.451674,-0.524848)
(0.409732,-0.674208)
(0.335846,-0.543023)
(0.147486,0.052653)
(0.0856591,0.00733106)
(0.114696,-0.0341645)
(-0.169179,0.0912219)
(-0.0420287,-0.0254812)
(-0.0390301,-0.0704484)
(-0.0537333,-0.0241616)
(-0.0307717,0.0988199)
(-0.0495082,-0.0313972)
(-0.0170684,-0.00682122)
(0.0833008,0.0205761)
(-0.0382076,0.00563802)
(-0.0655436,0.00735676)
(-0.0486211,0.0151855)
(0.0836578,-0.0439752)
(0.100655,-0.0620767)
(0.07163,-0.160814)
(0.0928662,0.0805605)
(0.00178094,0.0687585)
(0.127811,0.0946271)
(0.0715784,0.0590658)
(0.162153,0.0459254)
(0.0266827,0.153427)
(0.0928998,0.0827709)
(0.0277337,0.0325676)
(0.00553173,-0.0286917)
(0.0113002,-0.0347314)
(-0.080978,-0.0338496)
(-0.0384176,0.0190217)
(0.15789,-0.00156754)
(-0.0391229,-0.110924)
(0.195612,0.0519835)
(-0.108572,-0.192906)
(0.488128,-0.190411)
(-0.0235336,-0.158126)
(0.326519,-0.306565)
(0.0805302,0.207197)
(0.0502103,0.0169565)
(-0.00711572,-0.041638)
(0.0135591,0.124507)
(-0.00866237,-0.0551664)
(-0.0433507,0.0650419)
(-0.0392551,-0.0505704)
(0.102602,0.00661833)
(0.0487282,-0.0393308)
(0.107079,0.0535694)
(0.0192753,-0.085416)
(0.112358,0.113496)
(0.00450445,-0.100433)
(-0.0986383,0.0407636)
(0.054501,0.0941449)
(-0.0537125,-0.00333338)
(0.0571646,-0.0385637)
(0.0236698,-0.0615813)
(0.179257,0.0830399)
(0.240857,0.179095)
(0.0954505,0.0285034)
(0.0689009,-0.251792)
(0.041903,0.0402544)
(-0.171018,0.168085)
(-0.116955,0.0918185)
(0.109047,-0.021635)
(0.31774,-0.195731)
(0.177977,0.144664)
(-0.0622419,0.0219263)
(0.0235686,0.0249315)
(-0.0197181,0.00756737)
(-0.0666488,0.0442679)
(0.0167739,-0.223531)
(0.220841,-0.310185)
(0.440533,-0.31796)
(-0.264957,0.0919131)
(0.0079192,0.144715)
(-0.312391,0.209583)
(0.241057,-0.319571)
(0.347425,-0.152393)
(-0.0736051,0.0796039)
(-0.0342583,0.110393)
(-0.0605529,0.101808)
(-0.0902566,0.143993)
(0.0127518,0.0153228)
(0.0244954,-0.00615437)
(0.0516045,0.00548425)
(-0.0269362,0.00962154)
(-0.0427641,0.0474071)
(-0.0608847,0.0944702)
(0.344866,-0.226024)
(0.00620215,-0.0781716)
(-0.0638076,0.0109226)
(-0.0914421,0.00486755)
(0.0833243,-0.0386446)
(0.0955443,-0.0688085)
(0.0397999,0.0717073)
(0.0140957,0.0146849)
(0.407041,-0.301956)
(0.0350523,0.0448543)
(0.070154,0.0169544)
(0.00224613,0.0440488)
(0.0342184,-0.0784387)
(0.0379301,0.0243124)
(-0.119549,0.0438053)
(0.0109986,0.013852)
(0.256145,-0.179757)
(0.893437,-0.246631)
(-0.058615,0.0820732)
(-0.0710496,0.0325511)
(-0.170536,-0.0134777)
(-0.0245141,-0.0637618)
(-0.0464902,-0.0947961)
(-0.0788782,-0.0888113)
(0.046287,0.07781)
(0.0322599,0.0141716)
(-0.0208015,-0.0190792)
(0.0864601,-0.016209)
(0.169822,-0.105231)
(-0.0612027,-0.15507)
(-0.123199,0.0209268)
(-0.109819,0.0853771)
(-0.00769283,0.045197)
(0.0369877,-0.00369222)
(0.0535418,0.0442964)
(-0.00362183,-0.0586088)
(0.0536007,0.00717944)
(0.114091,0.0273693)
(0.118023,-0.00421873)
(0.0531396,-0.012762)
(0.102323,-0.115274)
(0.181417,-0.0879954)
(-0.0204723,-0.0102002)
(-0.0424241,0.0426915)
(0.230116,0.120823)
(0.318949,0.0974851)
(-0.0311741,0.102101)
(-0.0324175,0.0258847)
(-0.0142117,-0.0044)
(0.00645721,-0.0113951)
(0.00143529,0.144436)
(0.00425862,0.0357205)
(-0.0363984,0.101353)
(0.00882831,-0.0177472)
(0.451358,-0.207967)
(0.102819,-0.115798)
(-0.0261088,-0.00170884)
(-0.0437057,-0.00583857)
(0.0196377,-0.0179349)
(0.0128474,0.148199)
(-0.0496552,0.0914116)
(0.00417158,-0.109015)
(0.143642,-0.0359852)
(0.195295,0.1196)
(-0.108744,0.0288135)
(-0.00484445,0.123392)
(0.0556194,-0.0231572)
(0.0987503,0.021536)
(0.040866,0.0660286)
(0.33206,0.000515205)
(0.252967,-0.0091991)
(0.0785139,0.104097)
(0.0582434,0.0709287)
(0.00822813,0.0577308)
(-0.0202601,-0.048607)
(0.100102,-0.0357635)
(0.00657661,-0.0232651)
(-0.034207,-0.00926582)
(0.00349439,0.171232)
(0.0187816,-0.0723557)
(-0.21556,-0.0257428)
(-0.0689107,-0.0773658)
(-0.0507487,-0.124542)
(-0.115813,0.0143001)
(0.00781,0.080503)
(0.123812,-0.00428118)
(0.00624332,0.101496)
(0.155368,-0.112514)
(0.0508896,0.0322533)
(0.0193381,0.00483477)
(0.0641902,-0.0229956)
(0.106342,-0.0596433)
(0.0795473,0.294077)
(0.0437196,0.0244501)
(0.0869706,0.0626268)
(0.290535,0.11798)
(0.240443,0.258904)
(-0.00298953,0.0384303)
(0.0530076,0.0385887)
(-0.17286,0.00255359)
(0.0015082,0.0296562)
(0.00603389,-0.0419478)
(0.045339,-0.0976639)
(-0.0537968,-0.188033)
(-0.00603754,-0.0103137)
(-0.0671154,-0.198285)
(-0.0035619,-0.0350157)
(-0.0433733,-0.15359)
(0.733568,-0.180927)
(0.0139847,-0.0159356)
(0.0230583,-0.0480337)
(0.0978766,0.00773592)
(0.0704225,0.101738)
(-0.0316445,0.0221385)
(0.0582033,0.0662343)
(-0.0376699,0.0389233)
(-0.0455518,-0.00419395)
(-0.0203174,-0.0496826)
(0.0505519,0.0304506)
(0.0614517,0.0634239)
(0.0436585,0.0029779)
(0.0891326,0.0328002)
(0.0829722,-0.0303279)
(-0.0514312,-0.0135049)
(0.0991103,0.12267)
(0.0215319,0.0960733)
(0.0417454,0.10246)
(-0.0067492,0.0667245)
(0.085302,0.0975573)
(-0.00970102,-0.13648)
(0.00507254,-0.105358)
(0.126903,-0.104747)
(0.0524651,0.124131)
(0.714393,-0.285755)
(0.317869,-0.277069)
(0.0162877,0.0121301)
(0.253535,-0.252453)
(0.127213,-0.0151463)
(0.441374,-0.237618)
(0.564075,-0.168906)
(-0.00619432,0.0930332)
(0.578388,-0.342636)
(0.569912,-0.325206)
(0.64096,-0.400371)
(0.000677171,-0.0207331)
(0.0501589,0.204294)
(0.0326951,0.0258572)
(0.00313494,0.00508144)
(0.0526971,0.0696958)
(0.024731,-0.0119657)
(0.0473893,0.0544077)
(-0.0482213,0.0675675)
(0.0598793,0.0529118)
(0.0806507,-0.0606795)
(0.0840476,0.0325398)
(0.0593168,-0.0506954)
(0.0328607,0.187683)
(-0.00495825,0.169354)
(0.103384,0.189049)
(0.0138474,-0.0392879)
(-0.00142457,-0.0662779)
(-0.0045392,0.197816)
(0.0188687,-0.0538685)
(-0.0817988,0.0454762)
(0.0503256,-0.0809419)
(-0.000374439,-0.0106007)
(0.0100902,-0.105922)
(-0.027625,0.0232121)
(-0.231208,-0.0974442)
(0.00947383,0.022995)
(0.326592,-0.0104724)
(-0.0417077,-0.0224639)
(-0.0659781,-0.031903)
(-0.0776357,-0.054762)
(-0.164158,-0.0514209)
(-0.00620921,0.258428)
(0.0360788,0.217374)
(-0.0375321,-0.0215761)
(-0.00370143,-0.04441)
(0.0326325,0.0609996)
(-0.0960517,-0.0255413)
(0.425843,-0.354354)
(0.0751587,-0.100826)
(0.0369838,0.264429)
(0.0263315,-0.0487962)
(0.0057826,-0.0253306)
(-0.149521,0.0628925)
(-0.0747128,0.103434)
(0.591971,-0.432334)
(0.775506,-0.506404)
(0.73899,-0.269286)
(-0.0375349,-0.0287034)
(0.564883,-0.308571)
(-0.0781482,-0.0417986)
(0.0324406,-0.00437377)
(-0.00584701,0.0801605)
(-0.00747258,-0.0432666)
(0.501511,-0.131279)
(-0.0104738,-0.0025928)
(-0.00630871,0.111711)
(-0.0428507,0.122316)
(0.369159,-0.0483125)
(-0.0259753,0.0276325)
(-0.347643,0.231815)
(0.351609,-0.208116)
(-0.02918,0.0264351)
(-0.0277762,0.212667)
(-0.00954376,0.0913465)
(0.0622917,0.0371662)
(0.00763522,-0.0125134)
(0.0975975,0.0539301)
(0.0815011,-0.0859703)
(0.13432,-0.0230354)
(0.127989,-0.0640762)
(0.247396,-0.225651)
(-0.100798,0.0389157)
(-0.144887,-0.0866503)
(-0.0403972,0.0118328)
(0.0584176,0.00637643)
(-0.0101447,0.0482361)
(-0.0886124,-0.00331535)
(-0.074304,-0.103254)
(0.0702913,-0.0492459)
(-0.0382602,0.0580345)
(0.0129475,-0.0262212)
(-0.00773757,-0.0360968)
(0.0708172,0.0263958)
(-0.0980449,0.0289408)
(-0.104034,-0.0235255)
(0.00140164,-0.0282231)
(0.00831422,-0.0135093)
(0.0727038,0.0785154)
(0.0712787,-0.113151)
(0.0510643,-0.0841008)
(0.005002,-0.0251649)
(0.0713732,0.0064445)
(-0.0249334,0.007229)
(0.084562,-0.133658)
(-0.0030226,-0.176371)
(0.0358429,0.0399169)
(-0.0213096,0.000547988)
(-0.0246129,-0.00705187)
(0.0664972,0.0735824)
(0.0715766,0.112598)
(-0.0705048,-0.0839305)
(0.0636354,0.139232)
(-0.0922247,-0.0738325)
(-0.0424758,0.10098)
(0.0425919,0.031995)
(-0.0545683,-0.0410056)
(-0.0590775,0.00602181)
(-0.103073,0.0175657)
(0.0622653,0.0284841)
(-0.0827159,-0.00334356)
(-0.107458,0.0556979)
(0.062786,-0.106803)
(-0.104573,-0.144367)
(-0.160266,0.0604952)
(0.132919,0.0556914)
(-0.0958662,0.097712)
(0.113193,0.141579)
(-0.0761235,0.0328759)
(0.142204,-0.0420999)
(0.1247,0.000477521)
(-0.0175347,-0.0203877)
(-0.0249987,0.0422142)
(0.0500699,0.115095)
(0.0198903,0.195872)
(-0.0603342,-0.050236)
(-0.173143,0.26093)
(0.0064516,-0.151955)
(0.00176333,0.0279363)
(-0.123916,0.0385271)
(0.0121179,0.0477006)
(-0.0744375,0.0919995)
(-0.0932919,0.0759497)
(-0.205684,0.210698)
(0.171581,0.113085)
(0.125853,0.0387001)
(0.333152,-0.452041)
(0.0415463,-0.0577176)
(0.00118871,0.0723831)
(0.0170532,-0.034254)
(-0.055228,-0.053408)
(-0.0337891,0.120053)
(-0.0298357,0.177293)
(0.00261153,0.0935436)
(-0.109185,-0.0651893)
(0.412684,-0.457055)
(-0.0238688,-0.00634759)
(-0.0614967,-0.169768)
(-0.0830773,-0.0114311)
(0.39659,-0.457721)
(-0.00661825,0.0593461)
(-0.0298791,0.037257)
(0.00502015,-0.0999124)
(0.0687588,0.133356)
(0.0562692,0.0362783)
(-0.09581,0.0166269)
(0.0536907,0.016652)
(0.229152,-0.138364)
(0.150867,-0.0467611)
(-0.0445938,-0.0433736)
(-0.0452654,0.150585)
(0.0235903,0.000683984)
(0.0120699,0.182635)
(0.00818415,-0.090795)
(0.324989,-0.200226)
(-0.00828013,0.111091)
(-0.0571526,0.0177382)
(-0.0261414,-0.0373492)
(-0.0834677,-0.0396134)
(-0.0195273,-0.0212938)
(-0.0246744,-0.020408)
(0.383183,-0.309318)
(-0.0829243,0.0110568)
(0.668946,-0.380363)
(-0.0364175,0.0135595)
(-0.0268899,0.0210183)
(-0.038417,0.343516)
(0.0417546,0.000925776)
(0.634186,-0.289627)
(0.248872,-0.0158886)
(0.423368,-0.127867)
(0.331234,0.207998)
(-0.062795,-0.00772908)
(-0.139877,0.182595)
(0.196338,-0.230979)
(0.394594,-0.128375)
(-0.0807682,0.109495)
(0.0174777,0.00654308)
(0.215898,-0.260796)
(-0.0245105,0.0280507)
(-0.0288682,0.0376247)
(0.292524,-0.184828)
(-0.0400881,0.0356021)
(0.0229597,-0.0164773)
(0.455626,-0.205069)
(-0.105271,-0.123068)
(0.21225,-0.227928)
(0.162888,-0.233803)
(-0.0686583,0.0553776)
(0.309936,-0.330859)
(0.0703029,-0.086532)
(-0.000787813,-0.0607782)
(-0.135956,-0.00693406)
(-0.210334,-0.0531106)
(0.0214384,-0.0262201)
(0.0388102,-0.063538)
(0.00972527,-0.0541113)
(-0.0741897,0.102255)
(-0.0599408,0.00162889)
(-0.0376861,0.0675951)
(0.0664958,0.00691157)
(0.105609,-0.081652)
(0.0550583,0.0826786)
(0.0891231,-0.0293441)
(0.00555362,-0.0459303)
(-0.00820212,0.0694571)
(0.100645,-0.0193046)
(0.396035,-0.430082)
(0.157481,0.164862)
(0.223376,0.0734795)
(0.18762,-0.161166)
(-0.0531101,-0.0571792)
(-0.0319733,0.242286)
(0.572692,-0.604022)
(-0.133589,0.138968)
(0.49415,-0.521681)
(-0.0160954,-0.0494585)
(0.04741,-0.0927779)
(0.321443,-0.02413)
(0.00548137,-0.0848296)
(0.0208509,-0.0996894)
(0.480024,-0.189636)
(0.0604844,-0.0447646)
(-0.0969766,-0.123097)
(-0.12216,-0.0312151)
(0.00962367,-0.0536728)
(0.083293,-0.0513806)
(0.00952851,-0.0745217)
(0.179828,-0.0916573)
(0.310906,0.091741)
(-0.101786,-0.0415471)
(0.356048,-0.290641)
(0.0471862,-0.00574781)
(0.274876,-0.351302)
(0.0909675,-0.112765)
(-0.0151334,-0.0548104)
(0.397492,-0.320258)
(-0.0575735,-0.00426149)
(0.0582206,0.0549417)
(-0.00502725,-0.0662128)
(0.318636,-0.203872)
(-0.0229146,0.287389)
(-0.171344,0.296785)
(0.189663,0.246031)
(-0.0408351,0.01433)
(-0.0350173,-0.0615044)
(-0.0174732,-0.0339456)
(-0.382767,0.15056)
(-0.0114061,-0.0159882)
(-0.0151031,-0.0261866)
(0.027447,-0.131255)
(-0.357786,-0.0362475)
(-0.0433425,-0.013844)
(0.0219615,-0.018159)
(-0.0180181,0.00570218)
(0.000675839,-0.0779859)
(-0.0537407,-0.0186547)
(-0.0472344,-0.0845906)
(0.001265,0.0743781)
(0.0997313,-0.00901227)
(0.0825192,0.0218758)
(-0.0257085,0.0654718)
(0.086904,0.0844528)
(-0.0319766,0.136107)
(0.128336,-0.0908257)
(-0.0396767,-0.0467268)
(0.119551,-0.0861374)
(-0.0914087,-0.0726403)
(0.0755356,-0.158867)
(-0.167549,-0.0909326)
(-0.256295,-0.0786334)
(-0.0187474,-0.075306)
(-0.0200828,0.0430396)
(0.472295,-0.114556)
(0.0627977,0.130103)
(-0.0922057,-0.00277046)
(0.0712748,-0.054301)
(0.306104,-0.245744)
(-0.064642,0.0303564)
(0.00456473,-0.0166777)
(-0.00509946,0.0500055)
(-0.172063,-0.137939)
(-0.0222182,0.00684691)
(-0.0535013,0.0314812)
(0.0898282,0.0952368)
(0.261846,-0.241313)
(-0.0461489,-0.0536984)
(-0.1262,-0.0321664)
(0.55793,-0.256422)
(-0.117446,0.0748268)
(-0.0423298,0.0424372)
(0.0837665,-0.145575)
(0.397961,-0.257626)
(0.150165,-0.0430504)
(0.030653,-0.110469)
(0.115949,-0.0817534)
(0.00217686,-0.122783)
(-0.0553286,0.315436)
(-0.111727,-0.0468215)
(-0.00734272,0.0114228)
(0.0923199,0.105965)
(-0.113159,0.178596)
(-0.103733,0.238037)
(0.0212416,0.0329434)
(0.362731,-0.311998)
(0.177918,0.123576)
(-0.0120706,-0.124919)
(0.0401032,-0.0726883)
(-0.0515709,0.0337562)
(-0.0299583,0.0313946)
(0.177535,0.177095)
(-0.0188902,0.00315398)
(0.000116517,-0.0896267)
(0.0181241,-0.0359605)
(0.08491,0.234673)
(0.0542092,0.0912106)
(0.44696,-0.272294)
(-0.0376901,-0.100348)
(-0.0144911,-0.0870794)
(0.229622,0.18265)
(-0.00143975,-0.093551)
(0.0499952,0.268163)
(-0.0378639,-0.11611)
(0.291914,-0.144415)
(0.358934,-0.170428)
(0.394259,-0.126884)
(-0.164902,0.0840952)
(-0.115905,0.168036)
(0.555836,-0.150403)
(0.710155,-0.189636)
(-0.0152753,0.0336392)
(0.272645,-0.294769)
(0.375721,-0.34763)
(0.184514,-0.163994)
(0.305135,0.168511)
(0.143576,0.185319)
(0.22434,0.11761)
(0.34741,-0.0522734)
(0.20404,0.125361)
(0.0360962,0.100017)
(-0.0377047,-0.153682)
(0.325496,0.080971)
(-0.0462934,-0.0352375)
(0.0269244,0.0539829)
(0.106269,-0.0106143)
(0.43991,-0.467246)
(0.104888,0.0709263)
(-0.119721,0.124677)
(0.0884637,0.0749294)
(0.508173,-0.463879)
(0.0268487,0.111967)
(-0.0899409,-0.0974735)
(0.453288,-0.376809)
(0.418218,-0.361377)
(-0.14728,-0.0219197)
(0.198196,-0.272731)
(0.019516,-0.0273727)
(0.00469789,-0.0459898)
(0.367048,-0.340343)
(0.24342,-0.168586)
(0.324028,-0.306381)
(0.248048,-0.242051)
(-0.0785139,0.00684838)
(0.395781,-0.345784)
(-0.00230808,-0.0179409)
(0.0851147,-0.0855777)
(0.188823,-0.0300395)
(0.318051,-0.0479611)
(0.0301151,0.0496748)
(0.202777,0.0933441)
(-0.0743945,-0.154366)
(0.0161909,-0.0877564)
(-0.0409473,-0.165708)
(0.119347,0.135753)
(-0.00880425,0.0325846)
(0.00623874,0.0115499)
(-0.052836,0.049356)
(0.0862976,-0.227013)
(0.0110452,-0.037825)
(-0.195091,0.156583)
(-0.110797,0.0552905)
(-0.0552184,0.0665123)
(-0.247628,-0.0123453)
(0.283169,-0.170334)
(-0.074281,-0.0568042)
(0.00279738,0.0388426)
(-0.00879504,0.0115135)
(-0.0947344,-0.0386286)
(-0.00732665,0.0212077)
(-0.0445453,-0.0616049)
(0.0804965,-0.0292925)
(-0.246155,0.0195418)
(0.404192,-0.272585)
(0.088356,0.0651006)
(0.223419,-0.269783)
(0.071893,-0.14001)
(0.103913,-0.105712)
(-0.0310833,0.03917)
(0.0376199,-0.138502)
(-0.0718871,0.0135907)
(-0.0459268,-0.103663)
(-0.0329394,0.00538256)
(0.106065,0.0114786)
(-0.0226167,0.0357304)
(0.0602147,-0.0327602)
(0.051533,0.0381283)
(0.0692531,0.0996547)
(0.577735,-0.306164)
(0.534587,-0.18417)
(-0.0823351,0.0298991)
(0.132468,-0.0116349)
(0.0690577,-0.0871251)
(0.22322,-0.0238283)
(0.539971,-0.250671)
(-0.059479,0.0402559)
(0.0146298,0.061148)
(0.00183395,0.0610202)
(0.0157077,0.0290523)
(0.584102,-0.29571)
(-0.00562808,0.071533)
(-0.087438,0.132812)
(-0.118013,0.102252)
(-0.0902366,0.0976191)
(0.595079,-0.288328)
(-0.0743858,-0.0354023)
(0.0951476,-0.0481104)
(-0.12455,0.0512256)
(-0.0873751,0.0662271)
(-0.0984872,0.0910575)
(0.663236,-0.254857)
(0.319946,-0.269625)
(0.817977,-0.484113)
(0.113807,-0.103481)
(0.0515344,0.0429444)
(0.286599,-0.242718)
(0.247954,-0.0481978)
(0.36094,-0.120774)
(0.585604,-0.30247)
(-0.0244101,-0.019921)
(-0.0558246,0.15762)
(-0.142657,0.0391069)
(-0.0649388,0.00302381)
(-0.0846497,-0.00600372)
(0.263943,-0.26075)
(0.270548,-0.335918)
(0.201583,-0.289609)
(0.330926,-0.277813)
(0.622889,-0.457872)
(-0.098988,0.0919285)
(0.140312,0.00789426)
(-0.0263344,0.0340317)
(0.693751,0.0265227)
(0.300368,-0.281192)
(0.4103,-0.343568)
(0.0470911,-0.00419633)
(-0.0183297,0.227505)
(-0.00806443,0.0603248)
(0.346586,-0.522652)
(0.22487,0.215782)
(0.0881173,-0.0685738)
(-0.0256162,0.206698)
(0.483259,-0.693177)
(0.0683574,-0.030031)
(0.075059,0.23241)
(0.474551,-0.627358)
(0.39361,-0.572637)
(0.116021,-0.122158)
(0.0146409,-0.11342)
(0.0939716,0.000740781)
(0.109043,-0.0967683)
(0.0980536,0.0226358)
(-0.0353291,0.0431634)
(0.121547,0.0735305)
(0.280179,-0.226323)
(0.424533,-0.215611)
(0.439709,-0.297499)
(0.501883,-0.200919)
(0.3472,-0.326308)
(0.275266,-0.257301)
(0.249955,-0.289521)
(0.305444,-0.245062)
(0.125213,-0.232209)
(0.0588856,-0.0233795)
(-0.0230031,0.0680431)
(0.373587,-0.29095)
(0.425909,-0.452588)
(0.499242,-0.477765)
(0.447633,-0.421296)
(0.428889,-0.487616)
(-0.0057644,0.137661)
(0.324712,-0.153453)
(-0.0401635,0.158962)
(-0.0263611,-0.0633793)
(-0.0252917,0.0429127)
(-0.0412707,0.0832544)
(0.00217125,0.0455716)
(-0.0497357,-0.0180735)
(-0.070348,0.0178142)
(-0.0342085,0.0302071)
(0.202194,0.0975183)
(0.331101,-0.2458)
(0.000896023,0.0636574)
(0.311356,-0.281973)
(0.332696,-0.167959)
(0.282067,-0.222132)
(0.0818061,0.0373419)
(0.0429996,0.140859)
(-0.026173,-0.0283811)
(0.405498,-0.347123)
(0.034682,-0.0513408)
(-0.00959744,-0.00996288)
(0.158653,-0.348947)
(0.17828,-0.207049)
(0.226937,-0.273722)
(0.329026,-0.499988)
(0.62639,-0.712113)
(0.624533,-0.194762)
(-0.111807,-0.104513)
(-0.100449,0.165374)
(-0.105708,0.0477671)
(0.0622864,0.00355071)
(0.00933503,-0.00589583)
(-0.140787,0.129314)
(0.136268,0.0807634)
(0.589823,-0.0828452)
(0.602026,-0.129381)
(-0.00112579,0.0124657)
(0.622181,-0.0158249)
(-0.0176202,-0.0475997)
(0.668047,-0.223466)
(0.697685,-0.304862)
(-0.0429952,-0.12313)
(0.143667,0.196631)
(0.135789,0.158001)
(0.0353934,0.119709)
(0.772864,-0.424507)
(0.0552044,0.0978604)
(0.515491,-0.115403)
(0.0658878,0.0318955)
(0.621987,-0.171387)
(0.0526018,0.0531538)
(0.794402,-0.190145)
(0.0121058,0.0507449)
(0.105813,-0.0663928)
(-0.00436521,0.0903212)
(-0.0391408,0.00813359)
(0.504089,-0.393011)
(0.002864,0.00369593)
(0.402967,-0.332383)
(0.408315,-0.38634)
(-0.126284,0.0224039)
(0.570614,-0.418254)
(0.302723,-0.143138)
(0.564759,-0.282673)
(-0.00673548,0.0368457)
(0.269068,-0.173815)
(-0.0960428,-0.0335055)
(-0.000301229,-0.0148108)
(-0.0156706,0.0124823)
(0.0266265,0.052151)
(-0.173995,0.0383621)
(0.0229127,0.038023)
(-0.061002,-0.093825)
(0.317223,-0.243851)
(-0.0320258,-0.00401153)
(0.49257,-0.117491)
(0.218414,-0.162904)
(0.262575,-0.188797)
(-0.12002,-0.0496451)
(0.203254,-0.256362)
(-0.145024,-0.0639052)
(0.71266,-0.475355)
(0.00127586,0.038961)
(0.722271,-0.498175)
(0.218026,-0.244653)
(-0.0109282,0.0744229)
(-0.0746445,0.102637)
(0.43213,-0.326989)
(-0.00420322,0.093989)
(-0.123775,-0.125476)
(-0.0777733,0.241786)
(0.267567,-0.307749)
(0.329899,-0.40083)
(0.504975,-0.0554453)
(0.374057,-0.377438)
(0.367374,-0.496343)
(-0.0450424,0.0597468)
(0.375061,-0.0962116)
(0.394481,-0.169199)
(-0.0249833,0.0511508)
(0.268668,-0.156983)
(0.367045,0.092768)
(0.246851,-0.241289)
(0.356752,0.035935)
(-0.122399,0.0674409)
(-0.117362,0.0454976)
(-0.0384519,-0.0640275)
(0.012386,0.0621174)
(0.0190928,0.0223436)
(-0.107711,0.0362841)
(-0.125836,0.11971)
(0.177816,-0.299326)
(-0.0476768,0.00272128)
(-0.108495,-0.0683083)
(-0.142973,0.118995)
(-0.0457235,-0.105469)
(-0.0890194,-0.0898974)
(0.0163237,-0.0824234)
(0.082799,-0.0514507)
(0.653172,-0.170456)
(-0.0240851,-0.0947387)
(-0.0629224,-0.045314)
(0.521702,-0.640921)
(0.320953,-0.503156)
(0.0031875,0.0630008)
(0.0354265,-0.014433)
(0.0535078,-0.0259243)
(0.0259535,-0.0240076)
(0.021468,0.0530802)
(0.393672,-0.0599482)
(0.569487,-0.214144)
(0.413537,-0.189322)
(0.406557,-0.526317)
(-0.0334994,-0.0713267)
(0.29726,0.00875315)
(0.413002,-0.631809)
(0.14663,-0.0522221)
(0.0225482,0.114293)
(-0.0447107,0.0431577)
(0.851799,-0.502334)
(0.206501,-0.0174152)
(0.177862,-0.274118)
(0.121555,0.102759)
(0.317288,-0.104244)
(0.356173,-0.0942013)
(0.628447,-0.335925)
(0.755316,-0.445905)
(0.261077,0.0537139)
(0.0695296,0.295743)
(0.733997,-0.330602)
(0.115,0.279916)
(-0.0877819,0.193802)
(-0.0926249,0.170401)
(0.460056,-0.293051)
(-0.0334761,0.23393)
(0.522753,-0.276105)
(-0.00328749,-0.0786125)
(-0.0253329,0.0120838)
(0.119427,0.095548)
(0.162909,0.0750194)
(0.0324766,0.151861)
(-0.113429,0.00669122)
(-0.0607172,0.0519971)
(-0.100284,-0.0672228)
(-0.0675931,0.0739567)
(0.510704,-0.536008)
(0.00130641,0.0619881)
(0.0244901,0.0645901)
(0.611374,-0.560661)
(-0.00422468,0.0889321)
(0.041066,0.217149)
(-0.112917,0.21648)
(-0.00842134,0.263361)
(0.00420875,0.0916451)
(0.105066,-0.159061)
(0.0388806,0.0688902)
(0.0443455,0.064874)
(-0.0652799,0.0195365)
(-0.00494898,0.0139763)
(-0.00716242,0.0782414)
(0.6345,-0.446126)
(0.252377,0.128309)
(0.612205,-0.588064)
(0.36423,-0.496938)
(0.689215,-0.439417)
(0.0765868,0.36032)
(0.440253,-0.290961)
(0.501609,-0.513021)
(0.47969,-0.424751)
(0.190132,0.318296)
(-0.107659,-0.0931434)
(0.0411054,0.337236)
(0.015806,-0.0870504)
(0.530148,-0.585099)
(0.494862,-0.549879)
(-0.124317,0.0758918)
(0.00325665,0.0621039)
(0.0249946,0.038335)
(0.284979,-0.041458)
(0.213691,-0.202757)
(0.364877,-0.0607372)
(0.281661,0.00770661)
(0.307625,0.00556538)
(0.330672,-0.0480836)
(0.383003,-0.3329)
(-0.0635911,-0.0775558)
(0.374977,-0.276056)
(-0.00235012,0.0570927)
(0.157287,0.116242)
(0.175332,0.0791254)
(0.468436,-0.350791)
(0.0224242,0.094926)
(0.639873,-0.264149)
(0.561597,-0.481638)
(0.0137337,0.0632661)
(0.0568316,-0.00292439)
(0.0667305,-0.00794627)
(0.137273,0.111635)
(0.0663914,0.13406)
(0.00515739,-0.0726517)
(0.364966,-0.270179)
(0.274069,-0.273882)
(0.272163,-0.113176)
(-0.115914,0.00287729)
(0.007308,0.0159987)
(0.112694,0.058629)
(-0.0475488,0.0141062)
(-0.0653909,0.00425079)
(0.411665,-0.184571)
(0.373688,-0.366484)
(0.415486,-0.388428)
(0.039296,0.118591)
(0.583538,-0.440986)
(0.0160499,0.0701419)
(-0.0432541,0.0427568)
(-0.101129,-0.0175067)
(-0.0452076,-0.00416888)
(0.0481457,0.0321276)
(0.109355,0.0933671)
(0.342025,-0.0787654)
(0.509434,-0.191924)
(0.414327,-0.430446)
(0.102553,0.0701939)
(0.376102,-0.432282)
(0.0766319,-0.0523232)
(0.313298,-0.130271)
(0.451745,-0.171386)
(-0.0542507,-0.021326)
(0.374168,-0.513794)
(0.383772,-0.126024)
(0.400733,-0.531311)
(0.327951,-0.469765)
(0.516168,-0.583452)
(0.390484,-0.0932467)
(0.487136,-0.200053)
(0.436016,-0.131466)
(0.43022,-0.424088)
(-0.0150982,-0.112918)
(0.586691,-0.545014)
(0.60874,-0.305329)
(0.0347631,-0.122629)
(-0.0862729,0.00193795)
(-0.0593428,0.00989856)
(-0.00793201,-0.140544)
(0.365055,-0.23219)
(0.118874,0.276204)
(0.496605,-0.511065)
(-0.0624321,0.230351)
(0.353653,-0.0763524)
(-0.000531858,0.0391175)
(0.0303299,0.0458592)
(0.418184,-0.0876419)
(0.0220557,0.129382)
(0.17061,0.0211847)
(0.329085,-0.562363)
(-0.0521315,-0.0146139)
(-0.031091,-0.120725)
(-0.00127594,0.102342)
(-0.0183444,0.0552905)
(-0.0915127,0.130326)
(-0.16205,0.0971791)
(0.390882,-0.580549)
(0.336733,-0.622785)
(0.328703,-0.509229)
(-0.0470446,0.0243769)
(0.315813,0.123752)
(0.636567,-0.28254)
(0.205198,0.168727)
(0.0487028,-0.152496)
(0.00714001,0.00970796)
(-0.0414569,-0.012295)
(0.365566,-0.555562)
(0.719122,-0.280309)
(0.501869,-0.427835)
(0.518169,-0.307649)
(0.30852,-0.551296)
(-0.0297906,-0.119577)
(0.655452,-0.317039)
(0.501579,-0.227537)
(-0.0287946,-0.0833459)
(0.285669,-0.437619)
(0.372525,-0.567762)
(-0.0385518,-0.0325676)
(0.0514532,0.182982)
(0.568216,-0.58629)
(-0.00101807,0.0808729)
(0.0537003,0.160087)
(0.538979,-0.450156)
(-0.0235196,-0.11372)
(-0.0280657,0.0154087)
(-0.048676,-0.0879306)
(-0.0186383,0.0807794)
(0.780563,-0.479994)
(0.150855,-0.0870796)
(0.122084,0.0399831)
(0.187521,-0.0339674)
(0.388018,-0.13624)
(-0.0204997,-0.00651207)
(-0.0841556,0.0675597)
(-0.0137903,0.0673629)
(0.079898,-0.121962)
(0.0435177,0.0805685)
(0.0672992,-0.0341395)
(-0.0117222,-0.13286)
(0.0333859,-0.0412204)
(-0.0974371,0.1661)
(-0.0847256,0.0708286)
(0.00658203,-0.0330236)
(0.534712,-0.249832)
(-0.0636195,0.00870631)
(0.539816,-0.297802)
(0.0320284,0.0194155)
(-0.138473,-0.0198325)
(0.195823,-0.0267423)
(0.588777,-0.41631)
(0.329159,-0.0978767)
(-0.200094,0.00577027)
(0.149783,0.0393217)
(0.0314338,0.117501)
(0.1181,0.0719432)
(0.0314879,-0.0374808)
(0.0114225,0.0269581)
(0.159438,0.271233)
(0.0108865,-0.0586423)
(0.329309,0.25782)
(0.0296434,0.0918365)
(0.0268381,0.0604144)
(0.807854,-0.322545)
(0.0467158,0.0957586)
(0.0681462,0.0280049)
(0.123874,0.076292)
(-0.0356849,0.0436272)
(0.360139,-0.127677)
(0.268846,-0.113311)
(-0.0970263,0.122244)
(0.104075,-0.218619)
(0.617648,-0.337247)
(-0.0396032,-0.0781997)
(0.626157,-0.217772)
(0.039492,-0.14963)
(-0.051699,-0.0170688)
(0.0649808,-0.0216267)
(0.0376273,-0.0112939)
(0.103362,-0.0202344)
(0.010097,0.0433193)
(-0.224913,0.0430629)
(-0.0207325,0.0791022)
(0.04672,0.0362096)
(0.0894924,-0.0831372)
(0.72664,-0.215647)
(0.822175,-0.24763)
(0.0798998,-0.081703)
(0.584827,-0.274436)
(0.505858,-0.195812)
(0.355981,-0.26323)
(-0.0677159,0.0653978)
(0.118054,-0.13553)
(0.364234,-0.187018)
(0.131132,-0.134133)
(0.175593,-0.318256)
(-0.0933114,-0.0608777)
(-0.107141,-0.0980699)
(0.0914441,-0.295644)
(-0.0682503,-0.0764428)
(0.346144,-0.297491)
(0.305286,-0.336257)
(0.0689496,-0.0724768)
(0.126227,-0.112007)
(0.203393,-0.178667)
(0.0878528,-0.0895986)
(0.191285,-0.182165)
(0.0278294,-0.0274753)
