1620
(0.0340334,-0.0730592)
(0.0246072,-0.213958)
(0.0541681,-0.0747426)
(-0.0868495,-0.217447)
(0.110644,0.103517)
(-0.239744,0.125615)
(-0.0978414,-0.372168)
(0.0445318,-0.169893)
(-0.153102,0.239543)
(-0.0676332,0.122704)
(0.212202,0.0661935)
(0.105959,-0.123436)
(-0.00274997,0.0737764)
(0.13702,0.297764)
(0.034466,-0.104351)
(0.00107621,-0.082272)
(-0.00986794,0.116045)
(0.0186553,0.0674536)
(-0.0154575,-0.0643099)
(-0.0589436,-0.0140141)
(-0.0267263,0.170584)
(0.00868259,0.0217291)
(-0.0951631,-0.0128018)
(-0.0504633,0.0853428)
(-0.0648346,0.0983847)
(0.0991493,0.0442867)
(0.111524,0.0330898)
(0.139735,-0.128522)
(0.045709,0.0154176)
(0.0341399,-0.161917)
(-0.145602,-0.104026)
(-0.107748,-0.0307625)
(0.186157,0.0233694)
(-0.146577,0.0789129)
(0.0451988,0.134686)
(-0.00943101,0.0738805)
(0.0949615,0.159659)
(-0.151829,0.035402)
(-0.0519425,0.0609773)
(-0.118171,-0.03906)
(0.0145568,0.0206347)
(-0.121152,-0.119491)
(0.0640983,-0.0770254)
(-0.0311614,0.0680194)
(0.0951744,0.144843)
(0.0932248,-0.0167058)
(0.252782,0.0203129)
(-0.0397109,-0.0306766)
(0.0742151,-0.0844761)
(-0.0888526,-0.0703205)
(-0.0187643,-0.0798246)
(0.0587893,-0.0514498)
(0.0277751,-0.0298882)
(0.078174,0.00794944)
(0.0342,0.0429649)
(0.0530178,0.0260872)
(-0.0292599,-0.0390592)
(-0.0588344,-0.0511642)
(0.0201329,0.0540894)
(-0.0394837,-0.0771617)
(-0.0106827,0.0576676)
(0.258516,-0.0983153)
(-0.110468,-0.0251005)
(0.618153,-0.149181)
(-0.250986,-0.0258519)
(0.0348279,-0.0872072)
(-0.075304,-0.0789601)
(-0.0126873,-0.0661693)
(0.0615867,0.0416525)
(-0.0385568,-0.0322924)
(-0.116557,-0.112331)
(-0.00195084,-0.0756361)
(0.0928608,0.0116494)
(0.0359148,0.0782119)
(-0.165432,-0.66923)
(0.0209653,0.0594679)
(-0.113936,0.127657)
(-0.048564,-0.11146)
(-0.0167727,-0.0310204)
(0.166935,-0.0449419)
(-0.0510108,0.289816)
(-3.34406e-06,0.0206607)
(0.0628908,0.0433421)
(0.241212,0.0206214)
(0.0176588,0.0763702)
(0.136269,-0.0278798)
(0.0176807,0.047146)
(-0.0245319,0.0195762)
(0.0805973,0.194302)
(-0.0622591,0.028814)
(0.00107766,-0.00672079)
(-0.0873777,0.0420816)
(0.50468,-0.0774901)
(0.0274277,-0.115815)
(-0.11154,-0.0550919)
(0.575169,-0.0367941)
(-0.0306768,0.0145235)
(0.165985,-0.200791)
(0.0575105,0.0752334)
(0.0350504,0.0906723)
(-0.066481,0.00551884)
(-0.0132433,-0.095133)
(0.000984708,-0.10999)
(-0.0254021,-0.0909641)
(-0.0221713,-0.0479057)
(0.310126,-0.517999)
(-0.0331067,0.0372495)
(-0.116947,0.0346987)
(-0.0085383,-0.0536699)
(0.0211951,-0.0492778)
(0.00634894,0.0104011)
(0.83472,0.12877)
(0.245876,-0.350853)
(-0.119251,0.0489737)
(0.510378,0.0120433)
(-0.104146,0.0401707)
(-0.100572,-0.0340546)
(0.576933,0.0628017)
(0.0366788,0.0708954)
(0.698806,-0.403208)
(0.794468,-0.0234598)
(0.0168561,0.062911)
(0.722313,-0.402573)
(0.319297,-0.148998)
(0.642837,-0.202927)
(0.0432259,-0.0443243)
(-0.0255339,-0.122866)
(-0.0752645,-0.0757569)
(0.760123,-0.233066)
(0.0185337,-0.000756583)
(0.0495322,-0.0138662)
(0.0919263,-0.0613716)
(-0.133351,-0.00267824)
(-0.1152,-0.0130585)
(-0.182542,-0.0186807)
(0.101973,-0.0460819)
(0.0639197,-0.0962259)
(-0.0932859,0.0712288)
(0.199368,0.0963582)
(-0.0621851,-0.000212609)
(-0.0192426,0.277282)
(0.0601833,0.13511)
(-0.0932789,-0.0787094)
(-0.128427,-0.0466924)
(0.0324579,0.0564808)
(-0.00382604,0.040715)
(0.0145983,0.0135792)
(0.30419,-0.190278)
(0.319881,-0.086024)
(0.0863327,-0.0268974)
(0.503849,-0.154565)
(-0.0498812,-0.137979)
(0.462907,0.11919)
(0.69544,-0.164174)
(0.445447,0.158093)
(0.150775,-0.160466)
(-0.101705,-0.0403095)
(0.566819,-0.113955)
(0.432283,-0.108365)
(0.111955,-0.12571)
(0.0919811,-0.0990075)
(0.105829,0.0656238)
(0.136504,0.107332)
(-0.115257,0.064655)
(0.0136748,-0.0898154)
(-0.0538298,0.0655457)
(0.059612,-0.133343)
(0.0421327,-0.149977)
(0.152161,-0.0549835)
(0.128717,0.0159455)
(0.13642,-0.0542472)
(0.15087,0.0616868)
(0.263809,-0.137262)
(0.185164,0.0435423)
(0.386203,-0.196648)
(0.123866,-0.148844)
(-0.0594288,0.0255239)
(-0.0308859,-0.063649)
(-0.015515,0.173266)
(0.0368044,0.20458)
(-0.0421963,0.0833485)
(-0.0122557,-0.238623)
(-0.0634515,-0.156004)
(0.0597373,0.0863631)
(0.0837297,0.27967)
(-0.0186016,-0.0189074)
(-0.0338714,-0.0373617)
(0.058643,-0.431154)
(0.12983,-0.308738)
(0.313819,-0.214557)
(0.495876,-0.0296551)
(0.583406,0.309806)
(1.06918,0.407392)
(-0.163347,0.0131048)
(0.0398025,-0.097279)
(0.29147,0.108275)
(0.214228,-0.0907164)
(-0.060953,0.0887258)
(-0.169136,0.0696034)
(-0.0736133,0.117982)
(-0.0948437,-0.0279349)
(-0.0425208,-0.166429)
(-0.0185597,-0.0433049)
(-0.0758491,0.116037)
(-0.125922,-0.062877)
(0.0342822,0.0802168)
(0.789153,-0.210722)
(0.573515,-0.0675687)
(-0.00704053,-0.0575936)
(0.35602,0.218303)
(-0.0655604,-0.0353256)
(0.545344,-0.260438)
(0.445586,-0.331378)
(0.0379703,0.0970848)
(0.0724227,0.0190801)
(0.124803,-0.0655549)
(0.066074,-0.17244)
(0.804522,0.204491)
(1.10648,0.305717)
(-0.0625857,0.0627775)
(0.0318031,-0.067561)
(-0.138463,0.0197731)
(-0.071639,0.0293762)
(0.665719,-0.616127)
(-0.121532,-0.0214452)
(-0.121738,-0.106919)
(0.41068,-0.317256)
(-0.027812,0.0677235)
(-0.0892963,0.00337787)
(0.139034,0.07618)
(0.122377,-0.00297734)
(0.615405,-0.0974109)
(0.555484,-0.229301)
(0.591831,0.00474075)
(0.381809,0.0120027)
(-0.0774537,-0.0488052)
(-0.0310367,-0.00137562)
(0.000450858,-0.0559396)
(-0.0937191,-0.128386)
(-0.0707194,-0.0206703)
(0.107827,0.0505687)
(-0.185402,-0.0837702)
(-0.0353128,-0.00374517)
(0.00885988,-0.0806616)
(-0.103004,-0.083652)
(0.110216,0.179147)
(0.106858,-0.0647871)
(0.0106135,0.00403196)
(0.0950668,0.073082)
(-0.164749,-0.105833)
(-0.109018,-0.158908)
(0.149112,0.0764581)
(-0.125361,-0.205239)
(-0.112969,-0.152862)
(0.110678,0.0128758)
(-0.15983,-0.0799206)
(-0.0922588,0.0123423)
(-0.196095,0.0200915)
(-0.00221303,-0.127349)
(-0.0794204,-0.00268247)
(0.0485082,-0.149095)
(-0.109396,0.0892262)
(0.0191028,0.103055)
(0.0445627,0.114168)
(-0.139372,0.294718)
(0.00584216,0.120052)
(0.135319,0.0149383)
(0.0387231,0.0449272)
(0.018454,0.0153612)
(0.101202,0.078819)
(0.108274,0.218348)
(0.0627401,-0.0503591)
(-0.0458538,-0.0466344)
(0.0370933,-0.104726)
(-0.194327,-0.182214)
(0.456359,-0.156574)
(-0.115569,-0.0840669)
(0.00286841,-0.0896065)
(-0.0731352,0.0959341)
(-0.2242,-0.0510483)
(-0.10661,-0.131039)
(0.0120108,-0.187888)
(-0.0338222,0.0116884)
(0.0192747,-0.100613)
(0.130714,0.00143735)
(0.0917813,0.114262)
(0.129822,0.0519986)
(0.0207063,-0.0520354)
(0.0831281,0.125206)
(0.143142,0.0648193)
(0.0596187,0.0523312)
(-0.132956,0.106756)
(0.00980844,0.0291006)
(0.0248964,0.022396)
(-0.0300431,0.0647828)
(-0.253723,-0.0894501)
(0.144582,-0.0584562)
(-0.138362,-0.140381)
(-0.154284,-0.0234614)
(0.0120015,0.121926)
(0.203581,0.280653)
(-0.18392,0.0373005)
(-0.0478994,0.0118198)
(-0.0571045,0.0358328)
(-0.112591,-0.0869065)
(0.100221,-0.0266936)
(-0.0108944,0.0144319)
(0.144757,-0.166211)
(-0.126027,0.161651)
(-0.0723698,0.187646)
(-0.0654705,0.0497582)
(-0.107553,0.0963721)
(-0.0221338,0.0774356)
(-0.0275607,-0.132235)
(-0.179726,-0.0908525)
(-0.206765,-0.0552146)
(0.101646,-0.0424411)
(-0.00879854,0.032998)
(-0.157798,0.0516122)
(0.291963,-0.162195)
(-0.098211,0.00740617)
(0.105646,-0.0371003)
(0.0777608,-0.102693)
(-0.0923833,-0.110084)
(0.109281,-0.217453)
(0.179921,-0.174656)
(0.105973,0.121557)
(-0.0695701,0.191746)
(-0.019285,-0.0578657)
(-0.0279286,-0.0303238)
(-0.0927697,-0.115188)
(0.121426,-0.126517)
(-0.0446246,-0.166203)
(0.0722668,0.124396)
(0.0455939,0.0463877)
(0.395905,-0.21061)
(0.0542675,0.0323845)
(-0.0271591,0.0345219)
(0.0506959,-0.00888576)
(-0.0151608,0.0496034)
(0.151735,0.0536338)
(0.146145,-0.0299141)
(-0.034272,0.0226312)
(0.0254416,8.89941e-05)
(-0.046918,-0.0592693)
(0.0514612,-0.0241442)
(0.0233046,0.132335)
(-0.0486322,-0.0296584)
(-0.0514855,0.00787481)
(0.131788,0.0704434)
(0.594783,-0.200546)
(0.597532,-0.226975)
(0.072537,-0.0565916)
(0.056767,-0.0202973)
(0.215201,0.219923)
(-0.0737898,-0.0588241)
(0.159204,-0.067868)
(0.00350976,0.036337)
(0.063139,0.0215727)
(0.031045,-0.058886)
(-0.00272412,0.121257)
(0.110839,-0.029751)
(-0.124115,-0.115036)
(-0.0536853,-0.0550921)
(0.0664339,0.126059)
(-0.0256215,0.141133)
(0.583259,-0.29143)
(-0.0594334,-0.0399458)
(0.0821483,0.0309342)
(0.127521,0.0613382)
(0.0272477,0.00567824)
(0.0731917,0.0115586)
(0.0747647,-0.0193357)
(-0.0661296,-0.00516592)
(0.495967,-0.464599)
(0.211535,-0.159067)
(0.05086,0.000780572)
(-0.0337715,-0.14292)
(0.0219774,-0.156868)
(0.0371958,-0.0578394)
(-0.102572,0.0678604)
(0.0643252,0.0135192)
(0.391049,-0.014562)
(0.145401,0.0877372)
(-0.0140554,-0.0982719)
(0.0237416,0.0994944)
(0.0675173,-0.0861403)
(0.0375469,-0.0266519)
(0.0778069,0.0450539)
(-0.0519721,0.00961563)
(-0.0369317,0.0809681)
(0.123461,0.0154252)
(-0.0568024,-0.161982)
(-0.0869706,-0.00753077)
(0.0288476,-0.00505849)
(-0.0130912,-0.028773)
(-0.0156762,0.154925)
(-0.00573228,-0.0823788)
(0.0151394,-0.0563343)
(0.0113663,-0.122119)
(-0.0582133,-0.108333)
(0.0483044,0.0849299)
(0.165236,0.0934639)
(0.401657,0.0117654)
(0.0549919,-0.036682)
(-0.151782,0.0221541)
(-0.0693493,-0.00773598)
(-0.0327692,0.0789317)
(0.139584,0.00200583)
(0.141622,-0.108179)
(0.0644852,0.181324)
(0.149245,-0.035668)
(0.105065,-0.0663678)
(-0.183368,-0.0104965)
(0.288581,0.226021)
(-0.0658582,-0.14606)
(-0.0753843,0.0502397)
(0.0150333,-0.113302)
(0.0253271,0.174155)
(0.0615879,0.233985)
(-0.0363972,-0.0629515)
(0.0904876,-0.0659665)
(0.0771078,0.0512896)
(-0.0603683,-0.0218333)
(-0.080672,-0.114985)
(-0.050442,0.0565765)
(0.522891,0.0567164)
(-0.0480557,0.120115)
(-0.0839381,-0.128627)
(-0.0909484,-0.0277075)
(-0.0632501,0.137017)
(0.108546,-0.0475744)
(0.0654339,0.161491)
(0.120916,0.0185188)
(0.0340811,0.0352992)
(0.0316182,-0.129946)
(0.0492504,-0.0577261)
(0.0558207,0.0604374)
(-0.126445,-0.0864047)
(-0.105326,0.0793118)
(-0.0868155,0.05343)
(0.0111711,0.0936397)
(0.148883,0.01406)
(0.111931,-0.0807117)
(-0.0191617,-0.0667327)
(-0.151098,-0.00644982)
(-0.130769,-0.0999039)
(-0.0529049,0.00238761)
(-0.0750272,0.0655058)
(0.342011,0.0930587)
(-0.0563285,0.0408089)
(0.0154703,-0.108824)
(-0.114845,0.0202907)
(-0.123432,0.187036)
(-0.0076533,-0.0499607)
(0.0922876,-0.0478268)
(-0.00851585,0.0594875)
(-0.0532795,0.0632499)
(-0.154087,0.0618557)
(0.0315572,-0.0428323)
(-0.0216722,0.0272997)
(-0.0503031,-0.0645947)
(0.0294888,0.0730556)
(-0.0237825,-0.0459307)
(-0.0226138,0.00255965)
(-0.00619006,-0.0993153)
(-0.0614676,-0.0716995)
(-0.0965711,0.0970499)
(0.335007,-0.103871)
(-0.256237,-0.13826)
(0.186198,0.35193)
(-0.0260198,-0.15293)
(0.0881509,-0.0587476)
(-0.0312955,-0.0681663)
(0.0237151,-0.0571164)
(0.0834238,0.185763)
(0.225975,-0.092808)
(0.12219,0.0239905)
(-0.203375,-0.0185748)
(0.0326081,0.10821)
(-0.030259,0.00904745)
(0.465456,-0.125259)
(0.0194863,0.136047)
(0.0756975,0.0500865)
(-0.0178227,0.0724016)
(-0.127845,-0.0435537)
(0.0285583,0.02879)
(0.206222,-0.0361993)
(0.0395304,0.0843016)
(0.030976,-0.0331089)
(0.914526,-0.50314)
(0.16076,-0.113988)
(-0.00334481,-0.00575231)
(0.101445,0.117646)
(-0.0507264,0.0623269)
(0.320558,0.0641442)
(0.2773,-0.287052)
(0.135383,0.278797)
(-0.0377635,-0.329423)
(-0.0292437,0.0100713)
(-0.0227891,0.0430858)
(0.0934283,-0.0275689)
(-0.0244904,0.132423)
(0.0871689,0.0231374)
(0.095014,-0.0857078)
(-0.00776111,-0.0292629)
(-0.0682035,-0.0985401)
(0.154666,0.0462065)
(0.240786,-0.0567389)
(0.0377844,0.11186)
(0.0719845,-0.030376)
(0.0600573,0.0961387)
(0.040628,0.0504984)
(0.0605637,-0.0524437)
(0.127949,3.28467e-05)
(0.0946099,-0.039637)
(-0.176892,-0.137756)
(0.139036,0.0282211)
(-0.198474,-0.00418377)
(0.113453,0.054378)
(-0.00231999,0.0848463)
(0.0809585,0.136398)
(0.0332375,0.0351834)
(0.0356485,-0.164123)
(0.0598347,-0.078237)
(-0.00398908,-0.197015)
(-0.0634136,-0.19561)
(-0.0931722,-0.063597)
(-0.0918224,-0.0713651)
(0.10048,0.107188)
(-0.0411066,-0.0803365)
(0.157351,0.00321842)
(0.336019,-0.132599)
(0.15647,0.109715)
(0.482115,-0.41084)
(-0.030739,0.123043)
(0.102687,0.0864163)
(0.0653151,0.00536928)
(-0.114239,-0.0915216)
(0.17726,0.153227)
(-0.079945,-0.105948)
(0.129927,0.00282057)
(0.0156175,-0.060915)
(-0.022172,-0.0745655)
(-0.100101,-0.00536082)
(-0.0280856,0.0962936)
(-0.112078,0.108931)
(-0.147668,0.0255339)
(-0.0780093,0.0404526)
(-0.051391,-0.122058)
(-0.0455062,0.0823305)
(-0.0257745,0.022019)
(0.0350412,0.0334886)
(-0.0564068,0.295296)
(-0.0578782,0.202073)
(0.0428599,-0.037408)
(0.0562753,-0.210216)
(0.00176832,-0.0244972)
(0.0796209,0.178068)
(-0.0425228,0.109077)
(0.0773658,0.0241075)
(0.366812,-0.127697)
(-0.0665442,0.0693528)
(0.0421321,-0.0934225)
(-0.0638153,0.0252532)
(0.0576325,-0.0601122)
(-0.00383773,-0.0177024)
(0.0815575,-0.0992777)
(0.194814,-0.230599)
(0.861555,0.0193491)
(0.118885,-0.0184067)
(0.0434483,0.0921468)
(0.109201,-0.00756259)
(0.158015,-0.203317)
(0.476481,-0.0994296)
(0.00604096,-0.0774048)
(-0.142028,0.0206694)
(0.000509585,0.0489887)
(-0.128828,0.140021)
(0.000684019,0.0307064)
(-0.0396884,0.0289321)
(0.0877033,-0.00908374)
(-0.0185729,0.132284)
(0.0532067,-0.0472607)
(-0.0762853,-0.148435)
(0.400454,-0.365626)
(0.0779678,-0.0148265)
(-0.0800844,0.0869647)
(-0.012769,-0.0976365)
(0.0481565,0.0835921)
(0.0953109,0.126934)
(-0.04045,-0.119591)
(0.00589455,-0.0121822)
(0.38075,-0.0255348)
(0.0239065,-0.066159)
(0.0892399,0.0168174)
(-0.0500148,-0.0204573)
(0.046133,-0.0516721)
(0.0171133,0.0779336)
(-0.227333,-0.155506)
(-0.0198395,0.0819056)
(0.476771,0.00288815)
(0.609851,-0.147686)
(-0.0960556,-0.0950296)
(-0.0472235,-0.0214659)
(-0.00856656,-0.0436782)
(0.0336414,0.0204792)
(0.0616015,0.043467)
(0.127319,0.0249358)
(-0.150638,0.0257536)
(-0.0375173,-0.0484264)
(0.0316281,0.0979688)
(-0.0644559,0.102896)
(-0.166225,0.184323)
(0.0879177,-0.0107354)
(-0.0172975,0.0592852)
(0.00334274,-0.0610452)
(-0.080514,0.0476057)
(-0.0754348,0.00206038)
(-0.114033,0.00283615)
(0.137628,0.0380663)
(0.0772073,0.0254359)
(0.010309,0.00100707)
(0.0298807,0.0729692)
(0.0788504,-0.109127)
(0.0347589,-0.0854651)
(-0.00821851,-0.0362427)
(-0.00673437,-0.0268142)
(-0.014048,-0.0494351)
(0.023533,0.243635)
(0.191673,0.0226367)
(0.0458272,0.0591637)
(0.09606,0.128907)
(0.0666726,0.123548)
(0.102705,0.0597035)
(0.0536385,0.0346597)
(0.00526783,0.0981511)
(0.0963596,0.113105)
(0.131806,0.0277303)
(0.688584,-0.415502)
(0.0573866,-0.251139)
(-0.0552967,0.0942701)
(-0.0897528,-0.0595123)
(0.0080697,-0.0310057)
(-0.0448145,-0.0149347)
(0.00677741,-0.0066759)
(-0.0856436,-0.123345)
(0.110807,-0.00917936)
(-0.0131206,0.0322683)
(0.0185727,-0.0431465)
(-0.0183602,-0.0209606)
(0.102299,0.0348136)
(0.022262,0.0313656)
(-0.0673581,-0.0821667)
(-0.0795911,0.0437832)
(0.0186324,-0.0555619)
(-0.0555723,-0.0676817)
(0.0379513,0.00397462)
(-0.0102694,-0.0800252)
(-0.100233,-0.0523873)
(-0.0117202,-0.0335761)
(-0.171224,0.0739303)
(-0.214786,-0.0862744)
(0.0308327,0.0749704)
(-0.0877384,-0.179954)
(0.0290161,-0.125012)
(-0.00263223,-0.157649)
(0.00957213,0.0150769)
(0.0628114,-0.129413)
(0.00423794,0.0211672)
(0.0727353,-0.004757)
(-0.0995539,0.0931475)
(0.091713,-0.0597532)
(0.0354715,0.0105409)
(-0.00298244,-0.0500008)
(-0.0155698,0.0686601)
(0.0481286,-0.0784062)
(0.0738177,-0.055296)
(-0.119645,0.0821328)
(-0.0468553,0.116016)
(-0.134019,-0.0733044)
(-0.0105351,-0.225558)
(0.0250686,0.0748424)
(-0.0422963,-0.0543235)
(0.170792,-0.0797318)
(0.0479408,0.0366953)
(0.0691553,0.0191944)
(-0.106088,-0.0407333)
(-0.190418,-0.221498)
(0.0109009,0.0560343)
(0.0158369,0.0184505)
(-0.0198267,0.0371495)
(0.119718,-0.130242)
(0.410981,-0.226184)
(-0.0212466,0.0281644)
(-0.109138,0.0900917)
(-0.057284,-0.0242615)
(-0.0342866,0.00619831)
(-0.0476557,-0.00439429)
(0.0316158,0.0723093)
(-0.0325505,0.050731)
(0.0889926,-0.0778438)
(0.0204455,0.15157)
(0.0852175,0.0432319)
(0.0940792,-0.0062361)
(0.0884145,0.052096)
(0.0873361,0.0252475)
(0.0753824,0.0308301)
(0.0573284,-0.101783)
(0.0195811,0.0131568)
(-0.0269634,-0.13499)
(0.103304,0.0148709)
(0.00171907,-0.154239)
(0.0642609,0.0362677)
(0.0442687,-0.0972526)
(0.102631,-0.0407577)
(0.0864104,3.31174e-05)
(-0.0467159,-0.14768)
(0.554806,0.0734181)
(0.623841,-0.429275)
(-0.161613,0.0398656)
(0.70872,-0.399864)
(0.0785338,0.0826706)
(0.540255,-0.0642727)
(0.155292,0.134962)
(0.0331663,0.019158)
(0.662953,0.0405056)
(0.626984,-0.523484)
(0.52417,-0.353629)
(-0.123489,-0.0319992)
(-0.223696,-0.170246)
(0.0163482,-0.0943678)
(0.0127244,-0.06032)
(-0.175236,0.112167)
(-0.040096,0.0959847)
(-0.0425768,0.198356)
(-0.0102703,0.0116019)
(-0.0173855,0.00176218)
(-0.00120561,-0.0471854)
(0.0352225,0.00118502)
(0.0132233,-0.0577501)
(0.0382737,0.0646707)
(0.0198748,0.103461)
(0.0687039,-0.0502651)
(-0.101777,-0.164699)
(-0.118898,-0.0162395)
(0.0483318,0.060621)
(-0.267779,-0.0556531)
(-0.0609268,0.117303)
(-0.0854481,-0.0125485)
(-0.210263,0.0905062)
(-0.094251,0.0972404)
(0.00720993,0.0500025)
(0.0327276,-0.0441826)
(-0.0224177,0.0231469)
(0.0490028,0.0772867)
(0.0512071,-0.106955)
(0.103651,0.190881)
(-0.0593349,-0.021602)
(0.0785644,0.0182586)
(-0.0294179,0.0562133)
(0.03371,0.0525179)
(-0.0228632,-0.113019)
(-0.145527,-0.0779199)
(-0.0143142,0.0492629)
(0.0623394,0.137842)
(0.49366,-0.220762)
(0.0427401,-0.10865)
(0.0267171,0.0638336)
(0.0176897,0.0318813)
(0.0189712,-0.0670915)
(0.0625081,-0.0150239)
(-0.00318911,-0.0588291)
(0.156296,0.075652)
(0.0971246,0.0108725)
(0.430602,-0.21955)
(0.00523747,0.110136)
(0.267305,0.00539341)
(0.118084,0.269863)
(-0.105221,-0.118204)
(-0.128469,-0.0839652)
(-0.0313509,0.198833)
(0.280962,-0.186218)
(-0.0192674,0.286877)
(-0.00385515,-0.0120427)
(-0.0239192,-0.0914126)
(0.0421327,0.00156238)
(0.0631958,0.146987)
(0.063301,0.179249)
(0.562881,-0.14164)
(0.0387094,0.255833)
(-0.131997,-0.244669)
(0.18268,0.250079)
(0.0902479,-0.0863436)
(0.0118189,-0.195486)
(0.082445,-0.0310975)
(0.197432,0.0548743)
(0.00997731,-0.0922074)
(0.012376,-0.0213975)
(0.339611,0.0200312)
(-0.0803032,0.108893)
(-0.0668891,0.217476)
(0.0229767,-0.065851)
(-0.17149,0.0799924)
(0.00830619,-0.0869393)
(-0.160765,0.137537)
(0.0181179,-0.0344489)
(-0.0554482,0.0563472)
(0.110727,0.105739)
(0.0774096,0.0761796)
(0.00143961,0.0522577)
(-0.0129352,-0.0182579)
(-0.0906861,0.0609559)
(-0.109118,-0.0143596)
(-0.015622,0.0339877)
(-0.031752,0.131848)
(0.02218,-0.0218399)
(-0.0414832,-0.170893)
(-0.0756347,0.0781585)
(-0.0694701,-0.137932)
(-0.148435,-0.0834522)
(0.100163,0.0786111)
(0.0304328,-0.010054)
(0.131854,-0.0754523)
(0.0124528,-0.00709143)
(0.174543,0.0221663)
(0.0776258,0.0753947)
(0.138721,-0.0286901)
(0.0100619,0.0226146)
(0.0543678,-0.127342)
(0.0509552,-0.0156486)
(-0.0348233,0.0585812)
(0.134965,-0.0340509)
(0.109241,-0.0700748)
(0.115729,0.0246256)
(0.0892994,0.0401773)
(0.162525,0.171059)
(0.10403,0.0123348)
(-0.0959518,-0.12172)
(0.129964,0.142644)
(0.292651,0.01387)
(0.110693,-0.00555307)
(0.0671722,0.132039)
(-0.254389,0.0345087)
(0.0914579,0.0884102)
(-0.136207,-0.0689587)
(0.170651,-0.0334961)
(-0.256034,0.134668)
(-0.208459,-0.0928653)
(0.0366749,0.0680914)
(0.0528835,0.0487683)
(-0.0759429,-0.167076)
(-0.0480976,-0.13073)
(0.0203891,0.0305068)
(0.107064,0.0683971)
(-0.00232286,0.105655)
(-0.0395603,0.188783)
(-0.04495,-0.159472)
(0.0286016,0.0547404)
(0.223764,0.147233)
(-0.0855691,-0.124894)
(0.199753,-0.121967)
(0.213717,-0.235276)
(0.0448723,0.0872828)
(0.364025,-0.642517)
(0.00672909,-0.20115)
(0.0280399,-0.120322)
(0.0008365,-0.267029)
(0.0292243,0.167163)
(-0.105417,0.0820093)
(-0.0103346,0.0767245)
(0.0288116,0.0830261)
(0.165574,-0.111788)
(0.728834,-0.22922)
(-0.0399311,0.277156)
(0.164065,-0.0116386)
(-0.259389,0.0550027)
(0.636255,-0.248859)
(0.125126,0.111848)
(0.0168255,0.123271)
(0.0120038,0.0966602)
(-0.0091284,0.0397105)
(-0.0135269,0.0818652)
(-0.101784,-0.165065)
(-0.136593,-0.204804)
(0.0692922,-0.00169519)
(-0.120957,0.078475)
(0.014662,0.0683632)
(0.0450023,-0.0270554)
(0.0304314,-0.208514)
(0.0226873,-0.0344638)
(0.162805,-0.197408)
(0.448724,-0.153707)
(-0.0260365,-0.101955)
(-0.0432934,0.0542286)
(0.0699688,0.0233558)
(-0.0500669,0.0561789)
(0.0259605,0.142396)
(-0.126598,0.109148)
(0.396837,-0.391626)
(-0.0570833,0.0180292)
(0.331619,0.231778)
(0.0104385,0.0521838)
(-0.046312,0.0678382)
(0.116818,0.0191254)
(0.0797192,0.0230197)
(0.360448,0.117153)
(-0.0958675,-0.174975)
(0.0183138,-0.11767)
(-0.0797202,-0.10563)
(0.0821835,0.0910706)
(0.108861,0.326167)
(0.201153,-0.209408)
(0.365494,-0.314304)
(0.0812052,0.0518073)
(0.119116,-0.0116597)
(0.238764,-0.132613)
(0.0853051,0.0731662)
(0.119974,0.0143293)
(0.305935,-0.135911)
(0.0956307,-0.035839)
(0.120611,-0.0833055)
(0.450577,-0.285)
(0.146988,0.0733858)
(0.0184286,0.0351899)
(0.252294,-0.0796277)
(-0.0524157,0.0314101)
(0.0829299,0.118002)
(0.125194,-0.0988244)
(0.119577,-0.0357065)
(0.149566,0.0143786)
(0.15273,0.0112093)
(0.0422959,0.0227101)
(0.0458132,0.027018)
(0.119639,-0.0352121)
(-0.220822,-0.000458061)
(0.0443573,-0.0710916)
(-0.147876,0.0308554)
(0.00928643,-0.0665443)
(0.12081,-0.224318)
(0.0376012,-0.0509138)
(-0.0280371,-0.0249269)
(-0.171504,0.00303839)
(0.133355,0.0454732)
(-0.0497717,-0.0866298)
(0.158837,0.228739)
(-0.0203463,0.101258)
(-0.0641768,-0.00152544)
(0.022775,-0.0560513)
(0.148404,-0.0338784)
(0.151461,0.198531)
(0.564326,0.482748)
(-0.0413426,0.0583112)
(0.59467,0.296879)
(-0.0246974,-0.0854904)
(-0.0619554,-0.20481)
(0.183909,-0.288178)
(0.072736,-0.0754821)
(-0.157116,-0.0964435)
(0.424762,-0.186337)
(0.054203,0.0518108)
(-0.121991,-0.108401)
(-0.119251,0.0231998)
(-0.0205369,-0.152863)
(-0.156398,-0.190439)
(-0.0160042,-0.0506579)
(-0.0735483,-0.0673451)
(-0.0287066,-0.0367167)
(-0.109587,0.134158)
(0.588879,0.217679)
(0.0274208,0.13354)
(0.504975,-0.11184)
(0.0699635,0.00239712)
(0.0357655,0.0418024)
(0.433997,-0.411803)
(0.00678301,-0.0951794)
(0.0847785,0.0919613)
(0.038051,-0.0191059)
(0.480723,-0.120911)
(0.190927,0.0807546)
(0.175494,0.155989)
(0.0563998,-0.0994768)
(0.027672,-0.103934)
(0.103056,0.107778)
(-0.118389,-0.124494)
(-0.00937161,0.0404581)
(0.0119,-0.0680981)
(0.0482924,0.000288326)
(-0.0840145,-0.159239)
(-0.0877398,-0.0650526)
(-0.00478912,0.0735095)
(-0.0329825,0.0832888)
(-0.007769,0.0701585)
(-0.133696,-0.0717945)
(-0.11128,0.103425)
(-0.132273,-0.0064844)
(0.0724357,-0.0604799)
(-0.0968973,-0.0970906)
(-0.116061,-0.00594377)
(-0.000171579,0.0585062)
(0.0579681,0.046421)
(0.00737916,0.0263592)
(-0.165805,-0.0526364)
(-0.00430212,-0.0875451)
(-0.0592377,-0.127872)
(-0.142847,0.0995982)
(0.000220026,-0.0712957)
(-0.132303,-0.0677859)
(-0.0882914,0.044962)
(-0.111285,-0.0471697)
(-0.0278153,-0.106707)
(0.36451,0.0940484)
(-0.019993,0.0588896)
(-0.0525351,-0.0427957)
(0.036428,-0.0197589)
(0.732646,-0.237818)
(0.0159998,0.0534024)
(0.074584,0.0975334)
(0.0560211,-0.0925196)
(-0.153986,0.0440587)
(0.0637076,0.0880912)
(0.0383102,-0.0051189)
(-0.0569084,-0.0212229)
(0.416818,-0.10277)
(0.0356136,-0.0231979)
(-0.11478,0.186011)
(0.32323,-0.113146)
(-0.0505908,-0.00825665)
(0.081387,0.0286152)
(0.0684238,0.163028)
(0.407286,-0.151073)
(-0.00433155,0.0726189)
(0.0978957,0.125112)
(0.0611915,0.0396535)
(-0.148624,0.0506113)
(0.224997,0.120779)
(-0.141548,0.128743)
(0.142453,-0.063521)
(0.000596941,-0.0720364)
(0.164468,0.0518848)
(0.151532,0.084149)
(0.0607891,0.0693972)
(0.535629,0.217151)
(0.00878124,-0.0772386)
(0.0876406,0.087588)
(0.0406658,0.220263)
(-0.0548847,-0.0750604)
(0.0422617,0.122116)
(-0.0910804,-0.0613508)
(-0.0205682,-0.0275068)
(0.00817553,0.0678265)
(0.12811,-0.00514203)
(0.0744403,-0.0304031)
(-0.128607,0.036233)
(0.527311,-0.239063)
(-0.0773054,-0.10242)
(-0.0926545,-0.0355736)
(0.122565,-0.0107389)
(-0.0555817,0.0150994)
(0.0188212,0.115274)
(-0.047923,-0.00103261)
(0.244809,0.261268)
(0.595183,-0.0927979)
(0.427798,0.189072)
(0.0199626,0.0285805)
(-0.00705335,0.070858)
(0.444113,0.143144)
(0.454526,-0.312335)
(0.00410004,-0.0203959)
(0.504507,-0.120403)
(0.688715,-0.0394222)
(0.39671,0.00497454)
(-0.0469747,-0.101019)
(0.0108408,-0.055274)
(-0.00603371,-0.133097)
(0.157379,-0.206743)
(-0.0949108,-0.0543835)
(-0.120012,-0.00315577)
(-0.0311832,-0.0981179)
(0.0113969,-0.108961)
(-0.103007,0.057838)
(0.00322929,0.0629641)
(-0.00841234,0.100948)
(0.7579,-0.0879116)
(-0.271506,-0.00986422)
(0.0963519,0.0361177)
(-0.197832,-0.137867)
(0.363333,-0.0103659)
(0.033368,-0.00710857)
(0.0519444,-0.0302796)
(0.911657,-0.118401)
(0.528193,-0.028376)
(0.181888,0.186787)
(0.374048,-0.115294)
(0.0189291,-0.0155951)
(0.0412925,0.0123236)
(0.447794,0.155509)
(0.415976,-0.0309943)
(0.188086,0.0201189)
(0.371763,-0.0654317)
(-0.00979577,-0.065399)
(0.647355,-0.0140782)
(-0.151021,-0.0808985)
(-0.0345436,0.115185)
(0.101133,0.139333)
(0.449127,-0.0398042)
(-0.177095,0.123847)
(0.196777,0.0344497)
(-0.132404,-0.0225716)
(-0.0272562,0.021899)
(-0.025142,-0.00174104)
(0.0844701,0.0781313)
(0.0827129,-0.143374)
(-0.0744897,0.0205576)
(0.0646424,-0.137399)
(0.153736,-0.0405081)
(-0.0323223,-0.197468)
(0.0921063,0.130505)
(-0.0831453,0.00764039)
(-0.00180052,0.122013)
(0.116573,0.0566199)
(0.397761,-0.305249)
(-0.139408,-0.0974901)
(0.0266524,-0.0758588)
(0.000494566,-0.0316301)
(-0.0772605,0.112407)
(0.0110217,0.00838856)
(-0.0683251,0.0211986)
(0.212106,0.141683)
(-0.0736995,0.0353219)
(0.664979,-0.269891)
(-0.0567238,-0.0565807)
(0.356397,-0.221794)
(-0.0178047,-0.00541806)
(0.0216054,-0.103513)
(0.123409,0.0829683)
(0.0240575,-0.146733)
(-0.0149532,-0.0198098)
(-0.126632,-0.0247)
(0.0120804,-0.0308473)
(0.10466,0.0146059)
(0.0695176,0.0618986)
(0.0538342,0.0441425)
(-0.0415433,0.121631)
(-0.0556342,0.0151581)
(0.282427,-0.177067)
(0.518474,-0.210232)
(-0.0342725,-0.0803299)
(-0.00492976,0.128053)
(-0.0495595,0.00755007)
(0.0885254,0.168057)
(0.621392,-0.16191)
(0.0718431,0.0583034)
(-0.0601388,0.00267087)
(-0.0763554,0.00273393)
(-0.0684902,0.0188863)
(0.193869,-0.0991969)
(0.0318781,-0.048368)
(0.0419215,0.00698639)
(0.0325703,0.0420144)
(-0.00835768,-0.0258106)
(0.346533,-0.344207)
(0.0264439,0.0582164)
(-0.0471798,0.0895817)
(-0.0532824,-0.0158877)
(-0.0222892,-0.0731552)
(-0.0466797,-0.0624839)
(0.469468,-0.475229)
(0.49134,0.059031)
(0.578885,-0.0951301)
(0.0341214,0.133315)
(0.0963091,-0.00787798)
(0.474459,-0.241155)
(0.200955,0.314361)
(0.277582,0.054834)
(0.636498,-0.144327)
(-0.0274095,0.078138)
(-0.0429065,0.138254)
(-0.0398448,0.0190086)
(-0.0303555,0.028071)
(-0.149196,-0.0262923)
(0.292972,0.00454902)
(0.136693,0.0694156)
(0.197175,-0.0619092)
(0.45495,-0.0444059)
(0.341349,-0.385538)
(-0.104279,0.075012)
(0.0857161,-0.0537254)
(0.0530561,0.0897111)
(-0.285491,-0.732493)
(0.754153,-0.0529335)
(1.05348,-0.1443)
(-0.0693108,0.0403044)
(0.0567496,0.0525701)
(-0.0523455,-0.00581927)
(0.438768,0.3104)
(0.115805,-0.00305216)
(-0.0458023,-0.0695905)
(0.0784366,0.0217075)
(0.83759,0.460734)
(-0.0127445,-0.152056)
(0.0797195,0.00648854)
(0.524791,0.302197)
(0.772102,0.121114)
(0.0643858,-0.243375)
(-0.0607698,-0.175411)
(0.0937507,-0.0253236)
(0.0891,0.0173539)
(-0.0235061,-0.0460544)
(0.0908701,0.0101315)
(-0.111354,0.0108527)
(0.594058,-0.0223267)
(0.489777,-0.40096)
(0.661954,-0.219623)
(0.401324,-0.10122)
(0.321811,-0.0845874)
(0.19223,-0.0894186)
(0.430398,0.0684239)
(0.357857,-0.0233985)
(0.456638,0.0412766)
(0.0326728,0.041985)
(-0.0619382,-0.0281004)
(0.487458,-0.0594085)
(0.35471,0.0318982)
(0.408886,-0.353451)
(0.357039,-0.275382)
(0.39159,-0.185573)
(0.206208,0.133041)
(0.344409,-0.230247)
(-0.0607428,-0.156455)
(0.00749017,0.129154)
(0.0553877,-0.206592)
(-0.0463817,-0.0673044)
(0.0341356,0.0436543)
(0.0783912,-0.008756)
(0.0713899,-0.0270087)
(0.0321879,-0.09425)
(0.0630037,0.0917848)
(0.24682,-0.23907)
(-0.0402126,-0.0375037)
(0.531938,-0.123283)
(0.424069,-0.229368)
(0.482323,-0.113382)
(-0.021834,-0.0214423)
(-0.0881003,0.0601658)
(-0.0174237,-0.0367445)
(0.669013,-0.368303)
(-0.0286027,0.0206767)
(0.145303,0.0829878)
(0.587095,-0.239396)
(0.448249,-0.0550808)
(0.484477,-0.277889)
(0.356831,0.206607)
(0.304517,-0.18527)
(0.327465,-0.175847)
(-0.0953774,0.0562424)
(0.0245797,0.0899061)
(-0.0568939,0.0450995)
(-0.0263846,-0.0540621)
(0.122027,-0.20806)
(0.01756,0.0994021)
(-0.0923932,-0.0216455)
(0.278778,-0.0778985)
(0.356636,-0.337334)
(0.0704667,0.0169149)
(0.218518,-0.204702)
(0.0639321,0.123079)
(0.427477,-0.0854535)
(0.266764,-0.218407)
(-0.0305044,-0.0101326)
(-0.0771184,0.187674)
(-0.111226,0.251804)
(0.134237,0.016521)
(-0.234273,0.213141)
(0.0940676,-0.0912893)
(-0.302038,-0.366993)
(0.0721733,0.119797)
(0.136142,-0.36207)
(0.0657363,0.186714)
(-0.0895141,-0.000583469)
(-0.0492344,0.202206)
(0.0157546,-0.0208267)
(0.124694,-0.0252453)
(-0.225659,-0.00527331)
(0.641941,-0.191449)
(-0.193732,-0.0763556)
(0.617181,-0.341535)
(0.678347,-0.0106409)
(0.0264112,0.123056)
(0.470596,-0.193433)
(0.372141,0.11889)
(0.57463,-0.306862)
(-0.151717,-0.0786766)
(0.538517,0.0584529)
(-0.131129,0.0470312)
(-0.0686561,-0.040868)
(-0.0119801,0.079432)
(-0.11716,-0.0254151)
(0.0741016,0.0857873)
(-0.0468473,-0.0907035)
(-0.0544068,-0.00629669)
(0.751682,-0.0159185)
(0.0442132,-0.0798059)
(-0.136152,-0.166506)
(0.467781,-0.119518)
(0.481973,-0.264645)
(0.108639,0.038017)
(-0.110514,-0.0307421)
(0.0619043,0.102155)
(0.444547,-0.0588126)
(-0.1254,0.116476)
(0.235128,0.349005)
(0.280701,-0.0893007)
(-0.128269,0.0194743)
(-0.0457209,-0.170417)
(0.495597,-0.312558)
(-0.0685978,-0.0998934)
(-0.0387904,0.190511)
(-0.0731168,0.0779458)
(0.500989,-0.198515)
(0.535922,-0.340976)
(0.127508,-0.0314387)
(0.238572,-0.366088)
(0.627682,0.0602551)
(-0.0245318,-0.0830839)
(1.0065,0.0343305)
(0.60419,0.0471256)
(-0.133253,0.00341051)
(0.178358,0.0367065)
(0.0492998,-0.0761136)
(0.297913,-0.222294)
(0.0832064,-0.219583)
(0.0196415,0.0520878)
(0.0548401,0.0593855)
(0.0760166,-0.0221336)
(-0.185335,0.0638785)
(-0.204423,-0.0234033)
(0.0703055,0.203573)
(0.221022,0.108601)
(0.305762,-0.0450845)
(-0.0344454,0.0607793)
(-0.108433,0.0124494)
(0.255257,-0.00428469)
(-0.101315,0.134972)
(0.05406,0.139504)
(-0.230082,-0.0374685)
(0.102885,-0.0535804)
(-0.0186406,-0.461224)
(0.109628,-0.0577798)
(-0.051113,-0.112699)
(0.759819,-0.0133881)
(0.697803,-0.281147)
(0.172017,0.0167378)
(0.0531152,-0.125536)
(0.078479,-0.064879)
(-0.0256484,-0.150443)
(-0.0800741,-0.150666)
(-0.0640796,-0.364863)
(-0.224173,-0.445262)
(0.513349,0.183857)
(0.846472,-0.61605)
(0.00845515,0.0871031)
(0.120988,0.158646)
(1.05759,-0.511106)
(0.0751601,-0.0311899)
(-0.029244,-0.0189692)
(-0.189093,-0.02376)
(0.0993399,0.0791087)
(-0.0379619,-0.266283)
(0.31745,-0.109144)
(0.0372912,-0.265981)
(0.00706398,-0.29699)
(-0.126188,-0.181116)
(0.165744,-0.0926971)
(0.430133,-0.0789168)
(-0.12942,-0.17876)
(0.0820276,-0.217888)
(-0.212457,-0.363886)
(0.012145,-0.14406)
(0.283928,-0.142533)
(0.18764,0.0372753)
(0.582301,-0.129891)
(0.220219,-0.116693)
(0.286082,-0.185445)
(-0.165556,-0.130533)
(0.0881599,-0.0433005)
(-0.0243037,0.0177641)
(0.0368236,0.0395201)
(-0.139789,0.19327)
(-0.0553001,-0.00293608)
(-0.0564521,0.0712321)
(-0.135062,-0.0874852)
(-0.0813452,0.0240495)
(0.345783,0.0848058)
(-0.0362877,-0.0388208)
(-0.036872,-0.117641)
(0.328868,0.0948772)
(0.0275936,-0.183734)
(0.0989123,-0.0329585)
(0.0534223,-0.128841)
(0.0332156,-0.00815225)
(-0.0652268,0.121949)
(0.113965,-0.0379119)
(-0.160965,-0.112842)
(-0.0518028,-0.00561201)
(-0.206677,0.0829837)
(-0.021194,0.104944)
(-0.101806,-0.0441627)
(0.532286,0.142112)
(-0.104964,0.0935039)
(0.243065,0.0716338)
(0.691617,-0.0983349)
(0.556799,0.109263)
(0.115992,-0.149854)
(0.326944,0.0776901)
(0.225882,0.0214632)
(0.344048,0.012037)
(-0.0278243,-0.0940616)
(0.0900859,0.167237)
(0.0569598,0.0908817)
(0.0456235,0.0441878)
(0.573273,-0.0706467)
(0.722126,0.0364153)
(-0.0466126,0.176127)
(0.0979729,-0.0178299)
(0.0510365,-0.0858057)
(0.0797943,-0.0861849)
(0.0859987,-0.0967028)
(-0.0322172,-0.111719)
(0.00482505,-0.0198179)
(0.0725685,-0.0159472)
(-0.0646389,-0.0308994)
(0.43803,-0.162068)
(-0.0709476,0.125253)
(0.407375,-0.109549)
(0.00330561,-0.240628)
(-0.108841,-0.00029293)
(-0.00012584,0.0371519)
(0.788686,-0.0354905)
(0.146768,-0.0987939)
(0.0492688,-0.409111)
(0.442894,-0.244431)
(0.0490347,0.0416418)
(-0.0228604,-0.0672204)
(-0.0297819,0.0821122)
(0.0775091,-0.0637646)
(-0.0130292,0.0976308)
(-0.0144608,0.110666)
(0.626185,-0.168892)
(0.408844,-0.0228435)
(0.254123,0.426089)
(0.0538231,0.0887808)
(-0.0399291,0.0265153)
(-0.112095,0.11741)
(0.108591,0.068665)
(0.131011,-0.0597977)
(0.728416,-0.378278)
(0.888937,-0.0694466)
(0.834316,0.0228863)
(0.0276557,-0.0432289)
(0.478596,-0.0042888)
(0.0358153,0.0763224)
(-0.0130475,0.113282)
(0.00147708,0.0220667)
(0.0269467,0.0465406)
(0.0729038,-0.0164438)
(-0.0542607,0.109158)
(0.644546,-0.0978226)
(0.450071,0.332716)
(0.552312,0.197247)
(-0.081319,-0.0174771)
(0.562047,-0.0422344)
(-0.0295766,0.0177368)
(0.420984,-0.0765877)
(0.501249,-0.335897)
(-0.100689,0.0677291)
(0.910889,0.0972786)
(0.427885,-0.0683555)
(0.865211,0.0780913)
(0.887295,-0.129672)
(0.461198,0.385923)
(0.291248,-0.350477)
(0.281556,-0.504494)
(0.25446,-0.222487)
(0.382835,0.0125703)
(-0.118684,-0.130044)
(0.269411,0.486622)
(0.296676,-0.349853)
(-0.00759071,-0.114969)
(0.0596748,-0.0475329)
(0.0997232,0.011099)
(0.162997,0.00552794)
(0.438077,-0.0847044)
(0.0914324,-0.204597)
(0.313166,-0.132848)
(0.276039,-0.193203)
(0.634773,-0.112446)
(-0.0483389,0.0730417)
(-0.0271944,0.0287246)
(0.893853,-0.16214)
(-0.131025,0.0023256)
(-0.0486759,0.306807)
(0.622505,-0.201467)
(0.0932327,-0.0926779)
(-0.15108,-0.212438)
(0.093367,0.00852138)
(-0.0262818,0.0856128)
(0.179273,-0.0358286)
(0.0871121,-0.122567)
(0.549503,-0.208917)
(0.590642,-0.498683)
(0.123801,-0.431128)
(-0.0935942,-0.0198759)
(0.239111,0.0598114)
(0.180505,-0.072736)
(0.218187,-0.0942862)
(-0.120025,-0.171329)
(-0.0140865,-0.147389)
(-0.176349,-0.0528521)
(0.270267,-0.698622)
(0.087501,0.180746)
(0.489527,0.0655752)
(0.344373,0.215921)
(0.23809,0.11932)
(0.24544,0.0655533)
(0.44722,0.364208)
(0.184657,0.241055)
(0.0684901,0.149322)
(0.193625,-0.661456)
(0.513252,-0.803033)
(-0.00892702,-0.0725388)
(-0.0969493,-0.118914)
(0.615181,0.613441)
(-0.0362056,0.021471)
(-0.0618859,-0.16964)
(0.432818,0.544386)
(0.0508742,0.164282)
(-0.0813337,0.0107458)
(0.0300671,0.0420183)
(-0.0688504,-0.0966217)
(-0.13155,0.513872)
(0.0242118,0.248767)
(-0.100031,0.193992)
(0.0458162,0.366124)
(0.358095,0.0448513)
(0.0351256,-0.171249)
(0.0124085,-0.183008)
(-0.116687,-0.148436)
(0.094449,-0.0792861)
(-0.0690802,0.0269901)
(-0.0398782,-0.0993358)
(0.0019396,-0.0357702)
(-0.167673,0.0146376)
(0.0269222,0.313333)
(0.103681,-0.113493)
(-0.12367,-0.0115874)
(0.354334,-0.0505019)
(-0.0223598,-0.0598261)
(0.427828,-0.0197993)
(-0.140695,-0.185959)
(-0.140768,0.00690033)
(0.0178007,0.0430279)
(0.594202,0.0514773)
(0.534022,-0.089253)
(-0.0370429,-0.000755925)
(-0.0417398,-0.0967914)
(-0.0619193,-0.05531)
(-0.0345315,-0.0849231)
(-0.178094,-0.274706)
(-0.234084,-0.014724)
(0.295222,-0.239706)
(-0.162304,0.0227441)
(0.136336,-0.518927)
(0.0367355,-0.0916742)
(0.0643759,-0.12652)
(-0.217241,-0.00221434)
(-0.173512,0.157724)
(-0.181102,0.1143)
(-0.0226072,-0.130521)
(0.0353891,-0.085907)
(0.237074,0.0293709)
(0.208356,0.114384)
(0.0526476,0.00988352)
(0.216094,0.0756651)
(0.222414,-0.108866)
(0.00511891,0.190244)
(0.195893,-0.171475)
(-3.96697e-05,0.118837)
(0.0317959,0.0429337)
(-0.0139927,0.0815366)
(-0.00800304,0.0324822)
(0.00711467,0.0832264)
(0.0468622,0.00542636)
(0.212307,-0.0980173)
(0.0147913,0.0521451)
(0.0808215,-0.0568268)
(-0.239453,-0.0139113)
(0.389177,-0.399903)
(0.525327,-0.462212)
(-0.110183,-0.0147793)
(0.247186,-0.00728018)
(0.453704,-0.0497798)
(0.527419,0.0192431)
(0.0330376,-0.0984245)
(0.0258623,-0.0965792)
(0.450149,0.0379676)
(0.101122,-0.150138)
(0.166299,-0.166671)
(-0.0791551,-0.0359439)
(-0.238933,-0.0813259)
(0.216261,-0.0634294)
(-0.125493,0.00426001)
(0.44765,-0.234602)
(0.457436,-0.203017)
(0.00280989,0.0865815)
(-0.0217031,0.128797)
(0.399934,0.0725439)
(0.159437,0.0640614)
(0.275934,0.0938333)
(-0.0647048,0.0879018)
