1620
(-0.0665669,-0.0403579)
(-0.0303916,-0.0690178)
(0.17976,-0.243867)
(0.0192606,0.00278098)
(-0.00715162,0.322226)
(-0.173075,0.111746)
(0.0769411,-0.140928)
(-0.0790977,0.0552348)
(-0.0914561,0.0867749)
(-0.132359,-0.099893)
(-0.0909549,0.172591)
(-0.0199563,0.185366)
(0.0352803,0.217754)
(-0.0330579,-0.042594)
(-0.0420005,0.00907302)
(-0.303178,-0.0282176)
(0.000886933,-0.133127)
(0.0417438,0.135922)
(0.155683,-0.0843049)
(0.190449,0.157888)
(-0.051903,0.0161028)
(-0.104496,-0.131607)
(-0.157341,-0.0672274)
(-0.0513126,-0.00236463)
(-0.0898022,0.0623246)
(0.0784852,-0.13193)
(0.104096,0.147535)
(0.237416,-0.0827911)
(-0.0247692,-0.0362241)
(0.271621,-0.0249825)
(0.170648,-4.30551e-05)
(0.00685484,-0.277912)
(0.130833,0.155206)
(-0.223691,0.325378)
(0.0302513,0.0586071)
(0.0383636,0.0258812)
(0.102121,-0.0113109)
(0.0725116,0.0241272)
(0.0465102,0.0825635)
(0.0919816,-0.0673847)
(0.131212,-0.0529057)
(0.210497,0.0119509)
(-0.00296379,0.00775099)
(0.098111,0.119461)
(-0.125842,0.074146)
(-0.0677303,0.167529)
(0.021198,0.00843014)
(-0.100786,0.0437926)
(0.0339875,0.00490633)
(-0.198034,0.187689)
(-0.0943159,0.0211594)
(0.0673365,-0.0762022)
(0.0763286,-0.125838)
(0.124954,-0.10483)
(-0.0108377,0.00752471)
(-0.0676629,0.0616334)
(0.0630358,-0.0354976)
(0.0381476,-0.0139495)
(0.047973,-0.095029)
(0.248444,0.0617972)
(-0.0821731,-0.153244)
(0.181256,0.00882611)
(-0.115424,-0.0466934)
(0.377695,0.0160548)
(-0.059919,0.0108478)
(0.0562284,-0.0995566)
(0.0167456,-0.2142)
(-0.0265596,-0.0918474)
(-0.142552,-0.141009)
(-0.101888,-0.174261)
(-0.25736,-0.0589077)
(-0.178304,-0.212353)
(0.0941663,0.32624)
(-0.0977832,0.114201)
(0.317681,-0.0687329)
(-0.0156468,-0.128921)
(-0.0764445,-0.247742)
(0.533149,-0.216556)
(-0.0874539,0.0155559)
(0.39918,-0.359445)
(-0.218569,-0.0822165)
(0.0179237,-0.0377618)
(0.0720289,0.0487177)
(-0.0777712,-0.0143373)
(-0.104747,-0.0557205)
(0.0811584,-0.0116055)
(-0.111493,0.063314)
(0.209091,-0.0519513)
(0.140408,0.0128913)
(-0.0718117,-0.178424)
(-0.177254,-0.0264989)
(0.0732672,-0.00909129)
(0.655324,-0.325893)
(0.343885,0.0306782)
(0.0904607,-0.0614286)
(0.633589,-0.268936)
(-0.269092,0.1989)
(0.106562,-0.0882815)
(0.00594309,-0.0766018)
(-0.0428932,-0.146418)
(-0.111299,-0.0837048)
(-0.274872,-0.193966)
(0.216314,-0.0942214)
(0.059695,-0.0888677)
(-0.297924,-0.134853)
(0.794424,-0.172713)
(0.068471,0.144524)
(-0.140484,-0.0165805)
(-0.0355863,0.0138618)
(0.240705,0.174987)
(-0.0705498,0.0474182)
(0.144493,0.0115253)
(0.679465,0.107334)
(-0.0438743,-0.188737)
(0.41233,-0.183213)
(-0.0135002,0.143322)
(-0.119874,0.124572)
(0.211457,-0.311143)
(-0.0462837,0.0028319)
(0.872878,-0.359403)
(0.362582,-0.241152)
(0.156808,0.142046)
(0.337672,-0.263501)
(0.397507,0.0128567)
(0.249233,-0.00820913)
(0.201601,-0.044701)
(0.0317151,-0.091495)
(-0.0182162,0.103062)
(0.394864,0.193536)
(-0.139668,-0.112348)
(-0.0984092,-0.0724158)
(-0.0345092,-0.0280585)
(0.281328,0.0761307)
(-0.222057,-0.0470529)
(-0.139738,0.046501)
(0.0180578,-0.0396862)
(0.216302,0.220814)
(-0.0595865,0.231599)
(0.307413,-0.0919299)
(-0.0612963,-0.0294696)
(-0.00205011,-0.0137696)
(0.121093,0.0558066)
(0.0122818,0.185434)
(0.145406,-0.122133)
(0.0289574,-0.152504)
(0.00638399,-0.115582)
(0.134953,-0.037921)
(0.0730389,-0.197883)
(0.214933,-0.314297)
(0.074306,0.177506)
(1.03584,-0.378867)
(0.0347678,-0.139512)
(0.278118,-0.409093)
(0.598397,-0.141071)
(0.509711,-0.212642)
(-0.00952241,-0.0979823)
(0.158515,0.156646)
(0.485537,-0.203552)
(0.42762,0.123874)
(0.162832,-0.0560784)
(0.0844452,0.121469)
(-0.00289519,-0.24182)
(-0.000960049,-0.104299)
(-0.0289552,0.00669692)
(0.0271239,-0.126339)
(-0.0876387,-0.157232)
(0.107621,0.000592652)
(0.221127,-0.0332972)
(0.0510714,-0.00961999)
(0.0637151,-0.021106)
(0.0858873,0.0303506)
(0.061631,0.0650972)
(0.782119,-0.105462)
(0.770694,-0.306999)
(0.229008,0.30629)
(0.123575,0.0199696)
(0.0570317,0.0362368)
(0.0310645,0.0893587)
(0.0307061,0.00451546)
(0.000478679,0.0571841)
(-0.0863095,-0.0396513)
(-0.241601,-0.191446)
(-0.126083,-0.233583)
(-0.074763,-0.085628)
(0.0328038,-0.0579309)
(-0.0701699,0.0333217)
(-0.0343975,-0.0934211)
(0.0899006,-0.160047)
(0.108641,0.0221814)
(-0.233665,0.391099)
(-0.0228203,0.606236)
(0.117591,0.0871868)
(0.160059,0.558703)
(-0.0630266,-0.0222155)
(-0.089927,0.00802082)
(-0.0641442,0.031208)
(0.122175,-0.0371194)
(-0.119668,0.0736986)
(-0.0817294,0.0660468)
(-0.150528,0.140372)
(-0.0221123,0.111069)
(0.0393648,0.0608921)
(0.0531122,-0.135511)
(0.00581453,0.105355)
(-0.0223399,-0.115685)
(0.0791512,0.0813838)
(0.615259,-0.177586)
(0.57618,0.0143997)
(0.0123738,0.128699)
(0.469335,-0.119979)
(-0.0763224,-0.0132965)
(0.123052,-0.335871)
(0.0296492,-0.295252)
(0.0903339,0.0442609)
(0.0250458,0.16729)
(0.0471211,-0.0510528)
(-0.0606497,0.109185)
(0.497607,-0.0432896)
(0.512743,0.45374)
(-0.124224,0.11703)
(0.121306,-0.0274262)
(-0.170903,0.0502999)
(0.115848,-0.122902)
(0.689403,0.209689)
(-0.183598,-0.237132)
(-0.0945992,-0.332356)
(0.465966,-0.158164)
(-0.209113,0.0842324)
(-0.120474,-0.139499)
(-0.095438,0.00617726)
(-0.202072,0.0663699)
(-0.0248893,-0.154502)
(0.23818,-0.247243)
(0.574875,-0.258314)
(0.882145,-0.327392)
(-0.00114323,-0.0779817)
(0.0634453,-0.145032)
(0.0960185,-0.0562514)
(-0.0666313,0.246876)
(0.0971433,-0.210231)
(0.130712,0.0470991)
(0.168953,-0.249365)
(-0.0663804,-0.174653)
(0.0428003,-0.218718)
(0.246117,-0.22004)
(0.147126,0.0368933)
(0.0591714,7.8618e-06)
(0.0695092,-0.215655)
(0.0381835,0.00768375)
(-0.0136497,0.0929327)
(0.0647612,-0.111856)
(-0.00334078,-0.0655865)
(-0.0157704,-0.0578041)
(-0.0403876,0.0268495)
(-0.00703751,-0.197221)
(0.101763,-0.041869)
(-0.19597,-0.074)
(-0.299054,0.148501)
(0.120627,0.0473594)
(0.149864,-0.139224)
(0.0610781,-0.0901856)
(0.0943572,-0.0369261)
(-0.0938586,0.0891404)
(-0.0964928,0.0247507)
(0.458091,0.0601578)
(-0.195256,-0.0658243)
(-0.0583606,-0.00524833)
(-0.0845061,-0.00748071)
(0.0585698,0.00488186)
(0.235678,0.0148727)
(-0.0459418,-0.102481)
(0.0041347,0.0236941)
(-0.0758136,-0.103502)
(-0.140492,-0.0583553)
(-0.0299201,0.0465895)
(0.0808238,0.345751)
(-0.0772016,-0.0822962)
(-0.0527323,-0.128701)
(-0.07388,-0.139346)
(-0.208126,0.0300494)
(-0.0597039,0.0149767)
(0.03449,-0.0701953)
(0.105371,-0.109568)
(0.145772,-0.254385)
(0.00795526,-0.0679998)
(-0.105468,0.0635592)
(-0.0549682,0.107664)
(-0.113626,-0.131989)
(0.163548,-0.133812)
(0.075897,0.01259)
(0.0726777,-0.0760561)
(-0.107964,-0.0409908)
(0.0406235,-0.089832)
(-0.0985938,0.00933105)
(0.056297,0.0358964)
(-0.0687354,0.180937)
(-0.101138,-0.249219)
(-0.0693979,0.137438)
(-0.0144178,-0.225944)
(-0.266566,0.00203421)
(-0.29891,0.0141132)
(-0.19228,0.18345)
(0.0524187,-0.183808)
(-0.0184998,-0.187427)
(-0.0867354,-0.131528)
(0.0748191,-0.103578)
(0.167539,-0.081789)
(0.443049,-0.0822007)
(-0.0995083,0.0663799)
(-0.18143,0.0345576)
(0.274597,0.0677785)
(-0.0144838,0.0642022)
(-0.0981048,0.0828571)
(-0.00325148,0.100528)
(-0.149676,-0.13354)
(-0.0555372,-0.113391)
(0.130044,-0.0734176)
(0.0459806,-0.0156326)
(-0.0764537,-0.0463167)
(0.558326,-0.228701)
(-0.153549,0.285449)
(0.1682,0.043846)
(-0.109265,0.0690548)
(-0.049789,-0.189926)
(0.103599,-0.164585)
(0.241249,-0.0265434)
(-0.0648698,-0.00170026)
(0.0357877,-0.094097)
(-0.0664358,-0.0589997)
(0.0722179,0.0147099)
(-0.0680693,-0.13707)
(0.117101,-0.0441131)
(0.0695978,0.0468453)
(-0.143351,0.0553538)
(0.16524,-0.0882672)
(0.338517,-0.0829256)
(0.0374448,-0.00997682)
(0.0972732,0.0617054)
(0.118885,-0.287538)
(0.0663619,0.03636)
(-0.127352,0.0524173)
(-0.0352999,-0.0495508)
(0.104631,0.10051)
(0.0290564,-0.0132927)
(-0.00600058,0.0384954)
(0.139234,-0.205755)
(0.10162,0.0221861)
(-0.107936,-0.129637)
(-0.0890141,0.261184)
(0.138819,-0.223348)
(0.493862,0.195812)
(0.464389,0.126444)
(0.192133,0.137275)
(-0.123498,0.129627)
(0.419831,-0.175741)
(-0.000759779,-0.36767)
(0.0919377,-0.0587093)
(-0.0901655,0.0748501)
(-0.029037,0.105101)
(0.00815586,0.059363)
(0.197796,-0.272291)
(0.0300305,0.0293545)
(-0.0423237,-0.0275351)
(-0.159722,-0.0981018)
(-0.0759809,0.0950181)
(-0.072413,-0.184679)
(0.667355,-0.230079)
(0.0304464,0.0281132)
(0.101284,0.117306)
(0.0612489,0.125336)
(-0.155232,-0.0326653)
(-0.00610963,0.0374372)
(0.0970438,0.066445)
(-0.0978344,0.173513)
(0.553307,-0.193188)
(0.455753,-0.121382)
(0.0444705,-0.0552913)
(-0.0157597,-0.0368589)
(0.0770054,-0.182713)
(0.0384563,-0.132429)
(-0.0361721,-0.0617612)
(0.196561,0.0925092)
(0.397788,0.0430179)
(0.0831811,-0.108167)
(-0.268426,0.0286951)
(0.235493,-0.0794119)
(0.185454,0.0534971)
(-0.0177775,0.0351632)
(0.0715211,0.107535)
(0.0138053,0.00867763)
(-0.0301098,0.0729913)
(0.0812817,0.0646222)
(-0.0390504,0.0200675)
(-0.14281,0.220509)
(0.0656323,0.0687784)
(0.140818,0.0314259)
(-0.256721,0.0910995)
(-0.0712675,0.18736)
(-0.10079,0.00959617)
(0.171791,-0.000144002)
(0.0816655,-0.0511917)
(-0.131308,-0.0149532)
(0.203926,0.0969104)
(0.785394,0.340398)
(-0.118154,-0.0200876)
(0.0591104,-0.0871971)
(-0.136886,0.248988)
(-0.216119,0.240224)
(-0.0549985,-0.251064)
(0.0338192,0.0390766)
(-0.000720263,0.234576)
(-0.0326314,-0.0882624)
(0.334137,-0.0312916)
(-0.0305888,0.0964752)
(0.770289,-0.227119)
(-0.186397,0.223086)
(0.0422913,0.0352633)
(-0.103961,0.108773)
(-0.0461306,0.0357118)
(-0.147427,-0.000846215)
(0.103151,0.00412997)
(0.0820268,-0.104757)
(0.136825,-0.116147)
(0.0189098,-0.113668)
(-0.117224,0.20003)
(-0.13414,0.050602)
(0.467263,0.0256201)
(-0.0521443,0.0588866)
(0.00494124,-0.0286862)
(-0.0978483,0.00132839)
(-0.0792139,0.0354677)
(-0.103367,0.0729357)
(0.150451,-0.0500865)
(0.0852145,0.00776287)
(0.198042,0.0277231)
(-0.0913436,-0.167556)
(-0.0664152,0.0651541)
(0.191797,-0.0891409)
(-0.137528,0.0404377)
(-0.0326157,-0.0638874)
(0.0310438,0.0186346)
(-0.225182,-0.115305)
(0.0831549,-0.0118988)
(0.151652,0.178476)
(0.0270502,0.0414104)
(0.124514,-0.206721)
(-0.0790615,-0.0309441)
(0.00599457,-0.0747103)
(0.132752,-0.0283505)
(0.443888,-0.033018)
(0.148892,0.205916)
(-0.0190344,0.289261)
(0.0965816,-0.06897)
(0.121953,-0.0585009)
(0.149953,0.193694)
(-0.054068,0.00362923)
(0.0801174,-0.00907567)
(-0.162122,-0.153297)
(0.139472,-0.0306503)
(0.006861,0.117161)
(-0.00789016,0.0454526)
(-0.00156752,0.115316)
(0.145492,0.13455)
(0.10855,0.239466)
(-0.0755446,0.144327)
(-0.23951,-0.0763222)
(-0.0704648,-0.126765)
(0.139037,0.0998758)
(0.651545,-0.143876)
(-0.268401,0.0248639)
(0.763598,-0.233503)
(-0.00702356,0.0481576)
(-0.170166,0.165627)
(-0.0270117,-0.144497)
(-0.030967,-0.036902)
(0.256174,-0.0706257)
(0.0774261,-0.0856405)
(-0.0330148,-0.0847768)
(-0.122504,0.0495966)
(-0.0336319,0.251171)
(-0.0826601,0.134423)
(0.609114,0.0648368)
(-0.0601978,-0.0496242)
(0.0473099,-0.036238)
(0.209934,-0.138346)
(0.109061,-0.143981)
(0.0464186,-0.0690783)
(0.713427,-0.368591)
(0.0788868,-0.105232)
(-0.071613,-0.210705)
(0.901333,0.20724)
(-0.0251407,-0.143357)
(-0.194762,0.0363093)
(-0.249876,0.0503632)
(-0.088594,-0.0460935)
(0.335423,0.0181868)
(0.456511,0.393137)
(0.988233,-0.778987)
(0.555046,-0.369085)
(-0.166721,0.116219)
(-0.189535,0.111456)
(-0.00171682,0.0308859)
(-0.0214731,0.0457268)
(-0.139656,0.0829816)
(-0.0031336,0.0298099)
(-0.049152,-0.0858157)
(0.152811,-0.209992)
(0.0741515,0.048744)
(0.0960503,0.114931)
(0.145714,-0.0884438)
(0.0429528,0.0172769)
(0.107824,-0.0584447)
(0.0441255,-0.0195777)
(0.228171,-0.105785)
(-0.103576,-0.106872)
(-0.102677,-0.0746291)
(-0.0491349,0.0720663)
(0.138336,0.065364)
(-0.00798786,0.070509)
(-0.126947,-0.0627069)
(0.0560051,0.0726618)
(-0.146835,0.0711113)
(0.050458,0.0115799)
(0.0631499,0.129608)
(-0.218947,0.10729)
(0.0502815,-0.00280325)
(-0.327694,0.157949)
(0.0476972,-0.213776)
(0.0547709,0.156938)
(0.119175,0.0529961)
(-0.0976887,0.174645)
(0.130263,0.0249598)
(0.266123,-0.111989)
(0.0612263,0.0106613)
(0.591922,-0.342637)
(-0.127536,0.0899129)
(-0.0284229,-0.0412332)
(-0.158987,0.0653355)
(-0.0658447,0.108622)
(0.0332479,0.0790776)
(-0.0628702,-0.0666819)
(0.0482996,0.0365904)
(0.171697,-0.130173)
(-0.0493269,-0.125508)
(0.0383801,0.179232)
(-0.116733,0.119778)
(-0.000968857,0.114802)
(-0.0292023,0.127065)
(-0.0906164,0.0326258)
(0.0277977,-0.136745)
(-0.147862,-0.0219864)
(-0.0926404,-0.112512)
(-0.0928567,-0.0610768)
(0.0502337,0.0732802)
(-0.108499,0.0116284)
(0.021567,-0.000505704)
(-0.0248873,-0.273351)
(0.120672,0.1673)
(-0.214086,0.114312)
(-0.231771,0.0655309)
(0.225242,0.131833)
(0.51518,-0.120243)
(-0.0565481,0.135913)
(0.00812234,-0.118988)
(0.0714415,0.0911648)
(0.0761611,-0.0493221)
(0.00433228,0.0432126)
(-0.051855,-0.145681)
(0.0257623,-0.348404)
(0.44594,-0.0485316)
(0.00951368,-0.132185)
(-0.0295004,0.0208113)
(-0.163184,-0.0782516)
(0.0588044,-0.395048)
(0.83965,0.113926)
(0.0941767,0.0721658)
(0.113436,0.0598448)
(0.175823,-0.0943253)
(0.164947,-0.038109)
(0.00691113,-0.084732)
(-0.026784,0.0387003)
(-0.0034048,-0.0764473)
(0.0538272,-0.0225737)
(0.14583,-0.0558591)
(0.0374201,0.00922275)
(0.67351,-0.500179)
(0.0263226,0.137793)
(-0.00984241,-0.0529094)
(-0.0795984,-0.0255077)
(0.0158835,-0.0692561)
(-0.174047,0.0573942)
(-0.00516788,0.0734271)
(-0.0401018,-0.0261689)
(0.0932472,-0.126101)
(-0.00687387,0.19382)
(0.0646633,-0.0836516)
(-0.0595329,0.177491)
(0.00578536,-0.129139)
(0.0874827,-0.0351038)
(0.0693496,0.03565)
(0.111918,-0.0601544)
(0.0825612,-0.182089)
(0.492837,-0.198054)
(-0.121637,-0.049948)
(-0.134182,-0.0963757)
(0.0454572,-0.129119)
(0.0301035,0.0905199)
(0.0246518,0.122869)
(-0.0151357,0.0686067)
(-0.0245787,-0.13639)
(0.0357901,0.069533)
(-0.0610316,0.0831508)
(-0.0520987,-0.153889)
(-0.117923,0.0409864)
(0.250908,-0.00344552)
(-0.0655612,0.0465346)
(0.0687188,0.0369771)
(0.0349627,-0.155649)
(-0.0187291,-0.0671896)
(0.0683223,-0.230729)
(0.180774,-0.0552283)
(-0.132583,-0.073588)
(0.0844935,-0.042023)
(0.146157,0.0960152)
(-0.183339,-0.140985)
(-0.111764,-0.103953)
(-0.110908,-0.13405)
(0.0332239,0.0442203)
(0.00402604,0.0316354)
(-0.0556585,-0.159498)
(-0.23778,-0.00333718)
(-0.0647204,0.0936267)
(0.0117466,-0.101468)
(0.105611,-0.0136182)
(-0.00866188,-0.128892)
(0.0888502,0.233955)
(-0.0627713,-0.0816195)
(-0.0749388,0.261721)
(-0.0220454,-0.14662)
(1.09939,-0.0934701)
(0.291968,0.011818)
(-0.0585313,0.088684)
(-0.0678237,-0.0758126)
(0.0817197,-0.101477)
(0.106221,0.0795347)
(-0.0782704,0.0880134)
(-0.129648,-0.0694789)
(-0.137626,-0.165619)
(-0.26912,-0.224055)
(-0.054754,-0.00650923)
(-0.0360114,0.142965)
(-0.0432425,-0.215874)
(0.135778,-0.230138)
(0.198857,0.128608)
(0.0430166,-0.151344)
(-0.0547483,-0.264786)
(0.154694,0.0708351)
(0.036735,0.00161956)
(0.029119,0.0461767)
(0.10075,-0.0443866)
(0.0935486,0.034398)
(-0.0304896,0.0469737)
(0.0164001,0.0813435)
(-0.0719336,-0.0337456)
(-0.0864781,-0.145527)
(0.0144798,-0.00916421)
(0.063505,-0.0630585)
(0.0301687,0.0408756)
(0.0196377,-0.0756588)
(-0.16181,0.219007)
(0.0522377,0.0281408)
(0.136124,0.123583)
(0.148645,-0.0307454)
(0.0567696,-0.0920961)
(0.1059,-0.155847)
(-0.123105,0.100868)
(-0.0578816,0.0035018)
(0.0573494,0.223805)
(-0.0615049,0.0605747)
(-0.0180906,-0.0302132)
(0.003748,-0.0877665)
(0.110546,0.0867119)
(0.0333445,0.11973)
(-0.151372,0.085271)
(0.132188,-0.0033861)
(0.0239738,0.0969683)
(-0.0254579,0.0370588)
(0.130715,0.186176)
(-0.160812,-0.142073)
(0.00352797,-0.0854586)
(0.159612,0.182891)
(-0.00624661,0.0851302)
(0.0102203,0.0302784)
(0.310001,-0.113665)
(-0.0812615,-0.0264567)
(-0.0602224,-0.0763346)
(-0.00794693,0.018557)
(0.149687,0.0244897)
(0.0753775,0.0130373)
(-0.0769067,-0.116614)
(0.0400994,-0.0670977)
(0.106799,0.0323144)
(-0.137463,0.0134535)
(-0.143974,0.0447277)
(-0.10338,0.0487928)
(0.0239973,-0.0137861)
(-0.00252409,-0.0174451)
(0.0817591,-0.0832678)
(0.22133,0.192617)
(0.246041,0.118428)
(0.183807,0.11681)
(0.16106,0.244977)
(0.1275,0.111315)
(0.160656,0.0926705)
(0.0561371,-0.0964085)
(0.120099,-0.106389)
(0.0965415,-0.105964)
(0.110969,0.0852009)
(0.569751,-0.211124)
(0.659061,-0.0453253)
(0.130291,0.108266)
(0.586478,0.08624)
(0.0859172,-0.0200167)
(0.354421,-0.104349)
(0.314692,-0.154932)
(-0.0145084,0.10373)
(0.388576,-0.16764)
(0.179355,-0.74321)
(0.264407,-0.428717)
(0.0435913,0.212297)
(-0.203613,0.133257)
(0.0592496,0.200065)
(0.106691,0.0740937)
(-0.0589575,0.040616)
(-0.048289,0.204665)
(-0.00566446,0.201144)
(-0.0340905,0.0676601)
(-0.0593015,0.0532222)
(0.153348,-0.0596875)
(0.185916,0.036335)
(0.194596,0.012733)
(-0.191552,0.18167)
(-0.0312861,-0.0515471)
(0.197462,0.117813)
(-0.0371582,0.130959)
(0.0942825,0.240335)
(-0.176658,0.0449129)
(-0.0267396,-0.0337127)
(0.0401478,-0.0191179)
(-0.106269,0.0455748)
(0.0274805,0.0595523)
(-0.205295,0.0993483)
(0.0558285,-0.0590371)
(0.112863,0.0763593)
(-0.0164282,-0.0307201)
(-0.021411,-0.118661)
(-0.198423,-0.135805)
(-0.130712,-0.0488084)
(0.00926522,0.0979501)
(0.116262,0.0278996)
(-0.0240937,-0.0415594)
(0.0359612,-0.143531)
(-0.0287928,-0.199837)
(0.0434184,-0.160358)
(-0.0700112,-0.246438)
(-0.0435245,-0.015021)
(0.728552,-0.337005)
(0.294553,-0.0917786)
(-0.0634937,0.0224323)
(-0.196286,-0.00881313)
(0.018609,-0.0614002)
(0.121327,-0.196184)
(0.0165025,-0.0440465)
(0.466385,-0.175804)
(0.356022,-0.0813276)
(0.40707,-0.126075)
(-0.1505,0.0010583)
(0.396642,-0.187372)
(-0.16641,-0.087509)
(0.137357,-0.0905455)
(0.130333,-0.00128599)
(-0.0310035,0.0871341)
(0.215777,-0.0837375)
(0.051112,0.0905768)
(0.0659419,0.128568)
(-0.047871,0.0653766)
(0.101795,-0.119447)
(0.177508,-0.0522653)
(-0.229013,0.0985932)
(0.022277,-0.228125)
(0.126,-0.014374)
(-0.226826,0.0902632)
(0.13443,0.0795439)
(0.308964,0.248524)
(0.249622,0.0847639)
(0.149919,0.2102)
(0.208296,-0.129427)
(0.165937,0.120723)
(0.073366,-0.107942)
(0.307126,-0.031424)
(-0.00751273,-0.0523894)
(0.096973,0.095026)
(-0.0268789,0.0648805)
(-0.116071,0.188193)
(-0.0320033,-0.0110804)
(0.0378027,0.0813192)
(-0.189667,0.0640802)
(-0.181851,0.0741984)
(-0.141838,0.200599)
(0.176968,-0.06647)
(-0.0626054,-0.00869248)
(-0.0937469,-0.0771314)
(0.042297,0.0410573)
(0.0437925,0.0225107)
(0.0127681,-0.0348034)
(-0.0487771,0.0845382)
(0.163338,-0.00923845)
(-0.0430759,0.14537)
(-3.03418e-05,0.0183494)
(-0.0502135,0.113382)
(-0.0265309,0.0898089)
(-0.179365,-0.03947)
(-0.068435,0.0027993)
(0.153148,-0.00101777)
(0.0972768,0.0246086)
(-0.0298233,0.0339752)
(-0.0547959,0.0102929)
(0.108794,-0.13443)
(-0.11217,0.173773)
(0.102023,-0.120314)
(0.0899022,0.0855903)
(-0.102225,-0.00163153)
(0.0595773,0.0921422)
(0.0978682,-0.138958)
(-0.0112249,0.0642946)
(0.0700319,-0.0246418)
(0.043572,-0.0223447)
(-0.0557275,-0.0203229)
(0.102299,0.0646579)
(0.0436529,0.000441264)
(0.138938,-0.143635)
(0.0246713,0.114722)
(-0.00430824,-0.142404)
(-0.126911,0.0800114)
(0.060323,-0.17649)
(0.0335104,-0.0331988)
(0.145205,-0.110378)
(0.23197,0.205248)
(0.0913612,0.154351)
(0.22244,-0.0507905)
(0.103734,0.0152524)
(0.0266513,-0.15161)
(0.0882407,-0.262873)
(0.0781084,0.0797784)
(0.116232,-0.291985)
(-0.119985,-0.118306)
(0.080567,0.0703679)
(0.135506,-0.192726)
(0.117776,0.0746217)
(-0.129885,0.0121129)
(0.144871,0.0913325)
(0.291517,-0.247459)
(0.237215,0.173069)
(0.0199211,0.154194)
(0.502659,-0.249291)
(0.0634143,-0.303721)
(0.0201246,-0.138033)
(0.106844,-0.186895)
(-0.0278854,0.00211453)
(-0.114132,0.0606258)
(-0.0716529,0.141834)
(0.0792078,0.179788)
(0.171532,-0.0774776)
(0.451506,-0.115538)
(-0.0797478,-0.222107)
(0.144554,-0.0111532)
(-0.0263906,-0.303089)
(0.368885,-0.0863739)
(-0.139175,0.15329)
(-0.200555,0.00906011)
(0.0344684,0.0447554)
(-0.239677,0.146271)
(-0.166783,-0.123845)
(0.165804,0.2185)
(-0.113772,0.00317042)
(0.316331,-0.0069343)
(0.369057,0.103954)
(-0.0412062,0.022156)
(0.0970436,0.0320652)
(-0.0276437,-0.0394021)
(0.0446138,0.116444)
(0.0205547,0.0117423)
(0.144542,-0.15138)
(0.0992351,-0.0848733)
(-0.0419579,-0.00527782)
(0.0432913,0.080324)
(-0.047468,-0.0723518)
(0.123793,-0.0357544)
(0.0599461,-0.0580016)
(-0.042806,0.144835)
(-0.0519578,-0.0584589)
(0.458039,-0.0347922)
(-0.147689,-0.0565)
(-0.140113,0.0198775)
(0.145851,0.18927)
(0.134131,0.162364)
(0.547144,-0.196506)
(0.016802,-0.0662203)
(0.287962,-0.143626)
(-0.0522209,0.16228)
(0.0641222,0.030843)
(-0.115362,0.10508)
(0.374354,-0.281452)
(0.459,-0.160049)
(-0.0501362,0.0649395)
(-0.0611638,0.0382879)
(0.330693,-0.327655)
(-0.1514,-0.105587)
(-0.160912,-0.133582)
(0.439304,-0.200231)
(-0.134177,-0.0567042)
(-0.0383727,0.00166029)
(0.267179,-0.169278)
(-0.0148338,0.0194169)
(-0.0259768,0.0408723)
(0.0885993,0.266426)
(0.0800027,0.136826)
(0.0816687,-0.0131388)
(0.182481,-0.0697421)
(0.159361,-0.0802426)
(0.0419664,-0.0751122)
(0.0290913,-0.0450635)
(-0.0921424,0.000618932)
(-0.125659,-0.0957952)
(0.18049,0.00796143)
(0.0509118,-0.176657)
(0.0529704,0.124395)
(-0.041839,-0.144887)
(-0.0414936,-0.192292)
(0.236033,0.23157)
(0.0581783,0.271719)
(-0.163711,-0.208106)
(-0.0873639,0.0480293)
(-0.0984979,0.223682)
(0.0615859,-0.00159426)
(0.233004,-0.170692)
(-0.0424787,0.07252)
(-0.100029,-0.0172258)
(0.15139,-0.135725)
(-0.158143,0.1121)
(-0.188728,0.267034)
(0.0298536,0.210112)
(-0.0859129,-0.0395165)
(0.028461,0.0957912)
(0.119517,-0.103542)
(-0.0580533,-0.193656)
(0.400799,-0.0249033)
(0.116992,-0.0446973)
(-0.140161,-0.0323038)
(0.460584,-0.252087)
(-0.0382023,0.0524081)
(-0.0230886,-0.132139)
(-0.173015,-0.00322499)
(0.124888,0.131095)
(0.232894,-0.0952051)
(-0.212854,-0.180198)
(0.162927,-0.16192)
(-0.0619381,-0.0457871)
(0.0926549,-0.119322)
(0.381439,-0.00470921)
(-0.0449134,0.0448507)
(0.23869,-0.11468)
(0.0340246,-0.102489)
(-0.0836744,-0.0835543)
(0.054631,-0.207477)
(-0.0657849,0.113083)
(-0.052886,0.12218)
(-0.0157734,-0.11412)
(0.381024,0.00449759)
(0.190212,0.0425397)
(0.0296055,0.120672)
(0.315261,-0.115281)
(0.027912,0.0756066)
(-0.135219,-0.00150795)
(0.0562106,-0.12953)
(-0.199477,0.017087)
(0.0378612,-0.0223178)
(-0.0853358,0.0825479)
(0.27273,-0.0665171)
(-0.0326829,0.0664184)
(-0.0763563,0.101039)
(0.153744,0.000296683)
(0.0844997,0.156636)
(0.0710311,-0.135427)
(-0.0299222,-0.103218)
(0.198116,-0.027526)
(0.125844,0.236591)
(-0.0545165,0.162523)
(0.102874,0.0982128)
(-0.00281458,-0.207302)
(-0.0357738,0.128637)
(-0.0453727,-0.0432061)
(0.488068,-0.114088)
(0.209466,-0.172901)
(0.149537,0.125762)
(0.08061,-0.0363419)
(-0.0428919,-0.14826)
(-0.168069,-0.0195628)
(-0.0648643,0.0396156)
(0.0206363,-0.174541)
(0.171554,0.162003)
(0.782522,-0.148901)
(-0.164638,-0.115325)
(0.0638124,0.0751951)
(0.119878,0.0310307)
(0.463564,0.0541476)
(0.184822,-0.00820996)
(0.0795419,-0.0522088)
(-0.000942179,-0.111106)
(0.01232,0.0427516)
(0.155294,-0.112851)
(0.159051,-0.117649)
(0.0926645,-0.00480026)
(0.65047,-0.0336767)
(0.0713386,0.0912393)
(0.070535,-0.200331)
(0.231586,-0.190609)
(0.00508817,-0.0183662)
(0.152065,-0.0674291)
(-0.163,-0.196609)
(0.680938,-0.152483)
(-0.0779058,-0.161517)
(-0.201427,-0.0471935)
(-0.0853385,-0.164417)
(-0.115408,-0.133885)
(0.0477985,0.089744)
(0.144246,-0.116693)
(0.140302,-0.0544611)
(-0.122466,0.0729892)
(-0.0263543,-0.0458829)
(-0.0723467,0.201247)
(-0.0113759,0.0961098)
(-0.16167,0.341992)
(0.213642,0.00576919)
(-0.0777183,0.0399373)
(-0.177743,0.020714)
(0.29411,0.10371)
(0.0653762,-0.0191264)
(0.0299386,-0.0946962)
(0.1977,-0.114338)
(0.13683,-0.0676197)
(0.0699886,0.00272021)
(0.106063,0.0233363)
(-0.082669,-0.156506)
(0.572103,-0.17844)
(-0.0848146,0.133915)
(-0.098894,0.116733)
(-0.272006,0.188073)
(0.129728,0.0772226)
(-0.127604,0.0215232)
(0.0617286,0.0507279)
(-0.09755,-0.0969251)
(0.157538,0.0735417)
(-0.034671,-0.0383206)
(-0.0700776,-0.108002)
(-0.158534,-0.0321588)
(0.76282,-0.408349)
(0.403493,-0.0549033)
(-0.0615654,-0.00515744)
(0.819788,-0.0910345)
(0.553527,0.0929132)
(0.250509,-0.262767)
(0.0909246,0.136426)
(0.212555,0.130856)
(0.0408049,-0.219329)
(0.0087264,-0.138313)
(-0.0462541,-0.177529)
(0.0950961,0.0513628)
(-0.0539338,0.0381909)
(0.0974963,-0.000959365)
(0.0410951,-0.0325181)
(0.117585,0.00177205)
(0.218293,-0.133962)
(0.893081,-0.0393229)
(-0.119607,0.0712048)
(0.0354219,-0.00386305)
(-0.0577172,-0.00431492)
(0.437975,0.102864)
(0.132991,0.180097)
(-0.157676,-0.0655215)
(0.942191,-0.243598)
(-0.152586,0.0377993)
(-0.158858,-0.10557)
(0.416785,0.214365)
(-0.0889445,-0.0111334)
(-0.0434498,0.0194782)
(0.042076,0.186422)
(0.128773,-0.208526)
(-0.372738,-0.31398)
(0.615075,0.0288158)
(-0.0988092,-0.0569137)
(0.46931,0.135857)
(-0.244906,0.0121121)
(-0.134809,-0.0488266)
(0.189791,0.0473154)
(0.150658,0.0044274)
(-0.232876,0.0854284)
(0.135466,0.0929805)
(0.0250789,0.086963)
(-0.113756,0.059455)
(0.0821256,0.0969875)
(-0.0123522,0.0162343)
(-0.0243064,-0.0150042)
(0.0685377,0.0688765)
(-0.0796582,-0.049932)
(0.153052,0.190898)
(0.039423,-0.00193072)
(-0.254595,0.221677)
(0.145548,-0.174602)
(0.0136681,0.00797946)
(0.0404549,0.133679)
(0.162738,-0.272855)
(0.116789,-0.194149)
(0.0294381,0.270342)
(0.166389,0.0867994)
(0.0028466,-0.0580392)
(0.117525,0.210711)
(0.0293355,-0.0808634)
(-0.153506,-0.0882891)
(-0.11622,-0.00885768)
(0.161613,-0.210722)
(0.0317481,-0.0544527)
(0.379125,0.150942)
(-0.0978438,-0.0327997)
(0.0726847,-0.23925)
(0.169438,-0.105768)
(0.0725208,0.109348)
(-0.101497,-0.012796)
(0.137678,0.0284128)
(-0.127981,-0.0172528)
(-0.0140116,-0.074928)
(-0.0538792,0.098097)
(0.0789611,0.0207638)
(0.0379802,0.0408906)
(0.0193809,0.033402)
(0.616683,-0.00970273)
(0.450712,-0.157466)
(-0.0810149,-0.0716288)
(0.118552,0.0631055)
(-0.146238,0.0559869)
(0.0566903,-0.113254)
(0.515535,-0.229838)
(-0.0223323,0.131111)
(0.0587717,0.110307)
(-0.0421159,0.0651658)
(-0.100606,-0.0392508)
(0.544843,-0.223103)
(0.0484186,0.100451)
(0.0835989,0.033459)
(0.0576926,0.123359)
(0.0272562,0.0170328)
(0.54466,0.0700857)
(-0.0177609,-0.0364122)
(-0.0795687,0.26585)
(-0.132054,0.100977)
(-0.0161172,0.0816289)
(-0.0428643,0.214104)
(0.616152,-0.0464015)
(0.766983,-0.17856)
(0.435729,-0.470335)
(0.120655,0.236027)
(-0.0186393,0.115968)
(0.722738,-0.0901943)
(0.189313,-0.0572209)
(0.191099,-0.159805)
(0.500071,-0.294452)
(-0.0527046,-0.0113657)
(0.0529059,-0.0454332)
(0.0260048,-0.0235756)
(-0.00626258,-0.0475637)
(0.0975045,0.0985125)
(0.136215,-0.0536983)
(0.202542,-0.181469)
(0.405581,-0.355005)
(0.336454,-0.112843)
(0.349832,-0.188136)
(-0.0325255,0.0827775)
(0.172803,0.0272687)
(-0.101481,0.147506)
(0.439677,-0.149261)
(0.13971,0.199096)
(0.385906,0.172651)
(0.12591,0.0232088)
(0.147486,-0.0913097)
(0.0911856,0.130757)
(0.839844,-0.475244)
(-0.0463412,-0.259682)
(0.0969237,-0.0864299)
(0.118964,-0.081811)
(0.898862,-0.658108)
(-0.0146214,-0.013857)
(-0.0343849,-0.139778)
(0.169143,-0.362465)
(0.0200119,0.374816)
(0.253458,-0.156358)
(0.0509448,-0.288019)
(-0.0272519,-0.0498359)
(0.191308,-0.0994676)
(0.0978238,-0.0257591)
(-0.140892,-0.0915902)
(0.0130171,-0.127287)
(0.63791,-0.14352)
(0.436246,-0.373642)
(0.784286,-0.098735)
(0.814647,0.104769)
(-0.164382,-0.293333)
(0.0906875,-0.26116)
(0.0150615,-0.238216)
(0.078116,-0.108615)
(-0.166134,-0.153984)
(0.081168,0.0755095)
(-0.140358,-0.0865112)
(0.171064,-0.104272)
(-0.407413,0.0825385)
(0.198176,-0.166026)
(0.675117,-0.062857)
(0.48478,-0.0481646)
(-0.12324,0.0618414)
(0.283469,-0.481751)
(0.0169456,0.0481158)
(-0.0298645,0.127481)
(-0.0886036,-0.204744)
(-7.4118e-06,5.36216e-05)
(-0.0291143,-0.000535866)
(0.0529358,-0.0114976)
(-0.0420322,0.0411054)
(0.00502276,0.0200988)
(-0.0537486,0.00728331)
(0.0224514,-0.622299)
(0.0618693,0.0226774)
(0.785294,-0.242024)
(0.0764033,-0.183541)
(0.642784,-0.165697)
(-0.13694,0.112731)
(0.172751,-0.00500887)
(0.0321324,-0.0182778)
(0.546325,-0.00666995)
(0.120658,-0.0197769)
(0.0375163,-0.0888014)
(0.0477568,-0.231922)
(0.366227,-0.300925)
(0.354725,-0.392215)
(0.392883,-0.314914)
(0.805927,0.220423)
(0.103432,-0.0501451)
(-0.144533,-0.0520582)
(0.154362,0.0782934)
(0.0982473,0.165845)
(0.285534,-0.0692998)
(0.0504218,0.0880352)
(0.149976,0.20123)
(0.0590257,0.242543)
(0.20499,-0.192298)
(0.0732224,-0.119095)
(-0.189623,-0.0437908)
(0.0620424,-0.128379)
(-0.0672093,0.0438164)
(0.450548,-0.169857)
(-0.0854865,0.175662)
(0.136801,0.141442)
(-0.0375522,-0.0122136)
(0.0154163,-0.13268)
(0.0580459,0.131337)
(0.341548,-0.123995)
(0.201845,0.0791733)
(0.227095,-0.0848016)
(0.0487913,0.0296018)
(0.187692,0.0111952)
(0.0123937,0.0177851)
(0.326734,-0.351381)
(-0.0392418,-0.0195204)
(0.015456,-0.0646842)
(0.0229585,-0.0945658)
(-0.0646099,0.0855856)
(0.0281294,-0.161853)
(-0.0446398,0.0648629)
(0.318234,-0.204598)
(-0.0483923,0.0246901)
(0.0182664,0.0510705)
(0.461501,-0.646625)
(0.575384,-0.00750941)
(0.367507,-0.429613)
(-0.13536,-0.0030412)
(0.459399,-0.227189)
(-0.0372259,-0.101483)
(0.175014,-0.215937)
(0.167965,-0.235099)
(-0.14311,0.0483252)
(-0.0165309,0.0248282)
(-0.105965,-0.11257)
(0.0201488,0.183233)
(0.498435,0.357205)
(0.0887765,0.192877)
(0.105983,-0.191781)
(0.373855,-0.161558)
(0.325122,-0.109772)
(0.0382394,0.0594799)
(0.455802,-0.267018)
(-0.0362611,-0.0253021)
(0.478376,-0.268119)
(-0.0371358,-0.0279636)
(0.348122,-0.197716)
(0.468695,-0.380179)
(-0.0475071,-0.023644)
(-0.0592466,-0.0413139)
(-0.0349406,0.0342206)
(-0.0552169,0.0303512)
(-0.0719684,-0.106525)
(0.0446665,-0.0190282)
(0.145464,-0.222518)
(0.126875,0.468743)
(0.181124,-0.222473)
(0.220076,0.417736)
(0.358394,0.0219334)
(-0.105751,0.0494)
(0.35261,-0.343263)
(0.5086,-0.362289)
(-0.111105,0.137084)
(0.595541,-0.533841)
(0.000946856,-0.0857511)
(0.417869,-0.5954)
(-0.124908,0.189434)
(-0.0301583,-0.0138596)
(-0.0670715,-0.135884)
(-0.0525007,0.0771017)
(0.151621,0.2014)
(0.0655853,0.244626)
(-0.103429,-0.165969)
(-0.213643,0.0228717)
(0.161148,-0.0569541)
(0.0689014,-0.112886)
(0.0171793,-0.0254481)
(-0.0318431,0.060396)
(-0.0333661,0.0229957)
(6.72121e-05,0.168173)
(-0.0254404,-0.0599524)
(-0.1194,-0.0234691)
(0.272674,-0.24805)
(-0.12222,0.101642)
(-0.00653987,0.227157)
(0.42851,0.470398)
(0.47481,-0.137053)
(-0.0264799,0.222377)
(-0.118413,0.0858493)
(-0.133739,-0.0211475)
(-0.00979625,0.206934)
(-0.0556068,-0.123851)
(-0.373627,0.00469807)
(-0.236259,0.346377)
(0.544767,-0.430032)
(0.024117,0.331559)
(-0.19008,-0.0250956)
(-0.0276851,-0.0276227)
(0.282371,-0.281506)
(0.0380533,-0.111898)
(0.210473,0.0328056)
(0.190964,-0.166205)
(0.564568,0.0340233)
(0.0918109,-0.1534)
(0.178604,0.0196484)
(0.095336,0.0313508)
(-0.0297696,-0.20446)
(0.24549,-0.220461)
(0.371947,0.114369)
(0.502335,-0.2331)
(0.255208,0.0964799)
(0.163633,0.172968)
(0.157461,0.187795)
(0.200111,0.160551)
(0.164151,0.107794)
(-0.186118,0.185433)
(0.580815,-0.130257)
(0.045012,0.185763)
(0.263757,0.076982)
(0.0369276,-0.136031)
(0.111022,0.153326)
(-0.0409581,-0.0223528)
(-0.0758676,-0.0851995)
(0.270897,0.0803446)
(-0.151045,0.116077)
(-0.0324515,0.0805349)
(-0.122191,0.00587069)
(-0.246817,0.0155127)
(0.388349,-0.128104)
(0.0354031,-0.0109603)
(-0.337799,0.0414294)
(0.527671,-0.0250807)
(-0.345585,-0.0868316)
(-0.000823521,0.164218)
(0.0741956,-0.0222684)
(-0.0358483,0.0951959)
(-0.0945941,0.0766611)
(0.00461028,-0.0438412)
(-0.116228,-0.0913852)
(-0.0831753,0.0158789)
(-0.130469,0.139047)
(-0.180271,-0.141595)
(0.0136232,0.0254365)
(0.466917,0.321237)
(-0.0192647,-0.211149)
(0.616796,0.176551)
(0.580806,-0.0885009)
(0.84669,0.0870223)
(0.149906,0.184773)
(0.361113,-0.261713)
(0.603436,-0.212718)
(0.474104,-0.474114)
(0.199412,-0.164409)
(-0.012057,0.281325)
(0.0489384,0.00519396)
(0.00279113,-0.00200107)
(0.780075,0.059003)
(0.454995,0.0172868)
(0.0382488,-0.0107641)
(-0.0173707,0.303586)
(-0.00343022,-0.096601)
(-0.107066,-0.0958296)
(0.182154,-0.100537)
(0.269485,-0.174099)
(0.149913,-0.113296)
(0.24534,-0.146397)
(0.202068,-0.144955)
(0.141336,-0.216026)
(-0.00253294,-0.0261112)
(0.286442,-0.134526)
(-0.184821,-0.101973)
(-0.00129644,0.0186405)
(0.172144,-0.0388084)
(0.202854,-0.326791)
(-0.0665766,-0.00602022)
(-0.00711598,0.0361531)
(0.163948,0.51723)
(-0.129445,-0.065181)
(-0.0287551,-0.0724437)
(-0.12585,-0.109193)
(-0.00314299,-0.133767)
(0.0813113,0.238492)
(-0.00866874,-0.0512251)
(0.37627,0.206754)
(0.104385,0.0688146)
(0.291027,0.0125954)
(-0.00541895,-0.0240182)
(0.0291537,-0.100772)
(-0.124626,0.282516)
(0.0932972,-0.183238)
(0.041377,-0.0412189)
(0.59611,-0.0364614)
(0.682585,-0.390085)
(0.367364,-0.373803)
(0.190286,0.0926302)
(0.214755,-0.174403)
(-0.127331,-0.090786)
(-0.0678731,0.000859299)
(-0.0425239,-0.0371605)
(-0.0768529,-0.118394)
(-0.071067,-0.0125699)
(0.321293,0.124662)
(0.257668,-0.0725826)
(0.653451,-0.098469)
(-0.253049,0.423998)
(-0.0450058,-0.0494337)
(0.138085,0.168175)
(0.0301081,-0.0907053)
(0.729189,-0.0554561)
(0.459422,-0.343631)
(0.0723642,0.0533243)
(0.680872,-0.195909)
(0.64585,-0.311804)
(0.508747,0.37425)
(0.494913,-0.207413)
(0.227959,-0.300617)
(0.0545855,0.109886)
(0.397234,0.018877)
(0.239195,0.0959392)
(0.123065,-0.205223)
(0.011599,-0.000615152)
(0.158863,-0.160159)
(0.417824,-0.255451)
(-0.153071,0.0658998)
(-0.0612682,-0.0155998)
(-0.024045,0.0760258)
(0.0120135,0.0175415)
(0.359778,-0.215909)
(0.304069,-0.22673)
(0.436794,0.123168)
(0.415477,-0.00853667)
(0.303171,-0.20611)
(0.0917346,-0.0597391)
(-0.0383911,-0.0317095)
(0.523235,-0.369277)
(0.0986218,-0.0597562)
(-0.0830219,-0.209364)
(0.182535,0.389798)
(-0.0709981,-0.0513173)
(-0.0135775,-0.121356)
(0.181474,-0.0153957)
(0.065504,0.0775598)
(0.30099,0.030386)
(0.0875049,-0.0504229)
(0.20427,0.473343)
(0.814699,-0.328613)
(0.216327,-0.0768961)
(-0.0612959,-0.00588319)
(0.190682,-0.0759553)
(-0.191292,-0.108047)
(0.0904306,0.149954)
(0.142044,-0.0461489)
(-0.00209281,-0.00134649)
(-0.0904816,0.0205759)
(0.609917,-0.137418)
(0.213142,-0.339825)
(0.343956,0.0916928)
(0.145097,-0.205258)
(0.608973,-0.549516)
(0.0220341,0.0542469)
(0.449381,-0.0795257)
(0.0587671,-0.191679)
(0.0107404,-0.0280656)
(0.39069,-0.370768)
(0.946466,-0.673018)
(-0.153446,-0.0833276)
(-0.0037448,0.0521796)
(0.353627,-0.153662)
(-0.192635,0.0666502)
(-0.00656673,-0.00247274)
(0.225803,-0.0514429)
(-0.0344675,-0.186084)
(0.01966,-0.159943)
(-0.161104,-0.0918575)
(-0.00131129,-0.186813)
(0.300484,-0.000736031)
(0.0925116,0.138034)
(-0.0104086,0.220498)
(0.153506,0.0800356)
(0.704562,0.101915)
(-0.0259942,0.0564325)
(-0.069132,-0.00621191)
(-0.100091,-0.0284694)
(-0.0195297,0.0522218)
(0.00667023,0.0722388)
(-0.118774,-0.00436983)
(-0.0839061,0.0453578)
(0.114287,0.0968546)
(-0.0999604,-0.0968816)
(-0.0934522,-0.180332)
(0.00466427,0.183028)
(0.501883,-0.0744929)
(0.0377137,-0.146737)
(0.440389,-0.151925)
(0.00489042,0.0471354)
(0.0657412,0.135251)
(0.420203,0.141961)
(0.363216,-0.162906)
(0.362753,-0.0189339)
(-0.0610884,-0.00664493)
(0.0200583,-0.101607)
(0.0788522,-0.114895)
(0.000841541,-0.171993)
(0.0571123,-0.0981887)
(0.042613,0.110491)
(0.165717,-0.127773)
(-0.0786478,-0.00364615)
(0.279,-0.0466213)
(-0.0317913,0.0330048)
(-0.105404,0.0552364)
(0.4575,0.0469678)
(0.25539,0.158748)
(0.257214,0.13281)
(-0.083394,0.0836465)
(-0.0636732,0.194296)
(0.146789,-0.0306778)
(0.111404,-0.115382)
(-0.00925556,-0.227673)
(0.315781,0.203354)
(-0.106326,0.0696255)
(0.00308117,0.0811114)
(-0.0445701,-0.0685991)
(0.00684494,-0.0645729)
(-0.114297,0.070143)
(0.228679,-0.135854)
(0.163566,-0.151573)
(0.180391,-0.174324)
(-0.125026,-0.0119063)
(0.215415,-0.0629937)
(-0.122831,-0.0640229)
(-0.103439,0.078115)
(-0.123157,0.0475158)
(0.278698,-0.0401773)
(0.307524,-0.058633)
(-0.03398,0.0723286)
(0.346079,-0.297149)
(0.298099,-0.163365)
(0.251707,0.443968)
(-0.0590899,-0.101054)
(0.160913,0.041039)
(0.760871,0.232651)
(0.317122,-0.0951561)
(0.0362056,-0.317059)
(-0.309584,-0.160599)
(-0.242074,-0.263933)
(-0.0220602,-0.161742)
(-0.0601078,-0.242278)
(0.29339,-0.0689862)
(0.453359,-0.301108)
(0.28336,0.0580035)
(0.337444,0.111397)
(0.198807,-0.111271)
(0.192586,-0.0514642)
(0.279744,-0.0161207)
(0.266684,0.0572729)
