1620
(-0.0341522,0.149588)
(0.190622,-0.0344679)
(0.0253709,-0.056573)
(-0.0800282,0.125649)
(-0.00406458,0.0581353)
(0.0610636,0.0271531)
(0.283449,-0.166211)
(0.0464602,0.0760043)
(0.0948935,-0.0667457)
(-0.0393991,0.0973937)
(0.0744816,0.0950559)
(0.149882,-0.0143324)
(0.013627,0.0994527)
(-0.0967595,0.0974269)
(-0.00626151,-0.0438985)
(-0.028597,-0.0254405)
(0.0025172,-0.0804144)
(-0.0421794,0.0366865)
(-0.0975248,-0.0411356)
(-0.0250736,0.0397343)
(-0.0473303,0.165975)
(0.118106,-0.0518699)
(0.100389,0.0627444)
(-0.00117397,0.243882)
(-0.0137613,-0.0846509)
(0.0245989,-0.00651785)
(-0.00261997,0.0147477)
(0.0315917,0.0146573)
(-0.119578,0.170748)
(0.00702055,0.0321875)
(-0.0135364,0.0252188)
(-0.204688,-0.0282343)
(0.126245,-0.0100979)
(0.0729755,0.0191351)
(0.0359084,-0.0900506)
(0.12609,-0.0405669)
(0.0676993,-0.163761)
(-0.0113711,0.0196644)
(-0.0262873,-0.00353089)
(0.012135,-0.00235098)
(0.0255799,-0.0808934)
(0.0445648,0.0436531)
(0.0162424,0.000299993)
(0.0257302,-0.004981)
(0.051547,0.0757775)
(0.0941648,-0.189515)
(0.164162,-0.173065)
(-0.0187393,0.00190949)
(-0.0428148,0.071568)
(-0.0348027,-0.000126034)
(0.0416255,-0.0816027)
(-0.00162465,-0.086693)
(-0.00920573,0.0589064)
(-0.0071458,0.0272347)
(-0.00867724,0.0754435)
(-0.0183427,0.110073)
(-0.111048,-0.0520537)
(-0.0172346,-0.0471969)
(0.0168175,0.0290237)
(0.0437452,-0.187192)
(0.0536626,0.0727988)
(0.160458,-0.249239)
(-0.0241774,-0.0395756)
(0.225249,-0.330381)
(0.00341198,-0.0343229)
(0.0300316,-0.033776)
(-0.0639278,-0.0588126)
(-0.125049,-0.0391063)
(-0.0444308,-0.0420968)
(-0.0497886,-0.065005)
(0.0498539,0.0788561)
(0.0629485,0.0195664)
(0.202704,-0.0108588)
(0.091203,0.184486)
(0.340963,-0.137858)
(-0.0711084,-0.0164637)
(-0.143741,-0.0126174)
(0.0879346,-0.216243)
(0.0977084,0.0212678)
(0.0925918,-0.247242)
(0.0282898,-0.0316779)
(-0.0448143,-0.0770091)
(-0.116406,0.012873)
(0.0201754,0.0694693)
(-0.0134899,0.156274)
(-0.0166646,-0.146798)
(-0.0834026,0.0361629)
(0.0329467,0.059346)
(-0.0818988,-0.0169592)
(-0.116552,-0.00495599)
(-0.104827,0.0356139)
(-0.0203618,0.0390208)
(0.282799,-0.219222)
(0.232102,0.0444461)
(0.223275,-0.0228109)
(0.339699,-0.224808)
(0.0320863,-0.00136454)
(0.377515,-0.384853)
(0.0271367,-0.108153)
(-0.00890522,-0.113042)
(0.0476888,-0.0893588)
(0.116464,0.028677)
(0.061707,0.00651619)
(0.0521993,0.078896)
(-0.107449,-0.078836)
(0.368917,-0.370186)
(0.106515,0.133106)
(-0.0521805,0.112336)
(-0.0256406,0.0644539)
(0.0598288,0.11514)
(-0.0455794,0.0887518)
(0.291332,-0.291154)
(0.300379,-0.243385)
(-0.0423621,0.0423432)
(0.3357,-0.17149)
(0.240156,0.0370805)
(0.221521,0.00559239)
(0.244436,-0.179319)
(-0.013914,0.0342476)
(0.126962,-0.333907)
(0.363218,-0.173856)
(-0.0735675,0.0297585)
(0.266932,-0.276681)
(0.139545,-0.224088)
(0.24555,-0.294248)
(-0.13942,-0.0212762)
(0.0391964,-0.199764)
(0.0205384,-0.117565)
(0.296875,-0.308082)
(0.010938,0.00229508)
(0.0012363,-0.035312)
(0.115146,-0.00886718)
(-0.0548107,0.0504896)
(-0.0168584,-0.0416969)
(-0.0438675,-0.0284982)
(0.0728487,-0.101938)
(-0.02229,0.0353177)
(-0.0129979,0.0600342)
(0.126532,-0.386497)
(0.212572,0.0581955)
(0.236577,-0.0473547)
(-0.0177095,0.0811649)
(-0.00269263,0.0894343)
(0.0226862,0.01423)
(0.0951061,0.00826926)
(0.0612503,-0.0121553)
(0.0227587,0.0633846)
(0.213874,-0.204574)
(0.190193,-0.16442)
(-0.0245569,0.0250103)
(0.116081,-0.311947)
(0.0582806,-0.162994)
(0.313988,-0.513153)
(0.296503,-0.307091)
(0.393085,-0.392801)
(0.205177,0.057215)
(0.209623,-0.138643)
(0.305765,-0.320856)
(0.209462,-0.208258)
(0.0415349,0.207237)
(0.119369,0.15702)
(0.246799,0.0928564)
(0.230585,0.0683134)
(-0.000666306,-0.0129346)
(-0.0293078,-0.0130424)
(-0.0796795,0.121062)
(0.0726716,0.0100895)
(0.0996392,0.0211304)
(0.0450485,-0.0068367)
(0.0234205,-0.026347)
(0.0755006,0.0120687)
(0.0902181,0.0328883)
(0.112538,-0.348897)
(0.099943,-0.409991)
(0.3033,-0.363368)
(0.437933,-0.443941)
(0.0157085,-0.00677562)
(0.0264209,-0.0201743)
(-0.0211528,0.0383696)
(-0.00816567,0.0886456)
(-0.00511179,0.0691149)
(0.251496,-0.0803104)
(0.218995,-0.0498657)
(0.188512,-0.0919474)
(0.207956,-0.113835)
(-0.104857,-0.00837204)
(-0.0864545,0.0229328)
(0.203206,-0.264034)
(0.176152,-0.116874)
(0.362517,-0.448624)
(0.303404,-0.414515)
(0.137045,-0.37431)
(0.144527,-0.464406)
(-0.00663614,0.0716121)
(-0.0568017,0.0247987)
(0.218126,0.123661)
(0.125796,0.0146213)
(0.0706543,0.152121)
(0.0277795,0.00256768)
(0.0975397,0.109726)
(0.0392355,0.12012)
(0.0525745,0.166469)
(-0.0696463,-0.0846386)
(-0.00550407,0.0638929)
(-0.0296893,0.100701)
(-0.0172804,0.0783526)
(0.207097,-0.360217)
(0.166319,-0.43094)
(0.0236979,0.0749368)
(0.274255,-0.261231)
(-0.0550487,-0.0608272)
(0.125871,-0.321776)
(0.179786,-0.3337)
(-0.0834044,-0.0486316)
(-0.0559717,-0.0694757)
(-0.0551727,-0.0362807)
(-0.0229941,0.0350661)
(0.0644133,-0.307228)
(0.0906753,-0.389414)
(0.0706493,0.00526112)
(-0.0942085,0.0596267)
(-0.136755,0.0876538)
(0.0430261,0.0302713)
(0.135571,-0.450905)
(-0.15861,0.0846214)
(-0.232282,0.0613663)
(0.0816932,-0.320838)
(-0.0284224,0.0796115)
(-0.052934,0.0188844)
(-0.0841816,0.059539)
(-0.0363531,0.0609519)
(0.187599,-0.310574)
(0.20952,-0.301673)
(0.163866,-0.413112)
(0.144629,-0.473164)
(0.122571,-0.122959)
(-0.0571548,0.156556)
(-0.0615176,0.124892)
(0.277548,-0.354769)
(0.0101889,0.0523483)
(0.100005,-0.0250265)
(-0.0950392,0.00308799)
(0.14848,0.0237279)
(0.207553,-0.0179177)
(-0.111024,-0.0624356)
(0.00816706,0.0232586)
(-0.0117501,-0.0928503)
(-0.016085,-0.17238)
(0.080775,-0.0536389)
(-0.220935,0.0487503)
(0.0625784,-0.0841345)
(0.0132798,0.00562261)
(-0.0120109,-0.100343)
(-0.0311182,-0.0712789)
(0.0264294,-0.00153107)
(0.00679961,0.0668475)
(0.232916,-0.208699)
(-0.0142187,-0.0674521)
(-0.12129,-0.0682545)
(-0.112348,-0.00291862)
(-0.11441,-0.0456048)
(-0.0168672,-0.00329407)
(-0.000674913,0.0727746)
(0.00865013,0.00393187)
(0.384442,-0.444356)
(0.0355535,0.0357318)
(-0.106717,-0.0709738)
(-0.0999966,0.0118199)
(-0.0368391,0.007598)
(0.0508118,-0.0335553)
(-0.0981097,0.00487873)
(-0.0458372,0.00276586)
(-0.121645,0.13132)
(-0.0624036,0.0504794)
(-0.0108105,0.0820188)
(0.237685,-0.260042)
(-0.00564729,0.0910416)
(-0.140624,0.170869)
(0.0860391,0.110165)
(-0.00341728,0.05235)
(-0.0427039,0.0436)
(-0.0239074,0.0588861)
(-0.0449342,0.0148944)
(0.00342194,0.0355301)
(0.048499,-0.0496578)
(-0.0495197,-0.147262)
(-0.133985,-0.0950808)
(-0.0341928,-0.101551)
(-0.016805,0.00417291)
(0.0664161,0.00375588)
(0.0746,-0.0284476)
(-0.0202425,0.0180209)
(-0.021229,-0.0462243)
(0.0428301,0.127344)
(0.0566486,0.0180581)
(-0.0479111,0.123568)
(-0.0504981,-0.0993354)
(0.0257853,0.0917569)
(-0.002059,-0.0667286)
(0.0344811,0.185684)
(0.149563,0.220097)
(-0.083753,0.124642)
(-0.0328795,-0.0199978)
(-0.080717,-0.0593353)
(-0.0731305,-0.103837)
(-0.0164929,-0.068696)
(-0.0390679,0.0509118)
(0.273509,-0.248837)
(0.000872384,0.00945756)
(0.000887222,0.0793551)
(-0.0671375,0.0220117)
(-0.0276176,0.0292965)
(-0.109114,0.0922546)
(0.0168996,-0.0414819)
(-0.0337431,-0.0709406)
(-0.0956598,-0.0324193)
(-0.127163,-0.0588445)
(-0.132707,0.0201596)
(-0.0770053,-0.00136764)
(0.270168,-0.267963)
(-0.0168824,0.00448522)
(-0.0443974,0.00330541)
(-0.00851459,0.0634071)
(-0.071959,0.0960667)
(-0.0885485,0.0476877)
(-0.0815465,0.0148963)
(-0.0291331,-0.00379024)
(-0.064949,0.06153)
(-0.081301,0.0156598)
(-0.0502686,0.0341642)
(-0.049831,-0.000930479)
(0.0375582,0.0402304)
(0.0306708,0.002612)
(-0.0130128,0.0235199)
(0.00118447,-0.138345)
(0.244609,-0.281504)
(-0.0902473,-0.0583948)
(0.121426,0.00881589)
(-0.0623809,-0.183437)
(-0.0204593,-0.109815)
(-0.0145771,0.0819361)
(-0.122629,-0.0129246)
(0.0891973,0.0143764)
(0.0918956,0.0142653)
(0.0731496,0.0244997)
(0.0575619,-0.0193587)
(-0.0268138,-0.0728349)
(-0.120123,0.0176697)
(0.143696,0.00737525)
(0.305279,-0.378081)
(0.21026,-0.329047)
(0.23839,-0.273451)
(-0.0659106,-0.0344956)
(-0.154901,-0.0173589)
(0.372732,-0.418292)
(-0.160104,-0.0800537)
(-0.138609,-0.115389)
(-0.11063,0.00900161)
(-0.00315947,-0.052817)
(-0.0955374,0.0479932)
(0.291353,-0.325345)
(0.0571295,-0.18892)
(0.0285875,-0.00870022)
(0.0141123,-0.177425)
(-0.0336577,-0.0165463)
(0.227202,-0.198803)
(0.340727,-0.238742)
(0.00536179,0.0889359)
(0.0390682,-0.125422)
(-0.0388444,-0.0765429)
(-0.035653,0.0304727)
(-0.108726,-0.025051)
(-0.0685662,-0.0861926)
(0.124986,0.00176529)
(0.347835,-0.247279)
(0.287346,-0.257541)
(-0.00388403,-0.0204626)
(-0.00513125,-0.0172169)
(0.0103765,0.0807636)
(-0.0540977,0.0191884)
(-0.0495099,0.143123)
(0.216202,-0.250795)
(0.334053,-0.427197)
(-0.0949324,0.0208712)
(0.00593243,0.00727551)
(-0.0247747,0.0122107)
(0.0436841,0.0168044)
(0.0551447,-0.0294338)
(0.16286,0.0899765)
(-0.0132369,0.0573572)
(-0.0397715,0.0807411)
(0.172857,0.032805)
(0.00354347,0.0523081)
(0.0250517,0.112634)
(0.0423793,0.00381595)
(0.0218522,0.00633247)
(-0.119512,0.172363)
(0.0344313,-0.0312922)
(0.0370288,-0.0506674)
(0.0555195,-0.0829205)
(0.0491043,-0.102577)
(-0.0666981,0.0777148)
(0.131354,0.0954435)
(0.158117,-0.474116)
(-0.0123699,-0.0830085)
(0.013343,0.0421753)
(-0.0291018,0.0906658)
(-0.0226669,0.0830453)
(-0.0357462,-0.152158)
(-0.0134732,-0.0841088)
(0.0575798,0.122831)
(0.0156574,-0.0392673)
(0.198995,0.0404158)
(0.0128881,0.059172)
(0.18151,-0.249047)
(0.0419097,-0.00743171)
(0.0466915,0.0126233)
(0.149259,0.113006)
(-0.0511429,0.107161)
(0.0111324,0.13215)
(-0.0141569,0.0196155)
(-0.0294455,0.0410531)
(0.0685922,-0.0931011)
(0.0888461,-0.0412528)
(0.243271,0.0678226)
(0.00191582,-0.0404531)
(0.118149,-0.383492)
(-0.018049,0.00525475)
(0.0652211,-0.0810307)
(0.0835926,-0.0707281)
(-0.0284196,0.0418612)
(0.0895275,0.196719)
(-0.124264,0.0504172)
(0.179939,-0.0650006)
(0.0325718,-0.00433618)
(0.00175817,-0.0838187)
(-0.0759155,0.027295)
(0.0268811,0.0213191)
(-0.11359,0.0463116)
(-0.0783343,0.0957028)
(0.00497192,0.00411228)
(-0.0633368,0.0852376)
(0.0924546,0.0145141)
(-0.0200085,0.0928708)
(-0.0238515,0.104434)
(-0.101418,0.0944495)
(0.0305445,0.0626193)
(0.0400524,-0.145094)
(0.00578821,-0.00899967)
(0.131756,-0.208554)
(0.0418449,0.000924088)
(0.0097427,0.0209764)
(-0.0413784,0.0277392)
(0.162163,0.0719903)
(0.0516924,0.0413802)
(-0.0277587,-0.00219692)
(0.077117,-0.000102026)
(-0.0525751,0.0634635)
(0.114214,0.115895)
(0.002544,-0.0402542)
(0.115417,0.0467634)
(0.0293853,0.0916827)
(-0.0496712,0.00444049)
(-0.0270619,-0.0136775)
(0.0819538,0.0829105)
(-0.0579299,-0.0367875)
(-0.0811205,-0.0585753)
(0.150194,0.0370914)
(0.222708,-0.215654)
(0.0450797,0.164863)
(0.321356,-0.359078)
(0.0477793,0.00848969)
(-0.0547597,0.0820775)
(-0.0198089,0.137535)
(0.0931657,0.0206968)
(0.0694817,-0.0436238)
(-0.0571835,0.018434)
(0.138181,0.0958259)
(0.0142203,-0.086312)
(-0.0626137,-0.0015833)
(-0.0606555,-0.0132925)
(0.266741,-0.231992)
(0.0924536,0.0485573)
(-0.0196888,0.003233)
(-0.0579332,0.0325577)
(-0.0561185,0.0402788)
(0.0258971,0.0399559)
(0.201309,-0.142822)
(-0.00719355,0.00909)
(0.0811251,-0.0388537)
(0.202737,-0.237828)
(0.0476088,-0.284532)
(-0.0159415,0.0564255)
(-0.0192713,0.0612166)
(-0.115991,0.0543021)
(0.0891798,-0.283078)
(0.172735,-0.386238)
(0.0737998,-0.457249)
(0.0918785,-0.408252)
(0.101997,0.00394203)
(0.0393807,-0.0212037)
(0.0561451,-0.0534389)
(-0.0152959,0.151089)
(-0.0648727,-0.00282961)
(-0.0602104,-0.0303205)
(-0.0511232,0.000466102)
(-0.00126001,0.0854545)
(-0.00326905,-0.00441457)
(-0.0546353,0.0130534)
(0.0276153,0.0425366)
(-0.040971,0.00511437)
(-0.0300962,0.00937444)
(-0.0269215,0.0161152)
(-0.008303,-0.0699277)
(0.123955,-0.0753699)
(0.0481181,-0.163835)
(0.0970199,0.0258664)
(-0.0118205,0.0538942)
(0.0826519,0.0211673)
(0.171078,0.0538296)
(0.224585,0.0580613)
(0.234399,0.128535)
(0.140577,0.0323237)
(0.0459479,0.00697971)
(0.00389787,-0.00740556)
(0.00228425,-0.0452518)
(-0.0422565,0.0128228)
(-0.0825497,-0.0356972)
(0.117304,0.0255524)
(-0.0880713,-0.0101124)
(0.137931,0.0682378)
(-0.165084,-0.0737761)
(0.265069,-0.26641)
(-0.119395,-0.064698)
(0.180255,-0.266913)
(0.143972,0.130031)
(0.00981723,0.0259661)
(-0.0550064,-0.0247745)
(0.0513972,0.10896)
(-0.0488092,0.021477)
(-0.0164419,0.0919419)
(-0.0426565,0.00958072)
(0.0768643,-0.00713232)
(0.0288197,-0.0410721)
(0.104118,0.0114047)
(-0.0134815,0.00976783)
(0.133302,0.0159507)
(-0.0292162,0.0422952)
(-0.0419674,0.0521778)
(0.0323936,0.0215131)
(-0.0050342,-0.0386472)
(0.0218081,-0.112855)
(-0.0403572,-0.103128)
(0.173483,-0.0554635)
(0.198095,0.00341598)
(0.083903,-0.000347616)
(0.0110192,-0.217238)
(0.0880813,-0.0211727)
(-0.0409743,0.174432)
(-0.0361335,0.11872)
(0.0909441,-0.0722477)
(0.250886,-0.221787)
(0.159951,0.0263186)
(-0.0466564,-0.052512)
(8.0733e-05,-0.0695453)
(-0.0112369,-0.054003)
(-0.0899486,0.0614561)
(-0.0267972,-0.196618)
(0.0793059,-0.288943)
(0.242907,-0.386715)
(-0.120995,0.147403)
(0.106827,0.0830483)
(-0.0929817,0.204343)
(0.0634106,-0.302074)
(0.272504,-0.170884)
(-0.0496784,0.140624)
(-0.00964805,0.116977)
(-0.00272482,0.0950256)
(-0.0257768,0.122632)
(0.0558787,0.0196806)
(0.0429299,0.00451103)
(0.0802728,0.00317486)
(-0.0424797,0.0265781)
(-0.0651736,0.0278869)
(0.0517918,0.0492731)
(0.214505,-0.237089)
(0.0123632,-0.0746373)
(-0.0698785,0.00764016)
(-0.0240359,0.0354976)
(0.0451242,-0.0044978)
(0.0849515,-0.0699528)
(0.0879407,0.0152763)
(0.0126728,-0.00535812)
(0.266349,-0.344502)
(0.143128,0.0318396)
(0.0933713,-0.0130006)
(0.126954,-0.00534045)
(0.0703841,-0.0782779)
(0.0594226,0.00152031)
(-0.0681461,0.102859)
(0.0100396,-0.0179887)
(0.198497,-0.203847)
(0.505902,-0.491857)
(-0.00428324,0.0911469)
(-0.0399165,0.0545863)
(-0.0332795,0.038729)
(-0.0244542,-0.0483628)
(-0.0856397,-0.0729891)
(-0.0980335,-0.0434237)
(0.0487146,0.0191461)
(0.0825988,0.0306603)
(0.0200894,0.0425167)
(0.0660438,-0.0849185)
(0.147589,-0.127253)
(-0.0537985,-0.0835997)
(-0.107446,0.0476584)
(-0.0600837,0.122709)
(0.0163888,0.0528529)
(0.0129707,0.0168771)
(0.0206549,0.0513071)
(-0.0048396,-0.0218691)
(0.0444662,0.00957413)
(0.0912143,-0.0446138)
(0.0834999,0.0218675)
(0.0790625,-0.056776)
(0.0764347,-0.111326)
(0.11554,-0.0969438)
(-0.0134277,-0.0129078)
(-0.034859,0.0171107)
(0.217872,-0.0127725)
(0.292352,-0.0952976)
(0.0371414,0.0477641)
(-0.00299708,0.0167982)
(-0.0298539,0.00561996)
(0.0647019,-0.00329158)
(0.0644324,0.0829468)
(0.0482656,0.0349513)
(0.0382984,0.0885803)
(0.0585189,-0.0376498)
(0.318897,-0.254524)
(-0.0140381,-0.137385)
(-0.013524,0.0230055)
(-0.0391214,0.0333599)
(-0.00799404,-0.0726585)
(0.052259,0.0585297)
(0.0080342,0.0328303)
(0.030208,-0.107874)
(0.034283,-0.0717211)
(0.0830053,0.0223185)
(-0.039614,0.00903083)
(0.0354665,0.0482789)
(0.0817072,-0.0563125)
(0.0952757,-0.0195265)
(0.0410716,0.00980119)
(0.322832,-0.181535)
(0.308534,-0.191377)
(0.0839,0.00745154)
(-0.0464054,0.102507)
(-0.0718829,0.0889241)
(-0.0342535,0.00382317)
(0.0419587,-0.0682477)
(-0.0149847,-0.0107601)
(-0.0371133,0.0284631)
(0.108525,0.131154)
(-0.0368263,-0.114293)
(-0.162234,0.0952899)
(-0.017421,-0.0535657)
(-0.0525525,-0.0865098)
(-0.0430977,-0.0100545)
(-0.00850208,0.0738617)
(0.0678147,-0.00453883)
(0.0122391,0.0844553)
(0.0613085,-0.0917492)
(0.0387639,0.0375937)
(0.0339664,0.0322322)
(0.0748892,-0.0170945)
(0.0891089,-0.0944036)
(0.203232,0.165923)
(0.0801992,0.0352466)
(0.116628,0.0360368)
(0.310494,-0.100972)
(0.315345,0.0584)
(-0.00190973,0.035895)
(0.0753105,0.0138859)
(-0.111192,0.0980378)
(0.00696786,0.0342447)
(0.0160812,-0.0238072)
(-0.031273,-0.098096)
(-0.0520868,-0.180236)
(-0.0241244,-0.015036)
(-0.0813837,-0.0913287)
(-0.0622546,-0.094562)
(-0.0309586,-0.0558177)
(0.453086,-0.410285)
(-0.0279131,-0.0901738)
(0.0193068,-0.00733706)
(0.0741286,-0.00739852)
(0.0455079,0.0761267)
(-0.0293456,0.0266264)
(0.0698805,0.0849069)
(-0.0172584,0.0444332)
(-0.0560546,0.00812463)
(0.00540365,0.0197117)
(0.00569263,-0.00844251)
(0.0249119,0.0403685)
(0.0108798,0.019732)
(0.0961035,0.048153)
(-0.0290235,-0.0522584)
(0.0024092,0.0466306)
(0.17666,0.112942)
(0.0617189,0.0561072)
(0.0756295,0.0617029)
(0.0330919,0.0742497)
(0.0740643,0.0705537)
(-0.0699546,-0.0757062)
(-0.0433712,-0.076711)
(0.0551572,-0.139016)
(0.0854211,0.0836752)
(0.411564,-0.43004)
(0.182533,-0.267612)
(0.0230688,0.0249848)
(0.150462,-0.201679)
(0.0960836,-0.0523102)
(0.220561,-0.264303)
(0.4275,-0.370714)
(0.0411764,0.0343648)
(0.284514,-0.3689)
(0.323805,-0.35683)
(0.351521,-0.382139)
(-0.0322623,-0.023821)
(0.0253225,0.220547)
(0.0227413,0.0335436)
(0.00890322,-0.0212072)
(0.117895,0.0392835)
(0.0528704,0.00835725)
(0.0919057,0.0676291)
(-0.00201103,0.154033)
(0.0833136,0.0452643)
(0.102491,-0.133813)
(0.149959,0.00848182)
(0.102212,-0.12418)
(0.11755,0.077002)
(0.0737521,0.126254)
(0.161095,0.109149)
(-0.0221087,-0.046567)
(-0.0296346,-0.0597986)
(0.1216,0.115202)
(0.0254658,-0.00856644)
(-0.0686285,0.0686032)
(-0.00433575,-0.0612029)
(0.00487191,0.00983851)
(-0.025251,-0.0446535)
(-0.0241287,0.0391436)
(-0.17544,0.0340869)
(-0.0136486,0.0350558)
(0.306134,-0.204519)
(-0.0660017,-0.00642153)
(-0.0756261,-0.00673221)
(-0.045306,-0.00757255)
(-0.124922,0.0544582)
(0.153245,0.19337)
(0.181937,0.146759)
(-0.082118,-0.02767)
(-0.0648217,-0.0249911)
(0.046466,0.0165063)
(-0.0717161,0.025825)
(0.298674,-0.328163)
(0.0382535,-0.0678139)
(0.173156,0.171571)
(-0.0124448,-0.0512199)
(-0.0419283,-0.0447278)
(-0.0495421,0.0914374)
(0.0601577,0.0657371)
(0.279751,-0.424604)
(0.350955,-0.517006)
(0.489787,-0.440381)
(-0.0924169,-0.0484715)
(0.328283,-0.376622)
(-0.112551,-0.0249355)
(-0.0203775,-0.0204282)
(-0.00634032,0.0589304)
(-0.00575231,-0.0394458)
(0.406131,-0.363394)
(0.000851522,-0.0229129)
(0.0370943,0.164107)
(-0.0490044,0.210116)
(0.319793,-0.258456)
(-0.000861875,0.0166072)
(-0.120107,0.255613)
(0.289472,-0.234067)
(-0.006293,-0.0247263)
(-0.064701,0.314758)
(0.020741,0.00727806)
(0.0118099,-0.0212447)
(-0.0543173,-0.0358357)
(0.0579539,-0.0157934)
(0.0868768,-0.106938)
(0.0878417,-0.0531383)
(0.128139,-0.136644)
(0.141375,-0.258404)
(-0.122621,0.0496278)
(-0.129702,0.002217)
(-0.0556115,0.0187156)
(0.050973,-0.0157277)
(-0.0110068,0.0370139)
(-0.103794,0.021264)
(-0.0878684,-0.0845926)
(0.10926,-0.0625044)
(0.0199421,0.0576043)
(0.0414058,-0.0512627)
(0.0113528,-0.000276785)
(0.114445,-0.0217573)
(-0.108812,0.0166005)
(-0.111547,-0.0354714)
(0.0212214,0.0164317)
(0.0199533,-0.0168679)
(0.078461,0.0341252)
(0.0211886,-0.0662957)
(0.00831723,-0.0760878)
(0.0256396,0.0111267)
(0.0377188,0.00792501)
(-0.0217307,-0.0139964)
(0.0523999,-0.0984797)
(-0.00594198,-0.0232124)
(0.0518277,0.0277004)
(0.00547496,0.0141707)
(-0.0381365,-0.00296068)
(0.0464714,0.0330789)
(0.069965,0.101915)
(-0.0180697,-0.0141648)
(0.057522,0.117036)
(-0.0526174,-0.00530638)
(0.0234896,0.145262)
(0.0384151,0.00671349)
(-0.0395767,-0.00385688)
(-0.0251349,0.0672181)
(-0.0673265,0.0905835)
(0.0429324,0.0035002)
(0.0159956,-0.00169207)
(-0.0641246,0.110703)
(0.0887305,-0.16924)
(-0.120917,-0.0938546)
(-0.126395,0.0729431)
(0.137209,0.00436894)
(-0.0863203,0.0610709)
(0.182006,0.0531992)
(-0.154172,0.0668984)
(0.130076,-0.0108085)
(0.0767384,0.0218039)
(-0.0632936,-0.0517787)
(-0.0371705,0.0165967)
(0.0480333,0.0766459)
(0.0836634,0.12754)
(-0.0712206,-0.0405983)
(0.00173845,0.233994)
(-0.0330399,-0.161701)
(0.0295055,0.00145618)
(-0.026649,0.0731307)
(-0.00651891,0.0261154)
(0.0228728,0.107921)
(-0.116292,0.128443)
(-0.0426694,0.223109)
(0.211035,-0.0758563)
(0.0721425,-0.032047)
(0.120984,-0.316007)
(0.0666397,-0.0164094)
(-0.0131787,0.0439886)
(0.0630649,0.00775103)
(-0.0299727,-0.00918396)
(0.0131279,0.116801)
(0.0611583,0.143654)
(0.0427062,0.0518091)
(-0.0311972,-0.0474067)
(0.150083,-0.313565)
(-0.0183688,-0.0136885)
(-0.0399941,-0.12139)
(-0.0404524,-0.0113791)
(0.14387,-0.299299)
(-0.00652251,0.00708768)
(0.00126118,0.0162559)
(-0.00286031,-0.0851077)
(0.0495842,0.108564)
(0.0390652,0.0212002)
(-0.135583,0.0406558)
(0.0314065,0.0350933)
(0.231224,-0.163035)
(0.171824,-0.0841912)
(-0.0162869,-0.0301156)
(-0.00516821,0.150451)
(-0.00465604,0.00432533)
(0.0587353,0.160123)
(-0.017498,-0.0574544)
(0.250737,-0.179938)
(0.0103739,0.0723091)
(-0.0223909,0.0174198)
(-0.011815,-0.0758228)
(-0.0455758,0.00222848)
(-0.0228971,-0.0358907)
(-0.0324427,-0.016895)
(0.272965,-0.350907)
(-0.011468,0.0273359)
(0.356002,-0.493803)
(-0.0625004,-0.0145926)
(-0.0381611,0.00941631)
(0.184982,0.230364)
(0.0268615,-0.0222491)
(0.362826,-0.448421)
(0.229796,-0.18499)
(0.325137,-0.327989)
(0.330515,0.0223143)
(-0.0565137,-0.00735862)
(-0.0476887,0.208716)
(0.100642,-0.209852)
(0.31757,-0.259052)
(-0.0143835,0.118075)
(-0.0145702,-0.0398064)
(0.211328,-0.219818)
(0.0399737,0.0535034)
(0.0288541,0.0232661)
(0.264683,-0.253072)
(0.0218662,0.0464761)
(0.00413922,-0.0496035)
(0.305001,-0.264531)
(-0.0975321,-0.0879093)
(0.129741,-0.233925)
(0.110492,-0.240512)
(-0.0621003,0.0581888)
(0.187556,-0.318748)
(-0.0118626,-0.124593)
(-0.0244904,-0.0898011)
(-0.119973,-0.00348804)
(-0.176553,-0.00940169)
(0.0259367,-0.00461375)
(-0.0361862,-0.0185996)
(-0.015315,-0.106525)
(-0.0479597,0.0437692)
(-0.0207106,-0.00458858)
(-0.0429327,0.0153043)
(0.0255461,-0.0125926)
(0.0511484,-0.123632)
(0.0817534,0.0401543)
(0.0177639,-0.026832)
(-0.0175249,0.0184795)
(0.0468783,0.0513003)
(0.0652831,-0.021709)
(0.0873796,-0.344056)
(0.229407,0.0644811)
(0.237205,-0.0818717)
(0.0474173,-0.17087)
(-0.0377842,-0.0355073)
(0.0715689,0.163966)
(0.152952,-0.477361)
(0.00418849,0.156897)
(0.156009,-0.384588)
(0.016143,-0.00667127)
(0.0538339,-0.0621772)
(0.281076,-0.216541)
(0.0236362,-0.0471)
(0.0163137,-0.0663962)
(0.275408,-0.297677)
(0.0499796,-0.0481725)
(-0.0836416,0.083837)
(-0.0743051,0.0734801)
(-0.0735904,-0.0792381)
(-0.00664298,-0.0571547)
(0.00904968,-0.0784254)
(0.0831194,-0.111256)
(0.289506,-0.0925005)
(-0.114328,0.0106481)
(0.191465,-0.375659)
(0.0339927,-0.0107442)
(0.133521,-0.365623)
(0.0142032,-0.113773)
(-0.0349121,-0.0816491)
(0.258474,-0.350557)
(-0.026524,-0.0588483)
(0.0356687,0.0189862)
(-0.0250328,-0.0699834)
(0.197893,-0.218707)
(0.111275,0.191609)
(0.0384245,0.239305)
(0.244439,0.0754019)
(-0.00870039,0.0257996)
(0.0241865,0.0106777)
(-0.058851,-0.0106218)
(-0.174988,0.213375)
(-0.0525931,-0.0196891)
(0.00281926,-0.0408098)
(-0.0545134,-0.0792313)
(-0.221159,0.10951)
(-0.025378,-0.0323654)
(0.0526691,0.0212001)
(0.0121733,0.0161061)
(-0.0489432,-0.0285099)
(-0.0410541,-0.00220395)
(-0.064525,-0.0250623)
(-0.0269891,0.0225594)
(0.0802101,-0.0192994)
(0.078351,0.00626538)
(0.00454199,0.0729654)
(0.0669746,0.0396966)
(0.0264201,0.115507)
(0.0957757,-0.0910683)
(-0.0210331,-0.0280982)
(0.0638059,-0.0768982)
(-0.120016,-0.0246357)
(0.0384716,-0.265409)
(-0.142189,0.0194052)
(-0.177432,0.00252616)
(-0.0611407,-0.0480943)
(-0.0174667,0.0178494)
(0.269317,-0.241372)
(0.145297,0.100288)
(-0.0453996,0.0271113)
(0.0522291,-0.0678599)
(0.180379,-0.232699)
(-0.0527385,0.0320144)
(-0.0331258,-0.0170471)
(-0.0476831,0.0290649)
(-0.163106,-0.0241483)
(-0.0343118,0.00671859)
(-0.0604615,0.032821)
(0.0403808,0.0821059)
(0.128603,-0.241897)
(-0.0425726,-0.0401844)
(-0.0766462,0.00159209)
(0.383436,-0.372958)
(-0.0156517,0.0704952)
(-0.0400997,0.0750133)
(0.0608068,-0.189383)
(0.248611,-0.292026)
(0.128853,-0.099454)
(0.0197281,-0.14586)
(0.118065,-0.148932)
(-0.0118302,-0.0872537)
(0.0875184,0.22319)
(-0.0834044,0.0123643)
(0.0365644,-0.00157281)
(0.136497,-0.0163861)
(0.0949961,0.163559)
(0.0826533,0.199424)
(0.0553752,0.0205099)
(0.136762,-0.33495)
(0.189915,0.0288538)
(-0.0124043,-0.0511767)
(0.0346862,-0.0670034)
(-0.046132,0.0175731)
(-0.0243825,0.00220278)
(0.189982,0.0223198)
(0.0401746,-0.0264079)
(-0.0348855,-0.0620069)
(-0.00314023,-0.052469)
(0.144046,0.125476)
(0.147062,-0.0200016)
(0.271227,-0.322472)
(-0.028548,-0.0548337)
(-0.0152514,-0.0579271)
(0.235752,-0.0328517)
(-0.0393189,-0.159586)
(0.119671,0.136569)
(-0.120334,-0.165012)
(0.232521,-0.274735)
(0.234649,-0.27567)
(0.276971,-0.307102)
(0.0194275,0.108203)
(0.0608684,0.153655)
(0.361853,-0.293571)
(0.501924,-0.436101)
(-0.0345985,-0.00485592)
(0.105485,-0.265874)
(0.125652,-0.333219)
(0.17776,-0.181791)
(0.292201,0.0279325)
(0.208725,0.0931444)
(0.226874,-0.0758195)
(0.290817,-0.234198)
(0.209257,-0.0661138)
(0.141631,0.0493544)
(-0.135968,-0.221275)
(0.267131,-0.051656)
(-0.062257,-0.0090397)
(-0.0287602,0.0492985)
(0.0762293,0.0423421)
(0.21425,-0.334964)
(0.0854394,0.0429975)
(0.0347538,0.171713)
(0.0668344,0.0554651)
(0.199125,-0.368915)
(0.0680668,0.0563311)
(-0.0234577,0.018176)
(0.269192,-0.303588)
(0.174053,-0.402907)
(-0.0377381,0.0866523)
(0.157923,-0.249066)
(0.0152685,-0.0353394)
(0.0135681,-0.0392694)
(0.242845,-0.305514)
(0.202194,-0.175074)
(0.164275,-0.312294)
(0.207403,-0.196023)
(-0.0549362,0.0151819)
(0.306654,-0.265997)
(0.023677,0.0503246)
(0.0148686,0.00663388)
(0.154629,-0.130289)
(0.288172,-0.204177)
(0.0446562,0.0621873)
(0.222047,-0.0711172)
(-0.0857786,-0.05706)
(-0.0241231,-0.0485342)
(-0.0625304,-0.0854241)
(0.153412,0.0154001)
(0.0158742,0.00250061)
(0.00296286,0.0315848)
(-0.0459427,-0.00163488)
(0.0577657,-0.157769)
(0.00369656,-0.0507582)
(-0.0672102,0.164433)
(-0.0490398,0.0527851)
(-0.0333061,0.0588582)
(-0.165817,0.101162)
(0.295078,-0.196237)
(-0.0936166,-0.0117436)
(0.0140816,0.0505764)
(0.0228873,-0.00444168)
(-0.0883799,0.0433637)
(0.0175602,0.0251236)
(-0.0302248,0.0111389)
(0.0333384,-0.0187103)
(-0.155374,0.0939143)
(0.340902,-0.307665)
(0.0542694,0.00341285)
(0.130187,-0.189554)
(0.0690481,-0.120048)
(0.0527065,-0.10842)
(-0.0304822,0.0541757)
(-0.0125475,-0.117789)
(-0.0568055,0.0195322)
(-0.0821484,-0.0509932)
(-0.022042,0.0017693)
(0.0807713,0.00976307)
(-0.00731088,0.0317698)
(0.0377989,-0.0572368)
(0.0661125,-0.00242265)
(0.0784223,0.0502262)
(0.336454,-0.395298)
(0.400647,-0.312257)
(-0.0575077,0.0443667)
(0.122452,-0.0190624)
(0.0183528,-0.110054)
(0.17703,-0.0761373)
(0.266208,-0.325338)
(-0.0380021,0.0342642)
(0.047705,-0.0445565)
(0.0606123,-0.0506107)
(0.0288976,-0.0823547)
(0.399971,-0.434169)
(-0.0127864,0.0546561)
(0.00865921,0.152836)
(-0.0287557,0.161368)
(-0.00764222,0.103988)
(0.324404,-0.356241)
(-0.0344757,-0.0384635)
(0.12342,-0.034514)
(-0.0684088,0.0747738)
(-0.0667389,0.0545034)
(-0.0642382,0.0972738)
(0.428318,-0.363034)
(0.192516,-0.273065)
(0.402613,-0.55242)
(0.1152,-0.0661718)
(0.0429882,0.0420048)
(0.183522,-0.200004)
(0.186501,-0.183281)
(0.264758,-0.27903)
(0.371209,-0.459733)
(-0.026354,-0.0183338)
(0.0183032,0.155031)
(-0.0988255,0.110889)
(-0.0744577,-0.0199757)
(-0.109714,0.0504934)
(0.207016,-0.225794)
(0.232982,-0.275792)
(0.186534,-0.208845)
(0.231214,-0.23261)
(0.366786,-0.437701)
(-0.121528,0.0495221)
(0.129609,-0.160501)
(-0.132829,0.0358822)
(0.480227,-0.318008)
(0.16722,-0.243578)
(0.224164,-0.337304)
(0.0483149,0.0441956)
(0.153918,0.185018)
(-0.0168215,0.0752077)
(0.18874,-0.33689)
(0.294607,0.0544145)
(0.0503481,-0.0797059)
(0.102927,0.185529)
(0.106133,-0.449895)
(0.0338705,-0.0509116)
(0.164614,0.14964)
(0.211498,-0.40156)
(0.143219,-0.399506)
(-0.0100794,-0.178038)
(-0.0753536,-0.0763219)
(0.0986441,-0.0919382)
(0.0290093,-0.0646107)
(0.0611029,0.0488737)
(-0.0362918,0.0362181)
(0.0629441,0.0797233)
(0.24361,-0.228009)
(0.350822,-0.200527)
(0.285989,-0.309298)
(0.327039,-0.268717)
(0.159688,-0.338518)
(0.0978559,-0.255345)
(0.142435,-0.254643)
(0.162213,-0.248153)
(0.0956843,-0.200185)
(0.00259565,-0.0130544)
(-0.0414983,0.008604)
(0.217936,-0.281418)
(0.215957,-0.410147)
(0.272929,-0.402011)
(0.22382,-0.360286)
(0.181197,-0.376134)
(0.0157516,0.114514)
(0.32068,-0.173717)
(0.0352056,0.147731)
(-0.0137694,-0.0462567)
(0.0109336,0.0248956)
(0.011693,0.112733)
(-0.0597975,0.0177303)
(-0.000392301,-0.0115392)
(-0.0301775,0.104589)
(-0.0156979,0.0104402)
(0.217797,-0.0474214)
(0.189586,-0.262155)
(0.00292071,0.0381902)
(0.27457,-0.267446)
(0.272684,-0.16373)
(0.277635,-0.236136)
(0.100532,0.0180931)
(0.0928083,0.107246)
(-0.0308051,-0.022292)
(0.195759,-0.370868)
(-0.0101787,-0.0900667)
(0.0307027,-0.0592909)
(0.115877,-0.289027)
(0.181326,-0.226918)
(0.169449,-0.194923)
(0.0649963,-0.317128)
(0.206524,-0.529277)
(0.332577,-0.335071)
(-0.112759,-0.0336456)
(0.0700944,0.163914)
(-0.0330688,0.0870012)
(0.0411867,-0.0142655)
(-0.0219911,-0.00163853)
(-0.00679212,0.172168)
(0.164327,0.0350827)
(0.434695,-0.297917)
(0.451379,-0.345697)
(-0.0498422,-0.019173)
(0.464097,-0.249066)
(-0.0584814,-0.0471199)
(0.45419,-0.407518)
(0.359248,-0.389643)
(-0.0462321,-0.0785471)
(0.162178,0.0780269)
(0.145353,0.0430461)
(0.104568,0.0527424)
(0.385829,-0.604991)
(0.108551,0.0436154)
(0.350722,-0.338088)
(0.0363762,0.0204839)
(0.502395,-0.428011)
(0.0491668,0.0425643)
(0.561114,-0.508129)
(0.0139395,0.0591216)
(0.0630228,-0.0634747)
(0.105327,0.118775)
(-0.0753524,0.00417466)
(0.204275,-0.393841)
(-0.0441518,-0.0286326)
(0.209899,-0.324496)
(0.157958,-0.357848)
(-0.0613649,0.0263759)
(0.291289,-0.363904)
(0.235899,-0.122356)
(0.299394,-0.298683)
(-0.0350626,0.0430697)
(0.278734,-0.201944)
(-0.010003,0.0319675)
(0.0494349,0.0302925)
(0.0120622,0.0645064)
(0.014302,0.0258549)
(-0.0409273,0.0935518)
(0.00882825,-0.00373868)
(-0.0831311,-0.0447088)
(0.217186,-0.169166)
(-0.0274927,0.0331575)
(0.386858,-0.350544)
(0.252726,-0.188417)
(0.277503,-0.218473)
(-0.0972594,0.0500828)
(0.111554,-0.232674)
(-0.130471,0.0668021)
(0.287626,-0.542836)
(-0.00503801,0.0535956)
(0.283447,-0.580312)
(0.18891,-0.158371)
(-0.00596027,0.0844065)
(-0.0147931,0.11901)
(0.311142,-0.290571)
(0.00255999,0.119066)
(-0.144737,0.0220249)
(0.0522416,0.157965)
(0.140291,-0.278227)
(0.166132,-0.309413)
(0.405871,-0.273506)
(0.197874,-0.316299)
(0.118839,-0.331448)
(-0.06195,0.0600476)
(0.361918,-0.214229)
(0.319998,-0.158232)
(-0.0193304,0.0952093)
(0.213469,-0.1296)
(0.32687,-0.141416)
(0.168098,-0.18783)
(0.31533,-0.191104)
(-0.0803098,0.075278)
(-0.0834132,0.0547396)
(-0.0180521,-0.0167492)
(0.0100078,0.0578929)
(0.01853,-0.00515611)
(-0.0726384,0.109036)
(-0.0497253,0.150981)
(0.107184,-0.321083)
(-0.0397163,0.0416142)
(-0.104008,-0.0225821)
(-0.0220968,0.143096)
(-0.0725502,-0.00157936)
(-0.0867532,0.0293771)
(-0.0247734,-0.0282566)
(0.0138022,-0.0704288)
(0.322513,-0.413193)
(-0.0524317,-0.0780519)
(-0.0512997,0.000594148)
(0.165158,-0.477639)
(0.158525,-0.332824)
(0.013129,0.0754976)
(-0.00641537,-0.0278181)
(-0.013631,-0.0360349)
(0.0123279,-0.0132093)
(0.00202595,-0.00292141)
(0.310835,-0.264804)
(0.343879,-0.398036)
(0.372096,-0.244304)
(0.22583,-0.408455)
(-0.0531247,0.0475284)
(0.193595,-0.165402)
(0.140538,-0.390283)
(0.046948,-0.085639)
(0.0572776,0.0550787)
(0.00723504,0.0304768)
(0.356314,-0.495767)
(0.194516,-0.187377)
(0.141589,-0.285132)
(0.15572,-0.0626723)
(0.213497,-0.267059)
(0.314523,-0.31276)
(0.272208,-0.411826)
(0.358565,-0.564701)
(0.263065,-0.154712)
(0.202293,0.0969907)
(0.423012,-0.497893)
(0.230482,0.0854029)
(0.0340874,0.16957)
(-0.0127104,0.158732)
(0.259925,-0.26488)
(0.0667959,0.178132)
(0.282195,-0.285189)
(-0.0378439,-0.0558627)
(0.0138221,0.0193292)
(0.164503,0.0441417)
(0.18558,-0.0244098)
(0.0732818,0.1168)
(-0.150578,-0.0162401)
(-0.0910636,0.0396103)
(-0.103869,-0.0713491)
(-0.0396328,0.0856317)
(0.172761,-0.432163)
(0.0601237,0.0746163)
(0.0256363,0.035964)
(0.206605,-0.500764)
(-0.010696,0.0268301)
(0.127037,0.113884)
(0.0152557,0.209364)
(0.118652,0.187007)
(0.0225678,0.0776588)
(0.0708897,-0.199531)
(0.0427454,0.00349279)
(0.0518711,0.0514936)
(-0.0192178,0.0713266)
(-0.0466717,0.0342926)
(0.0279809,0.0992385)
(0.294578,-0.459407)
(0.253431,-0.0789202)
(0.205578,-0.473903)
(0.163499,-0.332342)
(0.357399,-0.467595)
(0.198922,0.205883)
(0.235606,-0.313152)
(0.197389,-0.410479)
(0.222101,-0.359066)
(0.258227,0.0944565)
(-0.0968687,0.0429555)
(0.181573,0.219083)
(-0.0276875,-0.027049)
(0.178935,-0.406698)
(0.166662,-0.439158)
(-0.0505796,0.0663485)
(-0.00112758,0.0747504)
(0.026795,-0.0248717)
(0.238492,-0.197956)
(0.189257,-0.215951)
(0.201557,-0.220219)
(0.208234,-0.148849)
(0.20588,-0.15126)
(0.215289,-0.204446)
(0.212829,-0.329548)
(-0.107764,-0.061002)
(0.270315,-0.279264)
(0.00947817,0.064422)
(0.147947,0.0692375)
(0.209868,0.0181127)
(0.266806,-0.352988)
(0.0352503,0.0599656)
(0.334522,-0.401351)
(0.247536,-0.381204)
(0.0220106,0.0808164)
(0.02619,-0.0182571)
(0.053236,-0.00742219)
(0.183985,0.0161384)
(0.193171,-0.0514745)
(0.014245,-0.0276498)
(0.285887,-0.317779)
(0.218359,-0.319478)
(0.178953,-0.244459)
(-0.095444,0.0770707)
(0.00535254,0.058999)
(0.122558,-0.00136969)
(-0.045754,0.0480358)
(-0.00251141,0.0388015)
(0.280531,-0.258961)
(0.243739,-0.316639)
(0.2365,-0.364915)
(0.0792981,0.0624257)
(0.200067,-0.411953)
(0.0106578,0.0903292)
(-0.000433018,0.0367835)
(-0.0460249,0.0013413)
(-0.0457352,-0.0269277)
(0.0711793,0.0584275)
(0.140549,0.013887)
(0.333359,-0.194941)
(0.362292,-0.280355)
(0.179244,-0.388402)
(0.0895002,0.0381307)
(0.15628,-0.322079)
(0.0228197,-0.036088)
(0.233997,-0.210185)
(0.283682,-0.221067)
(-0.0154647,0.02977)
(0.0759544,-0.326234)
(0.257473,-0.198704)
(0.0968815,-0.385405)
(0.0648757,-0.272428)
(0.156059,-0.427022)
(0.313979,-0.209752)
(0.375911,-0.323959)
(0.313245,-0.225718)
(0.207757,-0.371846)
(-0.0524257,-0.0616872)
(0.24375,-0.482671)
(0.373822,-0.439589)
(-0.00735987,-0.0736329)
(-0.0684161,0.0473898)
(-0.0356859,0.0414127)
(-0.0685811,-0.0720074)
(0.216768,-0.228415)
(0.188634,0.117711)
(0.155894,-0.380048)
(0.0763247,0.182002)
(0.328221,-0.187656)
(-0.0253225,0.018239)
(0.0167287,0.0230136)
(0.418058,-0.23778)
(0.0618535,0.104625)
(0.147657,-0.100855)
(0.130933,-0.414604)
(-0.0075123,-0.0325943)
(-0.0630863,-0.0765167)
(0.0855584,0.0873383)
(0.0469781,0.0780798)
(0.0357577,0.130859)
(-0.0730131,0.16253)
(0.134825,-0.463314)
(0.138939,-0.442404)
(0.117656,-0.414741)
(-0.0332766,0.00699558)
(0.281654,-0.0667957)
(0.396367,-0.472638)
(0.20805,-0.00912835)
(0.0167553,-0.0853007)
(0.0380998,0.0103334)
(0.00610706,0.0245721)
(0.112305,-0.387413)
(0.470223,-0.449721)
(0.232712,-0.336238)
(0.284969,-0.34356)
(0.0470728,-0.338717)
(-0.0779031,-0.0472497)
(0.378125,-0.400138)
(0.320372,-0.350711)
(-0.0255862,-0.0229083)
(0.10959,-0.338829)
(0.137487,-0.423649)
(-0.0202023,-0.0416549)
(0.127243,0.121441)
(0.131786,-0.442165)
(-0.0137887,0.0866827)
(0.135238,0.132354)
(0.152279,-0.420225)
(-0.073988,-0.0539684)
(-0.0328886,0.0101695)
(-0.0555541,-0.00383504)
(-0.0524005,0.00901789)
(0.37803,-0.586843)
(0.114197,-0.176215)
(0.120569,-0.0529986)
(0.139399,-0.152156)
(0.201233,-0.200684)
(-0.0219147,0.00152354)
(-0.0243153,0.0849668)
(0.01736,0.041547)
(0.0470804,-0.153244)
(0.101355,0.0993902)
(0.0406092,-0.0850025)
(-0.0119614,-0.130954)
(0.0603451,-0.0444494)
(-0.0266542,0.172341)
(-0.0850589,0.0232176)
(0.0305138,-0.0421649)
(0.324232,-0.356678)
(-0.0393428,-0.0560678)
(0.293397,-0.359403)
(0.0324397,0.0505503)
(-0.0861301,0.0563413)
(0.217661,-0.0929326)
(0.293569,-0.446165)
(0.33823,-0.17885)
(-0.152862,0.0672699)
(0.129045,-0.053737)
(0.0540106,0.0435054)
(0.107348,-0.0258494)
(0.0569578,0.0152623)
(0.0114347,0.0603319)
(0.266086,0.133254)
(0.0083481,-0.0352517)
(0.333047,0.0470944)
(0.057133,0.0165987)
(0.0705982,0.0427053)
(0.464973,-0.542282)
(0.0639234,0.0769781)
(0.0873555,0.00553306)
(0.164386,-0.0690062)
(-0.0116594,0.0520702)
(0.247805,-0.203923)
(0.187605,-0.158911)
(-0.0322136,0.0994363)
(0.077347,-0.157641)
(0.294387,-0.377508)
(-0.0307706,-0.0478306)
(0.345888,-0.355474)
(0.0145192,-0.125917)
(-0.0467419,-0.043195)
(0.0947048,0.0287442)
(0.0780256,0.0034036)
(0.0974841,0.0287456)
(0.0457912,0.0900512)
(-0.126891,0.125801)
(-0.00810482,0.0927678)
(0.12039,0.0760388)
(0.0118228,-0.0951297)
(0.484939,-0.412682)
(0.571322,-0.471706)
(0.0022896,-0.10451)
(0.435508,-0.459973)
(0.379461,-0.352466)
(0.228487,-0.298038)
(0.0248352,0.0581694)
(0.0312827,-0.162243)
(0.229366,-0.257169)
(0.0298334,-0.146647)
(0.0264952,-0.32154)
(-0.0767615,-0.0175825)
(-0.0863249,-0.0476477)
(-0.0174302,-0.296532)
(-0.0824717,-0.00909463)
(0.235979,-0.226559)
(0.222674,-0.288801)
(0.046687,-0.0654678)
(0.078606,-0.0955615)
(0.138893,-0.201347)
(0.0670738,-0.0999889)
(0.107078,-0.197361)
(0.0337808,-0.0258189)
