1620
(0.0623353,-0.0867899)
(-0.149244,-0.116045)
(0.119543,-0.0959975)
(-0.0298559,0.00531684)
(0.0659654,-0.0438749)
(0.00896168,-0.025544)
(-0.117956,-0.0641)
(0.160666,-0.211035)
(-0.0490385,-0.157125)
(-0.0194231,0.0305142)
(0.0836328,0.085484)
(-0.00782883,0.0201045)
(0.114188,-0.00471935)
(0.0298372,0.0565257)
(-0.0594537,-0.0102541)
(-0.140736,-0.150014)
(-0.152816,-0.012503)
(-0.0373655,0.0955814)
(0.0223134,0.0393168)
(0.112645,-0.0550704)
(0.148179,0.0151666)
(0.138184,-0.00665325)
(0.0960976,0.0279606)
(-0.0765741,-0.106255)
(0.186732,0.0908188)
(0.12283,0.112947)
(0.270916,0.03571)
(-0.0909435,-0.183126)
(-0.0217459,-0.0823644)
(-0.0108032,-0.106316)
(-0.241472,-0.0923158)
(-0.0888921,0.101604)
(-0.101331,0.0255853)
(0.133937,0.0324941)
(0.0902264,0.0803266)
(0.0126445,-0.0151039)
(0.097081,0.0771589)
(-0.0606764,0.0795803)
(-0.12213,-0.0315114)
(0.0776831,-0.111621)
(-0.0608868,0.0617652)
(-0.101292,-0.158947)
(0.122777,0.026794)
(0.176773,-0.0882792)
(-0.0804519,0.0473703)
(0.264266,-0.0914439)
(0.0110128,-0.027563)
(-0.0301951,-0.137044)
(0.130429,0.171013)
(-0.0128703,0.0211487)
(0.00857337,-0.0442419)
(-0.0814407,-0.0112848)
(0.0431143,0.0294419)
(-0.0446595,0.0641333)
(-0.127326,-0.137731)
(-0.0953448,-0.0719037)
(-0.189444,0.0559938)
(-0.226801,0.053443)
(-0.113549,-0.105533)
(0.107021,-0.0246043)
(-0.0630973,-0.0478973)
(0.06433,-0.00427446)
(-0.166714,0.0691773)
(0.797399,-0.00558504)
(-0.191567,-0.025862)
(-0.0312475,-0.0107081)
(-0.0776738,0.0264431)
(-0.0265957,0.117972)
(-0.0354516,-0.000850299)
(0.0266865,-0.0360013)
(-0.0693847,0.007364)
(0.0340419,0.0422594)
(-0.0618762,0.0393405)
(-0.119374,-0.157213)
(-0.0550496,0.290334)
(0.0719851,0.0844315)
(0.110732,-0.0176731)
(0.0758853,-0.072482)
(-0.0157608,-0.0386391)
(0.152314,-0.11283)
(0.137253,0.186987)
(0.0130781,-0.0277554)
(-0.112228,-0.0420982)
(0.188528,-0.0723243)
(0.0317284,0.142752)
(-0.0501756,0.0363483)
(0.0157019,-0.0805049)
(0.0527768,0.0119531)
(0.177496,0.0564526)
(0.105401,0.00498819)
(-0.0947111,-0.106147)
(0.149527,0.0133795)
(0.428751,-0.0298894)
(-0.104118,-0.0191383)
(-0.175362,-0.024562)
(0.511093,-0.0351286)
(0.072484,-0.0186925)
(0.564865,0.00060513)
(-0.118691,0.0249591)
(-0.127428,0.0359909)
(-0.0026841,-0.0422551)
(-0.148529,0.0905559)
(0.136055,-0.0820689)
(-0.00786964,-0.180147)
(0.161829,-0.104467)
(0.71934,-0.0595349)
(-0.0449136,-0.024862)
(0.0336648,-0.00701615)
(0.248812,0.0422974)
(0.00775111,-0.0893135)
(0.272153,0.119091)
(0.971187,-0.0425307)
(0.606851,0.108002)
(-0.143441,0.102152)
(0.459289,-0.0769548)
(-0.120725,0.00725521)
(-0.157081,-0.0113142)
(0.73254,0.0363529)
(0.0693878,-0.0522309)
(0.733589,-0.621406)
(0.613279,-0.0668688)
(0.0146374,-0.1216)
(0.0227792,-0.191525)
(0.465345,-0.219978)
(-0.0199787,-0.279938)
(0.0641796,-0.0963328)
(-0.0300269,-0.238975)
(0.0215457,-0.136099)
(0.464487,-0.271984)
(-0.129027,0.111657)
(-0.0652559,0.0565017)
(0.0115758,-0.0111364)
(0.00902153,-0.167621)
(-0.0467703,0.118709)
(0.0893166,0.0992502)
(-0.0354074,-0.00753487)
(0.0459639,0.0721096)
(-0.080467,-0.0464642)
(0.48813,-0.525905)
(0.085482,-0.00380614)
(-0.0360186,0.0108828)
(0.0538291,0.0167135)
(-0.172874,-0.0354045)
(-0.0978952,-0.0945424)
(0.175622,0.130504)
(0.154537,0.0364444)
(-0.0447595,-0.0524185)
(0.578463,-0.140786)
(0.577271,-0.106164)
(-0.0262942,0.0893268)
(0.603424,-0.516181)
(0.0967496,-0.156174)
(0.658711,-0.0336202)
(0.389928,0.270572)
(0.0121199,-0.0721129)
(-0.134873,-0.187559)
(0.222478,0.050352)
(0.279167,0.0451708)
(0.50069,0.148867)
(0.0115816,-0.215849)
(-0.11648,-0.163963)
(-0.0620705,0.0469976)
(0.0324506,0.0103223)
(0.0358816,-0.0564246)
(0.0412779,0.0756714)
(0.0362287,0.0563165)
(-0.031004,-0.0480481)
(-0.0899456,-0.0470399)
(0.0973545,0.0138308)
(0.0378707,0.0797261)
(0.0818228,-0.0145997)
(0.144984,0.0199583)
(0.594955,-0.258296)
(0.27114,-0.48627)
(0.800948,0.367125)
(0.33826,0.412788)
(0.0159993,-0.00566215)
(0.0326953,-0.00931534)
(0.00614657,-0.0144092)
(-0.0859695,0.0403025)
(-0.0848473,-0.245512)
(-0.254562,-0.115884)
(-0.233886,-0.0411597)
(-0.080411,-0.107063)
(-0.0580355,-0.0442949)
(-0.0918207,-0.0395857)
(-0.087833,-0.0914304)
(-0.0452197,0.188515)
(-0.137613,0.0719441)
(0.651563,0.145624)
(0.830609,-0.146123)
(0.26277,-0.0291886)
(0.270057,0.37515)
(0.0665405,-0.0219343)
(-0.126825,-0.0120328)
(0.0652393,0.0663365)
(0.192243,0.0169998)
(-0.0139122,0.0234382)
(0.0685636,-0.07079)
(0.140645,-0.0906201)
(0.126755,0.0493987)
(0.0551242,0.111365)
(0.166749,-0.176991)
(0.121594,0.081706)
(0.102954,0.0398019)
(0.113708,0.0743352)
(0.446972,-0.0513666)
(0.201474,-0.234909)
(-0.256044,0.0226949)
(0.396127,-0.128584)
(0.058245,-0.014771)
(0.703296,-0.647707)
(0.51999,-0.626061)
(-0.0413951,0.0191003)
(0.0539133,-0.145176)
(-0.0158215,-0.0392747)
(-0.182749,-0.0469563)
(0.573688,0.190334)
(0.5433,0.661307)
(0.00143144,-0.043502)
(-0.0478923,-0.0537951)
(0.0904654,-0.0251416)
(0.0365655,0.00886466)
(0.49637,0.385921)
(0.0269616,-0.0910166)
(0.050266,-0.170767)
(0.512794,-0.112622)
(-0.0262622,0.0848913)
(-0.0558794,-0.00653235)
(-0.0409461,0.0346623)
(-0.108733,0.0646888)
(0.263043,-0.250182)
(0.350706,-0.266979)
(0.362758,-0.229971)
(0.231276,-0.423275)
(0.0700369,-0.138888)
(-0.0497226,-0.00993987)
(-0.079836,-0.0283451)
(0.184003,0.202586)
(-0.0277989,0.0342141)
(-0.0691913,-0.0206747)
(-0.0678944,-0.0859171)
(-0.0327011,-0.0348644)
(-0.0189945,0.0558927)
(0.056689,-0.143126)
(-0.0514367,-0.0128197)
(0.0314481,0.204737)
(0.0507012,-0.0282506)
(-0.0178736,0.0469413)
(-0.0428634,0.0883844)
(-0.0863528,-0.004089)
(-0.0258328,-0.0346196)
(-0.0560272,-0.0489571)
(0.0709678,-0.0648843)
(-0.151335,-0.0246602)
(-0.00299943,-0.0407526)
(-0.0770546,0.100221)
(-0.0415537,-0.062731)
(-0.0372956,0.161368)
(0.0976571,-0.0155144)
(0.0460126,-0.17893)
(0.00896261,0.108463)
(-0.0967176,-0.0118368)
(-0.124984,-0.0559903)
(0.5386,0.0256888)
(-0.0902644,-0.177958)
(-0.143392,0.0100003)
(-0.0254362,0.0456164)
(-0.0742714,-0.113237)
(0.10421,0.059203)
(0.0647866,0.0488435)
(-0.0577672,-0.0805845)
(0.00917618,-0.223432)
(-0.0155055,-0.120666)
(-0.04657,-0.117915)
(0.750817,-0.0567846)
(-0.0881236,-0.007158)
(-0.00260765,-0.219508)
(-0.0486631,0.140562)
(-0.0160582,0.154614)
(-0.0507032,0.035699)
(0.01202,0.0137313)
(-0.130141,-0.0768165)
(-0.260866,-0.113361)
(-0.093049,0.054101)
(0.101948,0.0879724)
(0.0704525,0.0439744)
(0.00881269,-0.0220204)
(0.132467,-0.00719037)
(0.117468,-0.0575198)
(0.0755781,0.106164)
(-0.00754601,0.118367)
(-0.00924883,0.0682368)
(0.0109468,0.0454629)
(0.0368953,0.115429)
(-0.0848588,0.0344409)
(0.0484668,-0.0292457)
(-0.0528922,0.00468283)
(-0.121713,0.0702394)
(-0.00225854,-0.116303)
(0.104962,0.0235666)
(-0.103718,0.065281)
(-0.0506508,0.0178055)
(-0.0180083,0.0109838)
(-0.050814,-0.0103689)
(0.0928339,-0.0322855)
(0.0134153,-0.0415712)
(0.424391,-0.108636)
(-0.0272826,0.131512)
(0.0629571,0.138162)
(-0.00299686,-0.132947)
(-0.00224253,-0.127633)
(-0.0363042,-0.00824169)
(0.0426711,0.142214)
(-0.0417654,0.0635457)
(-0.00555566,-0.0115774)
(0.0947349,-0.129451)
(0.0475025,-0.0878709)
(-0.0508993,-0.0727655)
(0.42148,-0.151735)
(0.0251018,0.0173953)
(-0.0716637,-0.045296)
(-0.141339,0.0355611)
(0.0785222,-0.0683513)
(0.0247288,-0.07996)
(0.0479154,-0.0934274)
(0.0627509,-0.0460373)
(-0.0835336,0.02038)
(0.048105,0.015507)
(-0.143073,-0.139859)
(0.114353,-0.023606)
(0.126914,0.0123174)
(0.0491903,-0.0739694)
(0.0778664,-0.0208175)
(-0.0392317,0.160495)
(0.497061,-0.151221)
(-0.279299,0.0546522)
(0.118608,0.0165428)
(-0.0274045,0.0867629)
(-0.119391,-0.0865976)
(0.109012,0.0239533)
(-0.268077,0.150171)
(0.144357,-0.0119356)
(0.0582662,-0.00714419)
(0.109911,0.0460197)
(0.1114,-0.12821)
(0.139744,0.121556)
(-0.0121901,0.0506978)
(-0.0339298,0.145726)
(0.0618249,-0.086541)
(0.612179,-0.282366)
(0.580784,-0.463153)
(0.00862934,-0.124707)
(-0.0776144,0.054236)
(0.206154,-0.472957)
(-0.0420977,0.0576529)
(-0.0335622,0.0999865)
(0.0514029,0.0805288)
(0.126897,0.0808654)
(-0.0833961,0.0132155)
(0.456059,-0.261415)
(0.150853,-0.0890635)
(0.05675,0.0794837)
(0.0349334,-0.01859)
(0.107915,0.0493234)
(-0.0700468,0.0328055)
(0.465835,-0.33216)
(-0.0669914,0.0376168)
(0.15905,0.0681299)
(0.0908664,-0.0747357)
(-0.0436091,0.00771482)
(-0.0607508,0.022685)
(-0.0380262,0.0186798)
(0.00613279,-0.00418124)
(0.353242,-0.183668)
(0.445825,-0.171541)
(0.0921781,0.187872)
(-0.0709452,0.202849)
(0.104035,-0.00385229)
(0.125559,-0.102013)
(-0.0369157,0.195761)
(0.216636,-0.161727)
(0.0775559,-0.472481)
(0.0734825,0.0502349)
(-0.0282462,-0.036704)
(-0.197313,-0.038662)
(0.0614758,-0.0233894)
(0.0568152,0.0508088)
(-0.140785,-0.00489916)
(0.0374356,0.122542)
(0.0128592,-0.0122034)
(-0.0580843,0.0626584)
(0.0672192,-0.0770036)
(0.0720002,-0.0390084)
(0.152223,0.0171185)
(0.183091,-0.0493769)
(0.162567,-0.124829)
(-0.00416239,-0.0638067)
(-0.0530436,0.0661566)
(0.155991,-0.0734356)
(0.112908,-0.160539)
(0.044517,-0.0450195)
(0.184061,0.0048593)
(0.516713,-0.222659)
(-0.027803,-0.0484433)
(-0.0463246,0.117237)
(-0.178674,0.0240624)
(-0.180192,0.151634)
(-0.0607234,0.0654266)
(-0.0403398,-0.0880907)
(0.0740641,0.115446)
(0.0668197,0.0210246)
(0.0679985,-0.00525909)
(-0.0134532,0.033717)
(0.427449,-0.0374631)
(0.0384324,-0.0561179)
(0.0679962,0.102391)
(-0.0054006,-0.0892841)
(0.0798354,0.100528)
(0.134911,0.0735514)
(-0.0432599,-0.202467)
(0.0742104,0.0376543)
(-0.0893702,-0.0117537)
(-0.0867165,0.0213572)
(-0.149731,-0.0919848)
(0.0187875,0.118104)
(0.416435,-0.405037)
(-0.154723,-0.0783415)
(0.0891722,-0.151355)
(0.020177,-0.0699936)
(-0.120053,-0.144584)
(0.126533,-0.105474)
(-0.274841,0.0156378)
(-0.0136819,-0.138698)
(0.00332271,-0.146534)
(-0.241732,0.0577352)
(0.220246,-0.00267545)
(0.0177461,-0.0479144)
(0.0744992,-0.0813437)
(-0.00944641,0.0296272)
(-0.0661149,0.100992)
(0.113245,0.231084)
(0.175776,-0.191194)
(0.203841,-0.0572686)
(-0.0897474,0.0170359)
(-0.0662099,-0.0381329)
(-0.141898,0.126652)
(-0.0482824,-0.174465)
(-0.0750662,-0.114062)
(0.221576,-0.195307)
(-0.0200839,-0.137206)
(0.0278232,-0.105024)
(-0.0624759,-0.116584)
(0.0326652,-0.249314)
(0.0233999,0.0202644)
(0.0458228,-0.0579959)
(0.0619707,0.0349062)
(0.00225185,0.11457)
(0.207933,-0.22301)
(0.220768,-0.0569672)
(0.102254,-0.0318156)
(-0.0533628,0.0059936)
(-0.0302097,-0.128303)
(-0.00155443,-0.173263)
(-0.00498662,0.0211291)
(-0.0287246,-0.140687)
(0.125595,-0.0991082)
(0.0622568,-0.0806417)
(0.563267,-0.257327)
(-0.0141219,0.0943233)
(0.519512,-0.0385954)
(-0.0340352,0.115673)
(-0.0677114,-0.0819581)
(-0.0419236,-0.149084)
(0.0373611,-0.0727768)
(0.034007,0.0664474)
(0.119743,-0.0124401)
(0.216215,-0.00262832)
(-0.0995494,-0.074783)
(0.156222,-0.109757)
(0.127574,0.0448138)
(0.548376,-0.21963)
(-0.0379512,0.0549519)
(0.058724,0.015655)
(0.178437,-0.0155323)
(0.134495,0.0149917)
(0.063334,0.0221676)
(0.476699,-0.238829)
(-0.00493153,-0.0354724)
(0.0581532,-0.0264791)
(0.463157,0.183581)
(-0.0175199,-0.213702)
(-0.0517431,-0.0101968)
(0.0833965,-0.079203)
(0.114298,-0.0510094)
(0.270056,-0.373111)
(0.381169,-0.403273)
(0.400419,0.114007)
(0.189573,0.156103)
(-0.0667188,-0.188436)
(-0.0189999,-0.0545431)
(-0.0906246,-0.150781)
(-0.0155667,-0.188503)
(-0.0567875,0.0764849)
(0.125389,-0.192253)
(0.054297,-0.136256)
(0.080029,0.037562)
(-0.13253,0.0444536)
(0.0787104,-0.019049)
(-0.0193823,0.0937213)
(0.0547059,-0.04363)
(0.0675711,-0.0627904)
(0.0769552,0.00411405)
(0.14238,-0.0188514)
(0.100155,-0.168453)
(-0.0415873,-0.191072)
(0.159449,0.0962373)
(-0.0343382,0.0856039)
(0.128524,0.138378)
(0.0916425,-0.137931)
(-0.0430587,-0.0756185)
(-0.0250236,-0.0748718)
(-0.0448715,0.0258689)
(-0.0718674,0.107355)
(0.0725999,0.123281)
(-0.0101623,0.110995)
(0.00474696,0.208063)
(0.12522,0.120164)
(0.105579,-0.104042)
(0.0397636,0.0717554)
(0.140607,-0.169188)
(-0.0618812,0.114541)
(0.465685,-0.0558247)
(0.0162786,0.0926513)
(0.638466,0.0107003)
(-0.0183262,0.159256)
(0.0258611,0.125496)
(-0.137883,0.116389)
(-0.118674,0.171359)
(0.117349,0.0162731)
(-0.126015,0.0126052)
(0.0528004,-0.0211654)
(-0.138934,-0.0488958)
(-0.135863,0.0599701)
(0.227816,0.0229643)
(0.00979855,0.0687195)
(-0.0416497,0.158312)
(0.0503831,-0.0690198)
(-0.0825512,-0.0570974)
(0.0275974,0.0245045)
(-0.116402,0.0402757)
(-0.0624547,-0.0834486)
(-0.0823032,-0.0377264)
(-0.0357021,0.0894885)
(0.0597736,0.188202)
(0.0653886,-0.0300528)
(0.201643,-0.102952)
(-0.0835039,0.0404302)
(0.120347,-0.13811)
(0.101742,-0.106014)
(-0.122948,0.0305676)
(0.375927,-0.295819)
(0.0624149,0.170485)
(-0.042712,-0.0599758)
(0.143712,0.0945922)
(-0.0806354,0.00263956)
(-0.130194,-0.104375)
(0.122547,-0.0859461)
(0.34876,-0.0338502)
(0.460006,-0.219787)
(0.0449538,0.0451965)
(0.127528,-0.0544665)
(0.100623,-0.0105361)
(0.227478,-0.0532931)
(0.42172,-0.161119)
(-0.120546,0.0336599)
(-0.076371,0.0347452)
(0.0916499,0.0159755)
(0.0605306,0.0306735)
(-0.0636979,-0.0342792)
(-0.0680035,-0.138892)
(-0.000306567,0.0266996)
(-0.0577517,0.149558)
(-0.0942862,-0.0602224)
(0.299121,0.123052)
(0.540345,-0.174204)
(-0.0447362,-0.0843634)
(-0.0979727,0.0843809)
(0.249512,0.15508)
(0.163773,0.085372)
(0.247136,-0.00679456)
(0.0754907,0.235234)
(-0.0563575,0.0913315)
(0.125153,0.138328)
(-0.0589658,0.00591621)
(-0.0151105,-0.0512104)
(-0.0181829,0.0299321)
(-0.10351,-0.0973768)
(0.0290929,0.0498278)
(-0.17292,0.146299)
(0.0463205,0.0563849)
(0.406358,0.0484736)
(0.867334,-0.164985)
(-0.0474576,-0.117579)
(0.0287736,-0.0733164)
(0.0437125,-0.00851681)
(0.0204046,-0.190715)
(0.076964,-0.15101)
(-0.0141139,-0.0367184)
(-0.239347,0.106363)
(0.125315,0.112924)
(0.142447,-0.0170519)
(-0.140239,0.178195)
(-0.0268155,-0.20262)
(0.0255033,0.110288)
(-0.070556,-0.230032)
(-0.172106,0.0332025)
(-0.0320541,0.0787183)
(-0.0854389,-0.166968)
(-0.0895493,-0.0293998)
(-0.0505397,0.0864253)
(0.185894,0.024503)
(-0.0333133,0.0711147)
(0.210443,-0.0329414)
(0.0894101,0.00844917)
(-0.106714,-0.102141)
(-0.276176,0.00644611)
(0.0337698,-0.137616)
(-0.0393697,-0.155747)
(-0.17328,-0.241276)
(-0.344739,0.0510288)
(0.069714,-0.0138594)
(-0.0975006,-0.0457455)
(-0.0621638,-0.075632)
(0.126394,0.0153168)
(0.0168157,-0.0347833)
(0.114815,0.0490341)
(0.092301,-0.0682265)
(0.0913532,0.0163827)
(0.615438,-0.296388)
(0.0483411,0.101956)
(0.151602,0.0714417)
(-0.0261353,0.183915)
(0.0373504,-0.0716838)
(0.045635,-0.0591802)
(-0.00507931,-0.0144572)
(-0.0768242,-0.153589)
(0.0583209,-0.0115579)
(0.00363434,-0.222933)
(-0.00471209,-0.0167916)
(-0.0406243,0.00605487)
(0.0510225,0.0396101)
(-0.0178072,0.00327462)
(-0.138657,0.0458476)
(-0.000462111,0.024663)
(-0.0260812,0.205112)
(-0.100385,-0.0759306)
(0.00221217,0.0870992)
(-0.106885,0.0378282)
(0.0221309,0.0189528)
(0.140273,-0.0514397)
(-0.106674,0.0805178)
(-0.160139,0.0416122)
(0.0877118,0.0600415)
(-0.185737,0.010581)
(-0.0746689,-0.161655)
(-0.0983289,0.0317411)
(0.0481943,-0.0831657)
(-0.0501612,-0.0423797)
(-0.0147684,-0.0997585)
(0.0903923,0.0929013)
(-0.197168,-0.0969393)
(0.025466,0.0686325)
(0.145628,0.0893299)
(0.194982,0.0540198)
(0.0404623,0.200644)
(0.131256,0.0895563)
(-0.0256947,0.0308829)
(0.0138004,0.207693)
(0.0267034,0.1875)
(-0.133008,0.0667829)
(-0.0501686,0.11077)
(0.180905,-0.00271818)
(-0.0162905,0.00667897)
(0.0191454,-0.0604698)
(0.146569,0.0340771)
(0.0162522,0.010893)
(0.0576425,-0.129541)
(-0.00797978,-0.0457591)
(-0.0999712,0.0108728)
(-0.113573,-0.132173)
(0.139486,-0.0448395)
(-0.106868,0.0116875)
(0.630301,-0.259496)
(0.025843,-0.00728025)
(0.0317703,0.213044)
(-0.00435396,0.226712)
(0.0520808,-0.0845197)
(0.0558752,0.0705135)
(-0.0282165,0.0368559)
(0.0694548,0.102503)
(0.0888623,-0.0373643)
(0.143446,0.0802547)
(0.0727394,-0.0177385)
(0.126801,-0.107429)
(-0.0559517,-0.0040972)
(-0.0462074,-0.0214264)
(-0.00628066,0.0517199)
(0.179166,0.0244276)
(-0.134438,0.0605497)
(0.103542,-0.172)
(-0.103889,-0.0326016)
(0.0906739,-0.0226107)
(-0.0194392,-0.0962408)
(-0.0425727,-0.221307)
(0.0286797,-0.190008)
(0.0714783,0.0238024)
(0.0962298,-0.0924198)
(0.708415,-0.047445)
(0.582369,0.11276)
(-0.211346,0.100621)
(0.388013,0.0772064)
(0.0263327,0.0494699)
(0.424612,-0.150165)
(0.330516,-0.166104)
(-0.160229,0.038091)
(0.516955,0.0115307)
(0.0195339,0.214965)
(-0.0107349,0.640365)
(0.0707811,0.0233782)
(-0.0884703,0.136856)
(-0.203466,-0.0743159)
(-0.146207,-0.0604152)
(-0.0254238,-0.0830711)
(0.0075186,-0.144554)
(0.0514811,-0.105345)
(-0.0802923,-0.19179)
(-0.0485902,-0.0180037)
(-0.00612439,0.11531)
(-0.101836,0.0751297)
(0.0112786,0.0837628)
(0.0122188,-0.102046)
(0.120236,0.1481)
(-0.149033,-0.0594092)
(0.175566,-0.0740082)
(0.0803925,0.148564)
(0.00486713,-0.199559)
(-0.130761,0.0960013)
(-0.0979491,0.0169755)
(0.0197962,0.114837)
(-0.180914,0.090423)
(0.0569415,0.0721771)
(-0.10962,0.0312153)
(-0.113613,0.11321)
(-0.123146,-0.0133804)
(-0.129579,0.103619)
(-0.00671014,-0.0208203)
(-0.00891435,0.0809492)
(-0.017467,-0.209706)
(-0.0312015,0.0863902)
(-0.0433139,-0.00592755)
(-0.1117,-0.0381238)
(0.0300893,0.132329)
(-0.126683,0.235268)
(-0.103336,0.0868365)
(-0.0353808,-0.06886)
(0.509507,-0.222814)
(0.0725306,-0.0151365)
(0.0393776,0.000613868)
(-0.0390439,0.00925303)
(0.055818,0.029485)
(0.100451,-0.0343233)
(0.0229841,-0.0727848)
(0.700565,0.230806)
(0.738334,0.187685)
(0.471124,0.296661)
(0.120247,0.0673572)
(0.551509,0.163645)
(0.0865695,0.114666)
(0.0983168,-0.0800116)
(-0.0219316,-0.0130159)
(-0.0728921,0.179579)
(0.189642,-0.125418)
(-0.107519,0.218352)
(-0.12092,-0.116405)
(-0.10922,-0.152951)
(0.0411472,-0.198601)
(-0.066173,0.0476114)
(0.216356,-0.152418)
(0.739873,0.0511009)
(-0.0491143,0.16485)
(-0.196496,-0.0640162)
(0.089708,0.121144)
(-0.0585767,-0.0164505)
(-0.0222566,-0.0700051)
(0.00249111,0.0781191)
(0.0572591,-0.0692124)
(0.0864727,0.196217)
(-0.119614,0.0391239)
(0.209102,0.169097)
(0.0050574,0.128111)
(-0.137548,-0.0560904)
(-0.118203,0.000760512)
(0.124404,0.128179)
(-0.0791502,0.0435328)
(-0.173769,-0.036114)
(0.15954,-0.0465788)
(-0.055857,0.0657997)
(0.0644525,-0.0649729)
(-0.00465234,-0.0444044)
(0.0854283,0.0160779)
(0.0263657,-0.0702293)
(-0.0570364,0.113983)
(-0.129922,0.111678)
(0.0663623,0.0531463)
(0.00643706,0.0992664)
(-0.0600222,0.0826414)
(0.178808,-0.0793488)
(-0.103084,0.0691232)
(-0.0682129,-0.053146)
(-0.180989,0.023512)
(0.049526,-0.00794914)
(-0.111603,0.0201875)
(0.00963057,0.241798)
(0.0176472,0.055192)
(-0.010089,-0.141972)
(-0.0976794,0.100746)
(-0.118317,-0.123703)
(0.0734843,-0.128575)
(0.0495922,0.0416283)
(-0.0982088,-0.227379)
(-0.0598899,0.0753405)
(0.00484844,0.138013)
(-0.0783556,-0.0921967)
(0.0350072,0.0253952)
(-0.0150748,0.0388223)
(-0.0184524,0.042424)
(-0.0645461,-0.0422586)
(-0.0230475,-0.124464)
(-0.0897513,-0.0234366)
(0.321929,-0.194622)
(0.0898726,0.13048)
(-0.169012,0.00432425)
(0.0723232,-0.0776194)
(-0.158662,0.0126847)
(0.12292,-0.0641775)
(-0.0847299,-0.00966541)
(-0.111261,0.0872155)
(-0.0172867,0.033539)
(-0.0991924,-0.222493)
(0.173727,-0.0900047)
(0.0988222,0.166215)
(0.163617,0.114279)
(-0.0227467,-0.125112)
(0.0437516,-0.049568)
(-0.104867,-0.0538588)
(0.103298,-0.100231)
(0.0791217,0.117192)
(0.207954,-0.0671543)
(0.016149,0.100823)
(-0.0918474,-0.0343602)
(0.0871114,-0.174976)
(-0.0399786,0.0569655)
(-0.042626,0.0109008)
(0.223297,0.375178)
(0.137076,0.113404)
(-0.0276796,0.133436)
(0.100979,0.0196329)
(0.0943738,0.147304)
(0.048466,-0.0404245)
(0.00804215,-0.111731)
(-0.103242,-0.0561081)
(-0.0181331,-0.0115798)
(0.764568,-0.1312)
(-0.0671011,0.196217)
(-0.0462519,0.102037)
(-0.227817,-0.106102)
(0.443696,0.4081)
(0.018512,-0.0186185)
(-0.0264806,0.0303824)
(-0.054648,0.11879)
(0.168782,-0.0892249)
(-0.0845504,-0.0193233)
(0.0503489,0.0429813)
(0.0309067,0.200883)
(0.191008,-0.178598)
(0.0873274,-0.0574817)
(0.110199,-0.033778)
(-0.159037,0.00799107)
(-0.0338257,0.149031)
(-0.0663767,0.17374)
(-0.0753151,0.0328072)
(0.49379,-0.0980459)
(-0.0911479,-0.0788967)
(-0.129505,0.00226723)
(0.135135,-0.136544)
(-0.0398076,0.0339141)
(0.0557704,0.0479381)
(-0.0409921,0.111258)
(0.350153,-0.402558)
(-0.0255082,0.0955279)
(0.323096,-0.0966279)
(-0.102626,-0.0481239)
(-0.0253157,-0.105223)
(0.137767,-0.204226)
(-0.071189,-0.05436)
(0.196856,-0.209165)
(-0.0532848,-0.150233)
(0.0552618,-0.223593)
(-0.246162,-0.122984)
(0.114581,-0.0712268)
(0.258199,0.060774)
(0.1772,-0.0312683)
(0.194382,-0.000560234)
(-0.0704894,0.0127386)
(0.00106961,-0.00133903)
(0.331521,-0.166828)
(-0.0407159,0.0323564)
(0.0146064,0.0740377)
(0.165665,-0.116578)
(0.0316493,0.0987797)
(-0.0457244,0.0243016)
(0.36984,0.0165552)
(-0.12979,-0.0235719)
(0.345519,0.0398935)
(0.383493,-0.221844)
(0.0898279,-0.0206984)
(0.437277,0.0914148)
(0.00490992,-0.19691)
(0.106705,-0.139624)
(0.0630411,-0.0910273)
(-0.0501032,-0.0727248)
(0.0930674,0.0139779)
(0.0541307,0.156227)
(0.0997756,-0.180402)
(-0.367409,0.151138)
(0.0576745,-0.136645)
(-0.292772,0.241654)
(-0.140934,-0.0136466)
(-0.0228783,0.0105721)
(-0.0821611,-0.0370638)
(-0.157823,0.0645321)
(0.0936485,0.0833741)
(-0.0191169,-0.0996619)
(-0.155955,0.0109404)
(0.147867,-0.44931)
(-0.0666241,0.0936543)
(-0.135797,0.00730563)
(-0.00837454,-0.176276)
(0.145518,-0.0603911)
(0.191846,0.0312754)
(0.0855088,-0.229925)
(0.160701,-0.0476698)
(0.411728,0.0765282)
(-0.164515,0.0293192)
(0.131849,0.0379032)
(0.0404272,-0.029716)
(-0.0684262,-0.00704274)
(0.0467392,0.0634323)
(0.313756,0.0748006)
(0.0139668,-0.00365765)
(0.154574,0.0319775)
(0.119229,-0.036443)
(0.061001,-0.177125)
(-0.0466678,0.0155345)
(0.0293076,0.0660154)
(-0.0835373,0.0462902)
(-0.146767,-0.096305)
(0.0159583,0.125086)
(0.387061,-0.136955)
(0.0267896,-0.00970996)
(0.497946,-0.225657)
(-0.0780605,0.0643481)
(-0.0328816,0.061374)
(0.407518,-0.434872)
(-0.071577,-0.0987113)
(0.0276441,0.00315357)
(-0.0234906,0.0669238)
(0.376167,-0.342977)
(-0.0165921,-0.151231)
(0.200761,-0.184999)
(-0.216548,-0.0961012)
(0.101658,0.072522)
(0.0409638,0.0575927)
(-0.109788,0.12545)
(0.0645578,-0.0342997)
(0.0636899,0.0272257)
(0.104654,-0.0883738)
(0.0436921,0.0789434)
(-0.0961513,0.0630641)
(0.0755432,0.068816)
(0.101243,0.108407)
(0.0884233,0.00866267)
(0.111255,-0.0253156)
(0.0516644,-0.0796841)
(-0.0334075,0.0785071)
(0.0238097,-0.00847666)
(-0.119727,-0.0428808)
(-0.160166,0.0654756)
(0.0546588,0.0274091)
(0.0387157,0.0838782)
(0.0187617,0.0158038)
(-0.0531309,0.186178)
(0.0583059,0.0472725)
(-0.0255709,-0.0978095)
(-0.124322,0.119359)
(0.152352,0.0486603)
(-0.0923987,-0.0910341)
(0.00132564,-0.0621615)
(0.094369,0.051013)
(-0.0277349,0.0638827)
(0.436435,0.158527)
(0.0904163,-0.0522728)
(0.0787068,0.081388)
(-0.0912953,-0.138767)
(0.35082,-0.170002)
(-0.104987,-0.0347919)
(0.125191,0.11255)
(0.0194986,-0.100039)
(0.225067,-0.0709374)
(0.10281,-0.0155258)
(0.0136409,-0.135697)
(-0.00463217,-0.038468)
(0.490651,-0.102905)
(-0.0210643,-0.0734554)
(0.115666,-0.010821)
(0.235806,0.0229994)
(0.0788579,0.111519)
(-0.102396,-0.0124005)
(0.0763518,-0.0154892)
(0.502179,-0.0626767)
(0.155653,0.109105)
(0.143867,-0.0706837)
(0.203448,0.0906606)
(-0.0472681,0.0703563)
(-0.0622272,-0.146851)
(0.036472,0.0729312)
(-0.00683181,-0.0743906)
(-0.0798933,-0.096271)
(0.0424512,-0.107642)
(-0.0172084,-0.00820909)
(0.0545685,-0.00149229)
(0.664839,-0.465282)
(-0.121188,-0.0582901)
(0.187054,-0.00504763)
(0.176665,0.0858697)
(0.104265,-0.10326)
(-0.0406356,-0.0792452)
(-0.28359,-0.0617455)
(0.00488318,-0.0625059)
(-0.119839,-0.161599)
(-0.010961,-0.0696671)
(-0.230226,-0.0683414)
(-0.161006,-0.0447504)
(0.490281,-0.228115)
(0.0334896,-0.127989)
(0.0279323,-0.0300755)
(-0.386046,0.167169)
(-0.00990607,-0.0650827)
(-0.365568,-0.139166)
(-0.0711004,-0.0551207)
(0.214823,0.184563)
(0.204746,-0.197728)
(0.23957,-0.00228747)
(0.0630237,-0.111706)
(0.110976,-0.172116)
(0.409312,0.0119218)
(0.495461,-0.140591)
(-0.156166,-0.103481)
(0.5607,-0.406336)
(0.725288,-0.656945)
(0.306697,-0.225744)
(-0.203113,-0.0981154)
(-0.0591772,-0.124445)
(-0.237593,-0.0287142)
(-0.0445617,0.0748662)
(-0.251665,-0.0922488)
(-0.0436337,-0.0827946)
(0.0770304,-0.137235)
(-0.181307,-1.06352e-05)
(-0.0983651,0.0436324)
(-0.0694117,-0.0588683)
(0.0355277,0.130457)
(0.242412,-0.103219)
(0.0998515,0.029437)
(0.132359,0.0787108)
(0.115572,0.135972)
(0.222423,-0.221438)
(0.0249544,0.0222413)
(-0.108435,0.117415)
(0.390955,0.0925513)
(0.818017,-0.280203)
(-0.0295989,0.105536)
(0.606005,-0.305831)
(-0.100285,-0.00476942)
(-0.0507521,-0.0542687)
(0.44917,0.0428455)
(0.369,-0.119464)
(0.510768,-0.0232683)
(0.647428,-0.259036)
(-0.0125061,-0.151951)
(0.696346,-0.111664)
(-0.0429611,0.17988)
(-0.171857,0.342473)
(-0.0729048,-0.124716)
(0.112158,-0.15991)
(-0.042665,0.0455202)
(0.0943121,0.0340601)
(0.156019,0.0376091)
(0.0193385,0.0806394)
(0.0777323,0.0910775)
(0.00370911,0.130702)
(0.0064108,-0.0517743)
(-0.0452282,0.230667)
(-0.0359516,-0.0841452)
(0.0242401,0.194228)
(0.0993261,-0.132378)
(-0.115507,-0.0720974)
(0.0785585,0.0253251)
(-0.0993508,-0.0648488)
(-0.0900822,0.079769)
(0.559115,-0.187448)
(-0.00930009,-0.147552)
(-0.0745304,-0.116438)
(-0.0729434,-0.0982038)
(0.214484,-0.0599763)
(-0.00412457,-0.0910278)
(0.0338069,0.0338342)
(0.160465,0.203947)
(-0.0668875,0.0809307)
(1.02411,-0.0114433)
(0.0760287,0.0538976)
(0.236839,0.135897)
(-0.0692187,0.139138)
(0.0194765,0.00636485)
(-0.121222,0.0147156)
(-0.112249,-0.0725013)
(-0.00966221,-0.179944)
(-0.126586,0.073178)
(0.0711086,-0.126225)
(0.0462719,0.14056)
(-0.00908369,-0.0611679)
(0.0903371,-0.0732749)
(0.117957,-0.00412159)
(0.0564518,0.109323)
(0.536272,-0.129969)
(0.285846,-0.000647392)
(-0.0808571,-0.146401)
(0.038088,-0.113919)
(-0.0320936,-0.0453344)
(-0.00972017,-0.199122)
(0.252479,0.110999)
(-0.00550812,-0.0177451)
(0.00701447,0.0963561)
(0.00424014,0.0620975)
(0.0157669,0.0239979)
(0.3909,-0.0697132)
(0.00342497,-0.00818856)
(0.103865,-0.174717)
(0.305749,-0.0373762)
(0.180139,-0.106805)
(0.531721,-0.0339366)
(0.0709159,0.00359887)
(-0.0347673,0.0938716)
(-0.0121339,-0.0657994)
(0.0235239,-0.155797)
(0.0462634,-0.198993)
(0.442043,0.0408237)
(0.38734,-0.292745)
(0.840459,-0.429157)
(0.0346861,-0.0144479)
(-0.111324,-0.130407)
(0.405142,-0.168529)
(0.0125098,0.00850039)
(0.0728352,0.00404569)
(0.421066,-0.11668)
(0.0760315,-0.128102)
(0.134325,0.145295)
(-0.0198808,-0.0992267)
(-0.0453855,-0.15361)
(-0.206825,-0.140759)
(0.0636737,-0.0398024)
(0.0527135,-0.205418)
(0.251401,-0.171002)
(0.256649,0.0252206)
(0.341466,-0.0263532)
(0.0411577,0.0405223)
(-0.0505779,0.107825)
(0.169302,-0.0203277)
(0.0481604,0.324741)
(0.271856,-0.285689)
(0.444139,-0.33577)
(0.0380062,0.01615)
(-0.145799,-0.200234)
(0.0177982,-0.157486)
(0.514228,-0.244325)
(-0.166744,0.0976382)
(0.100766,0.105056)
(-0.151106,-0.223005)
(0.837816,0.428041)
(0.0371108,-0.0125593)
(-0.312366,-0.0732948)
(0.380856,-0.125449)
(0.208678,0.0113586)
(0.0656674,0.128779)
(0.0794237,0.0644374)
(-0.0305329,-0.0242798)
(0.135445,-0.016415)
(-0.249877,-0.0736594)
(-0.0657516,-0.031948)
(-0.122871,-0.0309352)
(0.552788,0.122291)
(0.602164,-0.229318)
(0.83828,0.0852667)
(0.859853,0.189719)
(0.708066,-0.157287)
(0.139794,-0.0481258)
(0.169365,-0.00528756)
(0.163631,0.0284562)
(0.235839,-0.0785195)
(0.0397465,0.0432143)
(-0.0382756,0.00401887)
(0.333211,0.0668912)
(0.710949,0.238057)
(0.557067,0.721796)
(0.609294,0.271298)
(0.883283,0.0757296)
(-0.0808391,0.0398543)
(0.376608,-0.23389)
(-0.168372,0.22502)
(-0.0234636,0.0761099)
(0.127707,0.0519096)
(-0.0156363,-0.0326417)
(-0.164855,-0.0191926)
(0.0214269,-0.034259)
(0.170587,0.0445004)
(0.0439311,-0.000493878)
(-0.119499,0.114642)
(0.356991,-0.0167443)
(0.0759625,-0.06093)
(0.5027,-0.0897275)
(0.57645,-0.0472797)
(0.404912,-0.225275)
(-0.0645253,0.0677226)
(-0.125562,0.0396655)
(0.116141,0.00457749)
(0.805655,-0.00195941)
(0.153428,0.188066)
(0.131535,-0.105213)
(0.402362,-0.113054)
(0.4604,-0.305591)
(0.419402,-0.0785773)
(0.368809,-0.433495)
(0.751635,-0.266972)
(0.571069,-0.0367868)
(0.0812329,-0.0390088)
(0.00551184,-0.22776)
(0.173316,0.147666)
(-0.00685481,0.18204)
(0.0616269,-0.113684)
(0.259299,-0.0759852)
(0.0500289,0.143937)
(0.043002,-0.067364)
(0.0604506,0.300513)
(-0.0447612,-0.0921053)
(-0.137266,0.15476)
(0.0510768,0.0140195)
(0.337717,-0.0750175)
(0.503555,-0.204583)
(0.013935,0.142536)
(-0.0518745,0.13695)
(-0.112002,0.188229)
(0.0889174,-0.0305788)
(0.41095,-0.0461475)
(-0.0375867,-0.0514963)
(0.0285595,0.160195)
(-0.0372368,0.119322)
(0.395982,0.164134)
(0.0959002,0.0865424)
(0.198857,-0.0326283)
(0.0673293,0.0327355)
(-0.0566758,-0.0202945)
(0.14601,0.0484021)
(-0.140742,-0.0489844)
(0.452508,-0.522019)
(0.00410971,-0.0334763)
(0.503685,-0.284921)
(0.328746,-0.374946)
(0.0401061,0.00541504)
(0.586036,-0.0590178)
(0.189297,-0.109694)
(0.526712,-0.145058)
(-0.0946731,-0.0558853)
(0.388007,0.0505386)
(-0.0670518,0.152354)
(-0.108693,0.0622684)
(0.0331261,0.0345741)
(-0.0604329,0.0620653)
(0.0692831,0.124281)
(-0.134124,-0.00242791)
(0.0763267,0.146377)
(0.142964,-0.0643201)
(-0.0513745,0.00706419)
(-0.0926943,0.00423805)
(0.30967,-0.18599)
(0.476619,-0.334769)
(-0.0198703,-0.0452598)
(0.139994,0.0991726)
(-0.0157116,-0.0719923)
(0.55618,-0.373715)
(0.0119853,-0.0155242)
(0.484245,-0.383395)
(0.377408,-0.0985632)
(-0.0296765,-0.00973431)
(0.00748348,0.0227267)
(0.761893,-0.0804353)
(-0.134718,0.00178445)
(0.0385413,-0.0641174)
(0.0548225,-0.287042)
(0.420191,-0.278926)
(0.354104,-0.371908)
(0.0378609,-0.177781)
(0.202652,-0.253912)
(0.431932,-0.223917)
(-0.104061,-0.0818407)
(0.746357,0.00544063)
(0.543374,0.0368982)
(-0.0183326,0.0265219)
(0.334426,-0.214719)
(-0.0170908,0.0967574)
(0.410301,-0.201679)
(-0.0038078,0.235488)
(0.0854208,0.0396545)
(-0.0588141,0.0495478)
(0.0712339,0.107572)
(-0.132904,-0.00774054)
(-0.133566,-0.0708808)
(0.121236,-0.0513454)
(-0.000338708,-0.0762617)
(0.413101,-0.157132)
(-0.0767073,0.0995073)
(-0.12527,0.0169391)
(0.0273026,-0.0132356)
(0.0445605,-0.0275257)
(-0.0361618,-0.0429725)
(0.110599,0.0686418)
(-0.0392082,0.0119288)
(-0.186517,0.152406)
(-0.131781,-0.0115262)
(-0.0222034,-0.0525443)
(0.167287,0.0341662)
(0.538052,-0.167789)
(-0.0572463,0.029942)
(0.187972,-0.0354962)
(0.100656,0.00959563)
(0.0891895,-0.0506506)
(0.0743963,0.024149)
(-0.147497,0.0371295)
(0.144258,0.196824)
(0.434197,-0.0770065)
(0.728997,-0.65235)
(0.0936656,0.289822)
(0.140931,0.0345086)
(1.11124,-0.559952)
(-0.0527557,0.0245855)
(-0.111427,-0.016489)
(-0.193229,-0.144004)
(0.731672,0.113157)
(0.1634,0.128634)
(0.345284,-0.081073)
(-0.0747102,0.0894574)
(0.237924,0.173062)
(0.433955,-0.00775052)
(0.467211,0.0759506)
(0.468113,-0.220103)
(0.211558,0.096562)
(-0.211397,-0.0405382)
(0.458111,0.010501)
(-0.134028,0.0789236)
(-0.00936079,-0.0925914)
(-0.0773401,-0.0890846)
(0.382884,0.0391591)
(-0.0644905,-0.0970391)
(0.405564,-0.0666335)
(0.0935639,0.104604)
(0.232246,-0.106524)
(0.136082,-0.11821)
(-0.0163681,-0.185241)
(0.103343,0.239233)
(-0.0992534,0.0757742)
(-0.0195207,0.0703173)
(-0.0914784,0.0410737)
(-0.130841,-0.035731)
(0.726339,-0.252914)
(-0.0372207,-0.0889222)
(-0.103683,-0.0568982)
(0.76288,-0.604161)
(-0.0246926,-0.0787424)
(-0.0604017,-0.110053)
(0.0629219,-0.139675)
(0.0375565,-0.0852715)
(-0.142931,0.0334278)
(0.0309998,0.0291982)
(-0.27961,-0.0277819)
(-0.110398,-0.0262619)
(0.0035018,0.102824)
(-0.0140598,0.295496)
(-0.0805915,-0.0990592)
(0.813296,-0.470378)
(-0.150055,0.00375177)
(0.436926,-0.056078)
(0.371658,-0.217371)
(0.632281,-0.241988)
(-0.102088,-0.0824)
(0.522886,-0.106724)
(0.717768,-0.00722411)
(0.661467,-0.0918256)
(-0.179833,-0.0879236)
(-0.118009,-0.0202234)
(-0.0953805,0.0701595)
(-0.0048958,-0.109111)
(0.882664,-0.0781723)
(0.576937,-0.306202)
(0.0959022,-0.00774683)
(-0.0565538,-0.0281078)
(0.0189643,0.0409019)
(-0.0820985,-0.0253739)
(0.216598,-0.195317)
(-0.12234,-0.0552405)
(-0.00186898,-0.0483511)
(-0.0545503,-0.0925977)
(-0.0315785,-0.0679439)
(0.490695,0.0122076)
(-0.130406,0.068071)
(0.447723,-0.0900932)
(0.166687,-0.0323977)
(0.0851971,0.262137)
(0.063636,0.243159)
(0.393133,-0.0580118)
(0.27079,-0.0708114)
(0.115549,0.321058)
(0.880442,0.0355588)
(0.0179627,0.00936388)
(0.0527846,0.00494238)
(-0.0709507,0.154787)
(-0.0619166,-0.220313)
(-0.12096,0.136223)
(-0.00192521,0.0619319)
(0.581176,-0.192852)
(0.408342,-0.0121161)
(0.115852,0.000656539)
(-0.106831,0.119535)
(-0.010524,0.127068)
(0.108669,0.119595)
(-0.0848441,0.163778)
(0.0725632,0.0404339)
(0.402613,-0.321571)
(0.441794,0.122128)
(0.396498,0.0233185)
(-0.0350599,-0.0106379)
(0.451858,-0.176108)
(0.00254881,0.00778035)
(0.0786241,0.000920634)
(0.0318035,-0.00906919)
(0.157681,-0.0296282)
(-0.0181959,-0.0186381)
(0.161934,0.13954)
(0.35792,-0.237569)
(0.643991,0.046919)
(0.847296,-0.207366)
(-0.0011771,0.0489734)
(0.878389,-0.0543184)
(0.059201,-0.0198404)
(0.481105,-0.362968)
(0.352732,-0.199443)
(0.0169155,-0.0407882)
(0.913079,0.658697)
(0.353411,-0.217933)
(0.674438,0.725315)
(0.831222,0.140486)
(0.609513,-0.548849)
(0.0288656,0.223217)
(0.42647,0.179864)
(0.224522,0.140237)
(0.402681,-0.420401)
(-0.0440298,-0.00635633)
(0.555265,-0.381052)
(0.50605,-0.209122)
(-0.0911073,0.101498)
(-0.0501206,0.163919)
(0.0825059,0.0941629)
(0.167897,-0.0773156)
(0.332852,-0.0177561)
(-0.181253,-0.146908)
(0.728645,-0.298849)
(-0.0119769,-0.135229)
(0.32649,-0.125289)
(-0.0991737,-0.104978)
(-0.116514,-0.00843518)
(0.591056,-0.162749)
(-0.173135,0.0404196)
(-0.0537121,0.282351)
(0.306148,-0.245403)
(0.0532296,0.0216633)
(0.048435,-0.143026)
(0.105224,-0.122346)
(0.18999,-0.0121996)
(0.0979413,-0.0624659)
(0.0450584,-0.088417)
(0.373694,0.157608)
(0.650712,-0.751782)
(0.19648,-0.0385602)
(0.0879052,-0.0768607)
(-0.0256728,-0.0965272)
(0.721266,0.0122379)
(-0.127812,-0.0775197)
(0.146196,-0.00556141)
(-0.0712764,-0.041762)
(-0.114192,0.0552621)
(0.252645,0.465816)
(0.329773,0.153752)
(0.761124,0.156512)
(0.50677,0.0210369)
(0.409903,-0.268829)
(0.148151,-0.0188761)
(0.444836,-0.333384)
(0.557495,-0.269776)
(0.0529065,0.0263554)
(0.208088,-0.188535)
(0.614425,-0.694394)
(0.0619322,0.0163817)
(-0.0721311,0.264158)
(0.498371,-0.278566)
(0.0391334,-0.0568964)
(0.0470191,0.16035)
(0.333703,-0.225186)
(-0.225157,0.0412587)
(-0.0677454,-0.0352709)
(0.00411349,0.205572)
(0.05524,-0.0800793)
(0.574439,0.111235)
(0.158048,-0.0285999)
(0.0538041,0.0827026)
(0.0488063,0.0240508)
(0.516313,0.0481744)
(0.0301293,-0.20454)
(0.0459045,0.0293911)
(-0.138793,-0.154877)
(0.0338489,-0.07137)
(0.242371,-0.0329387)
(-0.120574,-0.048844)
(0.0783053,-0.0888613)
(-0.0594783,-0.0740076)
(-0.112152,0.0756479)
(0.0725731,-0.099914)
(-0.0382126,-0.0790153)
(0.468503,-0.228811)
(-0.040112,-0.112315)
(0.591041,-0.238928)
(-0.024319,-0.131467)
(-0.0310719,-0.0679753)
(0.233655,-0.0502247)
(0.315478,-0.200404)
(0.476716,-0.220604)
(-0.0934393,-0.0627866)
(-0.12677,-0.0856542)
(0.0628641,-0.0261806)
(0.0193409,-0.0737448)
(-0.0207949,-0.0353434)
(-0.175273,-0.0515431)
(-0.0688789,-0.129717)
(-0.0614157,0.114671)
(-0.0864003,0.107559)
(-0.0928943,0.0994854)
(-0.034779,-0.123686)
(0.472197,0.317211)
(-0.0304707,0.131779)
(-0.0430643,0.0419103)
(-0.0612086,-0.0808275)
(0.0187439,-0.056195)
(0.161101,-0.0170183)
(0.0712055,-0.156036)
(0.0480432,0.0736937)
(0.10955,-0.0125461)
(0.391256,-0.341452)
(0.125511,-0.0132769)
(0.495372,-0.256768)
(-0.0670304,0.0320968)
(0.0560994,0.043849)
(0.115919,0.154433)
(0.105848,0.0718691)
(0.0939598,0.178685)
(0.0270087,0.0337181)
(0.0477556,-0.0355286)
(0.0262144,0.0318983)
(-0.0132917,-0.00536679)
(0.0345193,-0.0991619)
(0.529177,0.166807)
(0.453438,0.447812)
(0.103054,-0.0154975)
(0.143273,0.107932)
(0.124403,-0.0197327)
(0.880844,-0.243719)
(0.0938765,-0.0683518)
(0.11659,-0.0381596)
(0.69372,-0.306847)
(0.152615,-0.0373859)
(0.0910709,-0.126051)
(-0.0925415,-0.095697)
(-0.0963611,-0.196231)
(0.0983905,-0.0894056)
(0.00157564,0.030235)
(0.404056,-0.0120476)
(0.424792,-0.147299)
(-0.142514,0.145501)
(-0.1678,0.212006)
(0.181165,0.144236)
(-0.0151727,0.0641456)
(0.0581227,0.229473)
(-0.163482,0.107178)
